3 0.99954073 0.0020893372 -0.030231892 -0.030602917 -0.0020984565 0.99999772 -0.00026991967 -0.0024772674 0.030231262 0.00033323668 0.9995429 0.38452322
4 0.99920162 0.0027609339 -0.039856027 -0.045442057 -0.0027696759 0.99999611 -0.00016412669 0.0017323462 0.039855422 0.00027438459 0.99920544 0.49491576
5 0.99874307 0.0034043585 -0.050006906 -0.062348461 -0.0034140803 0.99999412 -0.00010899151 0.0056616619 0.050006246 0.00027958277 0.99874889 0.61521834
6 0.99819773 0.0038319967 -0.059888358 -0.080929305 -0.0038396155 0.99999258 -1.2140346e-05 0.008828354 0.059887872 0.00024206739 0.9982051 0.75399072
7 0.9974542 0.0043389994 -0.071177933 -0.10318651 -0.0043483908 0.9999905 2.3007564e-05 0.011294063 0.071177363 0.00028656114 0.99746366 0.90058164
8 0.99658309 0.0047034973 -0.082462297 -0.12788906 -0.0047066078 0.99998887 0.00015666906 0.012649244 0.082462123 0.00023198461 0.99659419 1.06027
9 0.99499554 0.005667051 -0.099758529 -0.16374314 -0.0056845538 0.99998379 0.00010879895 0.013233838 0.099757536 0.00045882893 0.99501169 1.2247556
10 0.9927194 0.0068053054 -0.12025756 -0.20830589 -0.0068324536 0.9999766 0.00018657467 0.013088059 0.12025603 0.00063643862 0.99274273 1.3985984
11 0.98959201 0.0080815629 -0.14367447 -0.26168891 -0.0081041603 0.99996702 0.0004279416 0.012673183 0.1436732 0.00074087408 0.98962493 1.5788818
12 0.98551009 0.009403341 -0.16935595 -0.32381594 -0.0093810537 0.99995552 0.0009317639 0.012058285 0.16935719 0.00067047526 0.98555453 1.7657177
13 0.98032405 0.010761374 -0.19710137 -0.39491566 -0.010633652 0.99994196 0.0017063542 0.011451332 0.19710831 0.00042312789 0.98038165 1.9576527
14 0.97371501 0.01220718 -0.22744244 -0.47618651 -0.011898935 0.99992544 0.0027263963 0.011231725 0.22745878 5.1590521e-05 0.97378773 2.1527556
15 0.96565901 0.01368789 -0.25945195 -0.56712148 -0.013096115 0.99990616 0.0040093112 0.011311858 0.2594825 -0.00047381424 0.96574772 2.3505224
16 0.95593798 0.015244557 -0.29317261 -0.66800726 -0.0142651 0.99988319 0.0054787727 0.011989717 0.29322191 -0.0010552297 0.95604385 2.5481159
17 0.94459198 0.016848598 -0.32781415 -0.77826822 -0.015363238 0.99985658 0.0071204699 0.013164425 0.32788713 -0.0016896514 0.94471542 2.7447594
18 0.93141705 0.018510268 -0.36348268 -0.89857413 -0.016376669 0.99982578 0.0089510013 0.014918112 0.36358507 -0.002384479 0.93155797 2.94018
19 0.91629084 0.020240319 -0.40000179 -1.0288529 -0.017313306 0.99979032 0.01093008 0.017369977 0.40013918 -0.0030897782 0.9164492 3.1326664
20 0.89945176 0.02200583 -0.43646566 -1.1683563 -0.018126276 0.99975047 0.01305172 0.020296403 0.43664399 -0.0038278949 0.89962626 3.3222695
21 0.88046058 0.023840463 -0.47351959 -1.3184698 -0.01881353 0.99970512 0.01535071 0.02391879 0.47374596 -0.0046071196 0.88064952 3.508763
22 0.85870798 0.025783031 -0.51181622 -1.4803349 -0.019389262 0.99965301 0.017827436 0.028583077 0.51209831 -0.0053848226 0.85890999 3.6903733
23 0.83440132 0.027807654 -0.55045543 -1.6540874 -0.019782897 0.99959387 0.020509355 0.03399667 0.55080223 -0.0062234301 0.83461262 3.868197
24 0.80736551 0.029924707 -0.58929233 -1.8403203 -0.019971805 0.99952676 0.023394161 0.040210202 0.58971355 -0.0071184071 0.80758114 4.0416919
25 0.77705877 0.03216095 -0.62860587 -2.0401386 -0.019941098 0.99945028 0.026483789 0.047446236 0.6291121 -0.0080443689 0.77727299 4.2095225
26 0.74295178 0.034541796 -0.66845308 -2.2564303 -0.019621519 0.99936225 0.029832946 0.055716179 0.6690573 -0.0090483758 0.74315577 4.3729657
27 0.70505592 0.037063201 -0.70818252 -2.4908914 -0.018976678 0.99926171 0.033404127 0.064966078 0.70889778 -0.010112826 0.70523876 4.5323016
28 0.66412926 0.039686146 -0.74656369 -2.7430508 -0.01801939 0.99914965 0.037083501 0.075114788 0.7474006 -0.011175616 0.66427968 4.6865651
29 0.6205322 0.042386988 -0.78303457 -3.0102904 -0.016789281 0.99902728 0.040774021 0.086292477 0.78400124 -0.012155005 0.62064028 4.8317439
30 0.57478385 0.045141169 -0.81705924 -3.2918072 -0.015304916 0.99889563 0.044420644 0.098501349 0.81816216 -0.013027246 0.57483999 4.9667088
31 0.5259584 0.0479666 -0.84915663 -3.5875914 -0.013550782 0.99875423 0.048023764 0.11197545 0.85040236 -0.013751766 0.52595319 5.0882623
32 0.47640449 0.050780656 -0.87775856 -3.8983404 -0.011590545 0.99860665 0.051481256 0.12648867 0.87914985 -0.014352202 0.4763293 5.1996471
33 0.42535011 0.053572933 -0.90344188 -4.2282981 -0.009413108 0.99845429 0.054775254 0.14240738 0.90497995 -0.014794465 0.42519696 5.3004658
34 0.37238542 0.056340303 -0.92636649 -4.5751073 -0.0070235865 0.99829812 0.057891706 0.15977597 0.92805162 -0.015051612 0.37214739 5.3867344
35 0.32281648 0.058930289 -0.94462519 -4.9395394 -0.0046550178 0.99814647 0.060678399 0.17862406 0.94645015 -0.01519074 0.32249247 5.4648945
36 0.27221141 0.061420346 -0.96027522 -5.323426 -0.0021518482 0.99799705 0.06322309 0.19919639 0.96223509 -0.01514368 0.27179837 5.5282943
37 0.22216748 0.063802514 -0.97291873 -5.7206242 0.00040703395 0.99785044 0.065530445 0.2212068 0.97500845 -0.014954745 0.22166397 5.5756384
38 0.17332563 0.066074428 -0.98264561 -6.1284887 0.0029810304 0.99770712 0.067612998 0.24454977 0.98486008 -0.014648362 0.17273125 5.606467
39 0.12739315 0.068160854 -0.9895075 -6.5524444 0.0054612547 0.99757256 0.069419509 0.26966656 0.99183729 -0.014247522 0.12671167 5.6234172
40 0.081211748 0.07013377 -0.99422629 -6.9893549 0.0080038999 0.99744313 0.071014475 0.29614457 0.99666476 -0.013724898 0.08044276 5.6215748
41 0.039528952 0.071912178 -0.99662737 -7.4423833 0.010322787 0.99732425 0.072371892 0.32493946 0.99916512 -0.013148757 0.038680849 5.6068924
42 0.00025478764 0.073531537 -0.99729286 -7.9077254 0.012554547 0.99721401 0.073528931 0.35484534 0.99992118 -0.012539295 -0.00066907854 5.5758069
43 -0.033459995 0.074963283 -0.99662477 -8.3998356 0.014438705 0.99711528 0.074515423 0.38884704 0.99933578 -0.011896685 -0.034445848 5.5353522
44 -0.067228045 0.076321111 -0.9948143 -8.8915475 0.016596423 0.99701758 0.075368583 0.42000541 0.99759962 -0.011443477 -0.068294205 5.4772763
45 -0.088743896 0.077427722 -0.99304052 -9.4110028 0.017938106 0.9969366 0.076128447 0.45603801 0.99589296 -0.011057331 -0.089860952 5.4169122
46 -0.10516267 0.07840849 -0.99135913 -9.9520642 0.019134523 0.99686178 0.076813928 0.49229169 0.99427095 -0.010891227 -0.10633296 5.3493197
47 -0.1133123 0.079236196 -0.99039485 -10.500177 0.019822026 0.99679675 0.077480516 0.53023471 0.99336169 -0.010852137 -0.11451996 5.2826186
48 -0.1218079 0.080059406 -0.98931963 -11.075077 0.020800826 0.99672863 0.078097912 0.56627217 0.99233573 -0.011065723 -0.12307473 5.2060178
49 -0.13010274 0.080877555 -0.98819639 -11.651945 0.021668526 0.99666139 0.078717554 0.60416025 0.99126374 -0.01117139 -0.13142089 5.1244796
50 -0.13065006 0.081563433 -0.9880678 -12.245054 0.022097214 0.99660214 0.079346063 0.64341391 0.99118228 -0.011466978 -0.13200846 5.0458694
51 -0.13299361 0.08229833 -0.98769413 -12.851016 0.022607131 0.99653912 0.079991264 0.68391994 0.99085905 -0.011690603 -0.13439388 4.962499
52 -0.13289071 0.083044914 -0.98764549 -13.48117 0.023038386 0.99647313 0.080687291 0.7252468 0.99086292 -0.012031166 -0.13433526 4.8770868
53 -0.13434442 0.083839752 -0.98738163 -14.119507 0.023677664 0.99640148 0.081384025 0.76560015 0.9906518 -0.012445401 -0.13584612 4.7874174
54 -0.1363738 0.084663517 -0.98703307 -14.771703 0.024205122 0.99632871 0.082116548 0.809474 0.99036172 -0.01269271 -0.13792243 4.6950283
55 -0.13894164 0.085525791 -0.98660051 -15.444352 0.024713538 0.99625283 0.082882151 0.85582023 0.98999217 -0.012866607 -0.14053466 4.5977578
56 -0.13910786 0.086379924 -0.98650267 -16.141364 0.025039761 0.99617663 0.083696108 0.90463338 0.98996063 -0.013059006 -0.14073894 4.4986407
57 -0.14019461 0.087329079 -0.98626523 -16.850681 0.025628108 0.99608905 0.084555973 0.95123772 0.98979226 -0.01342182 -0.1418844 4.3943734
58 -0.14004099 0.088240962 -0.98620589 -17.569694 0.025953416 0.99600584 0.085432435 1.0022861 0.98980553 -0.013631369 -0.14177181 4.2914637
59 -0.14160815 0.089188981 -0.98589678 -18.298433 0.026359474 0.99591955 0.086309577 1.0551293 0.9895718 -0.013765581 -0.14338131 4.1849837
60 -0.14231309 0.090118393 -0.98571074 -19.036692 0.026677999 0.99583418 0.08719226 1.1097011 0.98946213 -0.01388819 -0.14412443 4.0772491
61 -0.14254203 0.091095011 -0.98558788 -19.794572 0.026980355 0.99574334 0.088131579 1.1659271 0.98942098 -0.014029057 -0.14439307 3.9668104
62 -0.14397156 0.091995609 -0.9852964 -20.573575 0.02723975 0.99566055 0.08898302 1.2256931 0.98920687 -0.014028204 -0.14585275 3.8508176
63 -0.14436531 0.092991765 -0.98514527 -21.351506 0.027556449 0.99556609 0.089937247 1.2843574 0.98914071 -0.014163287 -0.14628774 3.7354871
64 -0.14503376 0.093964266 -0.98495479 -22.138282 0.027866401 0.99547327 0.090864421 1.3445249 0.98903423 -0.014268736 -0.14699569 3.6176788
65 -0.14734788 0.095025876 -0.98450937 -22.922622 0.028379987 0.99537046 0.091826672 1.404043 0.98867751 -0.014409898 -0.14936257 3.4970119
66 -0.14811655 0.095973222 -0.9843021 -23.710851 0.028700303 0.99527802 0.09272463 1.4658794 0.9885534 -0.014515716 -0.15017162 3.3762421
67 -0.14999431 0.09681438 -0.98393531 -24.525477 0.028942189 0.99519749 0.093510482 1.5322554 0.98826317 -0.014451202 -0.15207599 3.2487754
68 -0.15231741 0.097532988 -0.98350736 -25.347233 0.029141059 0.99512927 0.094172392 1.6003267 0.98790194 -0.014316352 -0.15441774 3.1168929
69 -0.15097352 0.098396853 -0.98362852 -26.1865 0.029361279 0.99504108 0.095031949 1.6658417 0.98810169 -0.014533284 -0.15311392 2.984725
70 -0.15261085 0.099213457 -0.98329376 -27.022279 0.029580562 0.99496097 0.095799654 1.7349898 0.98784359 -0.014466315 -0.15477664 2.8504888
71 -0.15201338 0.099875463 -0.98331929 -27.861466 0.02959155 0.99489523 0.096476608 1.8058145 0.98793538 -0.014432207 -0.15419287 2.7173138
72 -0.15117536 0.1007523 -0.98335903 -28.692327 0.029805888 0.99480445 0.097342802 1.8730397 0.98805752 -0.014594056 -0.15339295 2.5858868
73 -0.15144053 0.10166738 -0.98322404 -29.524334 0.030112481 0.9947093 0.098216918 1.9407932 0.98800762 -0.014733294 -0.15370077 2.4531822
74 -0.15170015 0.10250373 -0.98309718 -30.357924 0.030274243 0.99462337 0.099033951 2.0118359 0.98796284 -0.014739058 -0.15398775 2.3207302
75 -0.15254333 0.1034113 -0.98287163 -31.193362 0.030571442 0.99452837 0.099893004 2.0822167 0.98782385 -0.014809792 -0.15487012 2.1862213
76 -0.15254317 0.10425523 -0.9827825 -32.029922 0.030791277 0.99443894 0.10071248 2.1530498 0.98781705 -0.014898127 -0.15490503 2.0514936
77 -0.15404009 0.10508225 -0.98246088 -32.862307 0.031047789 0.9943523 0.10148615 2.2261089 0.9875767 -0.014870302 -0.1564327 1.9160543
78 -0.15471338 0.10606566 -0.98224938 -33.679316 0.031446598 0.99424527 0.10240787 2.2960531 0.98745882 -0.015044534 -0.15715847 1.7832329
79 -0.15549723 0.10701037 -0.98202311 -34.499788 0.03181789 0.99414191 0.10329278 2.3671787 0.9873238 -0.015184163 -0.15799117 1.648762
80 -0.1557782 0.10786777 -0.98188477 -35.319125 0.032081242 0.99404775 0.10411421 2.4397978 0.98727098 -0.01528136 -0.15831151 1.5143622
81 -0.1566812 0.10870785 -0.98164841 -36.141992 0.032326267 0.99395602 0.10491119 2.5148516 0.98712008 -0.015295418 -0.15924835 1.3786494
82 -0.15549624 0.10963495 -0.98173372 -36.972635 0.032571031 0.9938507 0.10582921 2.588516 0.98729939 -0.015520036 -0.15811099 1.243465
83 -0.15711595 0.11056226 -0.98137178 -37.802395 0.032932914 0.99374738 0.106684 2.6645602 0.98703092 -0.015557674 -0.15977472 1.1054688
84 -0.15773628 0.11153518 -0.98116215 -38.628318 0.033281608 0.9936367 0.10760274 2.7400482 0.98692028 -0.015681798 -0.16044464 0.96819726
85 -0.15978571 0.11244341 -0.98072678 -39.450496 0.033617964 0.99353493 0.10843467 2.8184015 0.98657914 -0.015643727 -0.16253281 0.82970387
86 -0.16109294 0.11346683 -0.980395 -40.269561 0.034091513 0.99341604 0.10937211 2.894032 0.98635028 -0.015804076 -0.16390057 0.69018161
87 -0.16243189 0.11441829 -0.98006344 -41.077918 0.034483164 0.99330557 0.11024915 2.9711004 0.98611705 -0.015887711 -0.16529002 0.55201229
88 -0.16439537 0.11530502 -0.97963203 -41.895484 0.034845417 0.99320317 0.11105485 3.0508277 0.98577888 -0.015878784 -0.16729587 0.40995217
89 -0.16541896 0.11622605 -0.97935084 -42.710939 0.035194617 0.99309458 0.11191251 3.1301042 0.98559523 -0.015955428 -0.16836722 0.26768551
90 -0.16541475 0.11728959 -0.97922475 -43.522357 0.035642103 0.99296518 0.11291458 3.206832 0.98557985 -0.016223892 -0.16843155 0.12636027
91 -0.16698033 0.11831009 -0.97883619 -44.328474 0.036121799 0.99284207 0.11384091 3.2858293 0.98529834 -0.016348131 -0.17005868 -0.015711158
92 -0.1688748 0.11922021 -0.97840066 -45.129209 0.036463253 0.99273382 0.11467307 3.3681926 0.98496283 -0.016310279 -0.1719949 -0.15768236
93 -0.17108917 0.12004101 -0.97791547 -45.940782 0.036799657 0.99263603 0.11540978 3.4520963 0.98456809 -0.016241591 -0.17424675 -0.30491185
94 -0.17168119 0.12099742 -0.97769382 -46.758947 0.03717242 0.99251769 0.11630459 3.5340898 0.98445103 -0.016375935 -0.1748944 -0.45362786
95 -0.1735675 0.12208703 -0.9772252 -47.557031 0.037809653 0.99238061 0.11726496 3.6133029 0.98409593 -0.01659516 -0.1768611 -0.60092699
96 -0.17383652 0.12309189 -0.97705131 -48.343324 0.038166593 0.99225403 0.1182166 3.694776 0.98403466 -0.016740359 -0.17718799 -0.74381542
97 -0.17456064 0.12400249 -0.97680703 -49.129055 0.038472402 0.99213973 0.1190737 3.7783782 0.98389456 -0.016794531 -0.17795924 -0.88751553
98 -0.17754051 0.12505691 -0.97613531 -49.914639 0.039152997 0.99200525 0.11996889 3.8603329 0.98333435 -0.016919285 -0.18101748 -1.0359122
99 -0.179978 0.12610849 -0.97555347 -50.697956 0.039766892 0.99187007 0.1208812 3.9430055 0.9828665 -0.017038773 -0.18352975 -1.1854337
100 -0.18304492 0.12714689 -0.9748478 -51.466877 0.040400566 0.99173651 0.12176372 4.0260059 0.98227409 -0.017096173 -0.18666915 -1.3346837
101 -0.1867444 0.12808045 -0.97402358 -52.242168 0.040935838 0.99161824 0.12254567 4.1128982 0.98155531 -0.016987754 -0.19042225 -1.4883729
102 -0.18864675 0.12909528 -0.97352289 -53.01301 0.041426386 0.99148571 0.12344977 4.1980966 0.98117088 -0.017041138 -0.19238852 -1.6415842
103 -0.19061494 0.13010197 -0.97300536 -53.779782 0.041903139 0.99135363 0.12434638 4.2840284 0.98077016 -0.017069701 -0.19441851 -1.7955358
104 -0.19234229 0.13111451 -0.9725294 -54.545818 0.042374222 0.99121938 0.12525368 4.3702809 0.98041262 -0.017118598 -0.19620929 -1.9508235
105 -0.19449835 0.13211332 -0.97196526 -55.297324 0.042905325 0.99108584 0.12612655 4.455689 0.97996406 -0.01717108 -0.19843294 -2.105317
106 -0.19541392 0.13309631 -0.97164746 -56.051048 0.043289409 0.99095315 0.12703461 4.5423963 0.97976501 -0.017237713 -0.19940771 -2.2599205
107 -0.19610986 0.13407016 -0.97137332 -56.802995 0.043629695 0.99082097 0.12794598 4.6300416 0.97961085 -0.017289254 -0.20015922 -2.4143841
108 -0.19626988 0.13507959 -0.97120113 -57.539631 0.04411557 0.99067925 0.1288734 4.7131741 0.97955704 -0.017551126 -0.20039962 -2.5674783
109 -0.19839751 0.13610835 -0.97062503 -58.261398 0.044846219 0.99053417 0.12973351 4.7950852 0.97909514 -0.017790058 -0.20262347 -2.7206512
110 -0.20008285 0.13708773 -0.97014113 -58.97186 0.045438076 0.99039613 0.13057871 4.8781486 0.97872482 -0.017954785 -0.2043903 -2.8715567
111 -0.20335864 0.13805627 -0.96932231 -59.674799 0.046169993 0.99026 0.13135211 4.9617343 0.97801515 -0.018042017 -0.207752 -3.0243444
112 -0.20328963 0.13900605 -0.96920104 -60.369469 0.046732714 0.9901202 0.13220417 5.0414791 0.97800277 -0.018417657 -0.20777732 -3.1747981
113 -0.20249898 0.13990314 -0.96923747 -61.041893 0.047231072 0.9899859 0.13303024 5.1193067 0.97814285 -0.018839637 -0.20707893 -3.3192212
114 -0.20106901 0.14073873 -0.96941419 -61.707148 0.047482743 0.98986217 0.13385882 5.1998351 0.97842561 -0.019115585 -0.20571329 -3.4591673
115 -0.19973464 0.14153858 -0.96957357 -62.349591 0.047826586 0.98974099 0.13463022 5.2771258 0.97868214 -0.019481075 -0.20445488 -3.594
116 -0.20121259 0.14238965 -0.96914327 -62.988151 0.048610109 0.98961087 0.13530443 5.3526492 0.97834073 -0.019885206 -0.20604376 -3.7318748
117 -0.20151039 0.14318373 -0.96896439 -63.608523 0.049246161 0.98948751 0.13597497 5.4269546 0.97824763 -0.020317409 -0.20644328 -3.8648461
118 -0.20089806 0.14389923 -0.96898554 -64.198142 0.049680526 0.98937596 0.13662713 5.4999014 0.9783516 -0.020691586 -0.20591272 -3.9891138
119 -0.19543905 0.14453185 -0.97000728 -64.784109 0.04956677 0.98927246 0.13741556 5.5727794 0.97946248 -0.021223762 -0.20050646 -4.1054411
120 -0.18358182 0.14506857 -0.97224114 -65.352615 0.048879058 0.98917425 0.13836566 5.6423487 0.98178847 -0.022120811 -0.18868523 -4.2060565
121 -0.17066091 0.14555559 -0.97451959 -65.894644 0.048184054 0.98907834 0.13929196 5.7084474 0.984151 -0.023184613 -0.17581048 -4.2923218
122 -0.14473288 0.14567521 -0.97868848 -66.416571 0.045957773 0.98902516 0.14041736 5.7740617 0.98840291 -0.024655336 -0.14983938 -4.3506398
123 -0.11873814 0.14576016 -0.98216864 -66.913146 0.04376324 0.98897335 0.14147932 5.8370895 0.99196072 -0.026183893 -0.1238078 -4.3901694
124 -0.081547841 0.14536897 -0.98601106 -67.401117 0.040264585 0.98897884 0.14247644 5.9009282 0.99585579 -0.028082681 -0.086502316 -4.4024865
125 -0.040076793 0.14472093 -0.98866056 -67.869619 0.036510995 0.98900676 0.14329158 5.9618753 0.99852934 -0.030354315 -0.044920129 -4.3892269
126 -0.0033134314 0.14423847 -0.98953741 -68.325054 0.033012049 0.98901922 0.14405239 6.0233633 0.99944948 -0.032189351 -0.0080386563 -4.3607363
127 0.044368344 0.14313396 -0.98870831 -68.783028 0.02851862 0.98909806 0.14447016 6.0846937 0.99860812 -0.0346065 0.039802662 -4.303696
128 0.090574088 0.14193309 -0.98572376 -69.216592 0.024159401 0.9891876 0.14465175 6.144486 0.99559666 -0.036916198 0.086165751 -4.2261454
129 0.1455318 0.14005999 -0.97938945 -69.64748 0.019087322 0.98934688 0.14432025 6.2037897 0.98916946 -0.039697109 0.14130807 -4.1182114
130 0.19963892 0.13794414 -0.97011119 -70.057493 0.014161683 0.98953154 0.14361993 6.2620083 0.97976721 -0.042410538 0.1955955 -3.9875115
131 0.25389294 0.13560116 -0.95767986 -70.45759 0.0091796631 0.98974146 0.14257451 6.3195683 0.96718879 -0.044989843 0.25004361 -3.8348321
132 0.3065633 0.13319899 -0.94248447 -70.851833 0.004378945 0.98995254 0.14133188 6.3765043 0.95184022 -0.047454257 0.30289986 -3.6586587
133 0.35911552 0.13058806 -0.9241119 -71.233249 -0.00046338753 0.99018734 0.13974523 6.4324378 0.93329302 -0.049756463 0.35565218 -3.4619899
134 0.41100235 0.12779748 -0.90263219 -71.602551 -0.0051844785 0.99043693 0.13786846 6.4873715 0.91161956 -0.051984587 0.4077345 -3.242323
135 0.46198151 0.12484053 -0.87805919 -71.95631 -0.0098707026 0.99070582 0.13566301 6.5410363 0.88683465 -0.054006745 0.45892006 -3.0039151
136 0.51024758 0.12186322 -0.85134997 -72.293488 -0.014245345 0.99097182 0.13331106 6.593204 0.8599096 -0.055893873 0.50737699 -2.7466782
137 0.55581608 0.11894355 -0.82275204 -72.617527 -0.018461553 0.99123304 0.13082866 6.6440338 0.83110029 -0.057527396 0.55313918 -2.4734111
138 0.59700806 0.11629136 -0.79376174 -72.932952 -0.022342647 0.99146402 0.12845159 6.6938179 0.80192407 -0.058951901 0.5945103 -2.1831528
139 0.6367375 0.11359575 -0.76266727 -73.239509 -0.026124153 0.99169907 0.12589838 6.7427539 0.77063799 -0.060240184 0.63441962 -1.8728963
140 0.67354772 0.11112569 -0.73074246 -73.55473 -0.029738201 0.99190742 0.12343103 6.7919842 0.73854528 -0.061405726 0.67140171 -1.530821
141 0.71155828 0.10825361 -0.6942377 -73.850252 -0.03347606 0.99216107 0.12039802 6.8397856 0.70182918 -0.062429869 0.70960437 -1.1704933
142 0.75180285 0.10486776 -0.65099557 -74.134305 -0.037436954 0.99246828 0.11664091 6.8860287 0.65832437 -0.063319678 0.75006646 -0.77852788
143 0.78121966 0.1025921 -0.61576839 -74.416118 -0.04062291 0.9926672 0.11384864 6.9346273 0.6229331 -0.063926497 0.77965877 -0.36634395
144 0.81150899 0.099963474 -0.57572603 -74.680618 -0.043870803 0.99290068 0.11055996 6.9806593 0.58269076 -0.064462845 0.81013336 0.067408717
145 0.83434309 0.098128624 -0.54244113 -74.943661 -0.046527593 0.99305279 0.1080798 7.0286165 0.54927844 -0.064937156 0.83311248 0.52516225
146 0.85021984 0.096967819 -0.51742001 -75.2146 -0.048489486 0.99313578 0.10644251 7.0798426 0.52418985 -0.065410112 0.84908572 1.0118473
147 0.86436618 0.095907502 -0.49363232 -75.474629 -0.050315225 0.99321256 0.10486703 7.1310337 0.50033939 -0.0658063 0.86332501 1.5081112
148 0.87118197 0.095307451 -0.48162066 -75.751919 -0.050914426 0.99322579 0.10445168 7.182883 0.48831312 -0.066474988 0.87013299 2.0292251
149 0.87766976 0.094721766 -0.46981228 -76.022482 -0.051496322 0.99323784 0.10405109 7.2347163 0.47649127 -0.067128891 0.8766127 2.5543003
150 0.8836418 0.094401453 -0.45854721 -76.300051 -0.052278819 0.9932302 0.10373332 7.2920828 0.46523554 -0.067690796 0.88259498 3.1100651
151 0.88922013 0.094002461 -0.44771765 -76.578734 -0.052893816 0.99322374 0.10348314 7.3485478 0.4544115 -0.068337801 0.88816675 3.6811481
152 0.89344422 0.093605118 -0.43931255 -76.859167 -0.053173874 0.99320876 0.10348335 7.4042651 0.44601567 -0.069096653 0.89235403 4.2629212
153 0.89771815 0.093321524 -0.43057313 -77.145737 -0.05358186 0.99318041 0.10354501 7.4636253 0.43729981 -0.069883332 0.89659648 4.8740052
154 0.90145294 0.093172323 -0.42273103 -77.42796 -0.054042498 0.99314432 0.10365171 7.5254496 0.42949042 -0.070591705 0.90030819 5.4904772
155 0.90525386 0.092894645 -0.41459141 -77.713113 -0.054374543 0.99311137 0.10379367 7.5860905 0.42137734 -0.071416405 0.90406907 6.1243404
156 0.90991205 0.092587168 -0.4043361 -77.997884 -0.054907236 0.99307742 0.10383805 7.6485271 0.41115115 -0.072282515 0.90869688 6.7813689
157 0.91424555 0.092334764 -0.39449889 -78.274775 -0.055459743 0.99304027 0.1038997 7.7119396 0.40134687 -0.073111031 0.91300357 7.4403737
158 0.91750212 0.092215505 -0.38689295 -78.551125 -0.055893633 0.99299194 0.10412887 7.777723 0.39378391 -0.073913611 0.91622653 8.1104145
159 0.92056767 0.092112024 -0.37956627 -78.83274 -0.056284195 0.99293554 0.10445579 7.8455928 0.3865065 -0.074795042 0.91924886 8.8075889
160 0.92264759 0.092085312 -0.37448863 -79.115483 -0.056482948 0.9928687 0.10498254 7.91485 0.38148541 -0.075709672 0.92126922 9.5141919
161 0.92399561 0.092089089 -0.37114918 -79.399902 -0.056502617 0.99279519 0.10566489 7.9847999 0.37820573 -0.076662995 0.92254174 10.227695
162 0.92522603 0.092092358 -0.36807038 -79.682264 -0.056496714 0.99272078 0.10636489 8.0552115 0.37518653 -0.077616806 0.92369407 10.942045
163 0.92625534 0.092097984 -0.36547095 -79.963704 -0.056435983 0.99264388 0.10711213 8.1261479 0.37264734 -0.078587471 0.9246394 11.658597
164 0.92761115 0.092075082 -0.36202174 -80.241601 -0.056457068 0.99256978 0.10778562 8.1974959 0.36925624 -0.07954446 0.92591714 12.37553
165 0.92902173 0.092045589 -0.35839397 -80.516615 -0.056499426 0.99249566 0.10844394 8.2694031 0.36568628 -0.080497724 0.92725062 13.093724
166 0.93046324 0.092008336 -0.35464437 -80.788694 -0.05655446 0.9924214 0.10909294 8.3418023 0.36199414 -0.081450251 0.92861517 13.813099
167 0.93190679 0.091955344 -0.35084749 -81.058275 -0.056606434 0.9923478 0.10973362 8.4145217 0.35825335 -0.082401282 0.92998097 14.53404
168 0.9326638 0.091918814 -0.34883975 -81.325965 -0.056451872 0.99226814 0.11053068 8.4869457 0.35630245 -0.083395308 0.93064162 15.250242
169 0.93368439 0.091865565 -0.34611295 -81.588598 -0.056377393 0.99219056 0.11126268 8.5595328 0.35363124 -0.084371286 0.93157205 15.961307
170 0.93456726 0.091851542 -0.34372568 -81.848756 -0.056313838 0.99211102 0.11200169 8.6332657 0.35130158 -0.085316609 0.93236705 16.671485
171 0.93543165 0.091845547 -0.34136789 -82.107141 -0.056265468 0.99203168 0.11272646 8.7077952 0.34900121 -0.086240676 0.93314562 17.382305
172 0.9361928 0.091834971 -0.33927773 -82.364921 -0.056171066 0.99194862 0.11350178 8.7829106 0.34696954 -0.087201958 0.93381369 18.096046
173 0.93528165 0.091972517 -0.34174449 -82.629918 -0.055648809 0.99184789 0.1146337 8.8599457 0.34950173 -0.088197129 0.93277535 18.813502
174 0.93426393 0.092081675 -0.34448784 -82.896578 -0.055051867 0.99174672 0.11579139 8.9368279 0.35230697 -0.089215023 0.93162252 19.526876
175 0.93343669 0.092167241 -0.34670037 -83.163963 -0.054499717 0.99164845 0.11688902 9.0141389 0.35457825 -0.09021343 0.9306642 20.237394
176 0.93304096 0.092215741 -0.34775111 -83.430133 -0.054053592 0.99155227 0.11790764 9.0918321 0.35568637 -0.091215462 0.93014353 20.945138
177 0.93347162 0.092219792 -0.34659235 -83.690886 -0.05385829 0.99146256 0.1187484 9.1698102 0.35458432 -0.092181392 0.93046902 21.646843
178 0.93335538 0.092281849 -0.34688874 -83.954988 -0.053530377 0.99136601 0.11969896 9.2493917 0.35493978 -0.093152591 0.93023674 22.353632
179 0.93213571 0.092387451 -0.35012509 -84.223464 -0.052845585 0.99126027 0.12087324 9.3290717 0.35823228 -0.094167701 0.92887142 23.056675
180 0.9321332 0.092434259 -0.35011942 -84.490405 -0.052543215 0.99116439 0.12178779 9.4101286 0.35828329 -0.095126048 0.92875409 23.763274
181 0.93207161 0.092511142 -0.35026306 -84.759762 -0.052246198 0.99106405 0.12272853 9.4929971 0.35848691 -0.096091866 0.92857608 24.476391
182 0.9309365 0.092669104 -0.3532275 -85.033512 -0.051640692 0.99095298 0.12387631 9.5769215 0.36151138 -0.097080071 0.92729986 25.187947
183 0.92966299 0.092813958 -0.35652812 -85.310782 -0.050956631 0.99083839 0.12507047 9.6613535 0.36487006 -0.098105917 0.92587532 25.8998
184 0.92808728 0.093029266 -0.36055451 -85.595176 -0.050244563 0.99071999 0.12629051 9.7485973 0.3689573 -0.099092722 0.9241489 26.619452
185 0.92618243 0.093242276 -0.36536556 -85.885388 -0.049397801 0.99059706 0.12758222 9.8365716 0.37382613 -0.10011616 0.92207962 27.340286
186 0.92413859 0.093459251 -0.37045004 -86.179976 -0.048498026 0.99047134 0.12889677 9.9253732 0.37896677 -0.10115239 0.91986544 28.059622
187 0.92238266 0.093708344 -0.37473855 -86.484182 -0.047741035 0.99034565 0.13013913 10.017821 0.38331584 -0.10214768 0.91795145 28.794892
188 0.92028625 0.093938762 -0.3798009 -86.792891 -0.04682605 0.9902157 0.13145379 10.110307 0.38843345 -0.10319054 0.91568074 29.526675
189 0.91871562 0.094120762 -0.38353995 -87.103573 -0.046034577 0.99008683 0.13269815 10.203149 0.39222753 -0.10425577 0.91394111 30.256826
190 0.91808681 0.094286331 -0.38500221 -87.420407 -0.045586608 0.98996814 0.1337343 10.299376 0.39374926 -0.10522875 0.91317494 31.002151
191 0.91673772 0.0946239 -0.38812148 -87.741857 -0.04512411 0.98985251 0.13474321 10.400064 0.39693297 -0.10601055 0.91170501 31.749948
192 0.91647826 0.094770684 -0.38869798 -88.068741 -0.044809548 0.98974132 0.13566185 10.499776 0.39756724 -0.10691376 0.91132309 32.509504
193 0.91605544 0.094973098 -0.38964414 -88.402601 -0.044509152 0.9896294 0.13657416 10.602353 0.39857419 -0.10776677 0.91078262 33.28121
194 0.91568825 0.095220819 -0.39044594 -88.738264 -0.044327152 0.98952803 0.13736554 10.707193 0.39943729 -0.10847666 0.91032011 34.054737
195 0.91511248 0.095496712 -0.39172635 -89.077835 -0.044101523 0.98942464 0.13818051 10.813793 0.40077951 -0.10917498 0.90964644 34.833144
196 0.91509578 0.095634014 -0.39173187 -89.421086 -0.043946551 0.98933535 0.13886745 10.920072 0.40083467 -0.10986176 0.90953945 35.618879
197 0.9152164 0.095717085 -0.39142966 -89.762533 -0.043759898 0.98924267 0.13958484 11.02712 0.4005796 -0.11062142 0.90955974 36.405028
198 0.91576569 0.095769933 -0.39012989 -90.102843 -0.043737568 0.98916302 0.14015515 11.134679 0.39932473 -0.11128595 0.91003035 37.191655
199 0.91579978 0.09588346 -0.39002197 -90.444715 -0.043587486 0.98907674 0.14080923 11.244193 0.39926296 -0.11195299 0.90997564 37.981323
200 0.91686049 0.095853161 -0.38752938 -90.785398 -0.043696953 0.98901009 0.1412428 11.354043 0.39680906 -0.1125661 0.91097283 38.777889
201 0.91724588 0.095946181 -0.38659323 -91.125599 -0.043675671 0.98892989 0.14180982 11.465434 0.39591974 -0.11318976 0.91128244 39.573777
202 0.91753387 0.096000063 -0.38589583 -91.471673 -0.043609594 0.98886073 0.1423115 11.578015 0.39525917 -0.11374686 0.9114998 40.381766
203 0.91872404 0.09585892 -0.38308903 -91.808293 -0.043597999 0.9887818 0.14286242 11.687157 0.39248613 -0.11454923 0.91259693 41.17958
204 0.91907955 0.095892477 -0.38222692 -92.144855 -0.043424314 0.98867928 0.14362282 11.79715 0.39167221 -0.11540286 0.91283904 41.975076
205 0.91929894 0.096008556 -0.38166978 -92.478779 -0.043305139 0.9885758 0.14436922 11.908932 0.39117021 -0.11619021 0.9129544 42.767064
206 0.91929849 0.096140254 -0.38163771 -92.80937 -0.043083113 0.98845969 0.14522811 12.019015 0.39119579 -0.11706585 0.91283158 43.548517
207 0.91892627 0.096317657 -0.38248846 -93.14366 -0.042764001 0.98833888 0.14614172 12.130581 0.39210427 -0.11793674 0.91232955 44.334435
208 0.91846745 0.096514868 -0.38353934 -93.478188 -0.042442577 0.98821945 0.14704031 12.243284 0.39321264 -0.11877335 0.9117438 45.118242
209 0.91847387 0.096608765 -0.38350033 -93.810931 -0.042155262 0.98809546 0.14795339 12.354723 0.39322856 -0.11972478 0.91161249 45.899152
210 0.91865577 0.096721146 -0.38303603 -94.142996 -0.041990861 0.98798017 0.1487678 12.46744 0.39282102 -0.12058239 0.91167515 46.680086
211 0.9186422 0.09686845 -0.38303136 -94.472781 -0.041776475 0.98785838 0.14963442 12.581164 0.39287562 -0.1214588 0.91153527 47.456908
212 0.91825354 0.097087299 -0.38390688 -94.805711 -0.041530406 0.98774363 0.15045815 12.697793 0.39380918 -0.12221493 0.91103122 48.237225
213 0.91779106 0.097145449 -0.38499653 -95.132885 -0.040985273 0.98760766 0.15149662 12.808837 0.39494276 -0.12326306 0.91039908 49.00036
214 0.9174212 0.097240299 -0.38585316 -95.457167 -0.040525397 0.98747196 0.15250156 12.920637 0.3958485 -0.12427132 0.90986848 49.75671
215 0.91665493 0.09742485 -0.38762371 -95.779879 -0.040034334 0.98733988 0.15348331 13.034127 0.39766946 -0.12517298 0.90895037 50.505252
216 0.91575386 0.097676001 -0.38968485 -96.10532 -0.039571025 0.98720689 0.15445585 13.150265 0.39978622 -0.12602331 0.90790371 51.256072
217 0.91516909 0.097737194 -0.3910409 -96.431529 -0.038962959 0.9870638 0.1555212 13.263013 0.40118255 -0.12709209 0.90713847 52.004056
218 0.91415063 0.097900589 -0.39337527 -96.758561 -0.038302082 0.98691773 0.15660861 13.377761 0.40356113 -0.12809678 0.90594132 52.748251
219 0.91275536 0.098034763 -0.39656884 -97.084953 -0.037420337 0.98676069 0.15780674 13.491111 0.40678911 -0.12919922 0.90433966 53.482238
220 0.91194613 0.098197924 -0.39838603 -97.408931 -0.036854672 0.9866183 0.15882684 13.606405 0.40865144 -0.13015914 0.90336186 54.210616
221 0.91120717 0.098274254 -0.40005458 -97.735984 -0.036176322 0.98646547 0.15992827 13.720892 0.41035689 -0.13125529 0.90242968 54.941048
222 0.90966019 0.098516657 -0.40350071 -98.065522 -0.03537017 0.98630848 0.16107278 13.838583 0.41384455 -0.13224961 0.90069017 55.668738
223 0.90845754 0.098685137 -0.40616025 -98.399919 -0.034608204 0.9861511 0.16219798 13.956616 0.41654194 -0.13329351 0.89929178 56.400714
224 0.90618559 0.098932878 -0.41114469 -98.733788 -0.033487173 0.98598348 0.16344754 14.074141 0.42155224 -0.13434574 0.89679706 57.117266
225 0.90442182 0.099195475 -0.41494752 -99.072737 -0.032606273 0.98582173 0.16459727 14.194408 0.42539161 -0.13533548 0.89483313 57.839187
226 0.90230311 0.099470854 -0.41946949 -99.408829 -0.031591088 0.9856567 0.16577934 14.31342 0.42994316 -0.13633173 0.89250355 58.544708
227 0.89981639 0.0997298 -0.4247169 -99.748909 -0.030385244 0.98548327 0.16703105 14.43215 0.4352094 -0.13739216 0.88978437 59.245908
228 0.89666371 0.10003621 -0.43126204 -100.09355 -0.028955661 0.98530209 0.16834868 14.551568 0.44176438 -0.13846468 0.8863813 59.941193
229 0.89302461 0.10044864 -0.43865375 -100.43839 -0.027490457 0.98512583 0.16962101 14.671913 0.44916737 -0.13941696 0.88250305 60.621731
230 0.88925878 0.10085404 -0.44614716 -100.78861 -0.025961772 0.98494529 0.17090544 14.792657 0.45666708 -0.1403964 0.87848965 61.298177
231 0.88536497 0.10127215 -0.45373211 -101.14444 -0.024394562 0.9847606 0.17219573 14.914338 0.46425617 -0.14138748 0.87434309 61.971109
232 0.88111888 0.1017202 -0.46182521 -101.50672 -0.022726252 0.98457171 0.1734992 15.037177 0.47234844 -0.14237788 0.8698365 62.640268
233 0.87646755 0.10218948 -0.47049118 -101.87527 -0.020932727 0.98437966 0.17480964 15.160621 0.48100569 -0.14336632 0.86491599 63.303724
234 0.87251749 0.10249095 -0.4777121 -102.24497 -0.019215032 0.98419208 0.17605861 15.280832 0.48820491 -0.14443497 0.86069422 63.955278
235 0.86763962 0.1029439 -0.48641961 -102.62028 -0.01731565 0.98399329 0.17736202 15.403826 0.49689201 -0.14546366 0.85553416 64.601533
236 0.8628478 0.10339946 -0.49477492 -103.00061 -0.015464824 0.98379529 0.1786269 15.527564 0.5052272 -0.14647623 0.85046472 65.242241
237 0.85779008 0.10388292 -0.50339301 -103.38728 -0.013553878 0.98359443 0.17988385 15.652417 0.51382146 -0.14747967 0.84512561 65.878457
238 0.85287362 0.104359 -0.51158166 -103.7835 -0.011690348 0.98339227 0.18111566 15.778913 0.52198653 -0.14848821 0.83992938 66.516465
239 0.84752302 0.10489873 -0.52028933 -104.18586 -0.0097506847 0.9831866 0.18234295 15.907059 0.53066908 -0.14946668 0.83429616 67.149411
240 0.84197176 0.10546299 -0.52911353 -104.59646 -0.0077788309 0.98297968 0.1835493 16.036721 0.53946554 -0.15042745 0.82846156 67.780094
241 0.83699833 0.10577823 -0.53688432 -105.00679 -0.0057268306 0.982778 0.18470118 16.160246 0.54717549 -0.15151994 0.82318937 68.393905
242 0.83201169 0.10613776 -0.54451018 -105.41683 -0.0037287284 0.98257492 0.18582933 16.283966 0.55474559 -0.15258185 0.81790962 68.996235
243 0.82569141 0.10668718 -0.55394182 -105.83264 -0.0014900245 0.98236283 0.18697851 16.410834 0.5641201 -0.15356117 0.81128757 69.591893
244 0.81993755 0.10724736 -0.56231702 -106.25504 0.00050746181 0.98215719 0.18806091 16.539762 0.57245278 -0.15448356 0.80525318 70.185503
245 0.81528057 0.10775892 -0.56895133 -106.69215 0.0021871433 0.98195245 0.18911507 16.672087 0.57906203 -0.15542623 0.80033112 70.791235
246 0.81019836 0.10828761 -0.57606633 -107.13702 0.0040052536 0.9817413 0.19017857 16.805346 0.58614213 -0.15638966 0.79497152 71.395155
247 0.80567425 0.10877657 -0.58228573 -107.58357 0.005673739 0.98153268 0.19121015 16.938311 0.5923317 -0.15735684 0.79017848 71.992176
248 0.8019261 0.10920649 -0.58735719 -108.03034 0.007139821 0.98132875 0.19220515 17.070598 0.59738059 -0.15832796 0.78617347 72.582335
249 0.79831186 0.10964273 -0.59217958 -108.47873 0.008551287 0.98112516 0.19318436 17.203376 0.60218359 -0.15928528 0.78230632 73.167551
250 0.79418593 0.11014812 -0.59760866 -108.9324 0.010050096 0.98091954 0.19415396 17.338249 0.60759175 -0.16020038 0.77792554 73.751072
251 0.78983675 0.11066845 -0.60324987 -109.39203 0.011612027 0.98071084 0.19511873 17.474236 0.61320721 -0.16111691 0.77331643 74.332935
252 0.78525224 0.11118998 -0.6091106 -109.85817 0.01326133 0.98049797 0.19608104 17.610973 0.61903399 -0.1620507 0.76846375 74.913029
253 0.78023688 0.11174419 -0.61542153 -110.32937 0.01502326 0.98028039 0.19703949 17.748573 0.62530372 -0.16298312 0.7631722 75.48901
254 0.77445295 0.11237229 -0.62257137 -110.80688 0.01694913 0.98005911 0.19798178 17.887947 0.63240445 -0.16387963 0.7571051 76.061031
255 0.76815739 0.11303885 -0.6302035 -111.29279 0.018990656 0.97983578 0.19889975 18.028908 0.63997937 -0.1647543 0.75052146 76.630565
256 0.76156359 0.11371585 -0.63803574 -111.78706 0.021113737 0.97961007 0.19979546 18.17082 0.64774619 -0.16562828 0.74363445 77.196997
257 0.75518797 0.11436276 -0.6454551 -112.28679 0.023204743 0.9793823 0.20067826 18.31257 0.65509747 -0.16652744 0.73696402 77.757984
258 0.74957037 0.11496089 -0.65186522 -112.788 0.025108868 0.97915565 0.20155312 18.453688 0.66144828 -0.16744586 0.73105957 78.311553
259 0.74419355 0.11556216 -0.6578916 -113.2908 0.026926451 0.97892997 0.20241292 18.595046 0.66742112 -0.16834908 0.72540174 78.858238
260 0.73999482 0.11615837 -0.66250653 -113.79871 0.028336063 0.97871665 0.20325033 18.739003 0.67201544 -0.16917703 0.72095383 79.405648
261 0.73552 0.11676993 -0.66736431 -114.31353 0.029821379 0.97850049 0.20407692 18.884293 0.6768464 -0.17000439 0.71622448 79.952489
262 0.73170753 0.11736437 -0.67143853 -114.83489 0.031104054 0.97828927 0.20489645 19.031345 0.6809087 -0.17080875 0.71217116 80.500707
263 0.72912675 0.11790077 -0.67414657 -115.35967 0.032084721 0.97807712 0.20575626 19.179075 0.6836262 -0.1716522 0.70935942 81.049801
264 0.72626366 0.11842413 -0.6771387 -115.88413 0.033197624 0.97785732 0.20662256 19.325848 0.68661418 -0.17254187 0.70625089 81.593004
265 0.72325803 0.11897736 -0.68025159 -116.40995 0.034316967 0.97763767 0.20747732 19.473755 0.68972473 -0.17340382 0.7030014 82.133047
266 0.71994894 0.11956569 -0.68365018 -116.93898 0.035464661 0.9774234 0.20829227 19.623193 0.69312034 -0.17420523 0.69945463 82.670734
267 0.71526078 0.12020679 -0.68844198 -117.4741 0.036986636 0.9772043 0.2090542 19.773388 0.69787824 -0.17499143 0.6945099 83.204871
268 0.71124474 0.12082777 -0.69248218 -118.01448 0.038322127 0.97698655 0.20982997 19.924756 0.70189911 -0.17577786 0.69024621 83.738708
269 0.70782431 0.12140504 -0.69587755 -118.55575 0.039559581 0.97676124 0.21064764 20.075512 0.70527995 -0.17663016 0.68657266 84.268657
270 0.7048097 0.12197969 -0.69883063 -119.0969 0.040669191 0.97653791 0.21147018 20.226719 0.70822971 -0.17746712 0.68331262 84.794533
271 0.70132744 0.12257085 -0.70222234 -119.63952 0.041915286 0.97631078 0.21227405 20.378127 0.7116059 -0.17830748 0.67957599 85.315909
272 0.69697169 0.12318754 -0.70643846 -120.1825 0.043411422 0.97607925 0.21303673 20.528968 0.71578344 -0.17914808 0.67495191 85.829757
273 0.69233097 0.12382462 -0.71087643 -120.7288 0.044983634 0.97584372 0.21378826 20.68038 0.7201766 -0.17999005 0.67003679 86.339615
274 0.68602026 0.12452908 -0.71684636 -121.27874 0.047005156 0.97560033 0.21446311 20.831721 0.72606249 -0.18082153 0.66342813 86.841451
275 0.68034679 0.12520707 -0.72211594 -121.83012 0.048852499 0.97535973 0.21514353 20.982963 0.73126035 -0.18164939 0.65746623 87.337219
276 0.67557603 0.1257764 -0.72648285 -122.37933 0.050563516 0.97511793 0.21584312 21.131223 0.73555448 -0.18255198 0.65240665 87.823959
277 0.67058989 0.12637895 -0.73098397 -122.92802 0.052292603 0.9748772 0.21651753 21.279725 0.73998291 -0.18341954 0.64713415 88.303665
278 0.66622777 0.12693643 -0.73486578 -123.47494 0.053872411 0.9746406 0.21719435 21.427164 0.74379994 -0.18428991 0.6424943 88.776236
279 0.6614219 0.12754617 -0.73908934 -124.02413 0.055520801 0.97440369 0.21784123 21.575791 0.74795624 -0.1851198 0.63741052 89.244505
280 0.6564112 0.12819236 -0.74343194 -124.58348 0.057193275 0.97416459 0.21847698 21.727134 0.7522322 -0.18593006 0.63212085 89.714847
281 0.65251266 0.12867692 -0.74677271 -125.13451 0.058724951 0.97392665 0.21913047 21.873217 0.75549893 -0.18683961 0.62794297 90.17227
282 0.64859247 0.12903668 -0.75011822 -125.66934 0.060400569 0.97369096 0.21972164 22.012527 0.75873553 -0.18781738 0.62373478 90.610008
283 0.64418875 0.12949871 -0.75382421 -126.1948 0.062042296 0.97346832 0.22025008 22.152102 0.76234614 -0.18865162 0.61906298 91.035832
284 0.63881384 0.12996204 -0.75830518 -126.70924 0.063933243 0.97325317 0.22065971 22.288198 0.76670036 -0.1894414 0.61341875 91.445141
285 0.63225039 0.13036065 -0.76371824 -127.21607 0.06625441 0.97303464 0.22093855 22.419361 0.77192605 -0.1902882 0.60656461 91.838865
286 0.62913724 0.13061551 -0.76624143 -127.71352 0.067687627 0.97282944 0.22140727 22.548729 0.77434149 -0.19116063 0.60320222 92.226097
287 0.623918 0.13101598 -0.7704292 -128.19513 0.069523865 0.97263225 0.22170441 22.675641 0.77839116 -0.1918886 0.59773407 92.594275
288 0.62026991 0.13135797 -0.77331127 -128.67059 0.070947987 0.97244139 0.22209017 22.80127 0.78117325 -0.19262074 0.59385659 92.956075
289 0.61817192 0.1314579 -0.77497245 -129.12651 0.072218963 0.97224763 0.22252838 22.91932 0.78271829 -0.19352852 0.59152247 93.30272
