3 0.99995646 0.00070034892 -0.0093057628 -0.010957479 -0.00069925739 0.99999975 0.00012054924 0.0044079853 0.0093058449 -0.00011403687 0.99995669 0.10130564
4 0.99995341 0.00066951242 -0.0096301383 -0.011503853 -0.00066871936 0.99999977 8.5572234e-05 0.0042153872 0.0096301934 -7.9128387e-05 0.99995363 0.11078955
5 0.99994817 0.00064312366 -0.010161124 -0.01210908 -0.00064288267 0.99999979 2.6983788e-05 0.0039156324 0.010161139 -2.0449979e-05 0.99994837 0.12088016
6 0.99995094 0.00042522984 -0.0098965549 -0.011628816 -0.00042462657 0.99999991 6.3058564e-05 0.0031422162 0.0098965808 -5.885313e-05 0.99995103 0.13952759
7 0.99993587 0.00050876159 -0.011313767 -0.013447538 -0.00050888799 0.99999987 -8.2934417e-06 0.0024158862 0.011313761 1.405035e-05 0.999936 0.14766071
8 0.99993588 0.00035969243 -0.011318104 -0.013279357 -0.00035875962 0.99999993 8.4448238e-05 0.0012937441 0.011318133 -8.0382345e-05 0.99993594 0.16104169
9 0.9998487 0.00097899128 -0.017367403 -0.022170493 -0.00098138992 0.99999951 -0.00012958948 0.00045410579 0.017367267 0.00014661407 0.99984917 0.16688209
10 0.99978666 0.0011503169 -0.020623237 -0.026996785 -0.001151375 0.99999934 -3.9435676e-05 -0.00031855211 0.020623178 6.3172343e-05 0.99978732 0.17742105
11 0.99972012 0.00127959 -0.023623004 -0.031311354 -0.0012780564 0.99999918 8.0017791e-05 -0.00066341413 0.023623087 -4.9803864e-05 0.99972093 0.18539471
12 0.99966102 0.0012979999 -0.026003077 -0.034632121 -0.0012908111 0.99999912 0.00029324359 -0.00097853981 0.026003435 -0.00025957913 0.99966182 0.19382323
13 0.99960071 0.001296592 -0.02822672 -0.037558221 -0.001282702 0.99999905 0.00051018804 -0.0011468134 0.028227355 -0.00047377786 0.99960142 0.20120302
14 0.99951678 0.0013443009 -0.031054647 -0.041213033 -0.0013234901 0.99999889 0.0006906812 -0.0010116271 0.031055541 -0.00064924694 0.99951745 0.20729352
15 0.99945407 0.0013225109 -0.033012175 -0.04356191 -0.00129378 0.99999877 0.00089165879 -0.0010197293 0.033013314 -0.00084846152 0.99945455 0.21326557
16 0.99938289 0.0013526439 -0.035099889 -0.046158101 -0.0013179217 0.99999862 0.0010123568 -0.00079674106 0.03510121 -0.0009654732 0.9993833 0.21700315
17 0.99933419 0.001347717 -0.036460325 -0.047759193 -0.0013075544 0.99999851 0.0011253648 -0.00071381271 0.036461788 -0.0010769416 0.99933447 0.22033177
18 0.99927553 0.0013422478 -0.038034486 -0.049591051 -0.0012955827 0.99999838 0.0012515359 -0.00060374384 0.038036104 -0.0012013523 0.99927564 0.22406732
19 0.99921706 0.0013555441 -0.039540257 -0.05139889 -0.0013036266 0.99999825 0.0013387823 -0.00041903644 0.039542003 -0.0012861883 0.99921708 0.22668823
20 0.99919159 0.0013230613 -0.040179754 -0.052008672 -0.0012664193 0.99999817 0.0014351338 -0.00048361084 0.04018158 -0.0013830892 0.99919144 0.22959513
21 0.99913115 0.0013107429 -0.041655977 -0.053654274 -0.0012470215 0.99999801 0.001555655 -0.00039576696 0.041657933 -0.0015023575 0.9991308 0.23334112
22 0.9990278 0.0013429007 -0.044064287 -0.056566485 -0.0012708481 0.99999781 0.0016631433 -3.2728904e-05 0.044066424 -0.0016055274 0.99902731 0.23665296
23 0.99895552 0.0013102576 -0.045674433 -0.05824443 -0.0012286117 0.9999976 0.0018155903 -2.5700597e-05 0.045676702 -0.0017575778 0.99895473 0.24176039
24 0.99887747 0.0012748442 -0.047351628 -0.059954468 -0.0011827959 0.99999736 0.0019718996 -4.7422265e-05 0.047354017 -0.0019136788 0.99887634 0.24744135
25 0.99876463 0.0012609403 -0.049675231 -0.06249896 -0.0011566832 0.99999707 0.0021274657 5.8417622e-05 0.049677768 -0.002067379 0.99876316 0.25345753
26 0.9986205 0.0012201802 -0.052493964 -0.065412123 -0.0010988433 0.99999666 0.002340244 -5.5447278e-06 0.052496645 -0.002279333 0.9986185 0.26322124
27 0.99848811 0.001163077 -0.054955779 -0.067769983 -0.0010250532 0.99999625 0.0025396644 -0.00029643925 0.054958527 -0.0024794921 0.99848556 0.2754136
28 0.99842081 0.00109804 -0.056166493 -0.068621981 -0.00094966393 0.99999599 0.002668341 -0.00076465489 0.056169198 -0.0026107879 0.99841785 0.28770647
29 0.99837909 0.0010639166 -0.056903988 -0.069176394 -0.00091017109 0.99999587 0.0027276905 -0.0010599883 0.056906655 -0.0026714767 0.99837593 0.29636519
30 0.99836896 0.0010274311 -0.057082114 -0.069082576 -0.00087143989 0.99999582 0.002757576 -0.001376151 0.057084709 -0.0027033346 0.99836568 0.30469984
31 0.99828678 0.0010334012 -0.058501535 -0.070767677 -0.00087184151 0.99999574 0.0027870876 -0.0014763295 0.058504165 -0.0027313086 0.99828343 0.31214556
32 0.99835708 0.00097146369 -0.057290545 -0.068915809 -0.00081446593 0.99999585 0.0027636643 -0.0019421673 0.057292992 -0.0027124626 0.99835372 0.32315471
33 0.99836076 0.00094320399 -0.057226818 -0.068743151 -0.00078889058 0.99999599 0.0027190541 -0.0023059133 0.057229153 -0.0026694512 0.9983575 0.3384656
34 0.99832836 0.0009458578 -0.057789114 -0.069607464 -0.00079297888 0.99999613 0.0026683369 -0.0025141351 0.057791414 -0.0026180508 0.99832525 0.35095451
35 0.9985994 0.00083642054 -0.052901178 -0.063304985 -0.00070511872 0.99999662 0.0025006359 -0.0028926334 0.052903091 -0.0024598319 0.99859662 0.36777588
36 0.99859185 0.00084906681 -0.053043371 -0.064015894 -0.00072342614 0.99999689 0.0023877955 -0.0030514403 0.053045234 -0.0023460602 0.99858935 0.38432325
37 0.99866295 0.00083056855 -0.051687749 -0.062613073 -0.00071339368 0.99999713 0.0022853837 -0.0031466888 0.051689499 -0.0022454543 0.99866068 0.39567918
38 0.9987554 0.00080341311 -0.049869956 -0.060546573 -0.00069509812 0.99999736 0.0021892538 -0.0031910169 0.049871583 -0.0021518645 0.99875332 0.40518223
39 0.99891769 0.00075600118 -0.046506804 -0.056713965 -0.00066262944 0.99999773 0.0020230846 -0.0032017267 0.046508229 -0.0019900782 0.99891592 0.42122434
40 0.99891875 0.00076898773 -0.046483658 -0.05734215 -0.00068006955 0.99999791 0.0019286757 -0.0033402005 0.046485044 -0.0018949782 0.99891719 0.43393082
41 0.99912546 0.00071769478 -0.041806754 -0.051194185 -0.00064473066 0.99999825 0.0017587278 -0.0028498073 0.041807943 -0.0017302357 0.99912417 0.45127651
42 0.99922599 0.00067182738 -0.039331436 -0.049145397 -0.00060844317 0.9999985 0.0016234887 -0.0032291639 0.039332468 -0.0015983011 0.9992249 0.46473456
43 0.99942971 0.00064168405 -0.03376155 -0.040149928 -0.00059285084 0.99999876 0.0014564057 -0.0017713694 0.033762443 -0.0014355596 0.99942886 0.49330517
44 0.99942602 0.00040606367 -0.033874133 -0.041134807 -0.00035921482 0.99999897 0.0013891017 -0.0051009497 0.033874662 -0.0013761363 0.99942514 0.49437455
45 0.99976618 0.00030948015 -0.021621613 -0.024699182 -0.00028490282 0.99999931 0.0011397733 -0.0030294861 0.021621951 -0.0011333467 0.99976558 0.52359972
46 0.99986318 7.7042228e-05 -0.016541273 -0.018648719 -6.0580282e-05 0.9999995 0.00099570305 -0.0050031312 0.016541341 -0.00099456474 0.99986269 0.54612979
47 0.99996614 -4.9421915e-05 -0.0082287511 -0.0079518837 5.6247663e-05 0.99999965 0.00082927051 -0.0044263147 0.0082287073 -0.00082970529 0.9999658 0.55338395
48 0.99996291 -0.00030679864 -0.0086075737 -0.010234777 0.00031363985 0.99999964 0.000793452 -0.0087995517 0.0086073271 -0.00079612224 0.99996264 0.58094226
49 0.99996465 -0.00020591224 -0.0084061233 -0.0098581138 0.00021264372 0.99999966 0.00079989725 -0.0075172924 0.0084059557 -0.00080165648 0.99996435 0.58370105
50 0.99999976 -0.00038352492 -0.00058554976 9.2332714e-05 0.00038390163 0.99999972 0.00064337525 -0.0079684274 0.00058530285 -0.00064359988 0.99999962 0.59952931
51 0.99999707 -0.00031906006 -0.0023989459 -0.0025712423 0.00032074218 0.9999997 0.00070084056 -0.0080999461 0.0023987215 -0.00070160795 0.99999688 0.61295133
52 0.9999999 -0.00043823234 6.73532e-05 0.00010917832 0.00043818529 0.99999966 0.00069693539 -0.0096782095 -6.7658596e-05 -0.00069690581 0.99999975 0.63718336
53 0.99999872 -0.00051772715 -0.0015160703 -0.0030912614 0.00051884096 0.9999996 0.00073436677 -0.011720812 0.0015156895 -0.00073515242 0.99999858 0.64575285
54 0.99999776 -0.0003573889 -0.0020863877 -0.0028678033 0.00035902728 0.99999963 0.00078494987 -0.009814121 0.0020861064 -0.00078569718 0.99999752 0.66008717
55 0.99999651 -0.00029164927 -0.0026275083 -0.0034793844 0.00029383777 0.99999961 0.00083257107 -0.0095381421 0.0026272645 -0.00083334022 0.9999962 0.68114867
56 0.99999993 -0.00031103038 -0.00019571088 -7.4765813e-05 0.00031119113 0.99999961 0.00082190324 -0.0097069922 0.00019545517 -0.00082196409 0.99999964 0.70564795
57 0.99999922 -0.00049340039 -0.0011454657 -0.0033819952 0.00049442233 0.99999948 0.0008920463 -0.013482966 0.0011450249 -0.00089261195 0.99999895 0.71831815
58 0.99999994 -0.00033738296 0.00012559047 0.00025076198 0.00033727273 0.99999956 0.00087670532 -0.010560689 -0.0001258862 -0.0008766629 0.99999961 0.72805459
59 0.99999866 -0.00026784507 -0.001613617 -0.0019695941 0.00026933444 0.99999954 0.00092285394 -0.010221125 0.0016133691 -0.00092328731 0.99999827 0.7382978
60 0.99999969 -0.00025519305 -0.0007384472 -0.00062917935 0.00025586197 0.99999956 0.00090590362 -0.010012404 0.0007382157 -0.00090609228 0.99999932 0.74800407
61 0.99999993 -0.00028079123 -0.00025823222 8.1285516e-05 0.00028103649 0.99999951 0.00095020851 -0.010773299 0.00025796529 -0.00095028101 0.99999952 0.76787001
62 0.99999892 -0.00012976279 -0.0014628164 -0.0021126015 0.00013107187 0.99999959 0.00089484723 -0.0098243538 0.0014626997 -0.000895038 0.99999853 0.78979123
63 0.99999987 -0.00027961646 -0.00042606555 -0.00048776039 0.00028002968 0.99999949 0.00097009255 -0.01153865 0.00042579408 -0.00097021174 0.99999944 0.78853401
64 0.99999972 -0.00024725671 -0.00070221123 -0.0012877585 0.00024792432 0.99999952 0.00095080327 -0.011594441 0.0007019758 -0.0009509771 0.9999993 0.79773396
65 0.99999713 -0.00029644898 -0.0023787085 -0.0039293409 0.00029890812 0.99999942 0.0010335213 -0.012729495 0.0023784007 -0.0010342293 0.99999664 0.79568547
66 0.99999965 -0.00024683224 -0.00080494472 -0.0015035654 0.00024757692 0.99999954 0.00092515429 -0.011611764 0.00080471599 -0.00092535325 0.99999925 0.7997353
67 0.99999817 -6.3125123e-05 -0.0019143503 -0.0034431075 6.474282e-05 0.99999964 0.00084498691 -0.010269344 0.0019142963 -0.0008451093 0.99999781 0.82713422
68 0.99999722 2.3505951e-05 -0.0023592902 -0.0051056215 -2.1774276e-05 0.99999973 0.00073400434 -0.0099076893 0.0023593068 -0.00073395093 0.99999695 0.83497724
69 0.99999905 -0.00034845909 0.0013315413 -0.00082485859 0.00034736091 0.9999996 0.00082488752 -0.014768043 -0.0013318282 -0.00082442422 0.99999877 0.85200339
70 0.9999986 -5.94664e-05 -0.0016709337 -0.0044281629 6.0838304e-05 0.99999966 0.0008210016 -0.011481935 0.0016708843 -0.00082110211 0.99999827 0.84922104
71 0.99999982 -6.9280197e-05 0.00060059889 -0.0013920229 6.8882258e-05 0.99999978 0.00066256516 -0.010864334 -0.00060064466 -0.00066252367 0.9999996 0.85256461
72 0.99999962 -0.00029587401 0.00082194406 -0.0015500914 0.00029517842 0.9999996 0.00084625785 -0.014203762 -0.00082219412 -0.00084601491 0.9999993 0.84375214
73 0.99999992 -0.00027874745 -0.00029849994 -0.0033213608 0.00027901232 0.99999957 0.00088766767 -0.014488449 0.00029825238 -0.00088775088 0.99999956 0.84511343
74 0.99999995 -0.00013494013 -0.00027814537 -0.0024851086 0.00013517091 0.99999965 0.00082983708 -0.012130519 0.00027803329 -0.00082987464 0.99999962 0.84694057
75 0.99999959 -0.00021043697 -0.00087995644 -0.0040228623 0.00021122062 0.99999958 0.00089055836 -0.013650625 0.00087976867 -0.00089074386 0.99999922 0.84899988
76 0.99999998 -0.00021873043 -2.3032503e-05 -0.0033101832 0.00021874935 0.99999964 0.00082472898 -0.014068971 2.2852102e-05 -0.000824734 0.99999966 0.85017217
77 0.99999882 -0.00010133757 -0.0015342955 -0.0045649138 0.00010260446 0.99999965 0.00082565701 -0.012109895 0.0015342113 -0.00082581346 0.99999848 0.84639191
78 0.99999969 -0.0003268742 -0.00072071304 -0.0031477005 0.00032755848 0.9999995 0.00094953071 -0.014328877 0.0007204023 -0.00094976649 0.99999929 0.83055479
79 0.99999961 -0.00028728728 -0.00082943818 -0.0036097728 0.0002880473 0.99999954 0.00091634244 -0.014284532 0.00082917454 -0.000916581 0.99999924 0.83432522
80 0.99999992 -0.00023228494 -0.00031165623 -0.0029809124 0.00023254551 0.99999962 0.00083628523 -0.013443141 0.00031146186 -0.00083635764 0.9999996 0.83334294
81 0.99999955 -0.00014768815 -0.00093616935 -0.0033927182 0.0001484671 0.99999964 0.00083204965 -0.012079885 0.00093604613 -0.00083218827 0.99999922 0.83725982
82 0.99999925 -0.00037038886 0.0011657592 -0.00091580017 0.00036935634 0.99999954 0.00088579722 -0.015010475 -0.0011660867 -0.00088536597 0.99999893 0.84465539
83 0.99999859 -0.00018471756 -0.0016710389 -0.0047420146 0.00018624681 0.99999956 0.00091503996 -0.013252505 0.0016708691 -0.00091534989 0.99999819 0.8444703
84 0.99999974 -0.00027902235 -0.00066391599 -0.0032395709 0.00027965075 0.99999951 0.00094659548 -0.01416424 0.00066365155 -0.0009467809 0.99999933 0.84052335
85 0.99999779 -0.00010907353 -0.0021018428 -0.0043869801 0.00011098208 0.99999958 0.00090794116 -0.011675128 0.0021017429 -0.00090817241 0.99999738 0.83734101
86 0.99999901 -0.00032572157 -0.0013709054 -0.0042322321 0.00032707902 0.99999946 0.00099007973 -0.014774353 0.0013705822 -0.00099052714 0.99999857 0.83415743
87 0.999999 -0.00023953357 -0.0013939904 -0.0034354028 0.0002408313 0.99999954 0.00093085129 -0.012977078 0.0013937668 -0.00093118608 0.9999986 0.82358405
88 0.99999795 -0.00013876085 -0.0020202947 -0.004539958 0.00014054204 0.9999996 0.00088153245 -0.01209385 0.0020201715 -0.00088181458 0.99999757 0.83353697
89 0.9999994 -0.00023075147 -0.0010724553 -0.0034239111 0.00023171808 0.99999957 0.00090126209 -0.013029429 0.0010722469 -0.00090151006 0.99999902 0.83145105
90 0.9999999 -0.00044508048 -4.8996125e-05 -0.0023651527 0.00044512978 0.99999939 0.0010108327 -0.01585497 4.8546193e-05 -0.0010108545 0.99999949 0.82704423
91 0.99999862 -0.00029564105 -0.0016349262 -0.0038634997 0.00029726281 0.99999946 0.00099179278 -0.013802651 0.0016346321 -0.00099227741 0.99999817 0.82221869
92 0.99999809 -0.00011858667 -0.0019504145 -0.0032018476 0.00012036052 0.99999958 0.00090938199 -0.010640278 0.0019503059 -0.00090961501 0.99999768 0.81730829
93 0.99999741 -7.4523176e-05 -0.0022730666 -0.0049018824 7.6400735e-05 0.99999966 0.00082592695 -0.011060522 0.0022730042 -0.00082609848 0.99999708 0.82898806
94 0.99999975 -0.00030025789 -0.00064264673 -0.0034245382 0.00030085249 0.99999953 0.00092534876 -0.014408278 0.00064236859 -0.00092554187 0.99999937 0.8354723
95 0.99999795 -0.00040797702 -0.0019808704 -0.0050482297 0.00041004185 0.99999937 0.0010420949 -0.015533524 0.001980444 -0.001042905 0.9999975 0.8152564
96 0.9999999 -0.00032208703 -0.00031589821 -0.0010606578 0.00032239365 0.99999948 0.00097103814 -0.012772539 0.00031558529 -0.00097113988 0.99999948 0.80320996
97 0.99999968 -0.00021596385 -0.00076868192 -0.0016262943 0.0002166506 0.99999958 0.00089344569 -0.011356851 0.00076848864 -0.00089361194 0.99999931 0.80304485
98 0.99999517 -0.00031198024 -0.0030918058 -0.0057215554 0.00031514392 0.99999943 0.0010228135 -0.01361165 0.0030914849 -0.0010237829 0.9999947 0.80353153
99 0.99999673 -0.00030948643 -0.0025379803 -0.0047222852 0.00031207672 0.99999943 0.0010202783 -0.013417779 0.0025376631 -0.001021067 0.99999626 0.80160721
100 0.99999492 -0.00024861595 -0.0031775251 -0.005003365 0.00025185126 0.99999945 0.0010178276 -0.012098703 0.0031772703 -0.0010186226 0.99999443 0.78754822
101 0.99999276 -6.91656e-05 -0.0038058477 -0.00554114 7.2760546e-05 0.99999955 0.00094445444 -0.0097742359 0.0038057806 -0.00094472451 0.99999231 0.79506091
102 0.999998 -0.00024733928 -0.0019864901 -0.0029473281 0.00024931432 0.99999947 0.00099405173 -0.011642705 0.0019862432 -0.000994545 0.99999753 0.79043342
103 0.99999787 -0.00022340398 -0.0020522563 -0.002844003 0.00022543686 0.99999948 0.00099037802 -0.011162977 0.002052034 -0.00099083856 0.9999974 0.78669696
104 0.99999833 -0.00024658712 -0.001809053 -0.0026693679 0.00024838189 0.99999948 0.00099194493 -0.011505295 0.0018088075 -0.00099239262 0.99999787 0.78627305
105 0.99999743 -0.00024922681 -0.0022516113 -0.0033017781 0.0002514277 0.99999949 0.00097724208 -0.011230582 0.0022513666 -0.00097780569 0.99999699 0.77187283
106 0.99999949 -0.00026218157 -0.00097809436 -0.0011876915 0.00026311927 0.99999951 0.00095869266 -0.010987743 0.00097784252 -0.00095894952 0.99999906 0.77420734
107 0.99999969 -0.0002465234 -0.00075041501 -0.00060300991 0.00024723817 0.99999952 0.00095256211 -0.010566452 0.00075017981 -0.00095274735 0.99999926 0.77256292
108 0.99999987 -0.00046067485 -0.00022881035 -0.0018840726 0.00046089114 0.99999945 0.00094614547 -0.013744548 0.00022837436 -0.0009462508 0.99999953 0.75682845
109 0.99999736 -0.00044236258 -0.0022535111 -0.0047668897 0.00044454704 0.99999943 0.00096895031 -0.013659977 0.0022530812 -0.00096994955 0.99999699 0.74223269
110 0.99999834 -0.00036178156 -0.001787996 -0.003072002 0.00036345285 0.9999995 0.00093449442 -0.011738028 0.001787657 -0.00093514272 0.99999796 0.73094488
111 0.99999411 -0.00028534803 -0.0034188707 -0.0050930253 0.00028855847 0.99999952 0.00093857851 -0.010838111 0.0034186012 -0.00093955953 0.99999372 0.72409279
112 0.99999984 -0.00056698277 -1.008159e-05 -0.0021969065 0.00056699124 0.99999947 0.00086096487 -0.014221025 9.5934319e-06 -0.00086097045 0.99999963 0.71509141
113 0.99999955 -0.00060134313 0.00072904057 -0.000912282 0.00060075988 0.9999995 0.00079997801 -0.013752405 -0.00072952126 -0.00079953968 0.99999941 0.69201098
114 0.99999891 -0.00044496657 0.0014107116 0.0016295164 0.00044388088 0.99999961 0.00076982767 -0.010712667 -0.0014110536 -0.00076920064 0.99999871 0.68448231
115 0.99999902 -0.00052418326 0.0012999332 0.00092167142 0.00052325139 0.99999961 0.00071709928 -0.011332095 -0.0013003086 -0.00071641839 0.9999989 0.66087663
116 0.99999854 -0.00057172759 -0.0016087077 -0.0037811322 0.00057294941 0.99999955 0.00075914886 -0.012946307 0.001608273 -0.00076006946 0.99999842 0.65748742
117 0.99999975 -0.00058861671 -0.00039426433 -0.0016524166 0.00058889141 0.99999958 0.000696982 -0.012156958 0.00039385391 -0.000697214 0.99999968 0.63868175
118 0.99999971 -0.00051571215 0.00055539697 0.00084211468 0.0005153614 0.99999967 0.00063149947 -0.0097191431 -0.00055572246 -0.00063121306 0.99999965 0.60689284
119 0.99998448 -0.00065288894 0.0055336572 0.0075311815 0.00065001486 0.99999965 0.00052116464 -0.0098093713 -0.0055339956 -0.00051755959 0.99998455 0.60170374
120 0.99992676 -0.00098839147 0.012062121 0.016007643 0.00098404637 0.99999945 0.00036615654 -0.011208844 -0.012062477 -0.00035426004 0.99992718 0.58118892
121 0.99991349 -0.0011385228 0.013103843 0.018043224 0.0011346768 0.99999931 0.00030093544 -0.011339948 -0.013104177 -0.00028604078 0.9999141 0.55240568
122 0.99965235 -0.001470391 0.026325177 0.034840454 0.0014734244 0.99999891 -9.5828654e-05 -0.0097196594 -0.026325007 0.0001345835 0.99965343 0.52802079
123 0.9996534 -0.0015255059 0.026282188 0.035696166 0.0015286223 0.99999883 -9.8483512e-05 -0.0090280004 -0.026282007 0.00013862492 0.99965456 0.50076566
124 0.99929473 -0.0018368342 0.03750545 0.048516478 0.0018587977 0.99999812 -0.00055074675 -0.0076693815 -0.037504368 0.00062007337 0.99929627 0.4898263
125 0.99912946 -0.0022082494 0.041658742 0.053863931 0.0022413025 0.99999721 -0.00074673838 -0.0082026257 -0.041656977 0.00083945816 0.99913162 0.46948437
126 0.99931768 -0.0018125464 0.03689015 0.048946075 0.0018320155 0.9999982 -0.00049396198 -0.0059637694 -0.036889189 0.00056120826 0.9993192 0.45780211
127 0.99885277 -0.0024095558 0.047826022 0.060550969 0.0024605413 0.99999647 -0.0010072175 -0.0072365152 -0.047823426 0.0011237399 0.99885517 0.46155798
128 0.99891848 -0.00235721 0.046436154 0.059911348 0.0024061316 0.99999661 -0.00099765599 -0.0056011276 -0.046433644 0.0011083085 0.99892076 0.44039369
129 0.99845631 -0.0029344722 0.055465226 0.069864216 0.0030203481 0.99999437 -0.0014645192 -0.0064792172 -0.055460616 0.0016297827 0.99845955 0.44261489
130 0.99847988 -0.0029884391 0.055036377 0.070725635 0.0030783186 0.99999406 -0.0015483926 -0.0050164448 -0.055031423 0.0017154584 0.99848315 0.42843369
131 0.99843673 -0.002991897 0.055813445 0.070530503 0.0030876155 0.99999391 -0.0016288192 -0.0047087585 -0.055808231 0.0017986034 0.99843989 0.42626856
132 0.9984836 -0.0029915097 0.054968567 0.070820038 0.003081221 0.99999406 -0.0015473699 -0.0050339257 -0.054963611 0.0017143938 0.99848689 0.42972744
133 0.99843541 -0.0029907194 0.055837182 0.070514168 0.0030863671 0.99999391 -0.0016268193 -0.0047654517 -0.055831977 0.001796608 0.99843856 0.4269542
134 0.99840786 -0.003081748 0.056322624 0.072365768 0.0031794295 0.99999359 -0.0016447936 -0.0047617277 -0.056317195 0.0018212486 0.99841127 0.42707895
135 0.99838244 -0.0030601478 0.056772762 0.071663564 0.003162032 0.99999355 -0.0017048519 -0.0044513818 -0.056767179 0.0018816115 0.99838567 0.42391948
136 0.99846315 -0.0030516568 0.055335656 0.071841361 0.0031457122 0.99999375 -0.0016127041 -0.0043031958 -0.055330389 0.0017842956 0.99846651 0.4211911
137 0.99853788 -0.002898158 0.053978734 0.068920978 0.0029852437 0.99999437 -0.001532775 -0.0043914419 -0.053973988 0.0016916736 0.99854091 0.42129581
138 0.99871845 -0.0026622992 0.050540707 0.064996533 0.0027308828 0.99999544 -0.0012879913 -0.0048679031 -0.050537047 0.0014243615 0.99872117 0.42658288
139 0.99871423 -0.0026476586 0.050624939 0.064691365 0.0027153374 0.99999551 -0.0012681357 -0.0054219203 -0.050621354 0.001403969 0.99871693 0.43407024
140 0.998801 -0.0024764361 0.048891976 0.061617079 0.0025307072 0.99999625 -0.0010481495 -0.0075928496 -0.048889197 0.0011706241 0.99880352 0.46362606
141 0.99859658 -0.0026984021 0.052892296 0.065648783 0.0027709171 0.99999532 -0.0012977092 -0.0075516539 -0.052888546 0.0014424482 0.99859938 0.46377513
142 0.99823601 -0.0030440062 0.059292535 0.071424526 0.0031427741 0.99999382 -0.0015725892 -0.0093395074 -0.059287382 0.0017561582 0.99823941 0.48090815
143 0.99893598 -0.0021177784 0.04606977 0.05766354 0.0021638787 0.99999721 -0.00095081538 -0.0074197959 -0.046067628 0.0010494931 0.99893777 0.49829291
144 0.99872628 -0.0023971264 0.050399105 0.061696364 0.0024559201 0.99999637 -0.001104667 -0.0091694294 -0.050396274 0.0012270361 0.99872855 0.50629045
145 0.99917758 -0.0017720471 0.040509523 0.051163201 0.0017985005 0.99999819 -0.00061658426 -0.0081861158 -0.040508357 0.00068893357 0.99917896 0.52758414
146 0.99955732 -0.0012321548 0.029726136 0.038885962 0.0012388816 0.99999921 -0.00020787678 -0.0073205866 -0.029725856 0.00024461192 0.99955806 0.55796835
147 0.99961385 -0.0011129038 0.027765252 0.036572074 0.0011185943 0.99999936 -0.00018942003 -0.0068354216 -0.027765024 0.00022040494 0.99961445 0.56136395
148 0.99990428 -0.00085390005 0.013809666 0.018444755 0.00084995598 0.9999996 0.00029146916 -0.0093894122 -0.013809909 -0.00027970365 0.9999046 0.59220732
149 0.99990891 -0.00083016118 0.013471773 0.018052427 0.00082623765 0.99999961 0.00029680393 -0.0092088105 -0.013472014 -0.00028564601 0.99990921 0.59260804
150 0.99991852 -0.00054847877 0.012753883 0.018249509 0.00054406106 0.99999979 0.00034984825 -0.0066210627 -0.012754072 -0.00034288085 0.9999186 0.62356461
151 0.99992567 -0.00065323772 0.01217471 0.016479736 0.00064845624 0.99999971 0.00039668167 -0.0088824375 -0.012174966 -0.00038875742 0.99992581 0.63768174
152 0.99995579 -0.00069736424 0.0093767285 0.012050864 0.00069266727 0.99999963 0.00050415653 -0.010778769 -0.0093770766 -0.0004976393 0.99995591 0.64803207
153 0.9999528 -0.00060273926 0.0096970965 0.013361996 0.00059708316 0.99999965 0.00058616155 -0.010091179 -0.0096974464 -0.00058034391 0.99995281 0.67733993
154 0.99996243 -0.00044177787 0.0086574155 0.012914559 0.00043678652 0.99999974 0.0005784223 -0.0080158718 -0.0086576688 -0.00057461912 0.99996236 0.68064546
155 0.99995981 -0.00060273347 0.0089450721 0.011908821 0.00059708711 0.99999962 0.00063388303 -0.011088678 -0.0089454508 -0.00062851656 0.99995979 0.69750081
156 0.99993672 -0.00064145745 0.011231293 0.015671875 0.00063401465 0.99999958 0.00066623222 -0.011369843 -0.011231716 -0.00065906926 0.99993671 0.71854326
157 0.9999424 -0.00056827201 0.010718313 0.015522439 0.00056122227 0.99999962 0.0006607252 -0.010297528 -0.010718684 -0.00065467178 0.99994234 0.71737722
158 0.999966 -0.00042846407 0.0082345142 0.012618025 0.00042276159 0.99999967 0.0006942375 -0.0091785079 -0.0082348089 -0.00069073266 0.99996585 0.72760454
159 0.99996874 -0.00043888468 0.0078941249 0.012360072 0.00043276535 0.9999996 0.00077686732 -0.010105814 -0.0078944627 -0.00077342673 0.99996854 0.75479179
160 0.99998521 -0.000374339 0.005425538 0.0089245291 0.00036978884 0.99999958 0.00083963407 -0.010126526 -0.0054258501 -0.00083761535 0.99998493 0.76409791
161 0.99999371 -0.00035604162 0.0035280422 0.0058216453 0.00035290848 0.99999954 0.00088864959 -0.01075882 -0.003528357 -0.00088739893 0.99999338 0.77118389
162 0.99999469 -0.00035351218 0.0032410691 0.0052917482 0.00035062885 0.99999954 0.00089014796 -0.010862247 -0.0032413822 -0.00088900682 0.99999435 0.77125535
163 0.99999624 -0.00035463024 0.0027175114 0.0044370728 0.00035216442 0.99999953 0.0009078071 -0.011114981 -0.0027178321 -0.00090684668 0.9999959 0.77301033
164 0.99999333 -0.00037365113 0.0036329859 0.0057335671 0.00037043537 0.99999954 0.0008857889 -0.011112479 -0.0036333152 -0.00088443721 0.99999301 0.77210945
165 0.99999263 -0.00037517157 0.0038203877 0.0060317651 0.00037180692 0.99999954 0.00088138189 -0.011077353 -0.0038207166 -0.00087995495 0.99999231 0.77229991
166 0.99999214 -0.00037873922 0.0039457982 0.006207594 0.00037527197 0.99999954 0.00087942114 -0.011095904 -0.0039461294 -0.00087793348 0.99999183 0.77240393
167 0.99999196 -0.00038941202 0.0039910329 0.0060289526 0.00038592709 0.99999954 0.00087392493 -0.01135624 -0.0039913714 -0.00087237766 0.99999165 0.77301527
168 0.9999978 -0.0003856467 0.0020625858 0.003019356 0.00038374742 0.9999995 0.00092114293 -0.011761653 -0.00206294 -0.00092034939 0.99999745 0.7679195
169 0.99999591 -0.00039302749 0.0028333751 0.00430839 0.00039048057 0.99999952 0.00089939521 -0.011414505 -0.0028337272 -0.00089828516 0.99999558 0.76138696
170 0.99999689 -0.00034290475 0.0024684385 0.0040793577 0.00034071991 0.99999955 0.00088547707 -0.010661041 -0.002468741 -0.00088463328 0.99999656 0.75982955
171 0.99999698 -0.00032576062 0.0024362095 0.0040362819 0.00032364394 0.99999957 0.00086918657 -0.010436346 -0.0024364916 -0.00086839548 0.99999665 0.75990577
172 0.99999764 -0.00034070817 0.0021447306 0.0037345225 0.00033877105 0.99999953 0.00090349758 -0.010712602 -0.0021450375 -0.00090276887 0.99999729 0.76248999
173 0.99999624 -0.0002108663 -0.0027332184 -0.0034795553 0.0002135642 0.99999949 0.00098682369 -0.010484645 0.0027330089 -0.0009874037 0.99999578 0.7686212
174 0.99999537 -0.00024803238 -0.0030331401 -0.0043557212 0.0002510593 0.99999947 0.00099761062 -0.011187489 0.0030328911 -0.0009983675 0.9999949 0.76536084
175 0.99999693 -0.00026639457 -0.00246514 -0.0037435615 0.00026878727 0.99999949 0.0009703343 -0.011337153 0.0024648802 -0.00097099391 0.99999649 0.76299683
176 0.99999921 -0.00030478553 -0.0012209307 -0.0017365459 0.000305958 0.99999949 0.0009602394 -0.011335899 0.0012206374 -0.0009606122 0.99999879 0.76003494
177 0.99999928 -0.00033493913 0.0011514968 0.0020790066 0.0003338904 0.99999953 0.00091082457 -0.010732446 -0.0011518014 -0.00091043944 0.99999892 0.75255782
178 0.99999988 -0.00028124339 -0.00041023135 -0.00020201224 0.00028162748 0.99999952 0.00093652901 -0.010606184 0.00040996776 -0.00093664443 0.99999948 0.75863092
179 0.9999936 -0.00025607795 -0.0035681211 -0.0053110491 0.00025962142 0.99999947 0.00099266273 -0.01127377 0.0035678651 -0.00099358274 0.99999314 0.75666611
180 0.99999995 -0.00029461324 -8.5081858e-05 1.8507198e-05 0.00029469124 0.99999954 0.00091813273 -0.010852192 8.4811325e-05 -0.00091815776 0.99999957 0.7595994
181 0.99999993 -0.00026909873 -0.00024710111 6.6327045e-05 0.00026932992 0.99999953 0.00093607999 -0.01059752 0.00024684909 -0.00093614648 0.99999953 0.76670957
182 0.9999946 -0.00020122374 -0.0032805445 -0.0044556149 0.00020445909 0.99999949 0.00098591831 -0.010525174 0.0032803444 -0.00098658372 0.99999413 0.76691839
183 0.99999331 -0.00023008775 -0.0036493206 -0.0051378903 0.00023379611 0.99999946 0.0010157818 -0.011133019 0.0036490849 -0.0010166282 0.99999283 0.7684997
184 0.99999015 -0.00015385754 -0.0044352781 -0.0062571171 0.00015831442 0.99999948 0.0010045372 -0.010553294 0.0044351212 -0.0010052295 0.99998966 0.77861414
185 0.99998597 -0.00017373749 -0.0052934513 -0.0078051409 0.00017923029 0.99999945 0.0010372027 -0.011269714 0.0052932682 -0.0010381369 0.99998545 0.78190527
186 0.99998429 -0.00018019939 -0.0056018091 -0.0083219428 0.00018608284 0.99999943 0.0010497726 -0.011518534 0.0056016168 -0.0010507985 0.99998376 0.78224688
187 0.99998871 -0.00014088954 -0.0047487666 -0.0069689758 0.00014575065 0.99999947 0.0010233271 -0.011237972 0.0047486199 -0.0010240077 0.9999882 0.80095934
188 0.99998429 -0.00018100988 -0.0056025857 -0.0086589685 0.00018694881 0.99999942 0.0010595293 -0.01208606 0.0056023907 -0.0010605601 0.99998374 0.79946228
189 0.99999126 -0.00024024378 -0.0041749921 -0.0066495131 0.00024467319 0.99999941 0.0010604607 -0.012595976 0.0041747349 -0.001061473 0.99999072 0.79878633
190 0.99999854 -0.00022405561 -0.0016916151 -0.0031725541 0.00022569352 0.99999951 0.00096812172 -0.012252388 0.0016913974 -0.0009685021 0.9999981 0.81547139
191 0.99999392 7.3582228e-06 -0.0034885367 -0.0052642909 -4.3603273e-06 0.99999963 0.00085936299 -0.0093193001 0.0034885417 -0.00085934255 0.99999355 0.82009364
192 0.99999972 -0.00021893435 -0.0007215466 -0.002674158 0.00021958029 0.99999958 0.0008952561 -0.012752449 0.00072135029 -0.00089541428 0.99999934 0.83279728
193 0.99999936 -0.0001486079 -0.0011228881 -0.0037671508 0.00014958605 0.99999961 0.00087106675 -0.01262114 0.0011227582 -0.00087123416 0.99999899 0.84695992
194 0.99999954 -5.1503998e-05 -0.0009540646 -0.0038440796 5.2226109e-05 0.99999971 0.0007568689 -0.011486338 0.00095402535 -0.00075691838 0.99999926 0.849622
195 0.99999891 -2.1722192e-05 -0.0014776667 -0.004741463 2.2841676e-05 0.99999971 0.00075758981 -0.011289563 0.0014776498 -0.00075762274 0.99999862 0.85582736
196 0.99999999 -0.00014566218 -7.8232038e-05 -0.003893792 0.0001457162 0.99999975 0.00069083513 -0.013407549 7.813139e-05 -0.00069084652 0.99999976 0.86388681
197 0.99999994 -0.00022440679 0.00025315955 -0.0020460525 0.0002242203 0.9999997 0.00073641014 -0.013114661 -0.00025332473 -0.00073635333 0.9999997 0.86365479
198 0.99999906 -0.00021434228 0.0013531313 -0.0010568856 0.00021348114 0.99999977 0.00063651914 -0.013190119 -0.0013532674 -0.00063622967 0.99999888 0.86370578
199 0.99999999 -0.00015862775 4.8377509e-05 -0.0025302709 0.00015859562 0.99999977 0.00066341661 -0.012292574 -4.8482734e-05 -0.00066340893 0.99999978 0.86734489
200 0.99999642 -0.00026963443 0.002661953 0.0012536515 0.00026815477 0.99999981 0.00055619757 -0.013193211 -0.0026621025 -0.00055548177 0.9999963 0.87319716
201 0.99999953 -0.00015868508 0.0009563975 -0.00096925507 0.0001580963 0.9999998 0.00061566998 -0.01203233 -0.00095649501 -0.00061551849 0.99999935 0.87260363
202 0.99999974 -0.0001681243 0.00070383066 -0.0024529243 0.00016774535 0.99999984 0.00053843268 -0.013326544 -0.00070392107 -0.00053831448 0.99999961 0.88606048
203 0.99999545 -0.00044320408 0.0029849593 0.0017237614 0.00044114798 0.99999967 0.00068944373 -0.015137565 -0.0029852639 -0.00068812378 0.99999531 0.87263984
204 0.99999959 -0.00029973879 0.00085391737 -0.0017823043 0.00029904988 0.99999963 0.00080677802 -0.014627021 -0.00085415888 -0.00080652232 0.99999931 0.8706142
205 0.99999984 -0.00019720334 0.00052482783 -0.0015567448 0.00019679496 0.99999968 0.00077805876 -0.012901967 -0.0005249811 -0.00077795536 0.99999956 0.86664701
206 0.99999998 -0.00021642671 -5.5761463e-05 -0.0029984697 0.00021647495 0.9999996 0.00086643473 -0.013711045 5.5573921e-05 -0.00086644678 0.99999962 0.85549994
207 0.99999947 -0.00017239566 -0.0010178434 -0.0046707094 0.00017329143 0.9999996 0.00088004334 -0.013865109 0.0010176912 -0.00088021925 0.99999909 0.86119119
208 0.99999923 -0.00014170924 -0.0012337872 -0.0048927319 0.00014276539 0.99999962 0.00085597595 -0.013271675 0.0012336655 -0.00085615143 0.99999887 0.85951386
209 0.99999996 -0.00028261017 -5.4554343e-05 -0.0032789665 0.00028266033 0.99999954 0.00092168747 -0.014739243 5.429384e-05 -0.00092170285 0.99999957 0.85599569
210 0.99999989 -0.00022915952 0.00041675675 -0.002659722 0.00022880852 0.99999962 0.00084206358 -0.014202577 -0.00041694956 -0.00084196813 0.99999956 0.85593324
211 0.99999998 -0.00020383765 -8.7043812e-05 -0.0025814946 0.00020391361 0.9999996 0.0008735274 -0.013211235 8.6865719e-05 -0.00087354513 0.99999961 0.85144725
212 0.99999946 -9.1225076e-05 -0.0010367318 -0.0041488195 9.2044257e-05 0.99999968 0.00079013718 -0.011813541 0.0010366594 -0.00079023218 0.99999915 0.85626054
213 0.9999991 -0.00035372066 -0.0012926537 -0.0045108757 0.00035500982 0.99999944 0.00099720456 -0.015348386 0.0012923002 -0.00099766257 0.99999867 0.83755156
214 0.99999942 -0.00030559107 -0.0010369491 -0.0034901871 0.00030660178 0.99999948 0.00097467651 -0.01431725 0.0010366507 -0.00097499388 0.99999899 0.83036561
215 0.99999793 -0.00018225719 -0.0020275575 -0.0043532438 0.00018410535 0.99999957 0.00091137211 -0.012334954 0.0020273905 -0.0009117435 0.99999753 0.82290145
216 0.99999725 -0.00010260786 -0.0023445072 -0.0043880378 0.00010469573 0.9999996 0.00089043242 -0.011020997 0.0023444149 -0.00089067542 0.99999686 0.8264317
217 0.99999867 -0.00036558347 -0.0015899017 -0.0041552289 0.00036719863 0.99999942 0.0010157111 -0.014820978 0.0015895295 -0.0010162936 0.99999822 0.8236311
218 0.99999643 -0.00024783567 -0.0026589903 -0.00520175 0.00025048834 0.99999947 0.00099733587 -0.013280728 0.0026587417 -0.00099799836 0.99999597 0.82081662
219 0.99999343 -0.00031623329 -0.0036116555 -0.0065053167 0.00032011763 0.99999937 0.0010749743 -0.014107562 0.0036113133 -0.0010761234 0.9999929 0.81109527
220 0.99999778 -0.0002362323 -0.0020945858 -0.0037302068 0.00023823257 0.99999952 0.00095477518 -0.012099352 0.0020943592 -0.00095527205 0.99999735 0.80537464
221 0.99999804 -0.00037269967 -0.0019431556 -0.0039823978 0.00037472916 0.99999938 0.0010441713 -0.014233416 0.0019427653 -0.0010448975 0.99999757 0.80832141
222 0.9999924 -0.00018146905 -0.0038953613 -0.005921955 0.00018543847 0.99999946 0.0010186749 -0.011800756 0.0038951744 -0.0010193895 0.99999189 0.80734417
223 0.99999535 -0.0002731851 -0.0030378003 -0.0054384603 0.00027632344 0.99999943 0.0010327244 -0.013330061 0.0030375164 -0.001033559 0.99999485 0.81322485
224 0.99998424 -0.00020743583 -0.005610548 -0.0088990319 0.0002134586 0.9999994 0.0010728941 -0.012561927 0.005610322 -0.0010740748 0.99998369 0.79905566
225 0.99999069 -0.00017384748 -0.0043124681 -0.0068512419 0.0001782531 0.99999946 0.0010212378 -0.011939153 0.0043122883 -0.001021997 0.99999018 0.80643153
226 0.99998688 -0.00016935504 -0.005119298 -0.0077267133 0.00017464048 0.99999945 0.0010320239 -0.011495845 0.0051191204 -0.0010329044 0.99998636 0.79037357
227 0.99998231 -0.00021679803 -0.0059433881 -0.0091293833 0.00022323557 0.99999939 0.001082502 -0.012397228 0.0059431498 -0.0010838096 0.99998175 0.78815876
228 0.99997252 -0.00018555657 -0.0074105115 -0.011151473 0.00019381199 0.99999936 0.0011133122 -0.012213069 0.0074103002 -0.0011147179 0.99997192 0.7849773
229 0.9999649 -4.5766118e-05 -0.0083779916 -0.012052514 5.4574906e-05 0.99999945 0.0010511945 -0.010151194 0.0083779388 -0.0010516148 0.99996435 0.7721923
230 0.99996362 -7.2939047e-05 -0.0085297958 -0.012231248 8.2087238e-05 0.99999942 0.0010721531 -0.010538521 0.0085297127 -0.0010728142 0.99996305 0.77106883
231 0.99996239 -7.5989938e-05 -0.0086720783 -0.012284374 8.5428854e-05 0.9999994 0.0010880607 -0.01051537 0.0086719904 -0.0010887606 0.9999618 0.77071477
232 0.99995685 -5.849705e-05 -0.0092893585 -0.013077222 6.8729189e-05 0.99999939 0.0011011749 -0.010331969 0.0092892885 -0.0011017659 0.99995625 0.77060123
233 0.9999501 -4.9034751e-05 -0.0099897283 -0.014159492 6.0119184e-05 0.99999938 0.0011092857 -0.010410846 0.0099896678 -0.001109831 0.99994949 0.7687213
234 0.99996481 -0.00024587707 -0.0083857337 -0.013148187 0.00025508355 0.99999937 0.0010968227 -0.012857229 0.0083854587 -0.0010989231 0.99996424 0.7584961
235 0.99994857 -0.00010317704 -0.010141671 -0.014326513 0.00011470032 0.99999935 0.0011356559 -0.010758257 0.010141547 -0.0011367608 0.99994793 0.7571742
236 0.99995207 -0.00010445462 -0.0097902692 -0.013765102 0.00011544398 0.99999936 0.0011219198 -0.010595088 0.0097901457 -0.0011229962 0.99995144 0.75509135
237 0.99994845 -8.6706557e-05 -0.010152997 -0.014134915 9.8159422e-05 0.99999936 0.0011275351 -0.010342047 0.010152893 -0.0011284736 0.99994782 0.75469557
238 0.99995284 -0.00010708766 -0.0097107719 -0.013770415 0.00011803987 0.99999936 0.0011272751 -0.010833686 0.0097106449 -0.0011283682 0.99995221 0.76140848
239 0.99994611 -4.8028468e-05 -0.010381358 -0.014265277 5.9810917e-05 0.99999935 0.0011346547 -0.0099561376 0.010381297 -0.0011352144 0.99994547 0.76067643
240 0.99994396 -2.9609969e-05 -0.010586713 -0.014576176 4.160169e-05 0.99999936 0.0011324959 -0.0098561479 0.010586672 -0.0011328729 0.99994332 0.76345186
241 0.99995581 -0.00032236957 -0.0093959102 -0.01531884 0.0003327743 0.99999933 0.0011058258 -0.014186209 0.0093955475 -0.0011089036 0.99995525 0.74830304
242 0.99995692 -0.00027895457 -0.00927824 -0.014330008 0.00028919197 0.99999935 0.0011020531 -0.013048592 0.0092779265 -0.0011046888 0.99995635 0.73882673
243 0.99993358 -8.5367057e-05 -0.011525075 -0.015992242 9.849495e-05 0.99999935 0.0011385094 -0.010362476 0.011524971 -0.0011395689 0.99993294 0.73718268
244 0.99994673 -5.7496944e-05 -0.010321062 -0.014095162 6.8816877e-05 0.9999994 0.0010964281 -0.0095653524 0.010320992 -0.00109708 0.99994614 0.73967901
245 0.9999659 -0.00012028624 -0.0082568331 -0.011587008 0.00012924281 0.9999994 0.0010842222 -0.01049191 0.0082566978 -0.0010852524 0.99996532 0.75844953
246 0.99996037 -0.00012731893 -0.0089019353 -0.012689216 0.00013721094 0.99999937 0.0011106178 -0.010948148 0.0089017883 -0.0011117953 0.99995976 0.76164326
247 0.99996922 -0.00017158449 -0.0078442227 -0.011326386 0.00018013109 0.99999939 0.0010888472 -0.011187237 0.0078440311 -0.0010902266 0.99996864 0.75714584
248 0.99997916 -0.00023000598 -0.0064525933 -0.0096306338 0.00023681948 0.99999942 0.0010551879 -0.011619833 0.0064523468 -0.0010566941 0.99997863 0.75177425
249 0.99998094 -0.00022350306 -0.0061703672 -0.0090336501 0.00022996504 0.99999943 0.0010465696 -0.01132442 0.0061701297 -0.0010479686 0.99998042 0.74896813
250 0.99997574 -0.00014935855 -0.0069638376 -0.0096308787 0.00015670099 0.99999943 0.0010538337 -0.010360523 0.0069636763 -0.0010548994 0.9999752 0.75120261
251 0.99997356 -0.00014573967 -0.0072709355 -0.01012333 0.00015347536 0.99999942 0.0010633731 -0.010448712 0.0072707763 -0.0010644609 0.999973 0.75372237
252 0.99997116 -0.00016315286 -0.0075935405 -0.010871666 0.00017133591 0.99999941 0.0010769948 -0.0109509 0.0075933603 -0.0010782648 0.99997059 0.75647734
253 0.99996622 -0.00014488881 -0.0082186083 -0.011638299 0.00015389779 0.99999939 0.0010955464 -0.01081499 0.0082184445 -0.0010967742 0.99996563 0.75661719
254 0.99995621 -7.3847664e-05 -0.009358198 -0.012785253 8.4272533e-05 0.99999938 0.0011135931 -0.0099624423 0.0093581099 -0.001114333 0.99995559 0.75787918
255 0.99994941 -4.07159e-05 -0.010058685 -0.013751419 5.1993808e-05 0.99999937 0.001120952 -0.0097883113 0.010058633 -0.0011214183 0.99994878 0.76161954
256 0.99994585 -4.3568481e-05 -0.010406933 -0.014479477 5.5299669e-05 0.99999936 0.0011269623 -0.010143304 0.010406877 -0.0011274768 0.99994521 0.76483837
257 0.99995047 -9.457215e-05 -0.0099524206 -0.014204043 0.00010578284 0.99999936 0.001125908 -0.010882948 0.0099523078 -0.001126905 0.99994984 0.76433438
