3 0.99954349 0.0019834633 -0.030147575 -0.036187842 -0.0019824523 0.99999799 6.3428941e-05 0.00061059764 0.030147643 -3.6332151e-06 0.99954548 0.43003394
4 0.99919028 0.0022286599 -0.040172418 -0.053038907 -0.0022137017 0.99999742 0.00041683086 0.0059576248 0.040173247 -0.00032756297 0.9991927 0.56775532
5 0.99873449 0.0024779877 -0.050232201 -0.071248797 -0.0024420773 0.99999667 0.0007762509 0.011415508 0.050233962 -0.00065259703 0.99873729 0.70527796
6 0.99818589 0.0028154274 -0.060141525 -0.091477453 -0.0027491648 0.99999547 0.0011844938 0.017566399 0.060144592 -0.0010170055 0.99818918 0.84474393
7 0.99754906 0.0032196683 -0.069896409 -0.11370488 -0.0031130827 0.99999377 0.0016337838 0.024052928 0.06990124 -0.0014121856 0.99755294 0.98708231
8 0.99681696 0.0035963308 -0.079643065 -0.13722056 -0.0034416023 0.99999187 0.002079957 0.030176872 0.079649904 -0.0017992361 0.9968213 1.1300475
9 0.99599104 0.0039729584 -0.08936485 -0.16256164 -0.0037601977 0.99998964 0.0025490359 0.035868339 0.089374058 -0.0022027869 0.99599572 1.2773805
10 0.9950453 0.004352693 -0.099327271 -0.19072811 -0.0040729408 0.9999871 0.003019074 0.040719044 0.099339139 -0.0025995608 0.99505026 1.4344107
11 0.99399344 0.0046690972 -0.10934002 -0.22030113 -0.0043174908 0.99998468 0.0034522418 0.044915115 0.10935447 -0.0029594308 0.99399843 1.5922502
12 0.99280521 0.0049353227 -0.11963886 -0.25198957 -0.0045091473 0.99998244 0.0038326285 0.048472441 0.11965569 -0.0032655839 0.9928101 1.7538365
13 0.99149321 0.0051590522 -0.13005616 -0.28559644 -0.0046566257 0.99998043 0.0041669588 0.051597094 0.13007512 -0.0035258881 0.9914979 1.9168276
14 0.99006784 0.0052253421 -0.14049329 -0.31830936 -0.0046458203 0.99997925 0.0044525722 0.054097648 0.14051365 -0.0037556416 0.99007164 2.0692133
15 0.98853259 0.005291372 -0.15091495 -0.3528151 -0.0046289244 0.99997801 0.0047405054 0.056567774 0.15093673 -0.0039875698 0.98853541 2.2223339
16 0.98678139 0.005554911 -0.16196181 -0.39563363 -0.0048158305 0.99997608 0.0049555283 0.059419691 0.16198547 -0.0041100421 0.98678461 2.400103
17 0.98483535 0.0058136856 -0.17339415 -0.44285272 -0.0050111432 0.99997457 0.0050658391 0.06195826 0.1734192 -0.0041201142 0.9848395 2.5849107
18 0.98268124 0.0059277458 -0.1852092 -0.49125372 -0.0050657401 0.99997398 0.0051270885 0.06370909 0.18523479 -0.0041000716 0.98268576 2.76615
19 0.98028029 0.0060213101 -0.19752038 -0.54392246 -0.0051105722 0.99997379 0.005120278 0.065207292 0.19754605 -0.0040098651 0.98028543 2.9529015
20 0.9776226 0.0060607864 -0.21027916 -0.59966611 -0.0051021498 0.99997393 0.0051010837 0.06631249 0.21030461 -0.0039140586 0.9776281 3.1410251
21 0.97472173 0.0060212903 -0.22334123 -0.65687118 -0.0050038157 0.99997432 0.005121347 0.066931416 0.22336635 -0.0038743295 0.97472689 3.3257427
22 0.97152937 0.0060530377 -0.23684181 -0.72149629 -0.0049954623 0.99997465 0.0050651783 0.067810376 0.23686648 -0.0037378348 0.97153505 3.5227727
23 0.96796908 0.0061103073 -0.25099509 -0.79388591 -0.0050354292 0.99997515 0.0049244621 0.068666184 0.25101896 -0.0035028586 0.96797585 3.7314462
24 0.96376521 0.0063592134 -0.2666762 -0.88749294 -0.0053466527 0.99997543 0.0045228613 0.070395963 0.26669842 -0.0029331509 0.96377559 3.9824313
25 0.95878087 0.0065050136 -0.28407206 -0.99361179 -0.0055533304 0.9999759 0.0041553894 0.070837288 0.28409226 -0.0024065614 0.95879395 4.2522609
26 0.95337703 0.0064080652 -0.30171373 -1.0970578 -0.0053972101 0.99997664 0.0041838981 0.068433176 0.30173352 -0.0023604194 0.95338941 4.5073697
27 0.94765493 0.0062037762 -0.31923603 -1.1992308 -0.0050432673 0.99997728 0.0044617718 0.064956245 0.31925648 -0.0026182269 0.94766476 4.7494076
28 0.9415939 0.0061180132 -0.33669498 -1.3131268 -0.0048665243 0.99997771 0.0045607671 0.062662406 0.3367154 -0.0026558557 0.94160274 5.0043477
29 0.93511324 0.0061084183 -0.35429637 -1.4388067 -0.0047858413 0.99997788 0.0046090785 0.060794342 0.35431671 -0.0026144036 0.93512185 5.2722605
30 0.92814545 0.006279155 -0.37216475 -1.587937 -0.0049327675 0.99997735 0.0045697158 0.060084782 0.37218504 -0.0024055583 0.92815546 5.5762935
31 0.92063761 0.006443527 -0.39036506 -1.7455445 -0.0050174395 0.99997645 0.0046728874 0.05848704 0.390386 -0.0023434023 0.92064832 5.8856911
32 0.91281492 0.0064850069 -0.40832203 -1.8954148 -0.0047513957 0.99997483 0.0052598167 0.054736682 0.40834589 -0.0028611391 0.91282282 6.1730756
33 0.90468391 0.0065306102 -0.42603331 -2.0494572 -0.0044322404 0.99997263 0.005916568 0.051150391 0.42606032 -0.0034643414 0.90468815 6.4555303
34 0.89606183 0.0066643239 -0.44387924 -2.220698 -0.0043396319 0.99997099 0.0062529442 0.048948055 0.44390807 -0.0036767517 0.89606482 6.7515941
35 0.88701291 0.0069101758 -0.46169292 -2.4140436 -0.0043891081 0.99996898 0.0065341396 0.047545745 0.46172378 -0.0037694456 0.88701578 7.0738628
36 0.87766026 0.0071924276 -0.47922932 -2.617363 -0.0043811368 0.99996597 0.0069841998 0.045838109 0.47926328 -0.004030185 0.87766196 7.4022799
37 0.86803512 0.0075164533 -0.49644591 -2.8324051 -0.0043566369 0.99996217 0.0075223809 0.044144236 0.4964837 -0.0043668559 0.86803508 7.7385034
38 0.85830468 0.0079081645 -0.51307947 -3.0643958 -0.0044418632 0.99995823 0.0079819261 0.043145605 0.5131212 -0.0045718954 0.85830401 8.0885199
39 0.84859944 0.0083730065 -0.52896965 -3.3199494 -0.0047098908 0.99995465 0.0082723388 0.04318794 0.52901496 -0.0045285124 0.84860044 8.4626804
40 0.83921579 0.0088384314 -0.54372673 -3.5947929 -0.0049925168 0.99995095 0.0085487779 0.043279457 0.54377565 -0.0044597042 0.8392188 8.8568064
41 0.82995657 0.0092740157 -0.55775092 -3.8776806 -0.0051283542 0.99994634 0.0089954257 0.04264735 0.55780446 -0.004605468 0.82995965 9.2524474
42 0.8206634 0.0097129315 -0.57132937 -4.1672954 -0.0051911589 0.99994095 0.0095429435 0.041866915 0.57138836 -0.0048656826 0.82066541 9.6457693
43 0.81139813 0.010137528 -0.58440595 -4.4666307 -0.0052380198 0.9999355 0.010073057 0.041230851 0.58447041 -0.0051121296 0.81139894 10.039686
44 0.80231096 0.010526395 -0.59681347 -4.7810702 -0.0053303643 0.99993093 0.010470707 0.041079109 0.59688251 -0.0052195292 0.8023117 10.441323
45 0.79371655 0.010854439 -0.60819095 -5.1143726 -0.0054205749 0.99992725 0.010771698 0.041117092 0.60826366 -0.0052529297 0.79371769 10.85721
46 0.78532076 0.011170296 -0.61898831 -5.4515599 -0.0054499069 0.99992316 0.01113028 0.040786156 0.61906512 -0.0053674107 0.78532135 11.266949
47 0.77684308 0.01149379 -0.62958933 -5.791284 -0.0054394626 0.99991854 0.011542834 0.040361677 0.62967075 -0.0055423427 0.77684237 11.668602
48 0.7683002 0.011807792 -0.63998077 -6.1382024 -0.0054243743 0.999914 0.011936653 0.040155351 0.64006672 -0.0056994374 0.76829822 12.067854
49 0.76054029 0.012005646 -0.64917974 -6.5126278 -0.0054364151 0.99991169 0.01212295 0.04040138 0.649268 -0.005690781 0.76053844 12.490327
50 0.75362374 0.012118067 -0.65719435 -6.9016035 -0.0054136297 0.99991052 0.012229477 0.040378201 0.65728378 -0.0056586168 0.75362196 12.921572
51 0.74758469 0.012134617 -0.66405563 -7.3035371 -0.0052838475 0.99991006 0.012323368 0.0396744 0.66414549 -0.0057039922 0.74758162 13.360804
52 0.74206003 0.012088812 -0.67022443 -7.7162238 -0.0050912899 0.99991013 0.012398359 0.038639932 0.67031412 -0.0057880197 0.74205493 13.80544
53 0.73746844 0.011942626 -0.67527601 -8.1528424 -0.0048847234 0.99991177 0.012349384 0.037582892 0.67536395 -0.0058087444 0.73746175 14.271449
54 0.73379526 0.011763343 -0.67926884 -8.6121146 -0.0046534887 0.99991361 0.012289123 0.036036399 0.67935476 -0.0058567303 0.73378665 14.758704
55 0.73043456 0.01158795 -0.68288438 -9.0832944 -0.0044072611 0.99991516 0.01225354 0.034110378 0.68296848 -0.0059407588 0.73042371 15.254536
56 0.72759428 0.011425361 -0.68591255 -9.5756471 -0.0041904829 0.99991662 0.012210648 0.031935438 0.68599492 -0.0060100929 0.72758154 15.769248
57 0.72505495 0.011281076 -0.68859862 -10.081988 -0.0040015099 0.99991792 0.012167953 0.029565199 0.68867941 -0.0060669999 0.72504062 16.295168
58 0.72263453 0.011135981 -0.69114061 -10.593222 -0.0037751602 0.99991884 0.012163973 0.02674135 0.69122002 -0.0061809402 0.72261797 16.822725
59 0.72020631 0.010976091 -0.69367312 -11.10277 -0.003472023 0.9999193 0.012217041 0.023434293 0.69375128 -0.0063903408 0.72018635 17.344919
60 0.71773973 0.01080991 -0.69622757 -11.611793 -0.0031421153 0.99991954 0.012285953 0.020046624 0.69630441 -0.0066304889 0.71771599 17.862854
61 0.71559012 0.010661841 -0.69843906 -12.136856 -0.002892615 0.99992012 0.012300375 0.016951087 0.69851445 -0.0067817116 0.71556384 18.393803
62 0.7136283 0.010538326 -0.70044529 -12.673651 -0.0027109003 0.99992085 0.012282069 0.014043457 0.70051933 -0.0068659944 0.71360043 18.933796
63 0.71173236 0.010414705 -0.70237354 -13.213716 -0.002502745 0.99992129 0.012290612 0.010826205 0.7024463 -0.0069897643 0.71170245 19.474294
64 0.71009514 0.010289591 -0.70403056 -13.763426 -0.0022802229 0.99992153 0.012314251 0.007314447 0.70410207 -0.0071389429 0.71006293 20.021776
65 0.70856645 0.010176687 -0.70557071 -14.319616 -0.0020823833 0.99992176 0.012330988 0.0038505 0.70564104 -0.0072680558 0.70853225 20.573444
66 0.7069017 0.010056907 -0.7072403 -14.871103 -0.0018439114 0.99992167 0.012375787 0.00019725592 0.70730941 -0.007444376 0.70686492 21.117967
67 0.70540788 0.0099296095 -0.70873206 -15.428747 -0.0015882323 0.99992146 0.012428503 -0.0036300341 0.70879985 -0.0076415324 0.70536829 21.666002
68 0.70433357 0.0098447124 -0.7098009 -16.004939 -0.0013993822 0.9999211 0.012479984 -0.007218983 0.7098678 -0.0077967889 0.70429181 22.230707
69 0.70368623 0.0098030419 -0.71044324 -16.597397 -0.0012312439 0.99992009 0.012577851 -0.010874896 0.71050982 -0.0079761316 0.70364212 22.810957
70 0.70342663 0.0097843591 -0.71070053 -17.202675 -0.0010174868 0.99991804 0.012759003 -0.014876598 0.71076717 -0.0082518937 0.70337898 23.403938
71 0.70322079 0.0097788656 -0.71090428 -17.8111 -0.00078148895 0.99991539 0.012981324 -0.018813705 0.71097112 -0.0085731732 0.70316898 23.999817
72 0.70310173 0.0097855747 -0.71102195 -18.423609 -0.00052832733 0.99991218 0.013239039 -0.022575006 0.7110891 -0.0089327391 0.70304519 24.59948
73 0.70281184 0.0097822944 -0.71130853 -19.029307 -0.00027798516 0.9999091 0.013476619 -0.0261666 0.71137575 -0.0092737942 0.70275072 25.191554
74 0.70249478 0.0097719879 -0.7116218 -19.633556 -2.399082e-05 0.99990601 0.013707023 -0.029603042 0.71168891 -0.0096120394 0.70242904 25.781376
75 0.70234837 0.0097705984 -0.71176633 -20.245131 0.0002304829 0.99990258 0.013953352 -0.03277292 0.71183337 -0.0099641637 0.70227773 26.378616
76 0.70210821 0.0097674092 -0.71200327 -20.853339 0.00047244828 0.99989926 0.014182709 -0.035720121 0.71207012 -0.010294181 0.70203292 26.972263
77 0.70167668 0.0097509882 -0.71242877 -21.453422 0.00072245798 0.99989605 0.014397098 -0.038595462 0.71249515 -0.010616808 0.70159674 27.556485
78 0.70140746 0.0097387549 -0.712694 -22.060232 0.00098003355 0.99989248 0.014627751 -0.041258514 0.71275988 -0.010958478 0.70132254 28.146959
79 0.70090334 0.009708665 -0.71319019 -22.658332 0.0012163133 0.99988959 0.014806866 -0.043717001 0.71325525 -0.011245644 0.70081419 28.728023
80 0.70037985 0.0096733824 -0.71370477 -23.255336 0.0014622851 0.99988657 0.014987206 -0.046095629 0.71376884 -0.011540377 0.70028631 29.306776
81 0.69984007 0.0096326151 -0.71423462 -23.852327 0.0017069635 0.99988361 0.015157618 -0.048304687 0.71429755 -0.011827081 0.69974222 29.884638
82 0.69940169 0.0095987938 -0.71466436 -24.453845 0.0019429486 0.99988054 0.015331041 -0.050315273 0.71472619 -0.012111112 0.69929953 30.46653
83 0.69896566 0.0095698798 -0.7150912 -25.055868 0.0021804192 0.99987725 0.015512348 -0.052188738 0.71515193 -0.012401797 0.69885904 31.048259
84 0.69842329 0.00953372 -0.71562142 -25.65431 0.0024202691 0.99987404 0.015682722 -0.05394155 0.71568085 -0.012685175 0.69831229 31.625411
85 0.69772775 0.0094830203 -0.71630026 -26.247647 0.0026732131 0.9998709 0.015841082 -0.055604848 0.71635806 -0.012967586 0.69761237 32.196292
86 0.69687286 0.0094127755 -0.71713292 -26.835959 0.002934598 0.99986803 0.015975525 -0.057146081 0.7171887 -0.013237407 0.69675332 32.760916
87 0.6957871 0.0093166972 -0.71818766 -27.416638 0.0032101116 0.9998655 0.016080753 -0.058595118 0.71824093 -0.013494243 0.69566365 33.31654
88 0.6945535 0.0092053354 -0.71938216 -27.992606 0.0034914747 0.99986319 0.016165389 -0.05991621 0.7194326 -0.013739432 0.69442639 33.865713
89 0.69335119 0.0091017849 -0.72054236 -28.571511 0.0037465908 0.99986113 0.016235304 -0.060965257 0.72059012 -0.013956345 0.69322085 34.415835
90 0.6922279 0.0090134399 -0.72162268 -29.155387 0.0039729334 0.99985921 0.016299857 -0.061787487 0.72166805 -0.014150175 0.69209468 34.9691
91 0.69110048 0.0089262771 -0.72270358 -29.740098 0.0042030252 0.99985715 0.016368696 -0.062603725 0.72274649 -0.014349955 0.69096427 35.521493
92 0.69004025 0.0088386484 -0.72371703 -30.327582 0.0044442604 0.99985479 0.016448533 -0.063471518 0.72375737 -0.014566537 0.68990081 36.074799
93 0.68918022 0.0087672623 -0.72453693 -30.923208 0.0046722443 0.99985219 0.016542959 -0.064241861 0.72457492 -0.014786294 0.68903744 36.634503
94 0.68834862 0.008704518 -0.7253278 -31.520961 0.004894319 0.99984946 0.016643793 -0.06492316 0.72536353 -0.015006718 0.68820243 37.195103
95 0.68755324 0.0086374673 -0.7260826 -32.120061 0.0051355234 0.99984636 0.016757165 -0.065687659 0.72611583 -0.015250258 0.68740328 37.755648
96 0.68652203 0.0085519537 -0.72705871 -32.71093 0.0054000042 0.99984324 0.016859485 -0.066466508 0.72708897 -0.015500528 0.68636828 38.306809
97 0.68568881 0.008474991 -0.72784547 -33.309361 0.0056551076 0.99983997 0.016969644 -0.06712117 0.72787286 -0.01575194 0.68553119 38.863582
98 0.68448235 0.0083856454 -0.72898121 -33.896087 0.0059070094 0.99983718 0.017047797 -0.067565231 0.72900552 -0.015975015 0.68432141 39.407891
99 0.68336698 0.0082863971 -0.73002802 -34.485934 0.0061764215 0.99983414 0.017130555 -0.068082999 0.73004894 -0.016215417 0.6832025 39.953174
100 0.68253593 0.0082173442 -0.73080584 -35.087634 0.0064060218 0.99983107 0.017225227 -0.068302731 0.73082398 -0.016438395 0.68236804 40.508229
101 0.68153334 0.0081526058 -0.73174165 -35.685488 0.0066188392 0.99982832 0.017304148 -0.06832304 0.73175715 -0.016636635 0.68136242 41.058617
102 0.68028231 0.0080489678 -0.732906 -36.272639 0.0069049598 0.9998249 0.017389516 -0.068750119 0.73291769 -0.016890467 0.68010766 41.596973
103 0.67880392 0.0079262692 -0.7342768 -36.850553 0.0072277441 0.99982114 0.017474436 -0.069206161 0.73428402 -0.017168881 0.67862527 42.124548
104 0.67706739 0.0078004012 -0.73587968 -37.420604 0.0075453261 0.99981764 0.017540467 -0.069370493 0.73588236 -0.017428531 0.6768851 42.642546
105 0.67602418 0.0077152518 -0.73683905 -38.020155 0.0077559553 0.99981525 0.017584627 -0.068992453 0.73683864 -0.017602524 0.67583949 43.18567
106 0.6754639 0.0076949915 -0.73735291 -38.638651 0.0079129211 0.99981229 0.017682767 -0.068352759 0.73735062 -0.017778687 0.67527626 43.746141
107 0.67480024 0.007664905 -0.73796063 -39.254089 0.0081119237 0.99980857 0.017802258 -0.068005621 0.73795587 -0.017999249 0.67460893 44.302878
108 0.6736595 0.0075921447 -0.73900287 -39.8499 0.0084038254 0.99980384 0.017932234 -0.068146261 0.7389941 -0.018290671 0.67346359 44.839316
109 0.67224257 0.0074802802 -0.74029317 -40.43403 0.0087452537 0.99979891 0.018043808 -0.068361144 0.74027932 -0.018603868 0.67204201 45.362975
110 0.67043554 0.0073536285 -0.74193134 -41.005497 0.0090909269 0.99979437 0.018124314 -0.068253471 0.74191211 -0.018896029 0.67023086 45.873
111 0.66813272 0.007211771 -0.74400717 -41.55807 0.009501179 0.99978875 0.018223341 -0.068190578 0.74398147 -0.019244556 0.6679231 46.363174
112 0.66565672 0.0070575705 -0.74622472 -42.104873 0.0099309362 0.99978291 0.018314366 -0.067952873 0.74619202 -0.019601792 0.66544217 46.844794
113 0.66298065 0.0069076221 -0.74860467 -42.649459 0.010308752 0.99977834 0.018354941 -0.067160681 0.74856557 -0.019886151 0.66276253 47.320859
114 0.66001066 0.0067532972 -0.75122588 -43.185327 0.010711974 0.9997733 0.018398971 -0.066351411 0.75117988 -0.02019063 0.65978874 47.785447
115 0.65686511 0.0065959141 -0.75397927 -43.714439 0.011153378 0.99976729 0.0184629 -0.065660427 0.75392564 -0.020537051 0.65663872 48.240093
116 0.65399588 0.0064407185 -0.75647069 -44.260287 0.011497089 0.9997636 0.018451799 -0.064338286 0.75641076 -0.020764612 0.65376727 48.705567
117 0.65065618 0.0062926052 -0.75934639 -44.791204 0.011876499 0.99975899 0.018461411 -0.063156018 0.7592796 -0.021030409 0.65042467 49.154054
118 0.6469396 0.0061485033 -0.76251646 -45.29995 0.012397228 0.99975048 0.018579569 -0.062761864 0.76244049 -0.02147295 0.64670199 49.579015
119 0.64238962 0.0060369867 -0.76635444 -45.786389 0.012884811 0.99974251 0.018676085 -0.062024655 0.76626992 -0.021871656 0.64214647 49.978616
120 0.63725459 0.0059375601 -0.77063048 -46.269834 0.013318249 0.99973609 0.018715985 -0.060656192 0.77053828 -0.022190297 0.63700737 50.369555
121 0.63100691 0.0059333721 -0.77575452 -46.732297 0.01366982 0.99973041 0.018765632 -0.058997334 0.77565678 -0.022445668 0.63075573 50.735374
122 0.62317552 0.0061268628 -0.78205802 -47.164891 0.01395216 0.99972304 0.018949758 -0.057350973 0.78195757 -0.022720424 0.62291748 51.068513
123 0.61421824 0.0063996566 -0.78911026 -47.593384 0.014188949 0.99971585 0.019151885 -0.055204528 0.78900866 -0.022960083 0.61395294 51.389583
124 0.60437169 0.0067159896 -0.79667419 -48.023166 0.014358347 0.9997102 0.019320096 -0.05232365 0.79657312 -0.023115445 0.60410015 51.702604
125 0.59437376 0.0070142716 -0.80415834 -48.460967 0.014502484 0.99970581 0.019439087 -0.049081162 0.80405817 -0.023216377 0.59409722 52.013124
126 0.5837116 0.0073818046 -0.81192751 -48.892264 0.014662047 0.99969976 0.019629826 -0.045884784 0.81182869 -0.023362677 0.58342815 52.309993
127 0.572669 0.0077634558 -0.81974993 -49.326049 0.014812444 0.99969388 0.019815441 -0.042450571 0.81965288 -0.02349019 0.57237874 52.599732
128 0.5611704 0.0081787488 -0.82765989 -49.759164 0.014969644 0.99968729 0.020028411 -0.0389085 0.82756494 -0.023629127 0.56087252 52.880052
129 0.54924276 0.008624622 -0.83561834 -50.192075 0.015134468 0.99968003 0.020265663 -0.03524503 0.8355258 -0.023777408 0.54893653 53.151248
130 0.53690629 0.0090960437 -0.84359286 -50.625534 0.015309968 0.99967211 0.020523027 -0.031452898 0.84350298 -0.023934323 0.53659101 53.413754
131 0.52431829 0.0095628516 -0.85146866 -51.063598 0.015476102 0.99966471 0.020757133 -0.027389271 0.85138173 -0.024060761 0.52399453 53.670088
132 0.51168128 0.010006 -0.85911708 -51.508805 0.01562449 0.99965841 0.020948647 -0.023047698 0.85903328 -0.024142297 0.51135019 53.921869
133 0.49879224 0.010486304 -0.86665815 -51.952719 0.015796164 0.9996507 0.021186722 -0.018771998 0.86657765 -0.024257648 0.4984524 54.164174
134 0.4856097 0.010993826 -0.8741066 -52.396919 0.015992384 0.99964181 0.021457274 -0.014489777 0.87402946 -0.02439891 0.48525997 54.39785
135 0.47163962 0.011614018 -0.88171491 -52.830273 0.016262819 0.99962858 0.021866358 -0.010446993 0.88164144 -0.024652212 0.4712756 54.616819
136 0.45678782 0.012357547 -0.88948985 -53.252046 0.016641019 0.99960979 0.02243324 -0.0066993663 0.88942004 -0.025049249 0.45640396 54.820833
137 0.44127432 0.01310618 -0.89727655 -53.670139 0.017028856 0.99959095 0.022975321 -0.0026987704 0.89721069 -0.025418013 0.44087066 55.012873
138 0.4253781 0.013796665 -0.90491057 -54.092042 0.017360062 0.99957539 0.023400541 0.0019203127 0.90484924 -0.025663382 0.42495799 55.19671
139 0.40990901 0.014284501 -0.91201456 -54.534599 0.017511008 0.9995698 0.023526243 0.0077007877 0.91195834 -0.025613914 0.40948256 55.379823
140 0.39576772 0.014529814 -0.9182357 -55.021443 0.017437354 0.99957563 0.02333256 0.015203001 0.9181851 -0.025245876 0.39534643 55.574389
141 0.38306679 0.014748806 -0.9236029 -55.531512 0.017456957 0.99957832 0.02320236 0.022238246 0.9235557 -0.025011351 0.38264782 55.773459
142 0.37133317 0.014987518 -0.92837873 -56.044379 0.017592563 0.99957661 0.023173597 0.028170291 0.92833303 -0.024937687 0.3709123 55.966907
143 0.35988888 0.015233274 -0.93287081 -56.559526 0.017753948 0.9995738 0.02317173 0.033812552 0.93282626 -0.024901389 0.35946507 56.154267
144 0.34964867 0.015360122 -0.93675497 -57.100837 0.017918502 0.99957302 0.023078334 0.039657021 0.93670955 -0.024854556 0.34922417 56.345692
145 0.33998067 0.015478954 -0.94030503 -57.646552 0.01812737 0.99957086 0.023008775 0.045078487 0.94025772 -0.024867797 0.3395542 56.532909
146 0.33152964 0.015513147 -0.94331726 -58.213285 0.018374828 0.99956893 0.022896072 0.050361316 0.94326587 -0.02492402 0.33110169 56.722825
147 0.32403485 0.015473444 -0.9459186 -58.797548 0.018641383 0.99956763 0.022736852 0.055590565 0.94586149 -0.025000764 0.32360632 56.914399
148 0.31712285 0.015403912 -0.94825936 -59.391438 0.018944946 0.99956563 0.02257304 0.060564625 0.94819525 -0.025123151 0.3166933 57.104965
149 0.31047325 0.015355261 -0.95045809 -59.98816 0.019309136 0.9995613 0.022456009 0.065060646 0.95038601 -0.025324516 0.31004057 57.292219
150 0.30420983 0.0153009 -0.95248216 -60.594426 0.019684379 0.99955649 0.022344036 0.069430352 0.95240167 -0.025546296 0.30377374 57.478606
151 0.29840752 0.015234988 -0.95431696 -61.212551 0.020063658 0.99955147 0.022230875 0.073713462 0.95422767 -0.02578095 0.29796802 57.665092
152 0.2929892 0.015167743 -0.95599543 -61.84153 0.020449582 0.99954598 0.022126009 0.077865781 0.95589706 -0.02603239 0.29254602 57.851466
153 0.28730251 0.015134401 -0.95772032 -62.461353 0.020865582 0.99953896 0.02205462 0.081682015 0.95761262 -0.026319741 0.28685429 58.03089
154 0.28175923 0.015106267 -0.95936622 -63.085338 0.02130039 0.99953111 0.021994484 0.085348089 0.9592487 -0.026632025 0.28130536 58.207786
155 0.27725201 0.015009089 -0.96068 -63.749388 0.021618325 0.99952735 0.021855061 0.089675362 0.96055401 -0.026827653 0.27679651 58.393745
156 0.27301879 0.014901019 -0.96189329 -64.429448 0.021860714 0.99952569 0.021688827 0.094221511 0.96176031 -0.026949132 0.27256356 58.581314
157 0.26901117 0.014834248 -0.96302281 -65.113582 0.022175689 0.99952087 0.021591024 0.098100985 0.96288175 -0.027163922 0.26855334 58.767222
158 0.26510132 0.01479752 -0.96410701 -65.797851 0.022546655 0.99951366 0.021540629 0.10151175 0.96395694 -0.027447838 0.26463878 58.950291
159 0.26104935 0.014769487 -0.96521247 -66.477303 0.02293438 0.99950578 0.021497021 0.10479468 0.965053 -0.027748334 0.26058162 59.12897
160 0.25726427 0.014731123 -0.9662288 -67.167765 0.023296997 0.99949859 0.021441321 0.1081746 0.96606024 -0.028026317 0.2567921 59.307729
161 0.25404059 0.014656773 -0.9670825 -67.884765 0.023541753 0.99949519 0.021332136 0.11208154 0.96690703 -0.028186047 0.25356732 59.490943
162 0.25153131 0.014567493 -0.96773953 -68.633534 0.023681774 0.99949468 0.021200787 0.11627981 0.96755941 -0.028250452 0.25105924 59.680506
163 0.24919538 0.014512696 -0.96834449 -69.388199 0.023853379 0.99949235 0.021117981 0.12000477 0.96815945 -0.028360793 0.24872272 59.86984
164 0.24673526 0.014502376 -0.96897441 -70.132863 0.024134398 0.99948589 0.021104507 0.12291319 0.96878237 -0.028592841 0.24625842 60.054611
165 0.24423888 0.014507797 -0.96960657 -70.872674 0.02446864 0.99947747 0.021118266 0.12550235 0.96940636 -0.028882857 0.24375629 60.236021
166 0.2419748 0.014483068 -0.97017444 -71.625318 0.024725693 0.9994718 0.021087355 0.1285809 0.96996746 -0.029090845 0.2414889 60.418656
167 0.23956863 0.014457485 -0.97077178 -72.375447 0.024966184 0.99946669 0.021046027 0.13174536 0.9705584 -0.029278436 0.23907993 60.598881
168 0.2374096 0.01443933 -0.97130232 -73.133468 0.025220559 0.9994608 0.021022443 0.13470399 0.9710822 -0.029487719 0.23691744 60.779136
169 0.23513609 0.014428803 -0.97185536 -73.887542 0.025485132 0.99945446 0.021004573 0.1375957 0.97162831 -0.029706797 0.23464011 60.956632
170 0.23272388 0.014425292 -0.97243587 -74.635803 0.025776472 0.9994472 0.020994822 0.14032857 0.97220122 -0.029951964 0.23222341 61.130817
171 0.23011694 0.014434459 -0.97305593 -75.374799 0.026110262 0.99943841 0.021000609 0.14285642 0.97281267 -0.030239343 0.22961084 61.300714
172 0.22752495 0.014427094 -0.97366537 -76.116181 0.026415729 0.99943078 0.020981663 0.14560902 0.97341391 -0.030493934 0.22701435 61.46902
173 0.22506327 0.014402422 -0.9742377 -76.865513 0.026672726 0.9994249 0.020936565 0.14863103 0.97397902 -0.030697629 0.2245497 61.637148
174 0.22257968 0.014380416 -0.97480844 -77.615335 0.026925444 0.99941907 0.020891406 0.15162074 0.97454264 -0.030897154 0.22206319 61.80346
175 0.22044238 0.014357537 -0.97529433 -78.3782 0.027162478 0.99941348 0.020852042 0.15457131 0.97502174 -0.031088086 0.21992312 61.970853
176 0.2181748 0.014343529 -0.9758043 -79.137236 0.027405688 0.99940755 0.020817968 0.15745123 0.97552485 -0.031284546 0.21765246 62.135673
177 0.21566397 0.014353083 -0.97636215 -79.884307 0.027716831 0.99939905 0.020813978 0.15990743 0.97607421 -0.031550491 0.21513656 62.295884
178 0.21309696 0.014368738 -0.9769254 -80.627146 0.028057242 0.99938944 0.020819274 0.16223669 0.97662814 -0.031846357 0.21256371 62.45302
179 0.2108205 0.014344778 -0.97741954 -81.385991 0.028302581 0.99938351 0.020771734 0.165142 0.977115 -0.032042604 0.21028455 62.611647
180 0.20843535 0.014321216 -0.97793129 -82.143565 0.02853063 0.99937818 0.020716284 0.16810667 0.97761994 -0.032219003 0.20789716 62.768264
181 0.20614622 0.014315425 -0.97841648 -82.902353 0.028798427 0.99937105 0.020689664 0.17071569 0.97809735 -0.032441953 0.20560431 62.92322
182 0.20400332 0.014308514 -0.97886563 -83.666848 0.029056088 0.99936413 0.020663668 0.17333743 0.97853893 -0.032657465 0.20345787 63.077537
183 0.20203315 0.014296454 -0.97927433 -84.44032 0.029275891 0.99935842 0.020629543 0.17613842 0.97894105 -0.032836981 0.201485 63.232144
184 0.20011004 0.01429574 -0.97966913 -85.215512 0.029506721 0.99935203 0.020610089 0.17879515 0.97932904 -0.033031111 0.19955857 63.385558
185 0.19803746 0.014305404 -0.98009006 -85.983673 0.029775904 0.9993442 0.020602971 0.18118729 0.97974211 -0.033263229 0.19748164 63.53587
186 0.19577741 0.014325575 -0.98054372 -86.74303 0.030082945 0.99933493 0.020606535 0.18339055 0.98018685 -0.033531938 0.19521626 63.68259
187 0.19370401 0.014325745 -0.98095542 -87.51106 0.030349945 0.99932726 0.020587087 0.18584835 0.98059048 -0.033759746 0.19313892 63.829203
188 0.19177747 0.014318963 -0.98133398 -88.287908 0.030566962 0.9993213 0.020554979 0.18859238 0.98096234 -0.033938382 0.19120964 63.976053
189 0.18982949 0.014319847 -0.98171264 -89.064134 0.030797139 0.99931471 0.02053171 0.19118159 0.98133396 -0.034131466 0.1892584 64.121265
190 0.18827538 0.014345512 -0.9820115 -89.853651 0.031033652 0.99930706 0.020548073 0.19364769 0.98162586 -0.034344101 0.18769974 64.267556
191 0.18903049 0.014559163 -0.98186328 -90.727625 0.031268738 0.99929374 0.020837551 0.19675639 0.98147327 -0.03464056 0.18844175 64.432272
192 0.1899393 0.014837215 -0.98168372 -91.610109 0.03152293 0.99927808 0.021202295 0.20009775 0.98128967 -0.034972698 0.18933448 64.599349
193 0.19054794 0.01515456 -0.98156091 -92.488041 0.031797398 0.99926085 0.021600582 0.20382933 0.98116281 -0.035327031 0.18992523 64.766701
194 0.19118506 0.01548977 -0.98143178 -93.3682 0.032098344 0.99924199 0.022023693 0.20786857 0.98102906 -0.035712938 0.19054296 64.93453
195 0.19199616 0.015804937 -0.9812684 -94.252802 0.032380253 0.99922387 0.022429699 0.21239649 0.98086137 -0.036080137 0.19133539 65.104335
196 0.19258247 0.016110011 -0.98114854 -95.129424 0.032652994 0.99920625 0.022815728 0.21722493 0.98073738 -0.036431348 0.19190358 65.273347
197 0.1935722 0.016446621 -0.98094817 -96.021245 0.032945806 0.99918654 0.023253659 0.22255109 0.98053272 -0.036819392 0.19287291 65.445825
198 0.19469816 0.016787249 -0.98071954 -96.91813 0.033240415 0.99916625 0.023702088 0.22829603 0.98029982 -0.03721428 0.19397783 65.620181
199 0.19556319 0.017128337 -0.98054152 -97.806159 0.033529203 0.9991461 0.024140528 0.23437268 0.98011779 -0.037597776 0.19482191 65.793894
200 0.19614377 0.017456121 -0.98041976 -98.683693 0.033819896 0.9991262 0.024555227 0.24068974 0.97999177 -0.037974051 0.19538203 65.965942
201 0.19656248 0.017757254 -0.98033049 -99.552823 0.034105283 0.99910708 0.024935689 0.24719854 0.97989799 -0.038335872 0.19578136 66.136438
202 0.19716228 0.018056189 -0.98020458 -100.42803 0.034381746 0.99908794 0.025319719 0.25420767 0.97976782 -0.03869324 0.19636166 66.30905
203 0.19767508 0.018347093 -0.98009589 -101.30002 0.034651701 0.99906913 0.025691152 0.26152141 0.97965497 -0.039040492 0.19685532 66.481606
204 0.19780947 0.018616667 -0.98006369 -102.15669 0.034925521 0.99905092 0.026026468 0.26880516 0.97961812 -0.039377519 0.19697155 66.650504
205 0.19749954 0.01884592 -0.98012181 -102.99312 0.035202402 0.99903396 0.026303029 0.27593129 0.97967074 -0.03969748 0.19664534 66.814207
206 0.19718764 0.01904623 -0.98018074 -103.82758 0.035471933 0.99901794 0.02654832 0.28324285 0.97972385 -0.040003908 0.1963184 66.977115
207 0.19741014 0.019279702 -0.98013139 -104.68459 0.035729486 0.99900077 0.026847217 0.29130911 0.97966968 -0.040319505 0.19652404 67.145705
208 0.19783559 0.019534403 -0.98004056 -105.55101 0.035981403 0.99898286 0.027175341 0.29988277 0.97957463 -0.040639486 0.1969315 67.317242
209 0.19881282 0.019850699 -0.97983642 -106.43932 0.036261456 0.99896121 0.02759575 0.30908649 0.97936643 -0.041016687 0.19788649 67.493791
210 0.19999525 0.020190652 -0.97958881 -107.33709 0.036551781 0.99893792 0.028051964 0.31881392 0.97911486 -0.041415978 0.19904485 67.673141
211 0.20113561 0.020544559 -0.97934794 -108.23476 0.036845692 0.9989138 0.028522269 0.32896748 0.97887022 -0.041821599 0.20016017 67.853564
212 0.20209133 0.020897454 -0.97914371 -109.12652 0.037137819 0.99888969 0.028983981 0.33950878 0.97866231 -0.042220675 0.20109087 68.033961
213 0.20228716 0.021193482 -0.9790969 -109.98712 0.03742355 0.99886824 0.029353376 0.34975284 0.97861097 -0.042579095 0.2012651 68.207705
214 0.20165486 0.021408853 -0.97922264 -110.80836 0.037717626 0.99884975 0.02960529 0.3592952 0.97873017 -0.042904006 0.20061543 68.3714
215 0.2013506 0.021602898 -0.97928099 -111.64113 0.037996984 0.99883197 0.029846777 0.36932501 0.978782 -0.043219393 0.20029459 68.537264
216 0.2011901 0.021781381 -0.97931002 -112.48118 0.038238741 0.99881602 0.030071017 0.37990199 0.97880559 -0.043497575 0.20011901 68.705357
217 0.20120335 0.021995194 -0.97930252 -113.32927 0.038486314 0.99879837 0.030340307 0.39086285 0.97879317 -0.043794318 0.20011507 68.875364
218 0.2016471 0.022262975 -0.97920519 -114.19581 0.038749544 0.99877758 0.030687637 0.40249921 0.97869146 -0.044131829 0.20053793 69.050008
219 0.20173907 0.022506577 -0.97918068 -115.04915 0.03900706 0.99875812 0.030993131 0.41412065 0.97866227 -0.044447487 0.20061064 69.221819
220 0.20204208 0.022781621 -0.97911184 -115.91072 0.039281557 0.99873641 0.031344082 0.42615618 0.97858878 -0.044793863 0.20089189 69.395379
221 0.20196636 0.023016076 -0.97912198 -116.75673 0.039546424 0.99871682 0.031634046 0.43812947 0.97859374 -0.045109788 0.20079701 69.565408
222 0.20152236 0.023211264 -0.97920885 -117.58547 0.039813897 0.99869878 0.031867003 0.4498544 0.97867443 -0.045408036 0.20033601 69.730831
223 0.20050257 0.023347677 -0.97941493 -118.38901 0.040104535 0.99868235 0.032017048 0.46109651 0.978872 -0.045698483 0.19930204 69.889638
224 0.19935826 0.023442525 -0.97964623 -119.18883 0.040393086 0.99866749 0.032117699 0.4724722 0.97909383 -0.045973865 0.19814571 70.04674
225 0.19841759 0.023524398 -0.97983522 -119.99765 0.040653012 0.99865402 0.032208484 0.48423522 0.97927414 -0.046223985 0.1971942 70.20499
226 0.19702768 0.02358081 -0.9801143 -120.79219 0.040916871 0.99864185 0.032251891 0.49592549 0.97954374 -0.046457728 0.19579524 70.359447
227 0.19550591 0.023636805 -0.98041764 -121.57918 0.041224201 0.99862777 0.032296384 0.50727193 0.97983572 -0.046731071 0.19426324 70.510885
228 0.19446953 0.023702646 -0.98062214 -122.38509 0.041482454 0.99861488 0.032364035 0.5191907 0.98003105 -0.046972434 0.19321694 70.665078
229 0.19341714 0.023770075 -0.98082863 -123.19345 0.041700858 0.99860384 0.032424164 0.53147928 0.98023002 -0.047172787 0.19215588 70.819263
230 0.19211055 0.023834223 -0.98108382 -123.9912 0.041974482 0.9985906 0.032478746 0.54327051 0.98047525 -0.047419997 0.19083938 70.970147
231 0.1907306 0.02390201 -0.98135138 -124.78411 0.042273658 0.99857606 0.032537637 0.55489314 0.98073178 -0.047691238 0.1894486 71.118662
232 0.18929323 0.023950452 -0.98162847 -125.57671 0.042550381 0.99856329 0.032568881 0.56675438 0.98099826 -0.047933737 0.18800218 71.266015
233 0.18790517 0.023996958 -0.98189399 -126.37223 0.042810105 0.99855128 0.032596628 0.57879158 0.98125378 -0.048160062 0.18660565 71.412814
234 0.1861508 0.02403141 -0.98222725 -127.15403 0.043099776 0.99853875 0.032598721 0.59052489 0.98157543 -0.048402055 0.18484305 71.555656
235 0.1843496 0.024061378 -0.98256617 -127.93271 0.04340966 0.99852539 0.032596737 0.60210357 0.98190166 -0.048662061 0.18303327 71.69631
236 0.18219743 0.024087919 -0.98296687 -128.69859 0.043734291 0.99851193 0.032575208 0.61356352 0.98228888 -0.048924481 0.18087285 71.832972
237 0.17999182 0.024104888 -0.98337272 -129.46278 0.044056294 0.99849894 0.032539522 0.62504967 0.98268104 -0.049180608 0.17865968 71.96751
238 0.17781783 0.02410928 -0.98376805 -130.22974 0.04435047 0.99848764 0.032486441 0.63673588 0.98306353 -0.049407247 0.17647966 72.100758
239 0.17540368 0.02411509 -0.98420121 -130.9889 0.044653272 0.99847621 0.032422935 0.64829881 0.98348344 -0.049634908 0.17405959 72.23084
240 0.17294797 0.024132477 -0.98463528 -131.74438 0.044991089 0.99846264 0.03237391 0.65956229 0.98390286 -0.049898818 0.17159635 72.358275
241 0.17003822 0.024167446 -0.98514108 -132.48157 0.045383158 0.99844641 0.032327117 0.67040255 0.9843919 -0.050205661 0.16867727 72.480437
242 0.16708736 0.024192786 -0.98564523 -133.21702 0.045776068 0.99843043 0.032266596 0.68125123 0.98487888 -0.050510306 0.16571767 72.59994
243 0.16385914 0.024213886 -0.98618653 -133.94353 0.046171159 0.99841485 0.032185666 0.69206498 0.98540268 -0.050807293 0.16248143 72.715519
244 0.16059311 0.024222017 -0.98672344 -134.67012 0.046551261 0.99840044 0.032085064 0.70294335 0.98592235 -0.051085863 0.15920867 72.828605
245 0.15714502 0.024240051 -0.98727801 -135.38953 0.046955507 0.99838467 0.031986654 0.71358524 0.98645865 -0.051384686 0.15575298 72.93797
246 0.15365809 0.024250854 -0.98782645 -136.10842 0.047353049 0.99836945 0.03187553 0.72421742 0.98698882 -0.05167453 0.1522592 73.044618
247 0.15020341 0.024253228 -0.98835759 -136.82969 0.047733043 0.99835526 0.031752681 0.7349018 0.98750217 -0.051946678 0.14879869 73.149013
248 0.14629003 0.024285029 -0.98894361 -137.53271 0.048178044 0.99833739 0.031642471 0.74501316 0.98806789 -0.05227435 0.14487681 73.247876
249 0.14275002 0.024296028 -0.98946053 -138.24948 0.048587849 0.99832129 0.031523398 0.75535415 0.98856547 -0.052575727 0.1413299 73.346025
250 0.13900885 0.024290543 -0.98999319 -138.96316 0.048961858 0.99830787 0.03136948 0.76583633 0.98908004 -0.052832544 0.13758432 73.440984
251 0.13539974 0.024281819 -0.99049347 -139.68228 0.049326885 0.99829471 0.031216015 0.77624881 0.98956244 -0.0530846 0.1339711 73.534057
252 0.13204917 0.02427204 -0.99094596 -140.41081 0.049672836 0.99828208 0.031070917 0.78667824 0.98999781 -0.053325988 0.13061666 73.625861
253 0.12873663 0.024249797 -0.99138228 -141.14393 0.049983792 0.99827159 0.030908994 0.79720406 0.99041837 -0.053532168 0.12730203 73.715838
254 0.12548696 0.024248817 -0.99179888 -141.87757 0.050324314 0.99825865 0.030774018 0.80737157 0.99081811 -0.05377334 0.12404815 73.803485
255 0.12215092 0.024266452 -0.99221484 -142.6065 0.050697595 0.99824342 0.03065524 0.81720285 0.99121589 -0.054047475 0.12070611 73.88809
256 0.11893097 0.024273619 -0.99260577 -143.34056 0.051050504 0.99822934 0.030527854 0.82709542 0.99158929 -0.054303735 0.11748121 73.970848
257 0.11642828 0.024230275 -0.9929035 -144.10637 0.051277643 0.99822242 0.030372913 0.83775518 0.99187454 -0.05445002 0.11497886 74.055224
258 0.11390003 0.02419571 -0.99319754 -144.87431 0.051487459 0.99821618 0.03022256 0.84834036 0.99215718 -0.054579571 0.11245108 74.138131
259 0.11163334 0.024197373 -0.99345483 -145.64802 0.051750455 0.99820544 0.03012822 0.85837402 0.99240109 -0.054775056 0.11018079 74.219825
260 0.10935389 0.024218109 -0.99370781 -146.41953 0.052041848 0.99819251 0.030054422 0.86811719 0.99263962 -0.055000961 0.10789588 74.299456
261 0.1073353 0.024223905 -0.99392773 -147.20264 0.052292272 0.99818182 0.029974682 0.87810001 0.99284676 -0.055192084 0.10587343 74.378681
262 0.10550875 0.024243444 -0.99412281 -147.99379 0.052526812 0.99817124 0.029916974 0.88814647 0.99303015 -0.055374607 0.10404237 74.457327
263 0.1038782 0.024280382 -0.99429361 -148.79214 0.05276178 0.99815974 0.029887046 0.89814411 0.99318959 -0.055565317 0.10240596 74.535425
264 0.10181904 0.024322838 -0.99450555 -149.57288 0.053055361 0.99814548 0.029843752 0.90759762 0.99338716 -0.055802516 0.10033977 74.610179
265 0.099610996 0.024381805 -0.99472769 -150.3446 0.053402445 0.99812789 0.029812813 0.91664928 0.99359241 -0.056090578 0.09812247 74.682204
266 0.097518191 0.024410321 -0.99493434 -151.12284 0.053697737 0.99811388 0.029751497 0.92609807 0.99378408 -0.056327038 0.096023486 74.753078
267 0.095595506 0.024420654 -0.99512066 -151.91159 0.053927703 0.99810377 0.029674384 0.93599312 0.99395842 -0.056501312 0.09409729 74.823533
268 0.093862688 0.024450397 -0.99528487 -152.70726 0.054160276 0.99809259 0.029627085 0.94579981 0.99411091 -0.056685785 0.092359417 74.893273
269 0.091798266 0.024489443 -0.99547644 -153.4889 0.054446381 0.99807859 0.029574253 0.95510163 0.99428804 -0.056914958 0.090288527 74.960158
270 0.089613911 0.024544701 -0.9956741 -154.26299 0.05477985 0.99806153 0.02953392 0.96403396 0.99446898 -0.057189531 0.088095647 75.024563
271 0.087362056 0.024583865 -0.99587324 -155.03559 0.055093392 0.99804615 0.029470522 0.97311981 0.99465202 -0.057440644 0.085836959 75.087028
272 0.084967994 0.024609078 -0.99607973 -155.80493 0.055387966 0.99803245 0.029382049 0.98230646 0.99484303 -0.057667367 0.083437773 75.147437
273 0.082433613 0.024646097 -0.99629176 -156.56782 0.055710573 0.99801696 0.029298292 0.991232 0.99503823 -0.057919152 0.080897099 75.205382
274 0.079746773 0.024689723 -0.99650935 -157.32405 0.056054487 0.99800022 0.029212484 0.99996819 0.99523786 -0.058188424 0.078203331 75.260743
275 0.076641358 0.02475282 -0.99675143 -158.06321 0.0564485 0.9979806 0.029123735 1.0083321 0.99545955 -0.058497209 0.075089333 75.31257
276 0.073086348 0.024849058 -0.99701601 -158.78177 0.056915902 0.99795636 0.02904472 1.0161704 0.99570026 -0.05886884 0.071522682 75.360284
277 0.069450372 0.024920993 -0.99727408 -159.49866 0.057367165 0.99793378 0.02893254 1.0241826 0.99593459 -0.059220165 0.067877228 75.405118
278 0.065651554 0.024958132 -0.99753044 -160.21374 0.057771593 0.99791515 0.028769943 1.0324647 0.99616884 -0.059517717 0.064072812 75.447002
279 0.061912976 0.024980437 -0.99776889 -160.9325 0.058152117 0.99789816 0.028592094 1.0407877 0.99638605 -0.059792598 0.060330182 75.486391
280 0.058384564 0.024985472 -0.99798145 -161.66056 0.05849399 0.99788352 0.028405074 1.049223 0.99657902 -0.060034338 0.056799497 75.523732
281 0.054550556 0.025015962 -0.9981976 -162.37704 0.058876293 0.99786614 0.028225189 1.0572244 0.99677373 -0.060309877 0.052961308 75.557755
282 0.050823949 0.025065107 -0.99839304 -163.09431 0.059289567 0.99784606 0.028069555 1.0648995 0.9969462 -0.0606209 0.04922838 75.589121
283 0.047341933 0.025074687 -0.99856397 -163.82394 0.059631306 0.99783091 0.0278834 1.07294 0.99709723 -0.060865731 0.04574401 75.618447
284 0.043955752 0.02505976 -0.99871913 -164.56106 0.059921132 0.99781937 0.02767444 1.0811362 0.99723487 -0.061060835 0.042358293 75.645669
