3 0.99995731 0.00058744773 -0.0092218756 -0.015593006 -0.0005832856 0.99999973 0.00045401556 0.0075077898 0.0092221398 -0.00044861719 0.99995737 0.14692202
4 0.99994965 0.00023532008 -0.010031603 -0.012701998 -0.00023198602 0.99999992 0.00033351861 0.005313093 0.01003168 -0.00033117463 0.99994963 0.13816714
5 0.99994926 0.0002360699 -0.010070728 -0.012682497 -0.00023268636 0.99999992 0.00033714849 0.005372239 0.010070807 -0.00033478806 0.99994923 0.13814542
6 0.99995069 0.00031870983 -0.0099253139 -0.013212149 -0.00031491356 0.99999988 0.00038404413 0.0060097293 0.0099254351 -0.00038089958 0.99995067 0.14031076
7 0.99995213 0.00037974429 -0.0097766895 -0.013644053 -0.00037563184 0.99999984 0.00042247082 0.0062791616 0.0097768484 -0.00041877816 0.99995212 0.14342509
8 0.99995216 0.00034868998 -0.0097752988 -0.013483668 -0.00034464163 0.99999985 0.00041582269 0.0058462998 0.0097754424 -0.00041243382 0.99995213 0.14426901
9 0.99995233 0.0003432937 -0.0097582118 -0.013544945 -0.00033905915 0.99999985 0.00043559784 0.0053351998 0.0097583599 -0.00043226847 0.99995229 0.14889477
10 0.99994985 0.00034276049 -0.010008749 -0.014037373 -0.00033844827 0.99999985 0.00043253554 0.0043928462 0.010008896 -0.0004291264 0.99994982 0.15893079
11 0.99994926 0.00027909716 -0.01006939 -0.013763942 -0.00027516072 0.99999989 0.00039231421 0.0036569816 0.010069499 -0.0003895236 0.99994923 0.16000833
12 0.99994622 0.00023115692 -0.010368575 -0.013843267 -0.00022768726 0.99999992 0.00033581135 0.002931112 0.010368652 -0.0003334325 0.99994619 0.16409365
13 0.99994485 0.00019098197 -0.010500863 -0.013876355 -0.00018797651 0.99999994 0.00028719689 0.0024264764 0.010500918 -0.00028520714 0.99994482 0.16585185
14 0.9999445 3.5846279e-05 -0.010535192 -0.012624701 -3.3353491e-05 0.99999997 0.00023679097 0.0017944423 0.010535201 -0.00023642644 0.99994448 0.15535504
15 0.9999445 3.2790804e-05 -0.010535359 -0.012658968 -3.0272003e-05 0.99999997 0.00023924001 0.0017147055 0.010535366 -0.00023890781 0.99994447 0.15645917
16 0.99993741 0.00024204016 -0.011185432 -0.01550883 -0.00024022585 0.99999996 0.00016354654 0.0019164187 0.011185471 -0.00016084927 0.99993743 0.18220651
17 0.99993272 0.00025372972 -0.011596829 -0.016670982 -0.00025311127 0.99999997 5.4797069e-05 0.0015166427 0.011596842 -5.1858095e-05 0.99993275 0.19002566
18 0.99992787 0.00011580929 -0.012009688 -0.016245402 -0.00011580044 0.99999999 1.4324905e-06 0.00072267073 0.012009688 -4.1660024e-08 0.99992788 0.18689297
19 0.99992133 0.00010865425 -0.012542558 -0.01717131 -0.00010954017 0.99999999 -6.9946313e-05 0.00042026148 0.012542551 7.1314724e-05 0.99992134 0.1932804
20 0.99991508 5.7623295e-05 -0.013032028 -0.017486979 -5.8740733e-05 0.99999999 -8.5362815e-05 1.5169072e-05 0.013032023 8.6121077e-05 0.99991508 0.19543097
21 0.99991048 -3.0259038e-05 -0.013380014 -0.017081153 2.9625495e-05 1 -4.7548145e-05 -0.0004507935 0.013380016 4.7147499e-05 0.99991048 0.19261737
22 0.99990378 6.1431478e-05 -0.013871974 -0.018986029 -6.3172828e-05 0.99999999 -0.00012509196 -0.0002735483 0.013871966 0.00012595626 0.99990377 0.20648837
23 0.99989351 0.0001112946 -0.014592685 -0.020905176 -0.00011441618 0.99999997 -0.00021307934 -0.00036237717 0.014592661 0.00021472629 0.9998935 0.21988278
24 0.99986819 0.00038393944 -0.016231145 -0.02761539 -0.00039182569 0.99999981 -0.00048269424 0.00027860233 0.016230956 0.0004889904 0.99986815 0.26645099
25 0.99983628 0.00028095523 -0.018092156 -0.030312896 -0.00028938783 0.99999985 -0.000463475 -0.0010249687 0.018092023 0.00046863477 0.99983622 0.28835651
26 0.99982978 -7.9847777e-05 -0.018450051 -0.02669424 7.8509767e-05 0.99999999 -7.3244999e-05 -0.0036909076 0.018450056 7.1784022e-05 0.99982978 0.27397291
27 0.99983004 -0.00027255707 -0.018434173 -0.024359723 0.00027590543 0.99999995 0.00017909577 -0.0047028923 0.018434123 -0.00018415142 0.99983006 0.26156876
28 0.99982921 -9.3289136e-05 -0.018480895 -0.026531283 9.3426206e-05 1 6.5534374e-06 -0.0036678634 0.018480894 -8.278918e-06 0.99982921 0.2779472
29 0.99982409 4.9221879e-06 -0.018755815 -0.028119902 -5.7139941e-06 1 -4.216298e-05 -0.0033484713 0.018755814 4.2262734e-05 0.99982409 0.29457472
30 0.99981608 0.00023365811 -0.019177075 -0.031726421 -0.00023620024 0.99999996 -0.0001302963 -0.0024153606 0.019177044 0.00013480196 0.99981609 0.33714097
31 0.99980618 0.00017569911 -0.019687087 -0.031121601 -0.00017559641 0.99999998 6.9455027e-06 -0.0033316217 0.019687088 -3.4871747e-06 0.99980619 0.34581771
32 0.99980809 -0.00016392111 -0.019589776 -0.025766597 0.00017354452 0.99999987 0.00048954758 -0.005389421 0.019589693 -0.00049285333 0.99980798 0.32306664
33 0.99980999 -0.00020467734 -0.019492004 -0.025255903 0.00021573423 0.99999982 0.00056515152 -0.0053933094 0.019491885 -0.00056924923 0.99980985 0.32071116
34 0.99980355 3.0476272e-05 -0.019820475 -0.028768023 -2.5532186e-05 0.99999997 0.00024969639 -0.0043462491 0.019820482 -0.00024914128 0.99980352 0.34078658
35 0.99980036 0.00017915972 -0.019980321 -0.030185868 -0.00017528372 0.99999997 0.00019574213 -0.00387569 0.019980355 -0.00019220082 0.99980035 0.37458703
36 0.99980245 0.00012998461 -0.019875865 -0.028701411 -0.00012277155 0.99999993 0.00036412542 -0.0043505056 0.019875911 -0.0003616133 0.99980239 0.38517105
37 0.99980541 0.00012304708 -0.019726481 -0.027587009 -0.00011413058 0.99999989 0.00045313189 -0.004595534 0.019726534 -0.00045079231 0.99980531 0.39813321
38 0.99981425 0.00023823754 -0.019271838 -0.027594218 -0.00023101501 0.9999999 0.00037699664 -0.0042708124 0.019271926 -0.00037247453 0.99981421 0.41898993
39 0.99982656 0.00042125261 -0.018619006 -0.027353327 -0.00041743169 0.99999989 0.00020910218 -0.0036892491 0.018619092 -0.00020129375 0.99982663 0.45226305
40 0.99984699 0.00043137731 -0.017487181 -0.024733933 -0.00042802663 0.99999989 0.00019535037 -0.0039945586 0.017487263 -0.0001878355 0.99984707 0.47984014
41 0.99985872 0.00028630946 -0.016806459 -0.02226076 -0.00028023202 0.99999989 0.00036396709 -0.0048968011 0.016806562 -0.00035920596 0.9998587 0.48583758
42 0.99986456 0.00021915986 -0.016456697 -0.020966971 -0.00021154656 0.99999987 0.00046436607 -0.0052777173 0.016456797 -0.00046082181 0.99986447 0.48796718
43 0.99987151 0.00020766206 -0.016028975 -0.020570779 -0.00020050428 0.99999988 0.00044815841 -0.0054601228 0.016029066 -0.00044488694 0.99987143 0.49428676
44 0.99988168 0.00025277847 -0.015380743 -0.020390026 -0.00024791214 0.99999992 0.00031829716 -0.0053925916 0.015380822 -0.00031444642 0.99988166 0.50964646
45 0.9998983 0.00024327602 -0.014259497 -0.019176497 -0.00024007687 0.99999995 0.00022606315 -0.0056412284 0.014259552 -0.00022261678 0.9998983 0.53259095
46 0.99990642 0.000181089 -0.013679178 -0.018400096 -0.00017720069 0.99999994 0.00028546209 -0.0061432203 0.013679229 -0.00028301142 0.99990639 0.53028769
47 0.99990782 0.00014577721 -0.013576482 -0.018140731 -0.00014117942 0.99999993 0.00033961599 -0.0063751026 0.013576531 -0.00033766797 0.99990778 0.52570723
48 0.99990947 0.00014503675 -0.013454662 -0.018102884 -0.00014072105 0.99999994 0.0003217049 -0.006406507 0.013454708 -0.00031978242 0.99990943 0.52856943
49 0.99992756 0.00015756504 -0.012035362 -0.01726123 -0.00015610938 0.99999998 0.00012188774 -0.006582991 0.012035381 -0.00012000008 0.99992756 0.56421362
50 0.99994395 0.00010639008 -0.010586663 -0.015837945 -0.00010587031 0.99999999 4.9656918e-05 -0.0071472026 0.010586668 -4.8533322e-05 0.99994396 0.58049327
51 0.99995821 -1.7349839e-05 -0.0091415516 -0.01420309 1.7761196e-05 1 4.4917404e-05 -0.0080598408 0.0091415508 -4.5077892e-05 0.99995821 0.59515452
52 0.99996569 -9.0049615e-05 -0.0082826124 -0.013210095 9.0314881e-05 1 3.1652731e-05 -0.008578368 0.0082826095 -3.2399689e-05 0.9999657 0.60643556
53 0.99997669 -0.00012237941 -0.0068272007 -0.011618968 0.0001218125 0.99999999 -8.3452659e-05 -0.0090324169 0.0068272108 8.2619075e-05 0.99997669 0.63842399
54 0.99998526 -0.00016463275 -0.0054263218 -0.0096166902 0.00016416529 0.99999998 -8.6592741e-05 -0.0098616132 0.0054263359 8.5700651e-05 0.99998527 0.66944837
55 0.99998779 -0.00018579496 -0.0049375284 -0.0088947372 0.00018550879 0.99999998 -5.8415859e-05 -0.010372459 0.0049375392 5.7499191e-05 0.99998781 0.68386897
56 0.99999136 -0.0001661198 -0.0041528087 -0.0080901485 0.00016586752 0.99999998 -6.1093114e-05 -0.01093789 0.0041528188 6.0403771e-05 0.99999138 0.71215076
57 0.99999315 -0.00014402423 -0.0036972524 -0.0076216501 0.00014381037 0.99999999 -5.8110278e-05 -0.011315998 0.0036972608 5.7578177e-05 0.99999316 0.72992664
58 0.99999382 -0.00018367419 -0.0035114917 -0.007344007 0.00018361227 0.99999998 -1.795734e-05 -0.011791575 0.0035114949 1.7312476e-05 0.99999383 0.73450077
59 0.9999938 -0.00026028495 -0.0035110652 -0.0072538445 0.00026042662 0.99999997 3.9891178e-05 -0.012208759 0.0035110547 -4.0805305e-05 0.99999384 0.72947599
60 0.99999364 -0.00028628904 -0.0035537845 -0.0072721814 0.00028649219 0.99999996 5.6654753e-05 -0.01228426 0.0035537681 -5.7672524e-05 0.99999368 0.72606371
61 0.99999522 -0.0002115737 -0.0030858667 -0.0071462255 0.00021158947 0.99999998 4.785367e-06 -0.012291621 0.0030858656 -5.438281e-06 0.99999524 0.7465958
62 0.99999605 -0.00014726063 -0.0028070591 -0.0069235629 0.00014718716 0.99999999 -2.6379831e-05 -0.012292698 0.002807063 2.5966563e-05 0.99999606 0.76128229
63 0.99999632 -0.00017492427 -0.0027056443 -0.0067682837 0.0001749283 0.99999998 1.2533741e-06 -0.012619431 0.002705644 -1.7266632e-06 0.99999634 0.76394562
64 0.99999726 -0.00019383782 -0.0023310946 -0.0066607929 0.00019387993 0.99999998 1.7839553e-05 -0.013063321 0.0023310911 -1.8291457e-05 0.99999728 0.77570294
65 0.99999763 -0.00017108187 -0.002171444 -0.0065090963 0.00017110793 0.99999999 1.1815909e-05 -0.013124979 0.0021714419 -1.2187432e-05 0.99999764 0.78325188
66 0.99999719 -0.00020929101 -0.0023596446 -0.0065200573 0.00020938579 0.99999998 3.9922149e-05 -0.013222897 0.0023596362 -4.0416113e-05 0.99999722 0.77488036
67 0.99999774 -0.00022943676 -0.0021132064 -0.006561856 0.0002295405 0.99999997 4.8850845e-05 -0.013514934 0.0021131951 -4.9335801e-05 0.99999777 0.78172698
68 0.99999883 -0.00016993233 -0.0015170546 -0.0061816572 0.000170007 0.99999998 4.9090341e-05 -0.013625242 0.0015170463 -4.9348194e-05 0.99999885 0.80664625
69 0.99999957 -0.00015665819 -0.00091375758 -0.0053827636 0.00015674653 0.99999998 9.6601173e-05 -0.014012291 0.00091374243 -9.674436e-05 0.99999958 0.82914687
70 0.99999991 -0.00020907591 -0.00036824206 -0.0046014286 0.00020914247 0.99999996 0.00018071359 -0.014664641 0.00036820426 -0.00018079059 0.99999992 0.84721166
71 0.99999993 -0.00023221653 -0.00029280807 -0.0044480623 0.00023228155 0.99999995 0.00022204281 -0.014806964 0.00029275649 -0.00022211081 0.99999993 0.85148645
72 0.99999995 -0.00025092043 -0.00017095334 -0.0043827386 0.00025096446 0.99999994 0.00025760388 -0.014891635 0.00017088869 -0.00025764677 0.99999995 0.85705039
73 0.99999989 -0.00024482532 -0.00041101843 -0.0048477581 0.0002449229 0.99999994 0.00023738487 -0.014807226 0.00041096029 -0.00023748551 0.99999989 0.84687189
74 0.99999987 -0.00024786215 -0.00044907536 -0.0050878168 0.00024796559 0.99999994 0.0002303013 -0.014816967 0.00044901825 -0.00023041262 0.99999987 0.84425951
75 0.99999995 -0.00025157896 -0.0002092156 -0.0045790872 0.0002516305 0.99999994 0.00024634796 -0.01488657 0.00020915361 -0.00024640059 0.99999995 0.85468474
76 0.99999991 -0.00023715814 -0.00034063252 -0.0045964939 0.00023723631 0.99999995 0.0002294594 -0.01480467 0.00034057808 -0.00022954019 0.99999992 0.84976613
77 0.99999979 -0.00024126347 -0.0006092304 -0.0053180915 0.00024139431 0.99999995 0.00021470106 -0.014750396 0.00060917857 -0.00021484808 0.99999979 0.83736343
78 0.9999999 -0.00025202492 -0.00038130609 -0.0050760851 0.000252113 0.99999994 0.00023095475 -0.014848731 0.00038124786 -0.00023105086 0.9999999 0.84654578
79 0.99999972 -0.00022578863 -0.00071019155 -0.0053553814 0.0002259164 0.99999996 0.00017983328 -0.014650547 0.00071015092 -0.00017999367 0.99999973 0.83373944
80 0.9999997 -0.00023495299 -0.00073696399 -0.0056457895 0.00023508663 0.99999996 0.00018126108 -0.014682929 0.00073692137 -0.00018143428 0.99999971 0.83134049
81 0.99999968 -0.00023319728 -0.00075920254 -0.0056645455 0.00023332758 0.99999996 0.0001715463 -0.014652474 0.0007591625 -0.00017172339 0.9999997 0.83071103
82 0.99999978 -0.00022655768 -0.00061666142 -0.005325231 0.00022666533 0.99999996 0.00017449919 -0.014686629 0.00061662186 -0.00017463893 0.99999979 0.83676895
83 0.99999979 -0.00022798888 -0.00061301183 -0.0052829195 0.0002281008 0.99999996 0.00018252251 -0.014697314 0.00061297019 -0.0001826623 0.9999998 0.837018
84 0.99999968 -0.00022793948 -0.00076124238 -0.0055427397 0.00022807052 0.99999996 0.00017205962 -0.01463733 0.00076120313 -0.00017223318 0.9999997 0.8312608
85 0.9999995 -0.00023753369 -0.00097465789 -0.0058361039 0.00023769047 0.99999996 0.00016074709 -0.014561523 0.00097461966 -0.00016097867 0.99999951 0.82323191
86 0.99999926 -0.00024230805 -0.0011959926 -0.0060126481 0.00024247287 0.99999996 0.00013766984 -0.014441829 0.0011959592 -0.00013795973 0.99999928 0.81527285
87 0.99999882 -0.00025116174 -0.0015162149 -0.0061766233 0.00025132837 0.99999996 0.00010971003 -0.014269672 0.0015161873 -0.00011009097 0.99999884 0.803534
88 0.99999849 -0.00025359621 -0.0017194971 -0.0063161628 0.00025375166 0.99999996 9.0191272e-05 -0.014097707 0.0017194741 -9.0627461e-05 0.99999852 0.79567128
89 0.99999857 -0.00022798281 -0.0016728755 -0.0063088611 0.00022810991 0.99999997 7.578947e-05 -0.01393627 0.0016728582 -7.6170961e-05 0.9999986 0.79845557
90 0.99999876 -0.00020093311 -0.0015603068 -0.0061568576 0.00020104324 0.99999998 7.0428097e-05 -0.01385799 0.0015602926 -7.0741699e-05 0.99999878 0.80422898
91 0.99999876 -0.0002045196 -0.0015637319 -0.0061122304 0.00020463726 0.99999998 7.5081887e-05 -0.013902845 0.0015637165 -7.5401791e-05 0.99999877 0.80423615
92 0.9999989 -0.00021710419 -0.00146868 -0.006114 0.00021723079 0.99999997 8.6040559e-05 -0.014051631 0.0014686613 -8.6359506e-05 0.99999892 0.80687721
93 0.99999927 -0.00020832157 -0.0011902135 -0.0059195177 0.00020844043 0.99999997 9.9741949e-05 -0.014187706 0.0011901927 -9.9989965e-05 0.99999929 0.81719211
94 0.99999932 -0.00020296818 -0.0011496062 -0.0057661094 0.00020309043 0.99999997 0.00010623115 -0.014211047 0.0011495846 -0.00010646455 0.99999933 0.81935688
95 0.99999937 -0.0002228245 -0.0010986861 -0.0057951485 0.00022295514 0.99999997 0.00011877788 -0.014391204 0.0010986596 -0.00011902276 0.99999939 0.82029991
96 0.99999896 -0.00024053652 -0.001422132 -0.0060504923 0.00024069271 0.99999997 0.00010965686 -0.014287694 0.0014221056 -0.00010999904 0.99999898 0.80787664
97 0.99999931 -0.00023565311 -0.0011481716 -0.0060165121 0.0002357869 0.99999997 0.00011638938 -0.014402591 0.0011481442 -0.00011666003 0.99999933 0.817235
98 0.9999986 -0.0002236496 -0.0016588854 -0.0061259876 0.00022379518 0.99999997 8.7571448e-05 -0.013990398 0.0016588658 -8.7942576e-05 0.99999862 0.80017831
99 0.9999988 -0.00024320558 -0.0015317352 -0.0062287313 0.00024334655 0.99999997 9.1840892e-05 -0.014174834 0.0015317128 -9.2213524e-05 0.99999882 0.80312726
100 0.99999933 -0.00020999215 -0.0011401459 -0.0059657574 0.00021010828 0.99999997 0.00010174155 -0.01420607 0.0011401245 -0.00010198103 0.99999934 0.81846903
101 0.99999904 -0.0001890824 -0.0013731446 -0.0058201126 0.00018920307 0.99999998 8.7749077e-05 -0.013980579 0.001373128 -8.8008796e-05 0.99999905 0.81248232
102 0.9999985 -0.00025639898 -0.0017111612 -0.006220092 0.00025656488 0.99999996 9.6735748e-05 -0.014170262 0.0017111363 -9.7174627e-05 0.99999853 0.79645179
103 0.99999792 -0.00028755004 -0.002018413 -0.0064791538 0.00028775027 0.99999995 9.8909739e-05 -0.014018554 0.0020183845 -9.9490333e-05 0.99999796 0.78235623
104 0.99999716 -0.00027612181 -0.0023653409 -0.0065959396 0.00027631935 0.99999996 8.3190836e-05 -0.013576134 0.0023653179 -8.384419e-05 0.9999972 0.7700991
105 0.99999898 -0.00018570862 -0.0014186777 -0.0062585721 0.00018578668 0.99999998 5.4892246e-05 -0.013764616 0.0014186675 -5.5155761e-05 0.99999899 0.80883644
106 0.9999997 -0.00014352271 -0.00076162512 -0.0051361725 0.00014360202 0.99999998 0.00010407163 -0.013997973 0.00076161017 -0.00010418097 0.9999997 0.83453107
107 0.99999958 -0.00018298361 -0.00090160476 -0.0051931677 0.00018309787 0.99999998 0.00012665696 -0.014286777 0.00090158156 -0.00012682199 0.99999959 0.82975282
108 0.99999877 -0.00026419381 -0.0015474584 -0.0061868402 0.00026441476 0.99999995 0.00014257709 -0.014362924 0.0015474207 -0.00014298608 0.99999879 0.80156805
109 0.99999811 -0.00030685064 -0.0019188215 -0.0065258173 0.00030709635 0.99999994 0.0001277579 -0.014227723 0.0019187822 -0.00012834692 0.99999815 0.78433569
110 0.99999697 -0.00030146068 -0.0024413028 -0.0066022074 0.00030171042 0.99999995 0.00010193036 -0.013655512 0.002441272 -0.00010266661 0.99999701 0.76581261
111 0.99999512 -0.00035373424 -0.0031029602 -0.0067984244 0.0003541311 0.99999993 0.00012734898 -0.01326288 0.0031029149 -0.00012844721 0.99999518 0.73850246
112 0.9999944 -0.00036885843 -0.003326523 -0.0070181526 0.00036926883 0.99999992 0.00012275823 -0.012974319 0.0033264774 -0.00012398593 0.99999446 0.72851425
113 0.99999353 -0.00031204613 -0.003583351 -0.0072640863 0.00031232152 0.99999995 7.6294533e-05 -0.01238316 0.003583327 -7.7413197e-05 0.99999358 0.72319202
114 0.99999209 -0.00033028888 -0.003963439 -0.0074871693 0.00033062857 0.99999994 8.5051673e-05 -0.012131347 0.0039634107 -8.6361427e-05 0.99999214 0.70907941
115 0.99999119 -0.0003641635 -0.0041828063 -0.0076909603 0.00036462228 0.99999993 0.00010892095 -0.012062017 0.0041827663 -0.00011044514 0.99999125 0.69746571
116 0.99999274 -0.00027354788 -0.0038015169 -0.0076009408 0.00027366937 0.99999996 3.1439163e-05 -0.011838013 0.0038015081 -3.2479294e-05 0.99999277 0.71723164
117 0.99999024 -0.00029796984 -0.0044089595 -0.0079638086 0.00029823947 0.99999995 6.049643e-05 -0.011550147 0.0044089413 -6.1810765e-05 0.99999028 0.69485065
118 0.99998796 -0.00042987461 -0.0048877833 -0.0083498872 0.0004307423 0.99999989 0.00017647054 -0.011744374 0.0048877069 -0.00017857379 0.99998804 0.66272644
119 0.9999822 -0.00037623271 -0.0059550562 -0.010015768 0.00037725601 0.99999991 0.00017071498 -0.010834456 0.0059549914 -0.00017295852 0.99998225 0.6293542
120 0.99997761 -0.00030811856 -0.0066843 -0.010977146 0.00030897087 0.99999994 0.00012647586 -0.010100927 0.0066842606 -0.00012853828 0.99997765 0.6215557
121 0.99996732 -0.00019951761 -0.0080817845 -0.01280703 0.00020080056 0.99999997 0.0001579345 -0.0092051107 0.0080817528 -0.00015955217 0.99996733 0.58944831
122 0.99994944 -9.1123103e-05 -0.010054833 -0.014545803 9.4371667e-05 0.99999994 0.00032261092 -0.0083983495 0.010054803 -0.0003235435 0.9999494 0.54574689
123 0.999935 -1.7504753e-05 -0.011401849 -0.015932885 2.1639797e-05 0.99999993 0.0003625411 -0.0077743279 0.011401841 -0.00036276427 0.99993493 0.53514761
124 0.9999229 7.163556e-05 -0.012417453 -0.016962971 -6.7344587e-05 0.99999994 0.00034597764 -0.007057382 0.012417477 -0.00034511471 0.99992284 0.5313807
125 0.999922 9.9809989e-05 -0.012489569 -0.017195803 -9.6071669e-05 0.99999995 0.000299915 -0.0068765327 0.012489598 -0.00029869172 0.99992196 0.53643267
126 0.99991296 0.00010073035 -0.013193581 -0.017606051 -9.5673853e-05 0.99999992 0.00038388458 -0.0067220014 0.013193619 -0.00038258889 0.99991289 0.5232619
127 0.99990841 0.00011917007 -0.013533542 -0.017936459 -0.00011395709 0.99999992 0.00038596025 -0.0065380116 0.013533587 -0.00038438266 0.99990834 0.52131114
128 0.99990258 0.00012384763 -0.013957733 -0.018213825 -0.00011797202 0.9999999 0.00042177936 -0.006406267 0.013957784 -0.00042009165 0.9999025 0.51556602
129 0.99989716 0.00012738958 -0.014340306 -0.018449834 -0.00012088972 0.99999989 0.00045412405 -0.0062864641 0.014340363 -0.00045234376 0.99989707 0.51048258
130 0.99989207 0.00012769889 -0.014691045 -0.018686079 -0.00012063008 0.99999988 0.00048204951 -0.0061892283 0.014691105 -0.0004802253 0.99989196 0.50638283
131 0.99988972 0.00014386762 -0.014850154 -0.018918406 -0.00013699404 0.99999988 0.00046387886 -0.0060575279 0.014850219 -0.00046179332 0.99988962 0.50717708
132 0.99989087 0.00016283477 -0.014772404 -0.019002156 -0.00015660989 0.9999999 0.00042254159 -0.0059753608 0.014772471 -0.00042018197 0.99989079 0.51110187
133 0.99988846 0.00014655209 -0.014934538 -0.018926686 -0.00013948985 0.99999988 0.00047392022 -0.0060173709 0.014934605 -0.00047178414 0.99988836 0.50536609
134 0.99988533 0.00013059283 -0.015143216 -0.018997411 -0.000122848 0.99999986 0.00051236783 -0.0060457317 0.01514328 -0.00051044876 0.9998852 0.50153705
135 0.99987341 7.9566782e-05 -0.015910882 -0.018991092 -6.8970954e-05 0.99999978 0.00066649609 -0.0060654862 0.015910932 -0.00066531433 0.99987319 0.48514136
136 0.99985939 3.2793477e-07 -0.0167692 -0.01899717 1.3810317e-05 0.99999964 0.00084299251 -0.0061816219 0.016769194 -0.00084310556 0.99985903 0.46811178
137 0.99984924 1.3666742e-05 -0.017363477 -0.020108758 8.2740489e-07 0.99999965 0.00083474169 -0.0059780412 0.017363482 -0.00083463021 0.9998489 0.45962752
138 0.99984443 8.4280773e-05 -0.017638473 -0.021156093 -7.1425264e-05 0.99999973 0.00072946214 -0.0055851063 0.01763853 -0.00072808882 0.99984416 0.45971802
139 0.99985507 0.00025217853 -0.017022634 -0.022463961 -0.00024498298 0.99999988 0.00042478895 -0.0050270881 0.017022739 -0.00042055713 0.99985501 0.47842502
140 0.99988062 0.00043629332 -0.015445047 -0.021994216 -0.00043511554 0.9999999 7.9616279e-05 -0.0044389381 0.01544508 -7.2886395e-05 0.99988071 0.52385679
141 0.99990492 0.00030205476 -0.013786117 -0.018963221 -0.00030053295 0.99999995 0.00011245878 -0.005404635 0.01378615 -0.0001083049 0.99990496 0.54722907
142 0.99991974 0.00015944524 -0.012668364 -0.01769892 -0.00015699596 0.99999997 0.00019433214 -0.0064730206 0.012668394 -0.00019232766 0.99991973 0.54784535
143 0.99992441 0.00012490478 -0.01229494 -0.017259282 -0.00012225492 0.99999997 0.00021627575 -0.0067532372 0.012294966 -0.00021475628 0.99992439 0.54787671
144 0.99994002 8.9324368e-05 -0.010952503 -0.016141976 -8.8207154e-05 0.99999999 0.00010248844 -0.0071707101 0.010952512 -0.0001015162 0.99994001 0.57391948
145 0.99994695 2.9107542e-05 -0.01030047 -0.015342685 -2.7911248e-05 0.99999999 0.00011628349 -0.0076163076 0.010300474 -0.00011598982 0.99994694 0.57670711
146 0.99995973 -4.1273689e-05 -0.0089736752 -0.014012652 4.1732266e-05 1 5.0915286e-05 -0.0082146536 0.0089736731 -5.1287728e-05 0.99995973 0.59750984
147 0.99996851 -8.5577125e-05 -0.0079354731 -0.012898999 8.5479102e-05 1 -1.2691742e-05 -0.0086115582 0.0079354741 1.2013025e-05 0.99996851 0.6146955
148 0.99997334 -0.00013832865 -0.0073003093 -0.0120999 0.00013813427 0.99999999 -2.7130101e-05 -0.0089819082 0.0073003129 2.6120955e-05 0.99997335 0.62355348
149 0.99997543 -0.00020644399 -0.0070075725 -0.011595095 0.0002065632 0.99999998 1.6287857e-05 -0.0094022022 0.0070075689 -1.7734963e-05 0.99997545 0.62525064
150 0.99997828 -0.00022774725 -0.0065864841 -0.011006191 0.0002278556 0.99999997 1.5700866e-05 -0.0096617298 0.0065864804 -1.7201292e-05 0.99997831 0.63411611
151 0.99998143 -0.00024363472 -0.0060897639 -0.010345798 0.00024368265 0.99999997 7.129826e-06 -0.0099406721 0.006089762 -8.6136634e-06 0.99998146 0.64549769
152 0.99998385 -0.0002601076 -0.005676798 -0.0097651714 0.00026016511 0.99999997 9.393532e-06 -0.010236943 0.0056767953 -1.0870285e-05 0.99998389 0.65587141
153 0.99998227 -0.00028458996 -0.0059475488 -0.010012235 0.00028489624 0.99999996 5.0650346e-05 -0.010257669 0.0059475342 -5.2343882e-05 0.99998231 0.64512277
154 0.9999832 -0.00030729425 -0.0057878446 -0.0097989633 0.00030765263 0.99999995 6.1028506e-05 -0.010435093 0.0057878256 -6.2808126e-05 0.99998325 0.64842722
155 0.99998894 -0.00021511718 -0.0046982474 -0.0086285064 0.00021493573 0.99999998 -3.9124902e-05 -0.010658541 0.0046982557 3.8114648e-05 0.99998896 0.68947319
156 0.99999028 -0.0001466851 -0.0044059597 -0.0082794511 0.00014637456 0.99999999 -7.0805268e-05 -0.010695127 0.0044059701 7.0159659e-05 0.99999029 0.70533821
157 0.99999129 -0.00022491134 -0.0041673927 -0.0078978295 0.00022488614 0.99999997 -6.515852e-06 -0.011326709 0.0041673941 5.5786064e-06 0.99999132 0.70881944
158 0.99999171 -0.00028341826 -0.0040620369 -0.007726847 0.0002835826 0.99999996 3.9881125e-05 -0.011714341 0.0040620255 -4.1032717e-05 0.99999175 0.70820382
159 0.99999111 -0.00029727417 -0.0042049686 -0.0078102699 0.000297493 0.99999995 5.1415521e-05 -0.011677244 0.0042049532 -5.2666013e-05 0.99999116 0.70242072
160 0.99999226 -0.00027844804 -0.0039236778 -0.007655426 0.00027858543 0.99999996 3.4469362e-05 -0.01177977 0.0039236681 -3.5562175e-05 0.9999923 0.71309616
161 0.99999442 -0.00017351596 -0.0033375022 -0.0073720468 0.00017341237 0.99999998 -3.1327615e-05 -0.011792036 0.0033375076 3.0748676e-05 0.99999443 0.73991764
162 0.99999663 -8.4966078e-05 -0.0025950812 -0.0068291584 8.4784139e-05 0.99999999 -7.0219283e-05 -0.012121426 0.0025950871 6.9999025e-05 0.99999663 0.7722785
163 0.99999708 -0.00012059965 -0.0024148501 -0.0065415566 0.00012053825 0.99999999 -2.5569772e-05 -0.012619281 0.0024148532 2.5278616e-05 0.99999708 0.77793202
164 0.99999674 -0.00022738597 -0.0025431294 -0.0066092679 0.00022750695 0.99999997 4.7281179e-05 -0.013140401 0.0025431186 -4.7859604e-05 0.99999677 0.76710967
165 0.99999663 -0.00027982712 -0.0025796639 -0.0067281078 0.00028002443 0.99999996 7.6126755e-05 -0.013328223 0.0025796425 -7.6848867e-05 0.99999667 0.76158666
166 0.99999725 -0.00020780434 -0.0023374754 -0.00670213 0.00020786651 0.99999998 2.6354771e-05 -0.013117283 0.0023374698 -2.6840582e-05 0.99999727 0.77435177
167 0.9999969 -0.00018827351 -0.0024821805 -0.0066217066 0.00018832403 0.99999998 2.0122098e-05 -0.01294428 0.0024821766 -2.058949e-05 0.99999692 0.77134521
168 0.9999975 -0.00020761755 -0.0022265157 -0.006576083 0.00020768947 0.99999998 3.2072305e-05 -0.013279607 0.002226509 -3.2534649e-05 0.99999752 0.77902297
169 0.99999723 -0.00021540176 -0.0023432211 -0.0065882748 0.00021549914 0.99999998 4.1307126e-05 -0.013232116 0.0023432122 -4.1811974e-05 0.99999725 0.77454593
170 0.99999688 -0.00023922182 -0.0024848842 -0.0066311442 0.00023935593 0.99999997 5.3671111e-05 -0.01323958 0.0024848713 -5.4265715e-05 0.99999691 0.76812932
171 0.99999636 -0.00027748354 -0.0026840949 -0.0067429171 0.00027768609 0.99999996 7.5090492e-05 -0.01322255 0.002684074 -7.5835555e-05 0.99999639 0.7581342
172 0.99999641 -0.00024956306 -0.0026666334 -0.0068019676 0.00024969937 0.99999997 5.0784084e-05 -0.013039864 0.0026666206 -5.1449759e-05 0.99999644 0.76010869
173 0.99999678 -0.00020404821 -0.0025305379 -0.0067542447 0.00020410409 0.99999998 2.1827155e-05 -0.012917258 0.0025305334 -2.2343578e-05 0.9999968 0.7678293
174 0.99999673 -0.00019944196 -0.0025514621 -0.006692648 0.00019950124 0.99999998 2.2977136e-05 -0.012916655 0.0025514574 -2.3486081e-05 0.99999674 0.76791239
175 0.99999757 -0.00019131421 -0.0021948021 -0.006587065 0.00019135811 0.99999998 1.9793678e-05 -0.013193442 0.0021947983 -2.0213623e-05 0.99999759 0.78088131
176 0.99999727 -0.00019480168 -0.002327283 -0.0065428335 0.00019487019 0.99999998 2.9214124e-05 -0.013143586 0.0023272772 -2.9667562e-05 0.99999729 0.77659142
177 0.99999665 -0.00025758473 -0.0025761434 -0.0066346374 0.00025775747 0.99999996 6.6719669e-05 -0.013273028 0.0025761262 -6.7383466e-05 0.99999668 0.76391643
178 0.99999649 -0.00028567736 -0.0026326148 -0.0067624754 0.00028588471 0.99999996 7.8383547e-05 -0.013291891 0.0026325923 -7.9135896e-05 0.99999653 0.7591339
179 0.99999726 -0.00019693221 -0.0023325293 -0.0067064797 0.00019697467 0.99999998 1.7972235e-05 -0.013051804 0.0023325257 -1.8431635e-05 0.99999728 0.77511423
180 0.999997 -0.00017748044 -0.0024422141 -0.0065957725 0.00017751453 0.99999998 1.3740892e-05 -0.012922796 0.0024422116 -1.4174379e-05 0.99999702 0.77346325
181 0.99999723 -0.00021937074 -0.0023434186 -0.0065954967 0.00021946583 0.99999998 4.0321487e-05 -0.013251887 0.0023434097 -4.0835676e-05 0.99999725 0.77431085
182 0.99999757 -0.00021241534 -0.0021927728 -0.006585608 0.00021249747 0.99999998 3.7225633e-05 -0.013330314 0.0021927648 -3.7691502e-05 0.9999976 0.77977669
183 0.99999795 -0.00017829027 -0.0020148955 -0.0064201401 0.00017833995 0.99999998 2.447753e-05 -0.013317121 0.0020148911 -2.4836816e-05 0.99999797 0.78863989
184 0.99999805 -0.00019037269 -0.0019661928 -0.006353999 0.00019044811 0.99999998 3.8172415e-05 -0.013465102 0.0019661855 -3.8546798e-05 0.99999807 0.79009047
185 0.99999773 -0.00022561722 -0.0021184413 -0.0064413423 0.00022573524 0.99999997 5.5472097e-05 -0.013555805 0.0021184287 -5.5950178e-05 0.99999775 0.78258896
186 0.9999973 -0.00025954728 -0.0023092194 -0.0065674745 0.00025971522 0.99999996 7.2425484e-05 -0.013541501 0.0023092005 -7.3025028e-05 0.99999733 0.77325878
187 0.99999773 -0.00022349121 -0.0021173672 -0.0065803072 0.00022358556 0.99999997 4.4324001e-05 -0.013462534 0.0021173573 -4.4797313e-05 0.99999776 0.78175861
188 0.99999805 -0.00017666376 -0.0019661409 -0.0063956647 0.00017671841 0.99999998 2.762318e-05 -0.013344362 0.001966136 -2.797058e-05 0.99999807 0.79047258
189 0.99999801 -0.00018944008 -0.001987425 -0.0063359043 0.00018951508 0.99999998 3.754665e-05 -0.013455553 0.0019874179 -3.7923222e-05 0.99999802 0.78955576
190 0.99999872 -0.00020402927 -0.0015857975 -0.0062373695 0.00020413304 0.99999998 6.527189e-05 -0.013834482 0.0015857841 -6.559552e-05 0.99999874 0.80281631
191 0.99999968 -0.00025120033 0.0007652706 -0.0027622945 0.00025099689 0.99999993 0.00026591916 -0.015088059 -0.00076533735 -0.000265727 0.99999967 0.88923295
192 0.99999954 -0.00027391381 0.00092153453 -0.0027298411 0.00027360411 0.99999991 0.00033617613 -0.015296889 -0.00092162652 -0.00033592384 0.99999952 0.89803296
193 0.99999977 -0.00028796962 0.0006155795 -0.0024158771 0.00028773625 0.99999989 0.00037916232 -0.015149903 -0.00061568862 -0.00037898511 0.99999974 0.89361561
194 0.99999974 -0.00031536366 0.00064415349 -0.0029160579 0.00031510415 0.99999987 0.00040293229 -0.015231082 -0.00064428047 -0.00040272921 0.99999971 0.89589203
195 0.99999962 -0.00030055993 0.0008216681 -0.0023937916 0.00030024784 0.99999988 0.00037992837 -0.015242029 -0.00082178219 -0.00037968152 0.99999959 0.90063151
196 0.99999978 -0.00028648659 0.00059282802 -0.0023742926 0.00028626898 0.99999989 0.0003671238 -0.015128249 -0.00059293313 -0.00036695401 0.99999976 0.89264784
197 0.99999945 -0.0003163871 0.0010035396 -0.0024202815 0.0003159803 0.99999987 0.00040549818 -0.015328887 -0.0010036678 -0.00040518086 0.99999941 0.90822916
198 0.9999993 -0.00032193306 0.0011424431 -0.0024607218 0.00032146353 0.99999986 0.00041114112 -0.015430146 -0.0011425753 -0.00041077357 0.99999926 0.91355997
199 0.99999957 -0.00031020186 0.00087669086 -0.0024044405 0.00030984282 0.99999987 0.0004096511 -0.015300605 -0.00087681782 -0.00040937929 0.99999953 0.90474831
200 0.99999978 -0.00030535837 0.00058669438 -0.0027742179 0.00030512644 0.99999988 0.0003953716 -0.015187663 -0.00058681504 -0.0003951925 0.99999975 0.89412998
201 0.99999987 -0.00029616312 0.00042171431 -0.0031702454 0.00029600856 0.99999989 0.00036652413 -0.015142934 -0.00042182282 -0.00036639925 0.99999984 0.88558398
202 0.99999977 -0.00029207734 0.00060648886 -0.0026510289 0.0002918568 0.99999989 0.0003636758 -0.015155656 -0.00060659501 -0.00036349871 0.99999975 0.89196123
203 0.99999983 -0.00028351791 0.00051787361 -0.0026084676 0.00028333463 0.9999999 0.00035395552 -0.015114518 -0.00051797391 -0.00035380873 0.9999998 0.88879959
204 0.99999995 -0.00027751313 0.0001318426 -0.0036266252 0.00027746947 0.99999991 0.00033105776 -0.015034244 -0.00013193446 -0.00033102117 0.99999994 0.87305031
205 0.99999991 -0.00026868395 -0.00032139855 -0.0048385688 0.00026877654 0.99999992 0.00028806154 -0.014898362 0.00032132113 -0.0002881479 0.99999991 0.85218407
206 0.99999991 -0.00026120108 -0.00032329668 -0.0049523388 0.00026128415 0.99999993 0.00025692248 -0.014888749 0.00032322955 -0.00025700693 0.99999991 0.85010216
207 0.99999994 -0.00026376919 0.00022180576 -0.0035331704 0.00026370457 0.99999992 0.00029131628 -0.015008625 -0.00022188258 -0.00029125777 0.99999993 0.87333099
208 0.99999987 -0.00026383495 0.00042883339 -0.0026860299 0.00026370069 0.99999992 0.00031311855 -0.015055643 -0.00042891597 -0.00031300543 0.99999986 0.8831543
209 0.99999946 -0.00030770065 0.00099099409 -0.0024638976 0.00030731909 0.99999988 0.00038515902 -0.015333008 -0.00099111248 -0.00038485426 0.99999943 0.90559239
210 0.99999923 -0.0003243099 0.0012002272 -0.0024859891 0.00032381424 0.99999986 0.00041314406 -0.015460415 -0.001200361 -0.00041275509 0.99999919 0.91542826
211 0.99999928 -0.00032725135 0.0011573968 -0.0025032361 0.00032675562 0.99999985 0.00042847561 -0.015454139 -0.0011575369 -0.00042809712 0.99999924 0.91554309
212 0.99999948 -0.00032055208 0.0009691232 -0.0023923996 0.00032013888 0.99999986 0.0004264839 -0.01533551 -0.00096925977 -0.00042617342 0.99999944 0.90975612
213 0.99999994 -0.00029174419 0.00019368569 -0.0035033147 0.00029167395 0.99999989 0.0003626069 -0.015087281 -0.00019379145 -0.00036255038 0.99999992 0.87788795
214 0.99999975 -0.00027508664 -0.0006517786 -0.0055739034 0.00027526698 0.99999992 0.00027662589 -0.014843242 0.00065170246 -0.00027680523 0.99999975 0.83729384
215 0.99999991 -0.00027021885 -0.00031667906 -0.0052170517 0.0002702992 0.99999993 0.00025372563 -0.014926603 0.00031661048 -0.00025381121 0.99999992 0.84903801
216 0.99999996 -0.00023694881 -0.00016917224 -0.0042168269 0.00023698787 0.99999995 0.00023093929 -0.014847816 0.00016911751 -0.00023097937 0.99999996 0.85663146
217 0.99999997 -0.00024811087 7.9488087e-06 -0.0038050232 0.00024810872 0.99999993 0.00026930594 -0.014919619 -8.0156259e-06 -0.00026930396 0.99999996 0.86489615
218 0.99999986 -0.00027727591 0.00044684094 -0.0029613931 0.00027712823 0.99999991 0.00033053441 -0.015085654 -0.00044693254 -0.00033041053 0.99999985 0.88390227
219 0.99999996 -0.00026056365 8.7936876e-05 -0.0034742064 0.00026053704 0.99999992 0.00030245808 -0.014972973 -8.8015679e-05 -0.00030243515 0.99999995 0.87040682
220 0.99999991 -0.00028434511 0.00030283227 -0.0034865535 0.00028424228 0.9999999 0.00033956333 -0.015084852 -0.00030292879 -0.00033947722 0.9999999 0.8788288
221 0.99999996 -0.00026256054 -8.3509321e-05 -0.004069807 0.00026258505 0.99999992 0.00029361682 -0.014931439 8.3432223e-05 -0.00029363874 0.99999995 0.8628655
222 0.99999986 -0.00025315563 -0.00045946033 -0.0050338616 0.00025327118 0.99999994 0.00025145365 -0.014826871 0.00045939665 -0.00025156998 0.99999986 0.84503406
223 0.99999942 -0.00025741666 -0.0010474769 -0.0060633054 0.00025761793 0.99999995 0.00019201753 -0.0146348 0.0010474275 -0.00019228727 0.99999943 0.81900609
224 0.99999928 -0.00025114241 -0.0011742427 -0.0061267219 0.00025131633 0.99999996 0.00014796085 -0.014492549 0.0011742055 -0.00014825585 0.9999993 0.81503004
225 0.99999951 -0.00022911311 -0.00096562673 -0.0058284259 0.00022923872 0.99999997 0.0001299783 -0.014488831 0.00096559692 -0.00013019959 0.99999953 0.82409304
226 0.99999896 -0.00021820038 -0.0014235742 -0.0059195503 0.00021834502 0.99999997 0.00010144906 -0.014156034 0.0014235521 -0.00010175979 0.99999898 0.80934851
227 0.99999875 -0.0002572943 -0.0015586089 -0.0062544729 0.00025746364 0.99999996 0.00010845273 -0.014262428 0.001558581 -0.00010885388 0.99999878 0.80136127
228 0.99999941 -0.00022415478 -0.0010623946 -0.0059853459 0.00022427349 0.99999997 0.00011161836 -0.01435225 0.0010623695 -0.00011185657 0.99999943 0.82046545
229 0.9999994 -0.00018369789 -0.0010775318 -0.0055847838 0.00018381112 0.99999998 0.00010499294 -0.014131089 0.0010775125 -0.00010519094 0.99999941 0.82288159
230 0.99999908 -0.00023046769 -0.001337558 -0.0059067531 0.00023061575 0.99999997 0.00011054206 -0.014305509 0.0013375325 -0.00011085042 0.9999991 0.81183515
231 0.99999897 -0.00025353221 -0.0014125516 -0.0062226154 0.00025369968 0.99999996 0.00011838236 -0.01433468 0.0014125215 -0.00011874061 0.999999 0.80662916
232 0.99999889 -0.00022912699 -0.0014700804 -0.0061568632 0.00022926477 0.99999997 9.3558185e-05 -0.014127663 0.0014700589 -9.3895119e-05 0.99999892 0.80611443
233 0.99999897 -0.00021373179 -0.001419072 -0.0060651043 0.00021385729 0.99999997 8.8288599e-05 -0.014069802 0.0014190531 -8.8591987e-05 0.99999899 0.80889663
234 0.99999837 -0.00023151972 -0.0017920839 -0.0062385291 0.00023166162 0.99999997 7.8978855e-05 -0.013923985 0.0017920656 -7.9393883e-05 0.99999839 0.79468927
235 0.99999828 -0.00025021253 -0.0018396115 -0.0063903979 0.00025035547 0.99999997 7.7471514e-05 -0.013958913 0.001839592 -7.7931937e-05 0.9999983 0.79121587
236 0.99999756 -0.00025336223 -0.002196132 -0.0065035943 0.00025352534 0.99999997 7.3991798e-05 -0.013635369 0.0021961132 -7.4548393e-05 0.99999759 0.7779162
237 0.99999744 -0.0002490675 -0.0022494743 -0.0065753426 0.00024920955 0.99999997 6.2869113e-05 -0.013520868 0.0022494586 -6.3429543e-05 0.99999747 0.77588048
238 0.99999752 -0.00022242022 -0.0022157608 -0.006591602 0.00022251978 0.99999997 4.4684922e-05 -0.013371992 0.0022157508 -4.5177862e-05 0.99999754 0.77839283
239 0.99999695 -0.00022327989 -0.002458917 -0.0066005712 0.00022339297 0.99999997 4.571483e-05 -0.013184422 0.0024589067 -4.6263995e-05 0.99999698 0.7701722
240 0.99999684 -0.00025710676 -0.0025008857 -0.0066804577 0.00025726473 0.99999996 6.2845453e-05 -0.013297355 0.0025008694 -6.3488644e-05 0.99999687 0.76608973
241 0.99999557 -0.0002965864 -0.0029616759 -0.0068127784 0.00029684457 0.99999995 8.6731383e-05 -0.013062262 0.00296165 -8.7610156e-05 0.99999561 0.74717437
242 0.99999545 -0.00029630651 -0.0030018785 -0.0069245762 0.00029653592 0.99999995 7.5977202e-05 -0.012941878 0.0030018558 -7.6867021e-05 0.99999549 0.74503112
243 0.99999457 -0.00028968375 -0.00328145 -0.0070634333 0.00028991358 0.99999996 6.9564988e-05 -0.012617434 0.0032814297 -7.0515948e-05 0.99999461 0.73558155
244 0.99999446 -0.00027383689 -0.0033176034 -0.0071214865 0.00027401369 0.99999996 5.283612e-05 -0.01247814 0.0033175888 -5.3744896e-05 0.9999945 0.73528199
245 0.99999383 -0.00029245373 -0.0035006844 -0.0072111024 0.00029268254 0.99999996 6.4851872e-05 -0.012387695 0.0035006653 -6.5876061e-05 0.99999387 0.72761119
246 0.9999937 -0.00028493703 -0.003537873 -0.007266624 0.00028513442 0.99999996 5.5288183e-05 -0.012290829 0.0035378571 -5.6296604e-05 0.99999374 0.72668968
247 0.99999383 -0.00026891388 -0.003502918 -0.0072866499 0.00026906718 0.99999996 4.3291226e-05 -0.012219173 0.0035029062 -4.4233479e-05 0.99999386 0.72873051
248 0.99999208 -0.0003196526 -0.0039661459 -0.0074856035 0.00031997038 0.99999995 7.9487079e-05 -0.01209124 0.0039661203 -8.0755499e-05 0.99999213 0.70986202
249 0.99999353 -0.00029694788 -0.0035859485 -0.0073804312 0.00029714337 0.99999995 5.3984388e-05 -0.012213723 0.0035859323 -5.504958e-05 0.99999357 0.72339422
250 0.9999928 -0.00025531583 -0.0037862599 -0.0074960662 0.00025543248 0.99999997 3.0325037e-05 -0.011867524 0.003786252 -3.1291953e-05 0.99999283 0.71990968
251 0.9999933 -0.00025116019 -0.003650824 -0.0073964763 0.0002512551 0.99999997 2.5538083e-05 -0.011990192 0.0036508175 -2.64552e-05 0.99999334 0.72505292
252 0.99999423 -0.00024081488 -0.0033878483 -0.0072829905 0.00024089158 0.99999997 2.2231239e-05 -0.012151887 0.0033878428 -2.3047215e-05 0.99999426 0.7342332
253 0.99999438 -0.00020757695 -0.0033471371 -0.0072088153 0.00020759325 0.99999998 4.5199633e-06 -0.012084693 0.0033471361 -5.214781e-06 0.9999944 0.73856327
254 0.99999458 -0.0002396335 -0.0032830838 -0.0071300126 0.00023973112 0.99999997 2.9343146e-05 -0.012332536 0.0032830767 -3.0130044e-05 0.99999461 0.73878538
255 0.99999429 -0.00027017147 -0.00336953 -0.007147797 0.00027034503 0.99999996 5.1054514e-05 -0.012410969 0.0033695161 -5.1965158e-05 0.99999432 0.73374716
