3 0.99984537 0.0025748371 0.017395969 0.011696136 -0.0025738718 0.99999664 -7.7879795e-05 -0.026315588 -0.017396111 3.3093404e-05 0.9998487 0.93331037
4 0.9979008 0.0031409228 0.06468494 0.076748575 -0.0031641568 0.99999492 0.00025674688 -0.04059101 -0.064683808 -0.0004608806 0.99790573 1.614357
5 0.99411259 0.0029012638 0.10831322 0.17024949 -0.0029214046 0.99999569 2.7269504e-05 -0.053577002 -0.10831268 -0.00034353506 0.99411684 2.2782699
6 0.9885384 0.0021862259 0.15095383 0.29577458 -0.0022507466 0.99999739 0.00025656301 -0.063182668 -0.15095288 -0.0005933806 0.9885408 2.9410765
7 0.98083464 0.0025767808 0.194825 0.45285169 -0.0027239213 0.99999613 0.00048733674 -0.073387955 -0.194823 -0.0010086842 0.98083792 3.6096914
8 0.97029591 0.003279878 0.24189895 0.63482497 -0.0034122271 0.99999413 0.00012819859 -0.092074913 -0.24189712 -0.00094980412 0.97030146 4.2652191
9 0.9584859 0.0037142741 0.28511576 0.8559018 -0.0040384922 0.99999165 0.00054923166 -0.10254986 -0.28511135 -0.001677868 0.95849296 4.9237864
10 0.94398711 0.0047577464 0.32994803 1.1048361 -0.0050179863 0.99998736 -6.2955221e-05 -0.11791086 -0.32994418 -0.0015962452 0.94399912 5.5747373
11 0.92703698 0.005645649 0.37492742 1.3851604 -0.0060164252 0.99998184 -0.0001816299 -0.13551082 -0.37492166 -0.0020873447 0.92705417 6.2158981
12 0.90791917 0.0068128566 0.41908993 1.702261 -0.0074633585 0.9999721 -8.7189916e-05 -0.15303644 -0.41907886 -0.0030486565 0.90794475 6.8570282
13 0.88659707 0.0077607377 0.46247748 2.0451769 -0.0084681582 0.99996395 -0.00054621876 -0.17331776 -0.46246507 -0.0034320561 0.88663088 7.4790248
14 0.86325794 0.0078702765 0.50470169 2.4197883 -0.0086841212 0.99996197 -0.0007397256 -0.19343411 -0.50468835 -0.0037443163 0.86329351 8.0847306
15 0.83852959 0.0079841573 0.54479756 2.8248349 -0.00898068 0.99995928 -0.00083199046 -0.21029996 -0.54478205 -0.0041950036 0.83856721 8.6703519
16 0.81231812 0.0081720232 0.58315735 3.2476158 -0.0089682863 0.99995858 -0.0015203161 -0.23110601 -0.58314566 -0.0039949414 0.81235782 9.2317404
17 0.78486236 0.0085420439 0.61961126 3.70398 -0.0095227505 0.99995313 -0.0017230081 -0.25159857 -0.61959698 -0.0045480789 0.78490697 9.7836913
18 0.75382593 0.010181323 0.65699529 4.1833706 -0.011570826 0.99993055 -0.0022195408 -0.27212847 -0.6569723 -0.0059288304 0.75389143 10.310465
19 0.72411069 0.011465187 0.68958848 4.7033048 -0.01348188 0.99990603 -0.0024677563 -0.29527547 -0.68955201 -0.0075100205 0.72419726 10.843903
20 0.69394429 0.01218981 0.7199255 5.2553177 -0.014745707 0.99988754 -0.0027165863 -0.31631949 -0.7198777 -0.0087306508 0.69404605 11.357978
21 0.66466363 0.012864421 0.74703197 5.8270511 -0.015731643 0.99987102 -0.0032214292 -0.33753551 -0.74697711 -0.0096108732 0.66478032 11.850074
22 0.63646318 0.013451815 0.77118978 6.4212805 -0.016711995 0.99985365 -0.0036479702 -0.35935471 -0.77112604 -0.010566321 0.63659487 12.325848
23 0.60623657 0.014329021 0.79515527 7.0332777 -0.018328364 0.9998238 -0.0040434515 -0.38069401 -0.79507316 -0.012122607 0.60639241 12.778985
24 0.57482796 0.015177067 0.81813353 7.6741933 -0.01999134 0.99978998 -0.0045008527 -0.40188844 -0.81803007 -0.01376837 0.57501068 13.215629
25 0.54247614 0.01570294 0.83992444 8.3357827 -0.021172892 0.9997632 -0.0050164428 -0.42347096 -0.83980437 -0.015062329 0.5426802 13.628333
26 0.51124263 0.015848874 0.85929028 9.0122546 -0.021860325 0.99974622 -0.0054334625 -0.44532251 -0.85915838 -0.016006548 0.51145939 14.015729
27 0.48131524 0.016400321 0.87639413 9.6943008 -0.023205227 0.99971289 -0.0059637354 -0.46679008 -0.87624037 -0.017466488 0.48155765 14.376393
28 0.45195666 0.016894832 0.8918799 10.39116 -0.024372615 0.9996812 -0.0065861788 -0.48732028 -0.8917069 -0.018760778 0.45222438 14.714965
29 0.42272923 0.017249238 0.90609186 11.10497 -0.025397069 0.9996516 -0.0071815513 -0.51011913 -0.90590012 -0.019976226 0.42302006 15.036365
30 0.39645856 0.017657237 0.9178828 11.848561 -0.026926718 0.99960848 -0.0075990046 -0.5362742 -0.91765767 -0.021702882 0.39677882 15.351591
31 0.37009563 0.018205465 0.92881526 12.623258 -0.028595427 0.9995574 -0.0081979328 -0.56340873 -0.92855348 -0.023525851 0.37045244 15.654203
32 0.34464443 0.018460577 0.93855177 13.417895 -0.029702704 0.99952041 -0.0087526899 -0.58915036 -0.93826329 -0.02486096 0.34502749 15.93685
33 0.32310797 0.018405932 0.94618311 14.221838 -0.030386772 0.99949705 -0.0090663918 -0.61373959 -0.94587416 -0.025822028 0.32350478 16.201887
34 0.30157525 0.01849952 0.95326289 15.024531 -0.031168791 0.9994686 -0.0095356214 -0.64040538 -0.9529328 -0.026836346 0.30199162 16.449148
35 0.28023122 0.018889813 0.95974666 15.844369 -0.032757871 0.99941218 -0.010105721 -0.66993592 -0.95937346 -0.02860732 0.2806853 16.68503
36 0.25949847 0.01907079 0.9655552 16.677626 -0.033908817 0.9993684 -0.01062545 -0.69895058 -0.96514806 -0.029983548 0.25998126 16.90442
37 0.24136852 0.019046965 0.97024659 17.532202 -0.034862899 0.99933212 -0.010945092 -0.72718876 -0.96980712 -0.03118381 0.24187137 17.111619
38 0.22530564 0.019114704 0.97410061 18.399184 -0.035950719 0.9992897 -0.011293728 -0.75624638 -0.97362465 -0.032475078 0.22583281 17.30851
39 0.21186974 0.019047433 0.97711228 19.298797 -0.036681169 0.99926051 -0.011525511 -0.78800864 -0.97660931 -0.033399716 0.21241176 17.503239
40 0.20091869 0.019078285 0.97942213 20.234685 -0.037477379 0.99922804 -0.011775977 -0.82171103 -0.97889078 -0.034340162 0.20147861 17.695876
41 0.19492588 0.019016376 0.98063361 21.201172 -0.037795246 0.99921503 -0.011863939 -0.85429724 -0.98008952 -0.034750701 0.19549162 17.887902
42 0.1936584 0.018808141 0.98088872 22.206139 -0.037515818 0.99922687 -0.011752961 -0.88585147 -0.98035148 -0.034522784 0.1942143 18.086203
43 0.19342649 0.01872609 0.98093605 23.229738 -0.037545161 0.99922672 -0.011671893 -0.91892508 -0.98039614 -0.03457175 0.19398 18.29089
44 0.19342827 0.018624448 0.98093763 24.256611 -0.037578335 0.99922675 -0.011561729 -0.95176586 -0.98039452 -0.034625639 0.19397859 18.496618
45 0.19388168 0.018606194 0.98084846 25.288446 -0.037841548 0.99921782 -0.011474615 -0.98479691 -0.98029483 -0.034892108 0.19443413 18.704398
46 0.1942583 0.018541525 0.98077517 26.324113 -0.038018708 0.99921241 -0.011359864 -1.0177586 -0.98021341 -0.035081058 0.19481025 18.913239
47 0.1948606 0.018476898 0.9806569 27.37372 -0.038235039 0.99920564 -0.01122892 -1.0510752 -0.98008544 -0.035307383 0.19541229 19.126007
48 0.19567853 0.018418734 0.98049511 28.426184 -0.03850821 0.99919675 -0.011084919 -1.0841675 -0.97991177 -0.035588033 0.19623064 19.340431
49 0.19669974 0.018296893 0.98029304 29.485108 -0.038687689 0.999192 -0.010886797 -1.1167669 -0.97970022 -0.035783844 0.19724868 19.557455
50 0.19760361 0.018025591 0.98011627 30.564782 -0.038665205 0.99919615 -0.010581109 -1.1484736 -0.9795192 -0.035805533 0.19814174 19.778394
51 0.19867986 0.017801538 0.97990276 31.651789 -0.038720925 0.99919692 -0.010301199 -1.1802741 -0.97929926 -0.035896102 0.19920961 20.002508
52 0.19960776 0.017442046 0.97972063 32.756937 -0.038617534 0.99920477 -0.0099210083 -1.2110681 -0.97911464 -0.035854087 0.20012261 20.230091
53 0.20048706 0.017213694 0.97954512 33.86196 -0.0386577 0.9992059 -0.0096469845 -1.2431778 -0.97893338 -0.035932867 0.20099331 20.460016
54 0.20130796 0.017005405 0.97938038 34.982965 -0.038797309 0.99920308 -0.0093749539 -1.2754466 -0.97875938 -0.036110072 0.20180731 20.694162
55 0.20220607 0.016908377 0.97919703 36.118901 -0.039124115 0.9991922 -0.0091744412 -1.3091247 -0.97856122 -0.036455091 0.20270426 20.933833
56 0.20296849 0.016741369 0.97904215 37.27337 -0.039372088 0.99918473 -0.0089234433 -1.3424583 -0.97839342 -0.036735757 0.20346217 21.177583
57 0.20405799 0.016687207 0.97881657 38.429262 -0.039780047 0.99917018 -0.00874109 -1.3766674 -0.97815026 -0.037153682 0.20455249 21.424597
58 0.20488621 0.016479811 0.97864706 39.595631 -0.039945041 0.999166 -0.0084625794 -1.4089373 -0.97797039 -0.037358233 0.20537364 21.672626
59 0.20591571 0.016355159 0.97843305 40.763094 -0.040219465 0.99915687 -0.0082372013 -1.442238 -0.97774289 -0.037655887 0.2063999 21.923768
60 0.2067884 0.016153703 0.97825233 41.949412 -0.040470744 0.9991491 -0.0079438375 -1.4745821 -0.97754832 -0.037947908 0.20726621 22.178795
61 0.20773889 0.01603109 0.97805294 43.147465 -0.040806835 0.99913727 -0.0077092887 -1.5081655 -0.9773328 -0.038309727 0.20821386 22.43886
62 0.20861696 0.015873458 0.9778686 44.348432 -0.041111847 0.99912675 -0.007447798 -1.5408255 -0.97713296 -0.038648249 0.20908738 22.69982
63 0.20927669 0.01570205 0.97773039 45.560026 -0.041360124 0.99911837 -0.0071926755 -1.5737514 -0.9769814 -0.038933793 0.20974164 22.963927
64 0.20992985 0.015554268 0.97759272 46.808438 -0.041747504 0.9991041 -0.006931604 -1.6072519 -0.97682478 -0.039356907 0.21039114 23.237185
65 0.21036414 0.015396255 0.97750186 48.090543 -0.042186089 0.99908754 -0.0066575487 -1.6412165 -0.9767125 -0.039836473 0.21082171 23.518095
66 0.21092875 0.015347021 0.97738096 49.381941 -0.042753234 0.99906473 -0.0064609216 -1.6766622 -0.97656606 -0.040423404 0.21138762 23.803134
67 0.21119663 0.015255385 0.97732454 50.68806 -0.043209068 0.99904641 -0.006257111 -1.7117402 -0.9764881 -0.040907804 0.21165442 24.090554
68 0.21122582 0.015106553 0.97732055 52.016327 -0.043527441 0.99903396 -0.0060347037 -1.7470325 -0.97646764 -0.041265579 0.21167933 24.382451
69 0.21122121 0.014842252 0.97732559 53.39079 -0.043622853 0.99903151 -0.0057440484 -1.7821956 -0.97646438 -0.041420468 0.21166412 24.683121
70 0.2110842 0.014446905 0.97736112 54.887191 -0.043222099 0.99905067 -0.0054326784 -1.820729 -0.97651183 -0.041096848 0.21150825 25.009436
71 0.21092399 0.014008874 0.97740208 56.483662 -0.042472635 0.99908429 -0.0051540189 -1.8632811 -0.97657933 -0.040425737 0.21132586 25.358279
72 0.21113122 0.013725742 0.97736135 58.14867 -0.04179825 0.99911351 -0.0050018943 -1.9110515 -0.97656365 -0.039795941 0.21151778 25.726363
73 0.2111207 0.013377181 0.97736846 59.82493 -0.041138829 0.99914192 -0.0047888226 -1.9571898 -0.97659392 -0.039196776 0.21148988 26.095137
74 0.2115575 0.013188217 0.97727657 61.524066 -0.040684651 0.99916105 -0.0046762704 -2.0061219 -0.97651842 -0.038770858 0.21191659 26.47244
75 0.21166752 0.012796214 0.97725796 63.255194 -0.039687789 0.99920201 -0.0044874406 -2.0547666 -0.9765356 -0.037835365 0.21200648 26.855174
76 0.21174969 0.012381782 0.9772455 65.007971 -0.038634307 0.99924417 -0.0042892199 -2.1036384 -0.97656003 -0.036846964 0.21206802 27.242643
77 0.21101861 0.012653015 0.97740015 66.819633 -0.036764574 0.9993114 -0.0049992756 -2.1604236 -0.97679044 -0.034878761 0.2113385 27.64006
78 0.21024235 0.013217872 0.97755995 68.657335 -0.034877364 0.99937347 -0.0060117965 -2.2224911 -0.977027 -0.032830782 0.21057165 28.04272
79 0.20854676 0.014185983 0.97790951 70.549444 -0.032192651 0.99945249 -0.0076331638 -2.2932254 -0.97748244 -0.02988963 0.20888928 28.451444
80 0.2087255 0.013895734 0.97787554 72.31172 -0.031441458 0.99947747 -0.0074915866 -2.3492929 -0.97746874 -0.029182149 0.20905335 28.836725
81 0.2082124 0.014230264 0.97798011 74.172231 -0.030076999 0.99951439 -0.0081401963 -2.4187341 -0.9776211 -0.027719819 0.20853931 29.244945
82 0.20720131 0.013036715 0.97821146 76.143379 -0.029946769 0.9995271 -0.0069775713 -2.4848242 -0.97783989 -0.027848512 0.20749374 29.673287
83 0.20530879 0.010550825 0.97864038 78.305512 -0.031083273 0.9995077 -0.0042548433 -2.5529161 -0.97820354 -0.029545791 0.20553569 30.140565
84 0.20218965 0.0046974424 0.97933512 80.730301 -0.035256461 0.99937516 0.0024853434 -2.6051007 -0.97871159 -0.035030403 0.20222894 30.655821
85 0.19873743 -0.00051786381 0.98005264 83.179472 -0.038865583 0.99920902 0.0084092426 -2.6463453 -0.97928185 -0.039761551 0.19856012 31.165371
86 0.1956191 -0.0071980043 0.98065354 85.662521 -0.043325606 0.99893324 0.015974695 -2.6652859 -0.97972246 -0.045612366 0.19509857 31.678369
87 0.19209757 -0.012941732 0.9812905 88.162804 -0.047262773 0.99863075 0.022422591 -2.6720931 -0.98023711 -0.050685838 0.19122289 32.182129
88 0.18710693 -0.018683049 0.98216187 90.798546 -0.050729005 0.99830126 0.028654197 -2.6696236 -0.98102885 -0.055185496 0.18584132 32.696908
89 0.18125905 -0.024430976 0.98313188 93.538152 -0.054381589 0.99791272 0.034824561 -2.6521159 -0.98193067 -0.059776543 0.17955213 33.210496
90 0.17509088 -0.031393823 0.98405163 96.347093 -0.058424127 0.99739883 0.042214954 -2.6111309 -0.9828173 -0.064883815 0.1728013 33.720003
91 0.16774464 -0.037242041 0.98512678 99.200937 -0.061089039 0.99697302 0.048091951 -2.5625825 -0.98393593 -0.068247619 0.16496181 34.213144
92 0.16120688 -0.043988105 0.98593985 102.01345 -0.064541058 0.99639778 0.055007526 -2.4878031 -0.98480802 -0.072501197 0.15778715 34.67981
93 0.15450676 -0.049301514 0.98676088 104.80999 -0.067336761 0.99590629 0.060302018 -2.4055886 -0.98569441 -0.075762355 0.15055446 35.122443
94 0.14682525 -0.054448365 0.98766276 107.69604 -0.069738933 0.99542937 0.065243867 -2.3121465 -0.986701 -0.078457999 0.142357 35.554771
95 0.1396281 -0.060533149 0.98835203 110.58865 -0.073178554 0.99476942 0.071264394 -2.193611 -0.9874963 -0.082276689 0.13446804 35.963578
96 0.13034214 -0.06500309 0.9893359 113.58988 -0.07473771 0.9943652 0.075180011 -2.0743113 -0.98864819 -0.083739828 0.12474951 36.355025
97 0.12158684 -0.070701039 0.9900596 116.61661 -0.077305335 0.9937556 0.080458657 -1.9320777 -0.98956585 -0.086319608 0.11536205 36.723731
98 0.11194902 -0.075510672 0.99084083 119.67133 -0.079091873 0.99326827 0.084631768 -1.7811053 -0.99056142 -0.087841906 0.10522314 37.060617
99 0.10303929 -0.08221355 0.99127385 122.72375 -0.08174879 0.99250692 0.090813305 -1.6035431 -0.9913123 -0.090392781 0.095546354 37.37386
100 0.093514721 -0.087376071 0.9917764 125.7691 -0.083802228 0.99191577 0.095290072 -1.4197515 -0.99208479 -0.092024102 0.085436424 37.650903
101 0.083931265 -0.092438407 0.99217473 128.78307 -0.085343564 0.99136258 0.099582229 -1.2237731 -0.99281018 -0.093033795 0.075317299 37.893227
102 0.076246689 -0.098159564 0.99224551 131.70377 -0.088304155 0.99056733 0.10477906 -1.0094518 -0.99317111 -0.095608463 0.066859588 38.105377
103 0.067610612 -0.10286114 0.99239528 134.67848 -0.09048062 0.98994042 0.10877102 -0.78907858 -0.99360058 -0.097146621 0.057623544 38.294905
104 0.059050352 -0.10801557 0.99239392 137.66564 -0.092889774 0.98922078 0.11319741 -0.5521657 -0.99392383 -0.0988676 0.048380298 38.457679
105 0.049948157 -0.11289902 0.99235024 140.67566 -0.095035964 0.9885447 0.11724953 -0.30324888 -0.99421999 -0.10016537 0.038646522 38.590336
106 0.040129952 -0.11756923 0.99225353 143.73418 -0.096581935 0.98794701 0.12096505 -0.045674231 -0.99451574 -0.10068809 0.028291205 38.697495
107 0.028791705 -0.12055353 0.99228922 146.85627 -0.097203892 0.98765819 0.12281132 0.21218264 -0.99484797 -0.099990327 0.016718094 38.765333
108 0.022340765 -0.1312075 0.99110317 149.80332 -0.10153742 0.98592662 0.13281099 0.53403184 -0.99458086 -0.10360116 0.0087038861 38.80919
109 0.0092116183 -0.13228075 0.99116949 152.76161 -0.099500255 0.98617097 0.13253838 0.80497972 -0.99499492 -0.099842515 -0.0040777367 38.798943
110 -0.0019032335 -0.13297522 0.99111754 155.72653 -0.098153549 0.98635827 0.1321482 1.0647415 -0.99516948 -0.0970302 -0.014929259 38.773683
111 -0.012113038 -0.13316879 0.99101935 158.67418 -0.09895777 0.98638631 0.13133668 1.3270034 -0.99501793 -0.096478184 -0.025126221 38.708742
112 -0.025453217 -0.13085794 0.99107434 161.83975 -0.098096846 0.9869377 0.12779238 1.568997 -0.99485134 -0.093968544 -0.037957491 38.604032
113 -0.039158347 -0.12940111 0.99081884 165.1469 -0.097228587 0.98736749 0.12510777 1.8241399 -0.99449146 -0.091436908 -0.051245168 38.434928
114 -0.052691523 -0.12937546 0.99019473 168.40959 -0.096813777 0.98756306 0.12387983 2.0849435 -0.99390681 -0.08933708 -0.064561531 38.22103
115 -0.06703297 -0.12705451 0.98962808 171.73341 -0.096192251 0.98806163 0.12033777 2.3144179 -0.99310305 -0.087127959 -0.078454369 37.967756
116 -0.079140907 -0.12867822 0.98852346 175.03785 -0.097549117 0.98787414 0.12078394 2.5671488 -0.99207909 -0.086870645 -0.090733707 37.681278
117 -0.091720407 -0.1299914 0.9872637 178.33764 -0.098501046 0.98776471 0.12090626 2.8214997 -0.99090108 -0.086156941 -0.10340248 37.347303
118 -0.10564422 -0.13259663 0.98552394 181.74519 -0.098297941 0.98760841 0.12233994 3.0876341 -0.98953366 -0.083950473 -0.1173691 36.961925
119 -0.11949642 -0.13496141 0.98361884 185.1661 -0.098523648 0.98743947 0.12351634 3.3594138 -0.98793408 -0.082149961 -0.13129238 36.522319
120 -0.13269699 -0.13769292 0.98154581 188.59277 -0.098752136 0.98721252 0.12513738 3.6413653 -0.98622491 -0.080324397 -0.14459761 36.033128
121 -0.14534097 -0.14105576 0.97927487 191.96757 -0.099509476 0.98684985 0.12737798 3.9318481 -0.98436472 -0.078933895 -0.15746611 35.507315
122 -0.15790334 -0.14392234 0.97690987 195.34404 -0.099884307 0.9865749 0.12920137 4.2267971 -0.98238979 -0.077176641 -0.17015907 34.935471
123 -0.17256179 -0.14475811 0.97430361 198.7382 -0.099683039 0.98663019 0.12893438 4.5114622 -0.97994171 -0.074872401 -0.18468461 34.303768
124 -0.18522893 -0.14752083 0.9715595 202.10283 -0.10042961 0.98633311 0.13061702 4.813895 -0.97755009 -0.073379295 -0.19751289 33.631498
125 -0.19871717 -0.14959469 0.96857262 205.49084 -0.10081613 0.98615939 0.13162701 5.1174187 -0.97485775 -0.0714912 -0.21104838 32.904899
126 -0.21235309 -0.15139812 0.96539359 208.87948 -0.10073558 0.98605343 0.13247977 5.4225234 -0.97198691 -0.069116993 -0.22464268 32.129529
127 -0.22536448 -0.15375035 0.96206636 212.21184 -0.10140636 0.98580773 0.13379003 5.7326829 -0.96898279 -0.067408132 -0.23775733 31.319144
128 -0.2395073 -0.15460491 0.95850591 215.56725 -0.1014372 0.98582163 0.13366419 6.036042 -0.96558106 -0.065214607 -0.25179418 30.449851
129 -0.25181651 -0.15751508 0.95487038 218.87073 -0.10245488 0.98545994 0.13554193 6.3549481 -0.96233647 -0.063699443 -0.26429328 29.550612
130 -0.26484477 -0.15971477 0.95097237 222.14845 -0.10343108 0.98520373 0.13665845 6.6723046 -0.95872796 -0.062166824 -0.27744555 28.608967
131 -0.27806903 -0.16145986 0.94689405 225.44458 -0.10386491 0.98504602 0.13746393 6.9909871 -0.95492918 -0.060124605 -0.29068082 27.614475
132 -0.2895545 -0.16464611 0.9428944 228.68139 -0.10512034 0.98460552 0.13964809 7.3256109 -0.95137161 -0.05868165 -0.30240464 26.590282
133 -0.30220853 -0.16682248 0.93853091 231.9223 -0.10583743 0.98435213 0.14088731 7.6597246 -0.94734813 -0.056754356 -0.31513569 25.515847
134 -0.31504709 -0.16841542 0.93401369 235.16076 -0.10618344 0.98420547 0.14164952 7.9943231 -0.94311741 -0.05455052 -0.32795402 24.393
135 -0.3279544 -0.17011103 0.92925139 238.35845 -0.10724277 0.98399895 0.14228479 8.3306364 -0.93858667 -0.052992574 -0.34094999 23.231336
136 -0.33927268 -0.17328702 0.92458946 241.5316 -0.10846408 0.98353707 0.14453475 8.6819606 -0.93441406 -0.051248056 -0.35248269 22.037736
137 -0.35177751 -0.17506024 0.91956865 244.70584 -0.10906849 0.98333155 0.14547518 9.0290642 -0.92970785 -0.049121072 -0.36500751 20.794396
138 -0.36387344 -0.1766389 0.91454624 247.87358 -0.10906669 0.98317955 0.14650029 9.38111 -0.92504087 -0.046438971 -0.37701837 19.504843
139 -0.37549464 -0.1786409 0.90944555 251.01162 -0.10958825 0.98292297 0.14782682 9.7400665 -0.92032289 -0.044156366 -0.38865928 18.178206
140 -0.38743445 -0.18016617 0.90412096 254.1656 -0.10974153 0.98275753 0.14880975 10.102516 -0.91534222 -0.041565591 -0.40052586 16.796235
141 -0.39903814 -0.18203648 0.89868309 257.27818 -0.11009199 0.98251687 0.15013414 10.470543 -0.91030124 -0.039028565 -0.41210249 15.383107
142 -0.41196183 -0.18280466 0.8926757 260.37986 -0.11056002 0.98245909 0.1501683 10.830885 -0.90446889 -0.036830641 -0.42494656 13.92181
143 -0.42380899 -0.18438509 0.88678525 263.46108 -0.11120923 0.98224526 0.15108496 11.200351 -0.89889848 -0.034587541 -0.43678972 12.419394
144 -0.43547533 -0.18575394 0.88082729 266.52667 -0.11159358 0.98207075 0.1519336 11.57288 -0.89325704 -0.03213134 -0.44839656 10.873962
145 -0.44873179 -0.18530261 0.87424409 269.62442 -0.11126496 0.98223926 0.15108295 11.936104 -0.88671299 -0.029477018 -0.4613797 9.2545827
146 -0.45980393 -0.18758199 0.86798234 272.65787 -0.11216015 0.98187488 0.15278002 12.317971 -0.8809089 -0.027104177 -0.47250918 7.6192567
147 -0.47098185 -0.18912954 0.86162992 275.67884 -0.11242647 0.98165066 0.15402008 12.702043 -0.87494938 -0.02432935 -0.48360284 5.9395315
148 -0.48355796 -0.18878884 0.85471076 278.71426 -0.11187378 0.98178527 0.15356382 13.076434 -0.86813362 -0.02136272 -0.49587064 4.1954395
149 -0.49477867 -0.18996837 0.84800124 281.68927 -0.11243331 0.98160629 0.15429759 13.459602 -0.86171507 -0.019000428 -0.50703666 2.4312842
150 -0.50714039 -0.1905105 0.8405441 284.66498 -0.11308361 0.98154082 0.15423887 13.839597 -0.85441252 -0.016830999 -0.51932264 0.60832154
151 -0.51969975 -0.19077603 0.83277649 287.63733 -0.1135086 0.98152667 0.15401656 14.219084 -0.84677506 -0.014484928 -0.53175392 -1.2717058
152 -0.53186137 -0.19145551 0.82490501 290.58153 -0.11436628 0.98142277 0.15404415 14.601049 -0.83907322 -0.012411183 -0.54387695 -3.1954856
153 -0.54513468 -0.1908499 0.81633602 293.54103 -0.11443034 0.98156853 0.15306479 14.977275 -0.8305022 -0.0099726817 -0.5569261 -5.1973347
154 -0.55731266 -0.19137441 0.80794705 296.47013 -0.11473122 0.98149038 0.15334047 15.361928 -0.82233775 -0.0072381626 -0.56895367 -7.2410797
155 -0.57028002 -0.1908833 0.7989645 299.38267 -0.11497496 0.98160036 0.15245132 15.737374 -0.8133643 -0.0049209725 -0.58173391 -9.3427059
156 -0.58236306 -0.19096697 0.79018029 302.26604 -0.11509766 0.98159396 0.1523999 16.118399 -0.8047396 -0.0021958352 -0.59362395 -11.489197
157 -0.59545748 -0.18976618 0.78065306 305.12898 -0.11496433 0.98182926 0.15097823 16.487221 -0.79511862 0.00015386662 -0.60645395 -13.69501
158 -0.60681009 -0.19030387 0.7717292 307.96202 -0.11520233 0.98172052 0.15150299 16.869994 -0.78645405 0.0030285396 -0.6176414 -15.941365
159 -0.61755014 -0.19062734 0.76308129 310.74328 -0.11516773 0.9816441 0.15202359 17.255305 -0.77805414 0.0059998533 -0.6281686 -18.215082
160 -0.62930778 -0.18919408 0.75377538 313.51937 -0.11416599 0.9818979 0.1511375 17.629339 -0.76872484 0.0090564972 -0.63951556 -20.551731
161 -0.64064284 -0.18807931 0.74444807 316.24491 -0.11361963 0.98208375 0.15033961 18.001852 -0.75938617 0.011730078 -0.65053447 -22.919362
162 -0.65243055 -0.18725308 0.7343505 318.93607 -0.11361854 0.98221032 0.1495113 18.369733 -0.74928314 0.014109909 -0.66209949 -25.328705
163 -0.66448388 -0.1857893 0.72383943 321.61015 -0.11342289 0.98245478 0.14804651 18.73045 -0.73864501 0.016274561 -0.67389816 -27.80086
164 -0.6759079 -0.18474761 0.71345416 324.24637 -0.11339558 0.98261242 0.14701762 19.092251 -0.72821012 0.018467822 -0.68510511 -30.317863
165 -0.68648063 -0.18449841 0.70335246 326.84198 -0.11325191 0.98259969 0.14721331 19.460564 -0.71827458 0.021403079 -0.6954305 -32.866058
166 -0.69618817 -0.18475125 0.69367789 329.39166 -0.1129452 0.98246963 0.1483129 19.835309 -0.7089185 0.024906098 -0.70485054 -35.433929
167 -0.70621671 -0.18402079 0.68366242 331.8941 -0.11228996 0.98252103 0.14846985 20.203378 -0.69903429 0.028083463 -0.71453651 -38.027195
168 -0.71661698 -0.18284368 0.67307377 334.34893 -0.11176818 0.98265964 0.14794534 20.564472 -0.68845334 0.030791916 -0.72462673 -40.648984
169 -0.72532256 -0.18432993 0.66327194 336.71243 -0.11273385 0.98228262 0.14970584 20.941341 -0.67911581 0.033811831 -0.73325202 -43.24105
170 -0.73472226 -0.18523671 0.6525876 339.0203 -0.11404727 0.98203284 0.15034834 21.309759 -0.66871253 0.036038437 -0.74264718 -45.843062
171 -0.74408506 -0.18564765 0.64177284 341.29079 -0.1150298 0.98187036 0.15066074 21.675703 -0.65810758 0.038281403 -0.75195013 -48.474628
172 -0.75311396 -0.18616693 0.63100019 343.51112 -0.11628149 0.981694 0.150849 22.042337 -0.64753224 0.040232843 -0.76097527 -51.127213
173 -0.76223799 -0.18669643 0.61978843 345.71655 -0.11726162 0.98148688 0.15143689 22.414932 -0.63658698 0.042753557 -0.77001896 -53.837679
174 -0.77110205 -0.18726389 0.60855063 347.88462 -0.11812546 0.9812537 0.15227427 22.7919 -0.62565808 0.045533678 -0.77876742 -56.581089
175 -0.7792336 -0.18795765 0.59788538 350.00668 -0.11877644 0.98097076 0.15358524 23.175303 -0.61537564 0.048664081 -0.78673037 -59.341393
176 -0.78631804 -0.18987471 0.58792137 352.055 -0.11991997 0.98041136 0.15624553 23.571506 -0.60607191 0.052355171 -0.79368496 -62.075043
177 -0.79385709 -0.19038677 0.57753251 354.05957 -0.12048493 0.98014219 0.15749467 23.962346 -0.59604892 0.055444296 -0.80103162 -64.824825
178 -0.80120841 -0.19111499 0.56704511 356.00141 -0.12136421 0.97983007 0.15875666 24.354737 -0.58594866 0.05837819 -0.80824266 -67.563993
179 -0.80801187 -0.19277273 0.55673647 357.87541 -0.12324632 0.97935447 0.16023441 24.749345 -0.57613121 0.06085559 -0.81508863 -70.279496
180 -0.81503186 -0.19319364 0.54625936 359.73707 -0.1242443 0.97911825 0.16090592 25.143784 -0.56593855 0.063273843 -0.82201583 -73.049388
181 -0.82186619 -0.19371535 0.53573345 361.55812 -0.1253859 0.97885985 0.16159108 25.540849 -0.55571067 0.065632836 -0.82878105 -75.836281
182 -0.82906593 -0.1939934 0.52441992 363.354 -0.12672525 0.97867141 0.16168763 25.936277 -0.54460115 0.067592463 -0.83596704 -78.66617
183 -0.8367521 -0.19318089 0.51237396 365.15145 -0.12748842 0.97871739 0.16080695 26.328564 -0.53253417 0.069233807 -0.84357221 -81.588152
184 -0.84386066 -0.19329051 0.50053769 366.90649 -0.12872185 0.97854595 0.16086769 26.729459 -0.52089336 0.071319779 -0.8506372 -84.53858
185 -0.85098642 -0.19332577 0.48831062 368.62905 -0.13000529 0.97838916 0.16078926 27.129012 -0.50884256 0.073346518 -0.85772932 -87.525408
186 -0.85827781 -0.19239094 0.47575722 370.32306 -0.13072114 0.97844781 0.15984926 27.523487 -0.49625719 0.07500355 -0.86492966 -90.567025
187 -0.86524394 -0.19176822 0.46322551 371.97187 -0.13168218 0.97844188 0.15909497 27.916872 -0.48374863 0.076657415 -0.87184342 -93.631842
188 -0.87152033 -0.1924386 0.45102074 373.5663 -0.13335799 0.9781247 0.15964843 28.317884 -0.47187707 0.078989638 -0.87811885 -96.694221
189 -0.87790968 -0.19244687 0.43845045 375.1212 -0.13468884 0.97795644 0.15956199 28.713767 -0.45949268 0.08102664 -0.88447793 -99.782657
190 -0.88371305 -0.19292663 0.42641595 376.62467 -0.13613766 0.97765271 0.16019246 29.114411 -0.44779213 0.083512904 -0.8902291 -102.87035
191 -0.88995023 -0.19189783 0.41371948 378.09161 -0.13687211 0.97773153 0.15908169 29.504889 -0.43503404 0.084948136 -0.89639792 -106.00494
192 -0.89644327 -0.19024013 0.40024762 379.5394 -0.13712529 0.97792155 0.15768958 29.893073 -0.42140969 0.086475701 -0.90273798 -109.22095
193 -0.90282299 -0.18858753 0.38645232 380.94089 -0.13759672 0.97814529 0.15588084 30.275629 -0.40740373 0.087558242 -0.90904114 -112.47469
194 -0.90939454 -0.18602853 0.37201473 382.32034 -0.13755714 0.97859134 0.15309123 30.64712 -0.39252976 0.088047048 -0.91551524 -115.82071
195 -0.91528951 -0.18503654 0.3577801 383.64683 -0.1383586 0.97862234 0.15216808 31.027068 -0.37828828 0.089775904 -0.92132422 -119.18451
196 -0.92118739 -0.18342965 0.34317251 384.93094 -0.13864848 0.97876483 0.15098314 31.401496 -0.36357999 0.091503426 -0.92705812 -122.59215
197 -0.92665967 -0.18168054 0.32908059 386.16376 -0.13855941 0.97888874 0.1502599 31.776844 -0.34943261 0.093642581 -0.93227033 -126.02265
198 -0.93170529 -0.18069481 0.3150788 387.33119 -0.13908035 0.9788412 0.15008823 32.15073 -0.3355323 0.096016735 -0.93712268 -129.42585
199 -0.93627016 -0.18013651 0.30157756 388.44129 -0.13978755 0.9786636 0.15058856 32.527739 -0.32226949 0.098834795 -0.94147443 -132.81637
200 -0.94057683 -0.17981653 0.28806466 389.48721 -0.14066532 0.97840514 0.15144819 32.904656 -0.30907686 0.10192796 -0.94555922 -136.16694
201 -0.9449075 -0.17887589 0.2741409 390.47761 -0.14138069 0.97836103 0.15106655 33.270987 -0.29523096 0.1039857 -0.94975034 -139.51246
202 -0.94861338 -0.17905627 0.26090519 391.40419 -0.14279895 0.97801024 0.1520011 33.645187 -0.28238471 0.10693329 -0.95332271 -142.81419
203 -0.95234776 -0.17843528 0.24737541 392.28133 -0.14383143 0.97791218 0.15165816 34.009636 -0.26897261 0.10885096 -0.95697714 -146.11997
204 -0.95613998 -0.17695965 0.23341299 393.11885 -0.14435307 0.97806221 0.15018791 34.364778 -0.25486964 0.10990679 -0.96070912 -149.47304
205 -0.95947974 -0.17631648 0.21979792 393.9073 -0.14557444 0.97804868 0.14909319 34.720578 -0.24126067 0.11105494 -0.96408513 -152.84021
206 -0.96274268 -0.17554286 0.20569698 394.65471 -0.14664005 0.9780093 0.14830511 35.07968 -0.22720748 0.11261625 -0.96731297 -156.2619
207 -0.96557604 -0.17510211 0.19235946 395.35621 -0.14759019 0.97773508 0.14916825 35.448997 -0.21419628 0.11564292 -0.96992098 -159.68015
208 -0.96813914 -0.17533356 0.17878688 396.00751 -0.1493124 0.97735493 0.14994352 35.815319 -0.20102839 0.1184711 -0.9723951 -163.07225
209 -0.97035218 -0.17603431 0.16561571 396.60541 -0.15136226 0.9768117 0.15142089 36.187044 -0.18843065 0.12186363 -0.97449638 -166.42448
210 -0.9726543 -0.17548678 0.15214468 397.14721 -0.15257613 0.97667233 0.15110126 36.549185 -0.17511178 0.12375565 -0.9767397 -169.76526
211 -0.97456127 -0.17554241 0.13933847 397.63645 -0.15421727 0.97636452 0.15142412 36.913321 -0.1626265 0.12608369 -0.97859878 -173.05863
212 -0.97590919 -0.17721532 0.12726346 398.09615 -0.15726134 0.9756805 0.15269692 37.282349 -0.15122872 0.12900472 -0.98004474 -176.36237
213 -0.97756542 -0.17714248 0.11395789 398.5196 -0.15890146 0.97535966 0.15304826 37.653555 -0.13826129 0.13150662 -0.98162614 -179.74551
214 -0.98001423 -0.17304148 0.098126264 398.89165 -0.15754461 0.97631949 0.14825605 37.990793 -0.12145704 0.12983378 -0.98406881 -183.26512
215 -0.98197044 -0.17018711 0.0822825 399.20964 -0.15705403 0.97674865 0.14593155 38.338376 -0.105205 0.13037768 -0.98586693 -186.83
216 -0.98313716 -0.16994859 0.067518991 399.46655 -0.15867203 0.97632085 0.1470398 38.705859 -0.090909411 0.13384692 -0.98682345 -190.31814
217 -0.98451144 -0.16745499 0.051923506 399.68272 -0.15851099 0.97672838 0.14448475 39.039869 -0.074909861 0.13401646 -0.98814379 -193.8739
218 -0.98533061 -0.16646967 0.037569206 399.84024 -0.15956221 0.976753 0.14315511 39.376412 -0.060526824 0.13506049 -0.98898696 -197.37099
219 -0.98563145 -0.16717576 0.024143754 399.94184 -0.16209192 0.97633463 0.14316705 39.723458 -0.047506447 0.13719644 -0.98940402 -200.82582
220 -0.98615972 -0.16552161 0.0095706505 399.99667 -0.16248771 0.97633571 0.14271034 40.069464 -0.032965818 0.13918009 -0.98971824 -204.36065
221 -0.98643665 -0.16406773 -0.0049523082 400.0018 -0.16309463 0.97628976 0.14233185 40.409426 -0.018517178 0.14120905 -0.98980663 -207.84535
222 -0.98649212 -0.16264449 -0.019495234 399.95999 -0.16376004 0.97628902 0.14157084 40.741891 -0.0039927356 0.14285107 -0.98973616 -211.32865
223 -0.98637353 -0.16097685 -0.033966435 399.86396 -0.164179 0.97642603 0.14013342 41.068939 0.010607474 0.14380048 -0.98954987 -214.84657
224 -0.98615056 -0.15816402 -0.049912145 399.70157 -0.16360982 0.9770413 0.1364626 41.377137 0.027182754 0.1427388 -0.98938707 -218.43673
225 -0.98549388 -0.15658602 -0.065441812 399.48177 -0.16421547 0.97716875 0.13481255 41.693519 0.042837934 0.14360351 -0.98870774 -222.04545
226 -0.98465905 -0.15496412 -0.080204049 399.20706 -0.16472613 0.97714413 0.13436724 42.016844 0.057548818 0.14551763 -0.98768051 -225.66598
227 -0.98378084 -0.1521742 -0.0949646 398.87845 -0.16405407 0.97740535 0.13328524 42.332164 0.072536336 0.14670281 -0.98651752 -229.30471
228 -0.98261179 -0.14920783 -0.11050386 398.49457 -0.16325052 0.97779955 0.13136672 42.633799 0.088449687 0.14712231 -0.98515569 -232.93761
229 -0.98120713 -0.14580103 -0.1263908 398.04634 -0.16194092 0.97839204 0.12854596 42.921832 0.10491763 0.14659806 -0.98361646 -236.59591
230 -0.97946325 -0.14255191 -0.14258576 397.53214 -0.1607543 0.9789804 0.12552031 43.199713 0.12169551 0.14586382 -0.98179122 -240.27051
231 -0.97730929 -0.13933229 -0.1595402 396.95037 -0.15953183 0.97966487 0.12168089 43.458597 0.13934186 0.14437161 -0.97966358 -243.9682
232 -0.97484559 -0.13680335 -0.17595715 396.30744 -0.15906951 0.98002918 0.11932985 43.718231 0.15611843 0.14431761 -0.97713843 -247.65358
233 -0.97208535 -0.13426616 -0.19241276 395.59899 -0.15851009 0.98044227 0.11665087 43.967329 0.17298735 0.14389397 -0.97435617 -251.33299
234 -0.96906233 -0.13117294 -0.20907382 394.82744 -0.15735713 0.98095064 0.11390562 44.204176 0.19014977 0.14328092 -0.97124337 -255.01892
235 -0.96572518 -0.12824046 -0.22567514 393.99101 -0.15625808 0.98146484 0.11095088 44.429094 0.20726384 0.14241163 -0.96786397 -258.69426
236 -0.96207593 -0.12508138 -0.24241404 393.08867 -0.15481665 0.98205493 0.10770246 44.639858 0.22459235 0.14114769 -0.96417615 -262.36439
237 -0.95815984 -0.12229284 -0.2587937 392.12857 -0.15376918 0.98250861 0.10503227 44.842603 0.24142236 0.1404322 -0.96020523 -266.00881
238 -0.95396708 -0.11946798 -0.27508948 391.1074 -0.15270482 0.98292264 0.1026851 45.038256 0.25812411 0.1399657 -0.95591924 -269.63386
239 -0.94948846 -0.11650427 -0.29137333 390.02488 -0.15136425 0.98340301 0.1000365 45.222143 0.27488274 0.13908701 -0.95136445 -273.23757
240 -0.94513625 -0.11392043 -0.30616925 388.89992 -0.15063806 0.98361652 0.099028462 45.411814 0.28987178 0.13971614 -0.94681244 -276.7793
241 -0.94010429 -0.11088718 -0.32234759 387.70763 -0.14894607 0.98419079 0.09583039 45.575049 0.30662518 0.13810298 -0.94175825 -280.32393
242 -0.93517023 -0.10804452 -0.33731741 386.46353 -0.14766119 0.98455966 0.094012566 45.740345 0.32195159 0.13772645 -0.93668492 -283.83384
243 -0.92998077 -0.10578182 -0.35205962 385.17446 -0.14703054 0.98479826 0.092489505 45.901837 0.33692402 0.13777699 -0.93139667 -287.29347
244 -0.92424736 -0.10345683 -0.36750988 383.81688 -0.14605535 0.9851759 0.089978792 46.046579 0.35275298 0.13683945 -0.92565671 -290.76704
245 -0.91828703 -0.10126192 -0.38274661 382.40108 -0.14525646 0.9854931 0.087771387 46.186534 0.36830627 0.13619575 -0.91967454 -294.21425
246 -0.91196587 -0.098705189 -0.39821544 380.92162 -0.14400063 0.98588478 0.085410349 46.316883 0.38416413 0.13523461 -0.91330694 -297.6484
247 -0.90492381 -0.094906731 -0.41485614 379.3592 -0.1406785 0.98672576 0.081127906 46.418335 0.40164968 0.13177592 -0.90626303 -301.0984
248 -0.8974569 -0.091632197 -0.43147961 377.73009 -0.13751044 0.98755791 0.076290033 46.49851 0.41912051 0.12779998 -0.8988911 -304.51968
249 -0.89004539 -0.089122351 -0.4470754 376.05171 -0.13566533 0.98805268 0.073121274 46.577626 0.43521734 0.12573389 -0.89150261 -307.89334
250 -0.88278944 -0.086459868 -0.46174398 374.31469 -0.13391291 0.98845077 0.070938833 46.654264 0.45027786 0.12445754 -0.88417205 -311.24718
251 -0.87472328 -0.083616279 -0.4773547 372.5115 -0.13133575 0.98904278 0.067418125 46.707456 0.466487 0.12166595 -0.87612061 -314.58571
252 -0.86625193 -0.080379411 -0.49309913 370.64491 -0.12791948 0.98975706 0.063383612 46.744114 0.48295363 0.11798317 -0.86766111 -317.88747
253 -0.85737755 -0.07770482 -0.50878846 368.72377 -0.12490008 0.99040069 0.059214427 46.763318 0.49930323 0.11431685 -0.85885271 -321.14549
254 -0.84891267 -0.075635871 -0.5230932 366.78161 -0.12364632 0.99066373 0.057418475 46.790739 0.51386659 0.11342183 -0.85033914 -324.32271
255 -0.83976053 -0.073673166 -0.53793542 364.7748 -0.1210077 0.99122765 0.053148783 46.785598 0.52930086 0.10972659 -0.84130893 -327.47868
256 -0.83068992 -0.071791775 -0.55208713 362.72419 -0.11925909 0.99157802 0.050499605 46.780617 0.54381204 0.10779093 -0.83225575 -330.58878
257 -0.8217163 -0.069931008 -0.56558995 360.63443 -0.11837275 0.99174179 0.049356101 46.781539 0.5574677 0.10750716 -0.82320837 -333.64913
258 -0.81247184 -0.067772066 -0.57904789 358.49093 -0.11717366 0.99193559 0.048311685 46.778464 0.57110406 0.10710105 -0.8138609 -336.68126
259 -0.80297965 -0.065694738 -0.59237479 356.30452 -0.11573204 0.99217516 0.046844979 46.767524 0.58466212 0.10617231 -0.8042995 -339.66798
260 -0.79268466 -0.063554095 -0.60631008 354.04997 -0.11301627 0.99263128 0.043707799 46.735623 0.59906458 0.10316941 -0.79402629 -342.62929
261 -0.78174136 -0.061283921 -0.62058419 351.73042 -0.10936024 0.99320989 0.039678132 46.682312 0.61393876 0.098885277 -0.78313533 -345.56133
262 -0.77090063 -0.058966116 -0.63422017 349.36653 -0.10678748 0.99357726 0.037424139 46.630681 0.62794002 0.096577073 -0.77224623 -348.44691
263 -0.76077855 -0.056315799 -0.64656364 346.97089 -0.10526473 0.99374425 0.037304365 46.590797 0.64041811 0.096440714 -0.76194742 -351.2834
264 -0.75042658 -0.053891471 -0.65875311 344.55772 -0.10412742 0.99386379 0.037311703 46.55316 0.65270012 0.09659396 -0.75143343 -354.05014
265 -0.73969887 -0.051840459 -0.67093827 342.10611 -0.1025211 0.99407113 0.036220384 46.505565 0.66508272 0.095577516 -0.74062808 -356.76729
266 -0.72905848 -0.050038106 -0.68261989 339.61876 -0.10148664 0.99420281 0.03551269 46.458961 0.67688567 0.095167633 -0.72991024 -359.43684
267 -0.71860554 -0.048271667 -0.69374054 337.10379 -0.1013347 0.99420843 0.035787987 46.421338 0.68799519 0.096017441 -0.71933533 -362.05279
268 -0.70809605 -0.045831189 -0.7046272 334.55871 -0.10092279 0.99421514 0.036752721 46.388914 0.69886665 0.097137406 -0.70862527 -364.6271
269 -0.69722283 -0.043957133 -0.71550548 331.98775 -0.10013201 0.99430483 0.036488234 46.350412 0.70982668 0.097085436 -0.6976536 -367.14315
270 -0.68696216 -0.041515323 -0.72550635 329.41278 -0.1002982 0.99422849 0.038077335 46.328276 0.71973834 0.098924674 -0.68716131 -369.59851
271 -0.6756489 -0.03976661 -0.73615024 326.76991 -0.099184944 0.99436896 0.037317811 46.289714 0.730521 0.098228765 -0.6757886 -372.03318
272 -0.66478667 -0.036898284 -0.74612144 324.10288 -0.098959826 0.99432687 0.038999305 46.26759 0.74044964 0.099762273 -0.66466674 -374.42895
273 -0.653509 -0.034339931 -0.75613938 321.42436 -0.098379102 0.99435004 0.039867936 46.251025 0.75049821 0.10044238 -0.65319508 -376.74826
274 -0.64240617 -0.031351196 -0.76572281 318.7143 -0.097599506 0.99437387 0.041168572 46.237487 0.76012412 0.10118112 -0.64185182 -379.03429
275 -0.63088045 -0.029309602 -0.77532626 315.98597 -0.09690948 0.99443747 0.04126228 46.222359 0.76980416 0.10116804 -0.63021158 -381.25593
276 -0.61850547 -0.027199579 -0.78530961 313.19005 -0.095033411 0.99465401 0.04039746 46.194266 0.78001261 0.099616707 -0.61778385 -383.46191
277 -0.60643053 -0.025154408 -0.79473849 310.36178 -0.094149879 0.99473968 0.040357015 46.172643 0.7895428 0.099298266 -0.60560884 -385.6219
278 -0.5945356 -0.022720159 -0.80374823 307.52739 -0.093682737 0.99475013 0.04117812 46.161286 0.79859313 0.0997792 -0.59354289 -387.71808
279 -0.582613 -0.020168114 -0.81249944 304.67342 -0.092949221 0.99478637 0.041957517 46.149171 0.80741722 0.099966192 -0.58145012 -389.7702
280 -0.57130751 -0.017517843 -0.82054912 301.83253 -0.093163833 0.99469436 0.043629683 46.150523 0.81543133 0.10137147 -0.56990842 -391.75331
281 -0.55998255 -0.014583672 -0.82837604 298.99061 -0.093090693 0.99462111 0.045418909 46.159473 0.82325798 0.1025479 -0.55832811 -393.67906
282 -0.54798637 -0.011909248 -0.83640248 296.08946 -0.092221922 0.99466335 0.046258428 46.163108 0.83138805 0.10248364 -0.54616029 -395.58516
283 -0.53615318 -0.0089585432 -0.84407317 293.1762 -0.091797275 0.99463201 0.047752906 46.177497 0.83911445 0.1030865 -0.53409752 -397.43841
284 -0.52385598 -0.0063642329 -0.85178308 290.2032 -0.09112728 0.99465197 0.048612581 46.187619 0.84691839 0.10308667 -0.52163437 -399.27207
285 -0.51146477 -0.0035696252 -0.85929684 287.19816 -0.090586739 0.99464328 0.049786546 46.205 0.85451616 0.10330497 -0.50904839 -401.06292
286 -0.49902133 -0.00097995942 -0.86658915 284.17351 -0.090248038 0.99462057 0.050844172 46.22523 0.86187762 0.1035803 -0.49642535 -402.80617
287 -0.48642626 0.0014603006 -0.87372041 281.11393 -0.090036759 0.99459099 0.051788473 46.248948 0.86907014 0.10385824 -0.48366373 -404.50847
