3 0.99926491 0.0011794619 0.038317752 0.042850918 -0.0011948529 0.99999921 0.00037876944 -0.019134253 -0.038317275 -0.00042427508 0.99926553 0.64909685
4 0.99887987 0.00057459585 0.047314597 0.053231558 -0.00059685497 0.99999972 0.00045632268 -0.014085338 -0.047314322 -0.0004840515 0.99887993 0.68207633
5 0.99904106 -0.00024674874 0.043782498 0.050401311 0.00025096032 0.99999996 -9.0696944e-05 -0.012998233 -0.043782474 0.00010159764 0.99904108 0.66856723
6 0.99907515 -0.00068377172 0.042992852 0.053023783 0.00066913136 0.99999971 0.00035491977 -0.0094691414 -0.042993082 -0.00032582365 0.99907532 0.67250289
7 0.99900792 0.0004487727 0.044530595 0.054370389 -0.00046398398 0.99999984 0.00033125619 -0.010258599 -0.044530439 -0.00035158904 0.99900797 0.68466185
8 0.99883624 0.00067815631 0.048225477 0.050824712 -0.00066797621 0.99999975 -0.00022720959 -0.018879203 -0.048225619 0.0001947317 0.99883645 0.67841027
9 0.99899633 0.00059761778 0.0447881 0.055240161 -0.00062395183 0.99999964 0.00057399228 -0.01037529 -0.044787741 -0.0006013618 0.99899634 0.69248569
10 0.99888942 0.00097689913 0.047105928 0.053068538 -0.00095811487 0.99999945 -0.00042134372 -0.015528473 -0.047106314 0.0003757429 0.99888981 0.69489844
11 0.99884436 0.0010002318 0.048051453 0.053163631 -0.0010072757 0.99999949 0.00012237568 -0.017289475 -0.048051306 -0.00017063532 0.99884485 0.69774879
12 0.99884128 0.0014425198 0.048104246 0.053695836 -0.0014626682 0.99999886 0.00038365226 -0.017073328 -0.048103637 -0.00045356827 0.99884225 0.71325524
13 0.998831 0.0010213349 0.048328 0.050825684 -0.0010177665 0.99999948 -9.8444285e-05 -0.01984077 -0.048328075 4.9142583e-05 0.99883151 0.7084529
14 0.99883622 0.00024154292 0.048230222 0.052181982 -0.00025217146 0.99999995 0.00021428635 -0.019287184 -0.048230167 -0.00022619926 0.99883622 0.7102977
15 0.99889046 0.00032578852 0.047092955 0.054249905 -0.00034104295 0.99999989 0.00031588733 -0.01587013 -0.047092847 -0.00033159756 0.99889046 0.71000326
16 0.9989206 4.8547129e-05 0.04645041 0.048866752 -3.5947769e-05 0.99999996 -0.00027207855 -0.019784692 -0.046450421 0.00027011508 0.99892056 0.70110932
17 0.99895859 0.00062318316 0.045621828 0.049028943 -0.00063318958 0.99999978 0.00020488312 -0.018967306 -0.04562169 -0.00023355702 0.99895876 0.71454485
18 0.99881782 0.0021423331 0.048563175 0.050064047 -0.002143108 0.9999977 -3.6112322e-05 -0.018829762 -0.048563141 -6.8006499e-05 0.99882011 0.71053921
19 0.99902596 0.0020068918 0.044080714 0.041753207 -0.0020203031 0.99999793 0.00025969522 -0.021014447 -0.044080101 -0.00034849867 0.99902794 0.74380057
20 0.99908437 0.001366644 0.042761545 0.045521172 -0.0013818246 0.99999899 0.00032544924 -0.018573824 -0.042761057 -0.0003842402 0.99908525 0.75300492
21 0.99920365 0.0011020385 0.039885569 0.042814765 -0.0011061553 0.99999938 8.1145408e-05 -0.018540634 -0.039885455 -0.00012520042 0.99920425 0.75320059
22 0.9993103 0.0011043909 0.037117407 0.039913369 -0.0011109162 0.99999937 0.00015517697 -0.01874458 -0.037117213 -0.00019630428 0.9993109 0.76026403
23 0.99925514 0.0017589007 0.038549665 0.040444827 -0.0017697025 0.9999984 0.00024608482 -0.017891689 -0.038549171 -0.00031412296 0.99925666 0.76050837
24 0.99924186 0.0018232384 0.038889419 0.041771223 -0.0018344403 0.99999829 0.00025236372 -0.017300266 -0.038888892 -0.0003235127 0.99924349 0.77449056
25 0.99923892 0.0013613191 0.038983634 0.043127046 -0.0013725128 0.99999902 0.0002603782 -0.017219265 -0.038983241 -0.00031368557 0.99923982 0.77867499
26 0.99932471 0.00087248351 0.036733707 0.042095985 -0.00088621158 0.99999954 0.00035743784 -0.017058865 -0.036733378 -0.0003897503 0.99932503 0.77852679
27 0.99940537 0.0015369722 0.034446136 0.039292465 -0.0015454524 0.99999878 0.00021956197 -0.016425458 -0.034445757 -0.00027266628 0.99940653 0.77065753
28 0.99944875 0.0013728599 0.033170977 0.039215464 -0.0013783969 0.99999904 0.00014405602 -0.01500924 -0.033170747 -0.00018969938 0.99944968 0.77388753
29 0.99947163 0.0012447213 0.032479395 0.036571843 -0.0012516444 0.9999992 0.00019282177 -0.016761611 -0.032479129 -0.00023337254 0.99947239 0.78212815
30 0.99958464 0.0017377455 0.028766917 0.029439314 -0.0017473943 0.99999843 0.00031027776 -0.019616591 -0.028766333 -0.00036041603 0.9995861 0.80729646
31 0.99959175 0.0018915864 0.028508995 0.030171569 -0.0018970814 0.99999819 0.00016570153 -0.020012455 -0.02850863 -0.00021971777 0.99959352 0.83135695
32 0.99962836 0.0013351946 0.027227731 0.032374236 -0.0013417063 0.99999908 0.00022088966 -0.017913037 -0.027227411 -0.00025733919 0.99962923 0.84298905
33 0.99973889 0.00088359453 0.022833385 0.029130871 -0.00089210194 0.99999954 0.00036240263 -0.016325247 -0.022833054 -0.00038267771 0.99973922 0.8462021
34 0.99974295 0.00099052117 0.022650536 0.026289299 -0.00099568791 0.99999948 0.00021682985 -0.018262831 -0.022650309 -0.00023932698 0.99974342 0.83972699
35 0.99975021 0.0018070805 0.022276601 0.023382627 -0.001810246 0.99999835 0.0001219338 -0.020678488 -0.022276344 -0.00016222947 0.99975184 0.85303697
36 0.99976774 0.0013724657 0.021507665 0.023978269 -0.0013767112 0.99999904 0.00018258583 -0.019533689 -0.021507394 -0.00021215326 0.99976867 0.86158825
37 0.99982434 0.001153478 0.018706976 0.022741794 -0.0011595367 0.99999928 0.00031302747 -0.018135449 -0.018706602 -0.00033466391 0.99982496 0.87930831
38 0.99986311 0.0012701099 0.016496696 0.019328556 -0.0012739974 0.99999916 0.00022514704 -0.018664661 -0.016496396 -0.00024613296 0.99986389 0.88912628
39 0.99990502 0.00088614295 0.013753948 0.014236672 -0.00088982786 0.99999957 0.00026179902 -0.020867703 -0.01375371 -0.0002740128 0.99990538 0.92064909
40 0.99993712 0.00092617652 0.011175988 0.01139186 -0.0009280101 0.99999956 0.00015887981 -0.022285229 -0.011175836 -0.00016924125 0.99993753 0.95577385
41 0.99998127 0.00038992194 0.0061073198 0.007434037 -0.00039078921 0.99999991 0.00014081294 -0.020716342 -0.0061072644 -0.00014319698 0.99998134 0.98567222
42 0.99999912 -0.00026441708 0.0012974199 0.0027339968 0.00026420954 0.99999995 0.00016012994 -0.01930972 -0.0012974622 -0.00015978701 0.99999915 1.0246451
43 0.99999997 3.2119785e-05 0.00023581232 -0.0011959505 -3.2141005e-05 1 8.9983486e-05 -0.020862425 -0.00023580943 -8.9991063e-05 0.99999997 1.0441779
44 1 3.3170924e-05 -2.4479418e-06 -0.0018373638 -3.3170654e-05 0.99999999 0.0001101577 -0.020698451 2.4515958e-06 -0.00011015762 0.99999999 1.0475873
45 0.99999986 0.00025804975 -0.00046712703 -0.0028798359 -0.00025801726 0.99999996 6.9612587e-05 -0.02098269 0.00046714497 -6.949205e-05 0.99999989 1.0528525
46 0.99999991 0.00017289313 -0.00038725798 -0.0026813124 -0.00017285435 0.99999998 0.00010017388 -0.020952962 0.00038727529 -0.00010010694 0.99999992 1.0568171
47 0.99999979 0.00020954949 -0.00061808428 -0.0033962536 -0.00020948307 0.99999997 0.0001075276 -0.021293178 0.00061810679 -0.0001073981 0.9999998 1.0712559
48 0.99999961 0.00026406701 -0.00083907817 -0.0038043313 -0.00026397312 0.99999996 0.00011200335 -0.02119048 0.00083910771 -0.00011178182 0.99999964 1.0743791
49 0.99999944 0.00016821883 -0.0010447687 -0.0042005792 -0.00016805383 0.99999997 0.00015801125 -0.020792667 0.0010447953 -0.00015783559 0.99999944 1.0812178
50 0.99999957 -3.2276863e-05 -0.00092152899 -0.0028555863 3.2525918e-05 0.99999996 0.00027024954 -0.019832418 0.00092152023 -0.0002702794 0.99999954 1.1023221
51 0.9999994 4.4410795e-05 -0.0010990049 -0.0034984297 -4.4149697e-05 0.99999997 0.0002376004 -0.020205578 0.0010990155 -0.00023755173 0.99999937 1.1101361
52 0.99999955 -0.00011287334 -0.00094500625 -0.0021090899 0.00011319834 0.99999993 0.0003438705 -0.019265263 0.00094496737 -0.00034397732 0.99999949 1.1285915
53 0.9999996 3.1510975e-05 -0.00089813233 -0.003311372 -3.129586e-05 0.99999997 0.00023952635 -0.021053999 0.00089813985 -0.00023949815 0.99999957 1.1289454
54 0.99999964 0.00013182128 -0.00084040015 -0.0032185108 -0.00013161985 0.99999996 0.00023972939 -0.02136011 0.00084043172 -0.00023961869 0.99999962 1.1454476
55 0.99999952 0.00031858043 -0.00092258697 -0.0046013746 -0.00031842847 0.99999994 0.00016484602 -0.022988747 0.00092263942 -0.00016455217 0.99999956 1.1611969
56 0.99999966 0.00024117082 -0.00078279483 -0.0037790335 -0.00024099825 0.99999995 0.00022054684 -0.022672408 0.00078284798 -0.00022035812 0.99999967 1.1801674
57 0.99999929 0.00039847434 -0.0011197267 -0.0057203884 -0.00039831965 0.99999991 0.00013837449 -0.023904306 0.0011197817 -0.00013792838 0.99999936 1.18223
58 0.99999963 0.00015792713 -0.00084887654 -0.0033189592 -0.00015771926 0.99999996 0.00024494204 -0.021994799 0.00084891519 -0.00024480807 0.99999961 1.1926783
59 0.99999941 0.00026592175 -0.0010565074 -0.0050819471 -0.00026572821 0.99999995 0.00018332393 -0.02341559 0.0010565561 -0.00018304308 0.99999943 1.1943948
60 0.99999957 0.00024435148 -0.00089603821 -0.0037688067 -0.00024412081 0.99999994 0.00025753918 -0.022517681 0.00089610108 -0.00025732033 0.99999957 1.2136365
61 0.99999947 0.00032881957 -0.00097710067 -0.0051230024 -0.00032862903 0.99999993 0.0001951669 -0.024070771 0.00097716478 -0.00019484569 0.9999995 1.2261675
62 0.99999955 0.00029853128 -0.0009026836 -0.0042249656 -0.00029832843 0.99999993 0.00022484568 -0.023376345 0.00090275066 -0.00022457628 0.99999957 1.2291968
63 0.99999974 0.00024360047 -0.00067861398 -0.0039547671 -0.00024344619 0.99999994 0.00022742019 -0.023872236 0.00067866935 -0.00022725492 0.99999974 1.2402459
64 0.9999997 0.00038303719 -0.00067416564 -0.0043192838 -0.00038287992 0.9999999 0.00023339188 -0.024507274 0.00067425497 -0.00023313368 0.99999975 1.278165
65 0.9999998 0.00043597094 -0.00045110573 -0.003829208 -0.00043585574 0.99999987 0.00025545063 -0.025047712 0.00045121704 -0.00025525396 0.99999987 1.3127131
66 0.99999967 0.00056386939 -0.00058646297 -0.0052421845 -0.00056376859 0.99999983 0.00017204228 -0.026885612 0.00058655987 -0.0001717116 0.99999981 1.3226719
67 0.99999986 0.00045450223 -0.0002811596 -0.0036867984 -0.00045444827 0.99999988 0.0001919693 -0.026618684 0.00028124682 -0.0001918415 0.99999994 1.3375601
68 0.99999995 0.00031846856 -3.47755e-05 -0.0029832977 -0.00031846087 0.99999992 0.00022111537 -0.026936307 3.4845916e-05 -0.00022110428 0.99999997 1.3601498
69 1 9.5522982e-05 3.2625351e-06 -0.0017418116 -9.5523928e-05 0.99999995 0.00029107828 -0.026773062 -3.2347303e-06 -0.00029107859 0.99999996 1.407149
70 0.99999991 -0.00040034448 0.00014612287 -0.00088226075 0.00040029799 0.99999987 0.00031805196 -0.029802206 -0.00014625019 -0.00031799344 0.99999994 1.5317616
71 0.9999997 -0.00074926215 0.00017471399 -0.0018206779 0.00074921208 0.99999968 0.00028648266 -0.033783987 -0.00017492859 -0.00028635168 0.99999994 1.6343422
72 0.99999975 -0.00067600668 -0.0002024824 -0.0062443358 0.00067603577 0.99999976 0.00014365604 -0.039281911 0.00020238524 -0.00014379289 0.99999997 1.7054142
73 0.99999978 -0.00065990213 1.9845479e-05 -0.0042922104 0.00065989787 0.99999976 0.00021409083 -0.037765118 -1.9986753e-05 -0.00021407769 0.99999998 1.7165457
74 0.9999998 -0.00045662993 -0.00044075232 -0.0077351857 0.00045667163 0.99999989 9.4500726e-05 -0.040949581 0.00044070912 -9.4701987e-05 0.9999999 1.7407116
75 0.9999995 -0.00099812406 -9.9395712e-05 -0.0055349595 0.00099814243 0.99999948 0.00018494099 -0.040612341 9.9211067e-05 -0.00018504011 0.99999998 1.7731261
76 0.99999944 -0.0010546036 -7.0601344e-05 -0.0054320496 0.0010546174 0.99999942 0.00019557469 -0.041063891 7.0395049e-05 -0.00019564903 0.99999998 1.7952803
77 0.99999796 -0.0018672319 0.00077259903 -0.0022880425 0.001867758 0.99999802 -0.00068072364 -0.048954225 -0.00077132644 0.00068216528 0.99999947 1.8549617
78 0.99999789 -0.0018835335 0.00081999618 -0.0032439592 0.0018843393 0.99999774 -0.00098305511 -0.052816677 -0.00081814271 0.00098459819 0.99999918 1.8815779
79 0.99999485 -0.0026728025 0.0017737638 0.00093445435 0.0026755714 0.9999952 -0.0015604976 -0.05909904 -0.0017695843 0.0015652354 0.99999721 1.9361411
80 0.9999997 -0.00075288521 -0.00017202038 -0.0072837595 0.00075290863 0.99999971 0.00013611381 -0.042553117 0.00017191785 -0.00013624329 0.99999998 1.8042555
81 0.99999893 -0.0013607176 0.00054467892 -0.0085030919 0.0013610616 0.99999887 -0.00063181696 -0.055464482 -0.00054381858 0.00063255762 0.99999965 1.9052084
82 0.99999946 -0.00012308031 0.0010353678 -0.0063508523 0.00012184371 0.99999928 0.0011943355 -0.049881573 -0.0010355141 -0.0011942087 0.99999875 2.0176076
83 0.9999975 0.0011451677 0.0019219995 -0.006886662 -0.0011505116 0.99999547 0.0027815612 -0.052885635 -0.0019188055 -0.0027837655 0.99999428 2.2124556
84 0.9999863 0.0041674357 0.0031678013 -0.0045729098 -0.0041890328 0.99996782 0.0068418997 -0.041799011 -0.0031391861 -0.0068550759 0.99997158 2.4791218
85 0.99998737 0.0035818056 0.0035269337 -0.0020510412 -0.0036031076 0.99997519 0.006052089 -0.047563688 -0.0035051688 -0.0060647204 0.99997547 2.5015022
86 0.9999851 0.0044127218 0.003215218 -0.0081592532 -0.0044373607 0.99996053 0.0076967946 -0.040609122 -0.0031811273 -0.007710947 0.99996521 2.5352205
87 0.99998592 0.0038601165 0.0036423405 -0.0041463457 -0.0038841452 0.99997059 0.0066132118 -0.047774681 -0.0036167056 -0.0066272661 0.9999715 2.5500853
88 0.99998123 0.0033234109 0.0051480762 0.0015975901 -0.0033567684 0.99997334 0.0064845665 -0.057736974 -0.0051263881 -0.0065017256 0.99996572 2.6849213
89 0.99997582 0.0034481834 0.0060383575 0.0078660173 -0.003487356 0.99997287 0.0064888325 -0.062048863 -0.006015819 -0.0065097335 0.99996072 2.7866847
90 0.99997241 0.0037808535 0.0063936593 0.0066167993 -0.0038304071 0.99996259 0.0077560387 -0.05818223 -0.0063640956 -0.0077803151 0.99994948 2.8544696
91 0.99996884 0.002306913 0.0075496702 0.012178458 -0.002354773 0.99997715 0.0063366128 -0.073167819 -0.0075348797 -0.0063541931 0.99995142 2.8955944
92 0.99997229 0.0030887724 0.0067733314 0.0080473043 -0.0031385718 0.99996803 0.0073540159 -0.062039688 -0.0067504 -0.0073750707 0.99995002 2.8512646
93 0.99997325 0.0023867775 0.006913453 0.0096053162 -0.0024266427 0.99998045 0.0057636838 -0.073187428 -0.0068995612 -0.0057803061 0.99995949 2.8315808
94 0.99996711 0.0018939723 0.0078867657 0.013480187 -0.001937367 0.99998301 0.0054982128 -0.081981288 -0.0078762182 -0.0055133115 0.99995378 2.9185675
95 0.99996787 0.0029205289 0.0074653822 0.01307084 -0.002969629 0.99997398 0.0065744321 -0.071578367 -0.0074459871 -0.0065963903 0.99995052 2.9228531
96 0.99995501 0.00085029593 0.0094478492 0.023772644 -0.00089411924 0.99998886 0.0046351879 -0.095204889 -0.0094438026 -0.0046434269 0.99994463 3.0274055
97 0.99995796 0.0018533711 0.0089807137 0.019360138 -0.0019071909 0.99998025 0.0059879647 -0.086190343 -0.0089694384 -0.0060048409 0.99994174 3.0511469
98 0.99995146 0.00095930001 0.0098055041 0.026372424 -0.0010080406 0.99998716 0.0049670057 -0.095022149 -0.0098006133 -0.0049766489 0.99993959 3.0753673
99 0.9999565 0.0018366336 0.0091450148 0.017385095 -0.0019002927 0.99997399 0.0069572547 -0.081639004 -0.009131999 -0.0069743303 0.99993398 3.0724477
100 0.99995223 0.0011335321 0.0097079095 0.024128813 -0.0011851769 0.99998517 0.0053157714 -0.092996803 -0.00970174 -0.0053270231 0.99993875 3.061931
101 0.99995263 0.00057465646 0.009716587 0.025022348 -0.00062475622 0.99998652 0.005153858 -0.091255039 -0.0097134944 -0.0051596843 0.99993951 3.0285696
102 0.99996603 0.0021438428 0.0079593256 0.016221618 -0.0021910911 0.99998 0.0059322583 -0.077251387 -0.0079464486 -0.0059494964 0.99995073 2.9351608
103 0.99996025 0.0012245334 0.0088318855 0.019119287 -0.0012671616 0.99998757 0.0048226412 -0.091822535 -0.0088258702 -0.0048336409 0.99994937 2.987409
104 0.99996041 0.0014265845 0.0087834993 0.018793921 -0.0014729978 0.99998498 0.0052799537 -0.088545344 -0.008775835 -0.0052926827 0.99994748 2.9995856
105 0.99995623 0.0010643112 0.0092956513 0.022770583 -0.0011105966 0.99998701 0.0049755119 -0.092011682 -0.009290235 -0.0049856179 0.99994442 3.0217286
106 0.99995056 0.00034324079 0.0099375237 0.02174937 -0.00039017251 0.99998878 0.0047211248 -0.10141249 -0.0099357918 -0.0047247688 0.99993948 3.0694572
107 0.99993547 -0.00078580506 0.011332757 0.032918665 0.0007520205 0.99999526 0.0029850953 -0.11914357 -0.011335049 -0.0029763802 0.99993133 3.131018
108 0.99996977 0.0034538003 0.0069667627 0.0099347763 -0.0035290677 0.99993523 0.010820579 -0.041785229 -0.0069289393 -0.010844838 0.99991719 2.9645836
109 0.99991165 -0.0037870654 0.012741519 0.048770799 0.0037740331 0.99999233 0.0010467153 -0.11995381 -0.012745385 -0.0009985359 0.99991828 2.9678689
110 0.99993731 -0.0028232725 0.010835554 0.026598856 0.0028157923 0.99999579 0.00070553157 -0.13351038 -0.0108375 -0.00067497667 0.99994104 2.9732706
111 0.99994755 -0.00055173264 0.010227545 0.033274765 0.00054969517 0.99999983 0.0002020243 -0.12697959 -0.010227655 -0.00019639167 0.99994768 2.9570992
112 0.99991064 -0.0025796928 0.013117413 0.041896344 0.0026096272 0.99999403 -0.0022654326 -0.17275375 -0.013111491 0.0022994617 0.9999114 3.1715544
113 0.99990564 -0.002597843 0.013489117 0.059027828 0.0026165248 0.99999564 -0.0013674856 -0.16506606 -0.013485506 0.0014026512 0.99990808 3.3166558
114 0.99990817 -0.0021082809 0.013386839 0.059600211 0.0021073193 0.99999778 8.5939589e-05 -0.14512828 -0.01338699 -5.7721354e-05 0.99991039 3.2763219
115 0.99989665 -0.0023662224 0.014180964 0.054377406 0.0023974226 0.99999474 -0.0021835538 -0.18077273 -0.014175722 0.0022173259 0.99989706 3.3360021
116 0.99992525 -0.00012866253 0.012225775 0.038685086 0.0001084849 0.99999863 0.0016510664 -0.1451708 -0.012225971 -0.0016496167 0.9999239 3.3230613
117 0.99991973 -0.00059345111 0.012656188 0.045369111 0.00057598711 0.99999888 0.0013834788 -0.14433138 -0.012656994 -0.001376078 0.99991895 3.3229403
118 0.99990211 -0.0019320417 0.013857892 0.043115857 0.0018927814 0.99999416 0.0028456166 -0.14687055 -0.013863309 -0.0028191081 0.99989993 3.4361738
119 0.99990275 -0.0015152364 0.013863182 0.046889696 0.0014795608 0.99999557 0.0025832981 -0.14828425 -0.013867035 -0.0025625354 0.99990056 3.4562351
120 0.99991139 -0.0014547696 0.013232694 0.04603549 0.00141554 0.99999458 0.0029734802 -0.14387092 -0.013236948 -0.0029544853 0.99990802 3.469589
121 0.99991805 -0.00088929479 0.01277132 0.042056723 0.00084391389 0.99999331 0.0035582943 -0.13568346 -0.012774399 -0.0035472248 0.99991211 3.4249113
122 0.99991907 -0.0012857885 0.012656787 0.042814325 0.001246204 0.99999431 0.0031349214 -0.14006112 -0.012660746 -0.0031188948 0.99991499 3.4341001
123 0.99988955 -0.0021372127 0.014707951 0.05619501 0.0021193095 0.99999699 0.0012327251 -0.15890044 -0.014710541 -0.0012014183 0.99989107 3.4600657
124 0.99991663 -0.00095680349 0.012876768 0.048031161 0.00091801501 0.99999502 0.0030178576 -0.13833338 -0.012879591 -0.0030057849 0.99991254 3.4413212
125 0.99990533 -0.0014441213 0.013683434 0.052247 0.001410998 0.99999605 0.0024300329 -0.14710929 -0.013686889 -0.0024104956 0.99990342 3.4748125
126 0.99990291 -0.0019454587 0.01379827 0.051736196 0.0019140598 0.99999555 0.002288405 -0.15060771 -0.013802661 -0.0022617721 0.99990218 3.485939
127 0.99991061 -0.0011367377 0.01332182 0.048800508 0.0011008335 0.99999574 0.0027021634 -0.14266889 -0.013324835 -0.0026872568 0.99990761 3.4401825
128 0.9998942 -0.0019343096 0.014416633 0.05537984 0.0019147624 0.99999723 0.0013695617 -0.15824286 -0.014419242 -0.0013418123 0.99989514 3.475386
129 0.99991846 -0.0007293165 0.012749155 0.044731507 0.00068821037 0.99999455 0.0032283134 -0.13770613 -0.01275144 -0.0032192761 0.99991351 3.4354543
130 0.99990814 -0.00089472685 0.013524096 0.048278935 0.0008602881 0.99999637 0.0025520761 -0.14356685 -0.01352633 -0.002540207 0.99990529 3.4216887
131 0.99990525 -0.0014794425 0.013685837 0.047524591 0.0014485387 0.99999638 0.0022677261 -0.15064804 -0.013689143 -0.0022476868 0.99990377 3.453991
132 0.99992693 -0.00044616984 0.012080731 0.043218244 0.00040388784 0.99999379 0.0035021677 -0.13141655 -0.012082219 -0.0034970326 0.99992089 3.4086322
133 0.99991159 -0.0011767585 0.013245161 0.048643039 0.0011412826 0.99999574 0.0026856485 -0.14158404 -0.013248265 -0.0026702946 0.99990867 3.4274118
134 0.99990858 -0.0015908773 0.013427894 0.049624264 0.0015610516 0.99999629 0.0022313609 -0.14715841 -0.013431394 -0.0022101953 0.99990735 3.4403835
135 0.99990588 -0.0009132008 0.013689615 0.052453579 0.00088403763 0.99999733 0.0021362136 -0.14416856 -0.01369153 -0.0021239104 0.99990401 3.4152919
136 0.9999265 -0.00054626879 0.012112052 0.04196956 0.00050247882 0.99999333 0.0036181534 -0.13083408 -0.012113947 -0.0036118014 0.9999201 3.4056045
137 0.99991056 -0.0013635847 0.013304785 0.047214789 0.0013312765 0.99999614 0.0024368664 -0.1449458 -0.013308056 -0.0024189361 0.99990852 3.4232895
138 0.99991595 -0.0019216559 0.012821552 0.046169258 0.0018900435 0.99999515 0.0024772256 -0.14502415 -0.01282625 -0.0024527841 0.99991473 3.4348694
139 0.99992121 -0.0013550431 0.012479642 0.046194124 0.0013208743 0.99999536 0.0027457968 -0.13977334 -0.012483305 -0.0027290964 0.99991836 3.4226347
140 0.99991631 -0.0017934887 0.012812723 0.0478375 0.0017623481 0.99999547 0.0024413184 -0.14614651 -0.012817043 -0.0024185336 0.99991493 3.4590678
141 0.99991991 -0.0015712161 0.012558058 0.04718531 0.0015366402 0.999995 0.0027624568 -0.14036369 -0.012562336 -0.0027429383 0.99991733 3.4349113
142 0.99989937 -0.0016878769 0.01408539 0.052862766 0.001665103 0.99999729 0.0016284168 -0.15354403 -0.0140881 -0.0016047993 0.99989947 3.4437289
143 0.9999141 -0.0013540972 0.013037068 0.048694531 0.0013227398 0.99999621 0.002413569 -0.14494162 -0.013040287 -0.002396117 0.9999121 3.4444593
144 0.99991596 -0.0016083379 0.012864029 0.048535409 0.0015784448 0.99999603 0.0023335859 -0.1458801 -0.012867731 -0.0023130847 0.99991453 3.4498285
145 0.99989067 -0.0025863381 0.014559027 0.05699188 0.0025748957 0.99999636 0.00080462015 -0.16667612 -0.014561055 -0.00076704421 0.99989369 3.509898
146 0.99992146 -0.0010406572 0.012489672 0.046371689 0.0010013213 0.99999452 0.0031553187 -0.13881669 -0.012492888 -0.0031425647 0.99991702 3.4641738
147 0.99991973 -0.0017076506 0.012554294 0.047552847 0.0016737559 0.99999493 0.002709865 -0.14404144 -0.012558857 -0.0026886347 0.99991752 3.4745138
148 0.99989754 -0.0027712457 0.014043793 0.054275273 0.0027552361 0.99999553 0.0011591978 -0.16413227 -0.014046943 -0.0011203851 0.99990071 3.5165158
149 0.99991629 -0.001460394 0.012855947 0.050063305 0.0014318963 0.9999965 0.0022256238 -0.1477738 -0.012859153 -0.0022070291 0.99991488 3.4764118
150 0.99989672 -0.0015938329 0.014283255 0.055833718 0.0015712462 0.9999975 0.001592418 -0.1576478 -0.014285757 -0.0015698111 0.99989672 3.5063447
151 0.99989188 -0.0018682498 0.014585846 0.056004692 0.0018469909 0.99999721 0.0014708411 -0.16214034 -0.014588553 -0.0014437422 0.99989254 3.5332663
152 0.99989602 -0.0013910776 0.014353148 0.05555614 0.0013667533 0.99999761 0.0017043715 -0.1589066 -0.014355484 -0.0016845771 0.99989554 3.5336609
153 0.99987518 -0.0023848546 0.015618715 0.062621948 0.0023720021 0.99999683 0.00084136766 -0.1725316 -0.015620672 -0.00080421501 0.99987767 3.5880286
154 0.99989247 -0.0019761508 0.014530492 0.056569425 0.001947414 0.99999612 0.0019915773 -0.1610724 -0.014534371 -0.0019630663 0.99989244 3.5882144
155 0.99987563 -0.002191831 0.015617779 0.061972689 0.002177433 0.99999719 0.00093884448 -0.17367765 -0.015619793 -0.00090472106 0.99987759 3.6064815
156 0.9998898 -0.0021680827 0.014686306 0.057740829 0.0021435675 0.99999628 0.0016847901 -0.16581127 -0.014689904 -0.0016531233 0.99989073 3.6104864
157 0.99986798 -0.0026172728 0.016036752 0.06538438 0.0026103586 0.99999649 0.00045206502 -0.17984962 -0.016037879 -0.00041014367 0.9998713 3.6278699
158 0.99989799 -0.0019530332 0.014148798 0.055160629 0.0019219953 0.99999572 0.0022069425 -0.16214217 -0.014153048 -0.0021795235 0.99989747 3.6317206
159 0.99990705 -0.0021317104 0.013466826 0.056090213 0.0021032802 0.99999553 0.0021249406 -0.15790268 -0.013471295 -0.0020964185 0.99990706 3.6090948
160 0.99988686 -0.0032925778 0.01467746 0.060585779 0.003280659 0.99999427 0.00083605165 -0.17605076 -0.014680128 -0.00078780532 0.99989193 3.6430571
161 0.999892 -0.002778 0.014431347 0.062323277 0.0027655668 0.99999579 0.0008814269 -0.17132863 -0.014433735 -0.00084142086 0.99989547 3.6248843
162 0.99987949 -0.0023509105 0.015345362 0.063754577 0.0023366062 0.99999682 0.0009500168 -0.17312211 -0.015347546 -0.00091404624 0.9998818 3.6260919
163 0.99987075 -0.0026047217 0.015864725 0.066706252 0.0025992893 0.99999656 0.00036302884 -0.18131175 -0.015865616 -0.00032174491 0.99987408 3.6544573
164 0.9998803 -0.0023301086 0.015295496 0.066411952 0.0023191182 0.99999704 0.00073623852 -0.17529133 -0.015297166 -0.00070067833 0.99988275 3.6579641
165 0.99989474 -0.0023044759 0.014324679 0.059459946 0.0022779491 0.99999566 0.0018678664 -0.16468389 -0.014328922 -0.0018350389 0.99989565 3.6517821
166 0.99990907 -0.002327833 0.013283054 0.051688821 0.0022926439 0.99999382 0.0026637813 -0.15714814 -0.013289173 -0.0026330857 0.99990823 3.6342683
167 0.99990065 -0.0027668338 0.013821481 0.054673409 0.0027427198 0.99999468 0.001763326 -0.16530106 -0.013826287 -0.0017252424 0.99990292 3.6183412
168 0.9998898 -0.0027401633 0.014590195 0.05853029 0.0027236753 0.99999563 0.0011498256 -0.17058628 -0.014593282 -0.00110996 0.9998929 3.605252
169 0.99991805 -0.00097185783 0.012765499 0.048670392 0.0009303565 0.99999426 0.0032565902 -0.14163136 -0.012768591 -0.0032444468 0.99991321 3.5248451
170 0.99990085 -0.00082626019 0.014057559 0.051586628 0.00079424471 0.99999708 0.0022828871 -0.151497 -0.014059404 -0.0022714956 0.99989858 3.4938286
171 0.99989945 -0.0011794382 0.014131218 0.04984327 0.0011516444 0.99999739 0.0019748117 -0.15604761 -0.01413351 -0.001958339 0.9998982 3.4910395
172 0.99990254 -0.00087758038 0.013933622 0.051399044 0.00085203394 0.99999795 0.0018392687 -0.15375631 -0.013935208 -0.0018272176 0.99990123 3.4747958
173 0.999898 -0.0012093895 0.014231456 0.050848871 0.0011767655 0.99999666 0.0023005371 -0.15385372 -0.01423419 -0.0022835553 0.99989608 3.5104297
174 0.99990062 -0.0013099036 0.014036841 0.049628452 0.0012742885 0.99999595 0.0025459056 -0.15207244 -0.014040119 -0.0025277656 0.99989824 3.5133102
175 0.99991386 -0.0013901784 0.013051218 0.045398833 0.0013521647 0.99999482 0.0029210277 -0.14685419 -0.013055212 -0.0029031287 0.99991056 3.4993931
176 0.99993097 -0.00071112749 0.011728 0.03903904 0.00066256559 0.99999119 0.004144046 -0.12936534 -0.011730843 -0.0041359894 0.99992264 3.4361588
177 0.99992119 -0.0014373103 0.012471753 0.043467919 0.0014023355 0.99999506 0.002812611 -0.14139789 -0.012475734 -0.0027948998 0.99991827 3.422056
178 0.99992158 -0.0011330388 0.012471579 0.043857932 0.0010977779 0.99999538 0.0028337814 -0.13697346 -0.012474732 -0.0028198682 0.99991821 3.3774354
179 0.99992689 -6.5713674e-05 0.012091411 0.041790926 2.9218415e-05 0.99999544 0.0030184316 -0.13002592 -0.012091554 -0.0030178577 0.99992234 3.3200731
180 0.99992292 -0.0010240132 0.012373842 0.042960629 0.00099617421 0.99999696 0.0022557798 -0.1411461 -0.012376114 -0.0022432794 0.9999209 3.3573669
181 0.99992369 -0.00087773303 0.012322525 0.043659787 0.00084974503 0.99999705 0.0022763399 -0.1393802 -0.012324486 -0.0022656952 0.99992148 3.3495283
182 0.99991147 -0.00083683679 0.013279432 0.047052721 0.00081281201 0.99999802 0.0018144669 -0.14655285 -0.013280924 -0.0018035126 0.99991018 3.3713639
183 0.99989736 -0.0015733304 0.014240287 0.051396953 0.0015598045 0.99999832 0.00096088813 -0.16227738 -0.014241775 -0.00093857745 0.99989814 3.4487272
184 0.99990622 -0.00099726761 0.013658626 0.051553815 0.00097199448 0.9999978 0.0018568553 -0.15094766 -0.013660448 -0.001843405 0.99990499 3.4526063
185 0.99990118 -0.0010057759 0.014022277 0.050790264 0.00098089952 0.99999793 0.0017808225 -0.15499263 -0.014024039 -0.001766892 0.9999001 3.4671867
186 0.99989397 -0.0016463249 0.014468815 0.054843578 0.0016323288 0.99999819 0.00097908729 -0.16463727 -0.014470401 -0.00095536561 0.99989484 3.4995125
187 0.99989704 -0.0013544305 0.014285297 0.054370283 0.0013380752 0.99999844 0.0011543961 -0.16218333 -0.014286838 -0.0011351624 0.99989729 3.4981707
188 0.99990843 -0.00050640321 0.013522954 0.049045096 0.00047397703 0.99999701 0.0024009597 -0.14814772 -0.013524129 -0.0023943303 0.99990568 3.4722938
189 0.99990202 -0.00093156484 0.013967492 0.049448528 0.000906061 0.99999791 0.0018321598 -0.15595229 -0.01396917 -0.0018193249 0.99990077 3.4765038
190 0.99991366 -0.00068032881 0.013122905 0.04488996 0.00064801392 0.99999675 0.002466575 -0.1477124 -0.013124541 -0.0024578582 0.99991085 3.4541218
191 0.99989889 -0.0015625769 0.014133605 0.054138418 0.0015507408 0.99999844 0.00084836604 -0.16303763 -0.014134908 -0.00082636271 0.99989976 3.4785816
192 0.99988608 -0.0021658231 0.014937966 0.057478602 0.0021558226 0.99999744 0.00068553613 -0.17148319 -0.014939412 -0.00065325443 0.99988819 3.5435615
193 0.99988146 -0.0019683409 0.015270939 0.062349506 0.0019638275 0.99999802 0.00031054438 -0.17387802 -0.01527152 -0.00028051808 0.99988334 3.5585393
194 0.99986779 -0.0025708402 0.016056005 0.066658049 0.0025803686 0.99999651 -0.0005727634 -0.18974834 -0.016054476 0.00061411809 0.99987093 3.6326719
195 0.99988089 -0.0015850019 0.015352079 0.06182628 0.001566253 0.99999801 0.0012332062 -0.17112258 -0.015354003 -0.001209014 0.99988139 3.6312453
196 0.9998744 -0.0021439832 0.015703189 0.061934609 0.0021280928 0.99999721 0.0010285592 -0.17710704 -0.015705351 -0.00099501213 0.99987617 3.6559481
197 0.99988495 -0.002406191 0.014976626 0.059555965 0.0023854881 0.99999617 0.0014000551 -0.17266199 -0.014979937 -0.0013641675 0.99988686 3.6600178
198 0.99989053 -0.001736459 0.01469425 0.055580491 0.0017084064 0.99999669 0.001921425 -0.16478945 -0.014697538 -0.0018961109 0.99989019 3.6130584
199 0.99990138 -0.0014410186 0.013969749 0.050902223 0.0014060662 0.99999586 0.0025115055 -0.15710544 -0.01397331 -0.0024916154 0.99989926 3.5836862
200 0.99990332 -0.0012602913 0.013847956 0.047834625 0.0012206355 0.99999513 0.0028717393 -0.15068574 -0.013851508 -0.0028545583 0.99989999 3.526662
201 0.99989451 -0.0015145397 0.014445429 0.050952061 0.0014900905 0.99999744 0.0017031316 -0.16067084 -0.014447971 -0.0016814269 0.99989421 3.5041639
202 0.99990961 -0.00065018371 0.013429073 0.046331423 0.00061115219 0.99999558 0.002910393 -0.14297494 -0.013430906 -0.0029019227 0.99990559 3.4463674
203 0.99990255 -0.0011165913 0.013915453 0.049395243 0.001093089 0.99999796 0.0016964209 -0.15411906 -0.013917319 -0.0016810448 0.99990174 3.4357163
204 0.99989323 -0.0017108841 0.014512346 0.053191494 0.001701668 0.99999834 0.00064737839 -0.16713137 -0.01451343 -0.00062261407 0.99989448 3.469859
205 0.99990107 -0.00090563782 0.014036386 0.052958058 0.00089214413 0.99999913 0.00096756838 -0.1616032 -0.01403725 -0.00095495019 0.99990102 3.4723377
206 0.99989536 -0.0011132193 0.014423037 0.056121986 0.0010937603 0.99999848 0.0013569785 -0.16055575 -0.014424526 -0.0013410612 0.99989506 3.5166149
207 0.99991089 -0.0010718051 0.013306593 0.047124418 0.0010334127 0.99999528 0.0028917572 -0.14690061 -0.013309629 -0.0028777483 0.99990728 3.5055914
208 0.99990854 -0.0003261946 0.013520879 0.043631115 0.00028770554 0.9999959 0.0028484858 -0.14814947 -0.013521752 -0.0028443352 0.99990453 3.469992
209 0.9999161 7.7545833e-05 0.012953349 0.039536619 -0.0001229484 0.99999385 0.0035043239 -0.13866728 -0.012952998 -0.0035056225 0.99990996 3.4223251
210 0.99990792 -0.00086671626 0.01354274 0.048956436 0.00084260808 0.99999805 0.0017857602 -0.14875143 -0.013544262 -0.0017741845 0.9999067 3.4001455
211 0.99991889 -0.00030660025 0.012732303 0.045292528 0.00027692274 0.99999724 0.0023325809 -0.13778584 -0.012732983 -0.0023288659 0.99991622 3.3462239
212 0.9999295 0.0012608078 0.011806695 0.032356258 -0.0012984382 0.9999941 0.0031800837 -0.13694064 -0.011802616 -0.0031951898 0.99992524 3.352973
213 0.99991321 -0.00039898658 0.013168926 0.04000696 0.00036613778 0.99999682 0.002496734 -0.14930307 -0.01316988 -0.0024916957 0.99991017 3.4261986
214 0.99985489 -0.0039302281 0.016575671 0.06933758 0.0039670791 0.99998973 -0.0021909029 -0.19982926 -0.01656689 0.002256342 0.99986021 3.548953
215 0.9998659 -0.0029309994 0.016111719 0.06657906 0.0029275331 0.99999569 0.0002387234 -0.17851513 -0.01611235 -0.00019152379 0.99987017 3.5908149
216 0.99989583 -0.00053201056 0.014423906 0.056982662 0.00048200188 0.99999386 0.003470324 -0.13955865 -0.014425664 -0.0034630101 0.99988995 3.5136091
217 0.99987105 -0.0025316254 0.015857945 0.057721289 0.0025322742 0.99999679 -2.0832161e-05 -0.18656672 -0.015857841 6.0986139e-05 0.99987425 3.5726234
218 0.99989568 -0.0010521657 0.014405898 0.053541999 0.0010379823 0.99999897 0.0009919951 -0.16633299 -0.014406927 -0.00097693854 0.99989574 3.5124282
219 0.99991199 0.00063319983 0.013251847 0.05363065 -0.00066228151 0.99999738 0.0021902644 -0.14454618 -0.013250425 -0.0021988481 0.99990979 3.4702838
220 0.99989407 -0.0017247873 0.014452664 0.057801059 0.0016968182 0.99999666 0.001947266 -0.156314 -0.014455975 -0.0019225362 0.99989366 3.5482313
221 0.9998954 -0.001493179 0.014386372 0.054573701 0.0014642379 0.99999688 0.0020220217 -0.15393319 -0.014389346 -0.0020007452 0.99989447 3.4974365
222 0.9998943 -0.001434227 0.014468486 0.051523088 0.0014104561 0.99999764 0.0016530141 -0.16043074 -0.014470823 -0.0016324322 0.99989396 3.495319
223 0.99989332 -0.001671334 0.014510375 0.055219459 0.001657332 0.99999815 0.00097693176 -0.16762813 -0.01451198 -0.00095277904 0.99989424 3.5299904
224 0.99986244 -0.0028867849 0.016332824 0.071492634 0.0029034052 0.99999529 -0.00099397947 -0.18919361 -0.016329878 0.0010412635 0.99986612 3.6013458
225 0.99987706 -0.0015534865 0.01560302 0.06690137 0.0015389903 0.99999837 0.00094103046 -0.17122011 -0.015604457 -0.00091690188 0.99987782 3.6245664
226 0.99989132 -0.0015123398 0.014665226 0.062530961 0.0014828149 0.99999685 0.0020239277 -0.16096274 -0.01466824 -0.0020019619 0.99989041 3.6412068
227 0.99988708 -0.0027219415 0.014779272 0.062227648 0.0027015529 0.99999537 0.0013993279 -0.1704614 -0.014783012 -0.0013592428 0.9998898 3.6626245
228 0.99987238 -0.0029524935 0.015700752 0.064650287 0.0029420333 0.99999543 0.00068928265 -0.17972051 -0.015702715 -0.00064300255 0.9998765 3.6605775
229 0.99986256 -0.0034906624 0.016207328 0.069837543 0.0034937344 0.99999388 -0.00016122848 -0.18970081 -0.016206666 0.00021783042 0.99986864 3.6913707
230 0.99985703 -0.0033603703 0.016572082 0.074003655 0.0033663251 0.99999428 -0.00033144873 -0.19184273 -0.016570873 0.00038718836 0.99986262 3.7151093
231 0.99984124 -0.0034451312 0.017482379 0.078218423 0.0034636915 0.99999347 -0.0010314886 -0.20298296 -0.017478711 0.0010918784 0.99984664 3.7458052
232 0.99985613 -0.002537199 0.016771369 0.073393513 0.002531706 0.99999673 0.00034874586 -0.18812862 -0.016772199 -0.00030623551 0.99985929 3.7445919
233 0.99985375 -0.0026052127 0.016902186 0.076581707 0.0026051247 0.99999661 2.7225399e-05 -0.18996203 -0.016902199 1.6810884e-05 0.99985715 3.7496757
234 0.99984749 -0.003193502 0.017169592 0.074843451 0.0031940866 0.9999949 -6.622914e-06 -0.19457634 -0.017169483 6.1463067e-05 0.99985259 3.7674916
235 0.99984738 -0.0030879655 0.017195259 0.076295128 0.0030924911 0.99999519 -0.00023660811 -0.19625579 -0.017194446 0.00028974818 0.99985212 3.7701466
236 0.99984216 -0.0034049869 0.01743712 0.077797755 0.0034145103 0.99999404 -0.00051641503 -0.20009481 -0.017435257 0.00057587275 0.99984783 3.7792057
237 0.99985016 -0.0029137127 0.017063705 0.073796965 0.0029143589 0.99999575 -1.3006174e-05 -0.19520313 -0.017063594 6.2733986e-05 0.9998544 3.7684417
238 0.99985117 -0.0028829593 0.017009614 0.073181914 0.002878466 0.99999582 0.00028863703 -0.19196274 -0.017010374 -0.00023963248 0.99985528 3.7656161
239 0.99984865 -0.003127444 0.017114412 0.074405377 0.0031282524 0.99999511 -2.0460769e-05 -0.19432203 -0.017114264 7.3995872e-05 0.99985354 3.7615263
240 0.99987793 -0.0023127066 0.01545241 0.065866713 0.0022918761 0.99999644 0.0013656114 -0.17502299 -0.015455513 -0.0013300297 0.99987967 3.7162311
241 0.99984557 -0.0034209503 0.017237548 0.074801388 0.0034317414 0.99999393 -0.00059648288 -0.19885538 -0.017235403 0.00065554557 0.99985124 3.7373121
242 0.99986955 -0.0028427943 0.015899559 0.068737884 0.0028340652 0.99999582 0.00057151739 -0.18409035 -0.015901117 -0.00052638245 0.99987343 3.7223531
243 0.99987425 -0.0021349699 0.01571394 0.06781913 0.0021223207 0.99999741 0.00082160348 -0.1782077 -0.015715653 -0.00078815014 0.99987619 3.6905963
244 0.99985781 -0.0025335966 0.016671523 0.070912611 0.0025347384 0.99999679 -4.7355915e-05 -0.19242874 -0.016671349 8.960713e-05 0.99986102 3.7266071
245 0.99986097 -0.0023020424 0.016515142 0.072092579 0.0022987183 0.99999733 0.00022025883 -0.18736092 -0.016515605 -0.00018226455 0.99986359 3.7238476
246 0.9998535 -0.0027586981 0.016893012 0.074822862 0.0027572865 0.99999619 0.00010685643 -0.18944331 -0.016893242 -6.02619e-05 0.9998573 3.7359946
247 0.99981681 -0.0049138682 0.01849844 0.084894237 0.0049448024 0.99998645 -0.0016268915 -0.2123216 -0.018490195 0.0017180646 0.99982757 3.7817539
248 0.99981449 -0.0046772061 0.018684493 0.088786052 0.0047195822 0.99998639 -0.0022245323 -0.21711834 -0.018673834 0.0023123026 0.99982295 3.7829316
249 0.99984128 -0.0031864539 0.017528953 0.081422695 0.0032001967 0.99999459 -0.0007560077 -0.1992276 -0.017526449 0.0008119838 0.99984607 3.7627727
250 0.99985873 -0.0029792279 0.016542165 0.075978936 0.002978434 0.99999556 7.2629526e-05 -0.19116279 -0.016542308 -2.3349519e-05 0.99986317 3.7721398
251 0.99983278 -0.0038465607 0.017877838 0.081449473 0.0038673474 0.99999189 -0.0011282827 -0.20702291 -0.017873353 0.0011972339 0.99983954 3.788221
252 0.99982271 -0.0046431439 0.018248137 0.087709459 0.0046739262 0.99998772 -0.001644583 -0.20937812 -0.018240277 0.0017295819 0.99983214 3.7862392
253 0.99982241 -0.0041698646 0.018378285 0.088257903 0.0042041287 0.9999895 -0.0018261384 -0.21096482 -0.018370477 0.0019030788 0.99982944 3.7753859
254 0.99985734 -0.0022536093 0.016739729 0.075348343 0.0022488006 0.99999742 0.0003060796 -0.18513572 -0.016740376 -0.00026839163 0.99985983 3.7185352
255 0.99983553 -0.0036347532 0.017768003 0.082492306 0.0036723356 0.99999109 -0.0020830024 -0.21126352 -0.017760273 0.0021479098 0.99983997 3.7331066
256 0.99985205 -0.0026468591 0.016996477 0.076444681 0.0026572697 0.9999963 -0.0005899623 -0.19512231 -0.016994852 0.00063503923 0.99985538 3.7193769
257 0.99986611 -0.001719571 0.016273102 0.071577822 0.0017066032 0.99999822 0.00081074286 -0.17893682 -0.016274467 -0.00078286258 0.99986726 3.700773
258 0.99986358 -0.0020233691 0.016393151 0.071395892 0.0020087163 0.99999757 0.00091025561 -0.17912774 -0.016394953 -0.00087720224 0.99986521 3.7082608
259 0.999862 -0.0022462485 0.016460148 0.071956587 0.0022387767 0.99999738 0.00047234995 -0.18255473 -0.016461166 -0.00043543417 0.99986441 3.6962825
260 0.9998396 -0.0035273635 0.017559182 0.082681089 0.0035473361 0.9999931 -0.0011064269 -0.19794852 -0.017555158 0.0011685378 0.99984521 3.7158227
261 0.99982282 -0.0044313977 0.018294675 0.088213346 0.0044681621 0.99998808 -0.0019691811 -0.20799815 -0.018285731 0.0020505757 0.9998307 3.7321535
262 0.99983991 -0.0032691959 0.017591546 0.082031906 0.0032754418 0.99999458 -0.00032625121 -0.19175263 -0.017590384 0.00038381907 0.9998452 3.7247465
263 0.99986976 -0.0021465878 0.015995412 0.069906262 0.0021212083 0.99999646 0.0016034711 -0.17230768 -0.015998798 -0.0015693326 0.99987078 3.7083417
264 0.99987035 -0.001758819 0.016006062 0.067986462 0.0017317044 0.99999704 0.0017077278 -0.16832709 -0.016009018 -0.0016797886 0.99987044 3.6669728
265 0.9998645 -0.0022241571 0.016310355 0.071222516 0.0022144076 0.99999736 0.00061578468 -0.17764225 -0.016311682 -0.00057958347 0.99986679 3.6549812
