3 0.99976592 0.0021252441 -0.021531203 -0.056167618 -0.0021318648 0.99999764 -0.00028454251 -0.040891836 0.02153055 0.00033037818 0.99976816 1.6579743
4 0.99976497 0.0021063345 -0.021577335 -0.08735713 -0.0021079167 0.99999773 -5.0581666e-05 -0.06827412 0.021577182 9.6053651e-05 0.9997672 3.0353938
5 0.99976627 0.0022103283 -0.021506271 -0.1184499 -0.0022072441 0.99999751 0.00016714833 -0.095079769 0.02150659 -0.00011963903 0.99976872 4.3817958
6 0.99976509 0.0019869073 -0.021583002 -0.14971441 -0.0019775086 0.9999979 0.00045680462 -0.12155773 0.021583867 -0.00041401613 0.99976698 5.7820159
7 0.99977011 0.0013149904 -0.021401232 -0.18053374 -0.0012978775 0.99999878 0.00081349951 -0.14826368 0.021402278 -0.00078553572 0.99977066 7.2489942
8 0.9997756 0.00074962225 -0.021170618 -0.2107907 -0.00072529748 0.99999902 0.001156647 -0.17404979 0.021171467 -0.0011410319 0.99977523 8.6845557
9 0.99977913 0.00051440557 -0.021010287 -0.24221563 -0.00048401639 0.99999878 0.0014514605 -0.20036487 0.021011011 -0.0014409701 0.99977823 10.13327
10 0.99977887 0.00049275867 -0.021023232 -0.27522103 -0.00045727016 0.99999842 0.001692841 -0.22759146 0.021024035 -0.0016828528 0.99977758 11.602287
11 0.99977622 0.00038339296 -0.021151005 -0.30797386 -0.00034240641 0.99999801 0.0019413992 -0.25404863 0.02115171 -0.001933722 0.99977443 13.061566
12 0.9997787 -0.00010175785 -0.021036706 -0.340188 0.00014848763 0.99999748 0.0022198017 -0.28036081 0.02103643 -0.0022224337 0.99977626 14.528251
13 0.99978435 -0.00090062433 -0.020747084 -0.37110046 0.0009541792 0.99999619 0.0025715745 -0.3055673 0.020744692 -0.0025908159 0.99978147 16.015937
14 0.99978082 -0.0015296813 -0.020880275 -0.40683241 0.0015885522 0.99999476 0.0028031654 -0.3347352 0.02087588 -0.0028357199 0.99977808 17.594497
15 0.99978063 -0.0024975889 -0.020795504 -0.44242852 0.0025626086 0.99999186 0.0031005725 -0.36388582 0.020787593 -0.0031531826 0.99977896 19.233788
16 0.99977474 -0.0031775928 -0.020985102 -0.48017003 0.0032480945 0.99998915 0.0033263906 -0.39412317 0.020974307 -0.0033938025 0.99977428 20.891095
17 0.99977236 -0.0043187615 -0.020894717 -0.51776446 0.0043946666 0.99998386 0.0035882049 -0.42449281 0.020878886 -0.003679213 0.99977526 22.557428
18 0.99976438 -0.005176762 -0.02108062 -0.55913442 0.0052571448 0.99997907 0.0037595017 -0.45756935 0.02106072 -0.0038694394 0.99977073 24.281437
19 0.99975969 -0.0064437508 -0.020953545 -0.59980532 0.0065293361 0.99997056 0.0040187036 -0.49010495 0.020927035 -0.0041545502 0.9997724 26.053664
20 0.99975489 -0.0074112149 -0.020862573 -0.63579187 0.0075035445 0.99996234 0.0043508361 -0.51750306 0.020829545 -0.0045063126 0.99977291 27.754825
21 0.99975211 -0.0086123319 -0.020531627 -0.66849793 0.0087106196 0.99995096 0.0047025498 -0.54218004 0.020490123 -0.0048802269 0.99977817 29.333757
22 0.99975403 -0.0091363947 -0.020209181 -0.69824072 0.009239923 0.99994459 0.0050354339 -0.56340624 0.020162058 -0.0052209263 0.99978312 30.798857
23 0.99975375 -0.0093292467 -0.020134688 -0.72712174 0.009437578 0.99994142 0.0052920617 -0.58347104 0.02008414 -0.005480781 0.99978329 32.177324
24 0.99975706 -0.0091633263 -0.020046291 -0.75581137 0.0092762816 0.99994153 0.0055490411 -0.60258042 0.019994274 -0.0057336478 0.99978368 33.541908
25 0.99975825 -0.0087962626 -0.020151336 -0.78551995 0.0089128177 0.99994398 0.0057015217 -0.6224663 0.020100058 -0.0058797483 0.99978071 34.867609
26 0.99975595 -0.0085638119 -0.020364189 -0.81385888 0.0086856015 0.99994483 0.0058996957 -0.64048793 0.020312544 -0.0060751309 0.99977524 36.162356
27 0.99975574 -0.0083772865 -0.020452278 -0.84191747 0.008503605 0.99994521 0.0060971456 -0.65814231 0.020400082 -0.0062695741 0.99977226 37.440748
28 0.99975421 -0.0082178182 -0.020591161 -0.86972179 0.0083492283 0.99994523 0.0063040735 -0.67510182 0.020538229 -0.0064744441 0.99976813 38.707007
29 0.99975509 -0.0081312776 -0.020582909 -0.89685403 0.0082673078 0.99994444 0.0065324701 -0.69135541 0.020528651 -0.0067010353 0.99976683 39.963768
30 0.99975422 -0.0080016205 -0.020675727 -0.92399598 0.0081425033 0.9999441 0.0067387703 -0.70725033 0.020620652 -0.006905466 0.99976355 41.196481
31 0.99975097 -0.0078498839 -0.020889956 -0.95092473 0.0079962148 0.99994397 0.0069305809 -0.7225288 0.020834383 -0.0070958953 0.99975778 42.404274
32 0.99975031 -0.0076429861 -0.020997799 -0.97820206 0.0077931867 0.99994452 0.0070806892 -0.73821495 0.020942519 -0.0072425608 0.99975447 43.605676
33 0.99974783 -0.0073846149 -0.021207063 -1.0057277 0.0075396225 0.99994533 0.007238636 -0.75342498 0.021152452 -0.0073967038 0.99974892 44.802376
34 0.99973912 -0.0070707005 -0.021718589 -1.0340961 0.00723178 0.99994681 0.0073471211 -0.76869139 0.021665487 -0.0075022683 0.99973715 45.982212
35 0.99973076 -0.0068332753 -0.022174684 -1.0619694 0.0070010961 0.99994733 0.0074993597 -0.78285341 0.022122273 -0.0076525876 0.99972601 47.149469
36 0.99972263 -0.0065550383 -0.02262066 -1.091147 0.0067289202 0.99994829 0.007619344 -0.79758602 0.022569548 -0.0077694432 0.99971511 48.31573
37 0.99971445 -0.0061571051 -0.023089329 -1.1210919 0.0063367102 0.99995013 0.0077136441 -0.81245417 0.023040686 -0.0078577517 0.99970367 49.479078
38 0.99971237 -0.0057891735 -0.023273878 -1.1512837 0.0059723186 0.99995164 0.0078073514 -0.82755703 0.023227557 -0.0079441046 0.99969866 50.647015
39 0.99970981 -0.0053134899 -0.023496104 -1.1825666 0.0054992458 0.99995404 0.0078482963 -0.84345124 0.023453324 -0.0079752295 0.99969314 51.816428
40 0.999708 -0.0048506118 -0.023672495 -1.2136574 0.0050388411 0.99995607 0.0078982476 -0.85899577 0.023633146 -0.0080152232 0.99968859 52.982773
41 0.9997079 -0.0044874391 -0.023748302 -1.2441438 0.0046776775 0.99995732 0.0079611421 -0.87412353 0.023711566 -0.0080699035 0.99968629 54.137874
42 0.99970839 -0.0042080685 -0.023778758 -1.2738036 0.0044000446 0.99995806 0.0080268953 -0.88866249 0.023743986 -0.008129182 0.99968504 55.26594
43 0.99971319 -0.0039881339 -0.023614555 -1.3030291 0.0041806899 0.99995833 0.0081103874 -0.90300842 0.023581228 -0.0082067862 0.99968826 56.376491
44 0.99973869 -0.0037094503 -0.022556424 -1.3309902 0.0038940965 0.99995918 0.0081475786 -0.91810794 0.022525282 -0.0082332864 0.99971239 57.448033
45 0.99976959 -0.0036763725 -0.021148517 -1.3550058 0.0038519652 0.99995835 0.0082681144 -0.93129408 0.021117242 -0.0083476726 0.99974218 58.490108
46 0.99980985 -0.0034214262 -0.019197779 -1.3769874 0.0035819225 0.99995883 0.008332017 -0.94480818 0.019168484 -0.0083991975 0.99978101 59.511192
47 0.9998991 -0.003102513 -0.013862235 -1.3922428 0.0032197476 0.99995913 0.0084428426 -0.95884245 0.013835477 -0.0084866235 0.99986829 60.499987
48 0.999973 -0.0024636967 -0.0069237046 -1.4019125 0.0025221309 0.99996113 0.0084437464 -0.97540053 0.0069026343 -0.0084609808 0.9999404 61.486533
49 0.99999496 -0.0017044555 0.0026793189 -1.40023 0.0016815932 0.99996231 0.0085120375 -0.991416 -0.0026937253 -0.008507489 0.9999602 62.457578
50 0.99992879 -0.0013954104 0.011851869 -1.3875556 0.0012924507 0.99996136 0.0086904165 -1.0055296 -0.011863537 -0.0086744796 0.99989202 63.430019
51 0.99980392 -0.0010911595 0.019772148 -1.3672239 0.00091691929 0.99996064 0.0088193235 -1.0190714 -0.019780993 -0.0087994647 0.99976564 64.404353
52 0.99964824 -0.00066785632 0.026513214 -1.3409795 0.00043351512 0.99996076 0.0088434149 -1.0326403 -0.026518081 -0.0088288102 0.99960937 65.375939
53 0.99945877 -0.00019242474 0.032895902 -1.3093601 -9.932446e-05 0.99996064 0.008866993 -1.0457198 -0.032896314 -0.0088654612 0.99941947 66.338347
54 0.99922065 -0.00012587438 0.039472456 -1.2712623 -0.00022839981 0.99995969 0.0089705839 -1.0574142 -0.039471996 -0.0089726082 0.99918041 67.274706
55 0.99884235 0.00028918982 0.048102793 -1.2261113 -0.0007212323 0.99995951 0.0089645338 -1.0688286 -0.048098255 -0.0089888493 0.99880218 68.176156
56 0.99827249 0.00026125173 0.058753412 -1.1697273 -0.00079130438 0.99995915 0.0089985615 -1.0785772 -0.058748664 -0.0090295082 0.99823199 69.047254
57 0.99753459 0.000277687 0.070175969 -1.1035099 -0.000913322 0.9999588 0.0090258047 -1.0883564 -0.070170575 -0.0090676457 0.99749382 69.912862
58 0.99639804 0.00077125084 0.084796013 -1.0266273 -0.001541758 0.99995807 0.009021485 -1.0988427 -0.084785504 -0.0091197248 0.99635751 70.754371
59 0.99462909 0.001391507 0.10349416 -0.93472905 -0.0023276941 0.99995741 0.00892557 -1.109571 -0.10347734 -0.0091185343 0.99459003 71.570608
60 0.99202568 0.0022275739 0.12601627 -0.82330931 -0.0033731175 0.99995486 0.0088777878 -1.1198181 -0.12599082 -0.0092320611 0.99198847 72.378704
61 0.98811606 0.0034815614 0.15367024 -0.69132993 -0.0048889509 0.99994944 0.0087815662 -1.1335971 -0.1536319 -0.0094284928 0.98808319 73.178605
62 0.98296573 0.0054686931 0.1837076 -0.5339501 -0.0072013652 0.9999356 0.008765855 -1.1476568 -0.18364784 -0.0099394805 0.98294187 73.979914
63 0.97709717 0.0072600851 0.21266972 -0.35019855 -0.009308676 0.99991936 0.0086330166 -1.1608025 -0.2125899 -0.01041497 0.97708603 74.787843
64 0.97039366 0.0085933724 0.24137585 -0.14025231 -0.010982385 0.99990306 0.0085538668 -1.1721147 -0.24127896 -0.010951501 0.97039403 75.588923
65 0.96295128 0.009923554 0.26949279 0.090401285 -0.012684991 0.99988331 0.0085072116 -1.1827167 -0.26937694 -0.011610544 0.96296485 76.374842
66 0.95438602 0.010716968 0.29838312 0.33985603 -0.013813462 0.99987034 0.0082705629 -1.19583 -0.29825581 -0.012015013 0.95441037 77.142526
67 0.94532221 0.011545369 0.32593349 0.6119985 -0.015001558 0.99985468 0.008092493 -1.2085256 -0.32579271 -0.012539524 0.94535809 77.902571
68 0.93497915 0.013125476 0.35445975 0.90854939 -0.016942618 0.99982702 0.0076674134 -1.2218513 -0.35429782 -0.013174348 0.93503986 78.659513
69 0.92503833 0.014362528 0.37960216 1.232557 -0.018559961 0.99980032 0.0073998935 -1.2356477 -0.37942011 -0.013890587 0.92512025 79.430684
70 0.91386522 0.015754545 0.40571192 1.5755566 -0.020384497 0.99976701 0.0070932313 -1.2493431 -0.40550567 -0.014752491 0.9139735 80.184888
71 0.90242104 0.017498257 0.43049981 1.9398809 -0.022570686 0.9997229 0.0066779439 -1.2619556 -0.43026369 -0.015742993 0.90256598 80.929347
72 0.88800841 0.019718239 0.45940424 2.3231562 -0.025267944 0.99966305 0.0059349726 -1.2753396 -0.45913245 -0.016878506 0.8882075 81.649984
73 0.8717378 0.022246761 0.48946736 2.7363617 -0.028558857 0.99957731 0.0054313687 -1.2888055 -0.48913967 -0.018713358 0.87200472 82.366961
74 0.85496471 0.024844483 0.51809083 3.1780744 -0.031987797 0.99947641 0.0048581498 -1.3032363 -0.5176989 -0.020726131 0.85531183 83.08106
75 0.83701935 0.027103135 0.54650163 3.643884 -0.035026379 0.999378 0.0040832068 -1.3182901 -0.54605107 -0.022559697 0.8374481 83.779487
76 0.81870407 0.029025082 0.57348164 4.130253 -0.03777067 0.99928079 0.0033458699 -1.333564 -0.5729721 -0.024400064 0.8192116 84.459182
77 0.79835474 0.031232104 0.60137698 4.6263478 -0.040807488 0.99916437 0.0022828356 -1.3498942 -0.6008032 -0.026363197 0.79896217 85.10359
78 0.77657696 0.033566762 0.62912757 5.1394662 -0.044054289 0.99902851 0.0010767194 -1.3669491 -0.62848028 -0.028551924 0.77730134 85.724326
79 0.75551311 0.034998734 0.65419801 5.6791988 -0.046249628 0.99892987 -2.9167137e-05 -1.3841648 -0.65349899 -0.03023438 0.75632334 86.335146
80 0.73478803 0.036396774 0.67731959 6.2349841 -0.048414469 0.99882662 -0.0011511479 -1.4029383 -0.67656678 -0.03194622 0.73568803 86.928826
81 0.71477502 0.037590269 0.6983435 6.8234746 -0.050359231 0.99872867 -0.0022151835 -1.4230573 -0.69753899 -0.033584685 0.71575937 87.522641
82 0.69363036 0.039127783 0.71926764 7.4435085 -0.052812206 0.99859865 -0.0033934544 -1.444668 -0.71839252 -0.03563231 0.69472481 88.112031
83 0.67577225 0.039957167 0.73602669 8.1010078 -0.054437734 0.99850818 -0.0042254552 -1.4676417 -0.73509756 -0.037212182 0.67693934 88.710322
84 0.65817071 0.04052675 0.75177717 8.7662274 -0.055658752 0.9984368 -0.0050951794 -1.4919996 -0.75080853 -0.038489483 0.65939757 89.286958
85 0.64352428 0.041247651 0.76431351 9.4476242 -0.056898938 0.99836204 -0.0059716868 -1.5162143 -0.76330796 -0.039645703 0.6448172 89.854443
86 0.6306378 0.041974938 0.77494134 10.16623 -0.058188719 0.99828294 -0.006719037 -1.5440969 -0.7738928 -0.040855567 0.63199747 90.439986
87 0.62838133 0.040988911 0.77682483 10.996905 -0.057190987 0.9983426 -0.0064148665 -1.5682126 -0.77580031 -0.040396398 0.62968409 91.108028
88 0.62771614 0.040641088 0.7773807 11.870217 -0.056937084 0.99835836 -0.0062183728 -1.5966327 -0.77635729 -0.040358419 0.62899969 91.816221
89 0.62734416 0.040255714 0.77770097 12.783561 -0.056632312 0.99837706 -0.0059951463 -1.6254579 -0.77668019 -0.040281986 0.62860583 92.55537
90 0.62779968 0.040243087 0.77733395 13.682698 -0.056821556 0.99836749 -0.0057952386 -1.6552304 -0.77629821 -0.040531077 0.6290615 93.288396
91 0.62835978 0.040172948 0.77688489 14.571487 -0.056972677 0.99836029 -0.005544885 -1.6838808 -0.77583383 -0.040777031 0.62961825 94.013832
92 0.62885702 0.040066303 0.77648796 15.451846 -0.057066551 0.99835627 -0.0052978856 -1.7117945 -0.77542394 -0.040979879 0.63010984 94.732877
93 0.62957096 0.03998129 0.7759136 16.329324 -0.057174875 0.99835135 -0.0050517664 -1.7387578 -0.77483641 -0.04118232 0.63081899 95.450585
94 0.63034697 0.039957239 0.77528454 17.192735 -0.057354928 0.99834217 -0.0048207995 -1.7651726 -0.77419192 -0.041427614 0.63159375 96.158466
95 0.631302 0.0400189 0.77450389 18.039584 -0.057596102 0.99832915 -0.004637162 -1.7917087 -0.77339544 -0.041680958 0.63255216 96.856252
96 0.63236587 0.039720537 0.77365088 18.892682 -0.057493638 0.99833673 -0.0042622025 -1.8156933 -0.77253344 -0.041784734 0.6335978 97.558449
97 0.63354239 0.039445751 0.77270181 19.745326 -0.05740445 0.99834335 -0.0038983354 -1.8392658 -0.77157553 -0.041886764 0.63475723 98.262637
98 0.63474386 0.039228777 0.77172621 20.590157 -0.057402027 0.99834484 -0.003535273 -1.8621893 -0.77058761 -0.042054658 0.63594511 98.9626
99 0.6357121 0.039010117 0.77093991 21.429498 -0.057353698 0.99834867 -0.0032236737 -1.8851445 -0.76979264 -0.042166929 0.63689975 99.659635
100 0.63683711 0.038665489 0.77002823 22.262378 -0.057174973 0.99836007 -0.0028452663 -1.9067208 -0.7688755 -0.042214374 0.63800349 100.35271
101 0.63790067 0.038549073 0.76915324 23.08836 -0.057249857 0.99835656 -0.0025560549 -1.929257 -0.76798777 -0.042403406 0.63905929 101.04372
102 0.63867298 0.038283023 0.76852537 23.924097 -0.057173347 0.99836176 -0.0022188396 -1.9511018 -0.76735133 -0.042522057 0.63981549 101.74288
103 0.63932903 0.037993926 0.76799405 24.766502 -0.057068484 0.99836844 -0.0018833464 -1.9730824 -0.76681263 -0.04262418 0.64045423 102.44905
104 0.64030966 0.037794678 0.76718649 25.591138 -0.057056471 0.99836968 -0.0015631819 -1.993775 -0.76599486 -0.042772035 0.64142222 103.14229
105 0.64119092 0.037538018 0.76646273 26.407205 -0.056963096 0.99837547 -0.0012431351 -2.014035 -0.76526429 -0.042863005 0.6422876 103.82988
106 0.64219706 0.037205196 0.76563615 27.229837 -0.056770304 0.99838682 -0.00089788731 -2.0338313 -0.76443449 -0.042888778 0.64327327 104.52484
107 0.64352733 0.036640519 0.76454566 28.070263 -0.056406231 0.99840779 -0.00037045332 -2.0508419 -0.76334196 -0.042886744 0.64456949 105.23495
108 0.64457353 0.03606111 0.7636914 28.927743 -0.056071141 0.99842671 0.00018017434 -2.0681059 -0.76248345 -0.042937186 0.64558147 105.96144
109 0.64537876 0.035757715 0.76302532 29.793754 -0.055992687 0.99843097 0.00056994311 -2.08738 -0.76180778 -0.043091669 0.64636836 106.69849
110 0.64630367 0.035816676 0.76223929 30.6555 -0.056277373 0.9984148 0.0008033865 -2.1079989 -0.76100227 -0.043416058 0.64729486 107.43594
111 0.6468989 0.035792299 0.76173534 31.52 -0.056453262 0.99840467 0.0010296947 -2.128273 -0.76048331 -0.043668555 0.64788752 108.17547
112 0.64771168 0.035962329 0.76103633 32.379605 -0.056813626 0.99838406 0.0011755464 -2.1500476 -0.75976432 -0.043998651 0.64870821 108.91547
113 0.64851205 0.035901172 0.7603573 33.249027 -0.056986068 0.99837385 0.0014642601 -2.169826 -0.75906833 -0.044279366 0.64950339 109.66328
114 0.64931667 0.035898365 0.75967044 34.124846 -0.057191979 0.9983617 0.0017062039 -2.1904315 -0.75836467 -0.044554924 0.65030603 110.41931
115 0.65019065 0.035788999 0.75892771 34.999714 -0.057311068 0.99835428 0.0020199816 -2.2095316 -0.75760648 -0.044808333 0.65117177 111.17495
116 0.65130557 0.035817271 0.75796978 35.856021 -0.057537839 0.99834071 0.0022650962 -2.2285975 -0.75663101 -0.045087215 0.65228575 111.91828
117 0.65236448 0.035733413 0.75706255 36.697887 -0.057645337 0.99833382 0.0025518311 -2.246494 -0.75571001 -0.045305852 0.65333743 112.65044
118 0.65335671 0.035542335 0.75621541 37.544144 -0.057644983 0.99833294 0.0028823175 -2.2638355 -0.75485236 -0.045475208 0.65431641 113.38782
119 0.65446214 0.035368528 0.75526709 38.400588 -0.057705466 0.99832831 0.0032526767 -2.2804768 -0.75388952 -0.045711795 0.65540908 114.13635
120 0.65540835 0.035244239 0.75445195 39.26583 -0.057818926 0.99832058 0.0035919551 -2.297344 -0.75305836 -0.045975801 0.65634547 114.89457
121 0.65626465 0.03521481 0.75370859 40.134471 -0.058002989 0.9983089 0.0038609785 -2.3148406 -0.75229808 -0.046251177 0.65719744 115.65791
122 0.6570034 0.035100236 0.75307005 40.998264 -0.058078329 0.9983034 0.0041390239 -2.331383 -0.75164716 -0.046456406 0.65792734 116.41707
123 0.65778677 0.034998748 0.75239063 41.862977 -0.058169664 0.99829689 0.0044180425 -2.3475972 -0.75095465 -0.046672442 0.6587024 117.17861
124 0.65853203 0.034770699 0.751749 42.726606 -0.058121916 0.99829819 0.0047404357 -2.3627672 -0.75030489 -0.046814824 0.65943232 117.93958
125 0.65926881 0.034660789 0.75110803 43.596403 -0.058218261 0.99829115 0.0050324642 -2.3786025 -0.74965012 -0.047045952 0.66016015 118.70878
126 0.66038207 0.034964516 0.75011533 44.451557 -0.058749936 0.99825919 0.0051908749 -2.3957048 -0.74862808 -0.047497191 0.66128667 119.47072
127 0.6609647 0.034820339 0.7496087 45.318843 -0.058803245 0.99825451 0.0054792699 -2.4107693 -0.74810953 -0.047701031 0.66185859 120.24056
128 0.66215802 0.034971279 0.74854778 46.185859 -0.059169013 0.99823164 0.0057041102 -2.4271995 -0.74702464 -0.048067858 0.66305634 121.01693
129 0.66287508 0.034903446 0.74791602 47.063821 -0.059372949 0.99821757 0.0060375964 -2.4415751 -0.74637223 -0.048408155 0.66376592 121.80076
130 0.66349304 0.034986855 0.74736398 47.952847 -0.059674763 0.99819827 0.0062485911 -2.4580752 -0.74579886 -0.048744667 0.66438548 122.59833
131 0.66433402 0.035046711 0.74661372 48.83458 -0.059994883 0.99817729 0.0065278869 -2.4731628 -0.74502413 -0.049129702 0.6652258 123.3906
132 0.66501836 0.035080554 0.74600264 49.711006 -0.060223862 0.99816204 0.0067478267 -2.4880258 -0.74439485 -0.049414591 0.66590882 124.1789
133 0.66571836 0.03509011 0.74537759 50.581284 -0.060453851 0.99814638 0.0070033928 -2.5025687 -0.74375024 -0.049723236 0.66660575 124.9635
134 0.66647653 0.03512155 0.74469828 51.453647 -0.060710865 0.99812895 0.0072600278 -2.5167494 -0.74304997 -0.050049917 0.66736182 125.75167
135 0.66719027 0.035025374 0.74406342 52.335087 -0.060821094 0.99812006 0.0075527353 -2.5297986 -0.74240014 -0.050293865 0.66806632 126.548
136 0.66773358 0.034854605 0.7435839 53.22401 -0.060866226 0.99811484 0.0078720434 -2.5421963 -0.7419078 -0.050515576 0.66859632 127.35135
137 0.66830997 0.034888445 0.74306432 54.118078 -0.061129482 0.99809679 0.0081169247 -2.5555239 -0.74136698 -0.050847762 0.66917079 128.16227
138 0.66880571 0.035035027 0.74261126 55.011807 -0.061500252 0.99807251 0.0083007393 -2.5693684 -0.74088911 -0.051222364 0.66967129 128.97442
139 0.66914506 0.035078307 0.74230344 55.909913 -0.061759156 0.99805477 0.0085083302 -2.583033 -0.74056108 -0.051537344 0.67000987 129.79094
140 0.66970427 0.035231717 0.74179169 56.814266 -0.062147021 0.99802899 0.0087057466 -2.5970736 -0.74002294 -0.051930423 0.67057387 130.61593
141 0.67028186 0.035186196 0.74127199 57.712563 -0.062316755 0.99801602 0.0089756566 -2.6091239 -0.73948555 -0.052209888 0.67114476 131.43452
142 0.67083925 0.035094795 0.74077194 58.599135 -0.062402023 0.99800838 0.0092293278 -2.6209837 -0.73897275 -0.052417066 0.67169322 132.24377
143 0.67134341 0.035031349 0.74031807 59.479433 -0.062544366 0.997997 0.009492631 -2.6322411 -0.73850271 -0.052675542 0.67218976 133.04791
144 0.67203112 0.035221717 0.73968481 60.352172 -0.062930971 0.99797114 0.0096545366 -2.6446256 -0.73784409 -0.053037235 0.67288424 133.84906
145 0.67270183 0.035272009 0.73907249 61.223609 -0.063185468 0.99795281 0.0098842519 -2.6556561 -0.73721087 -0.053347798 0.6735534 134.64903
146 0.67335094 0.03520821 0.73848419 62.097561 -0.063297857 0.99794315 0.010136818 -2.6662874 -0.73660839 -0.053570105 0.67419461 135.45251
147 0.67413598 0.035178247 0.73776905 62.973653 -0.063478948 0.99792873 0.010420686 -2.6761444 -0.73587439 -0.053857765 0.67497279 136.25953
148 0.67479676 0.035248911 0.73716135 63.848081 -0.063752759 0.99790893 0.01064211 -2.6865133 -0.73524482 -0.054177334 0.67563297 137.06702
149 0.67546513 0.035332105 0.73654498 64.721069 -0.064034541 0.99788859 0.010855543 -2.6967876 -0.73460633 -0.054496863 0.67630147 137.87495
150 0.67612206 0.035325399 0.73594231 65.589564 -0.064220761 0.99787391 0.011102473 -2.7062178 -0.73398547 -0.054769404 0.67695323 138.67946
151 0.67687016 0.035427297 0.73524941 66.456391 -0.06451949 0.99785224 0.011316037 -2.7159333 -0.73326942 -0.055097407 0.6777022 139.48518
152 0.67765853 0.035490253 0.73451982 67.325393 -0.064799253 0.9978312 0.011570123 -2.7250282 -0.73251621 -0.055436931 0.67848861 140.29453
153 0.67838619 0.03553341 0.73384573 68.208413 -0.065063776 0.99781092 0.011831837 -2.7339158 -0.7318189 -0.055773332 0.67921313 141.11865
154 0.67950748 0.035708035 0.7327991 69.08147 -0.065450147 0.99778279 0.01207016 -2.7429298 -0.73074338 -0.056163576 0.68033801 141.93773
155 0.6802234 0.035712093 0.7321344 69.959976 -0.065677705 0.99776439 0.012351909 -2.7507806 -0.73005657 -0.056486967 0.68104822 142.76104
156 0.68097482 0.035763476 0.73143302 70.842638 -0.065948273 0.99774326 0.012614068 -2.7591741 -0.7293313 -0.05682661 0.68179663 143.59124
157 0.68178331 0.035775625 0.73067888 71.723845 -0.066206272 0.99772219 0.012925235 -2.7663998 -0.72855218 -0.057187737 0.68259896 144.42096
158 0.68236232 0.03578647 0.73013766 72.605217 -0.066438634 0.99770328 0.013190584 -2.7737409 -0.72798874 -0.057510109 0.68317277 145.2519
159 0.68292554 0.035806882 0.72960988 73.479233 -0.066677537 0.9976839 0.013448068 -2.7809127 -0.72743854 -0.057832621 0.68373138 146.07741
160 0.68347529 0.035901222 0.72909028 74.349209 -0.066997395 0.99765932 0.01367989 -2.7880667 -0.72689264 -0.058197019 0.68428082 146.90072
161 0.68386003 0.035929147 0.72872805 75.226984 -0.067243744 0.99763948 0.013915991 -2.7944236 -0.72650793 -0.058518995 0.68466182 147.73103
162 0.68435367 0.036085849 0.72825673 76.110727 -0.067623318 0.99761104 0.014114011 -2.801586 -0.72600769 -0.058906115 0.68515907 148.57
163 0.68478337 0.036298993 0.7278421 76.987367 -0.068071854 0.99757798 0.014293481 -2.8086267 -0.72556046 -0.059333502 0.6855958 149.40304
164 0.68506364 0.036403146 0.7275731 77.862609 -0.068379397 0.99755436 0.01447294 -2.8155264 -0.72526691 -0.059665898 0.68587749 150.23494
165 0.68552131 0.036568181 0.72713362 78.731936 -0.068750734 0.99752626 0.014649815 -2.8221419 -0.72479921 -0.060033733 0.68633964 151.06286
166 0.68577317 0.036633166 0.72689283 79.604999 -0.069022442 0.99750458 0.014846739 -2.827913 -0.72453509 -0.060353416 0.68659043 151.89364
167 0.68601695 0.036869426 0.72665081 80.475345 -0.069447729 0.99747346 0.014953599 -2.8350048 -0.72426361 -0.060722674 0.68684425 152.72447
168 0.68629341 0.03727067 0.72636923 81.339903 -0.070050731 0.9974305 0.015006764 -2.8423965 -0.72394356 -0.061181742 0.68714086 153.55068
169 0.6862796 0.037532338 0.7263688 82.20022 -0.070475564 0.99739993 0.015049091 -2.8500017 -0.72391541 -0.061519138 0.68714039 154.37277
170 0.68661015 0.037964958 0.72603386 83.054691 -0.071051315 0.99735922 0.015040418 -2.8582539 -0.7235456 -0.061912567 0.68749447 155.19152
171 0.68697307 0.038368873 0.72566923 83.895694 -0.071594078 0.99732034 0.015044246 -2.8658838 -0.72314751 -0.062288615 0.68787925 155.99739
172 0.6871245 0.038724569 0.72550695 84.746235 -0.07209967 0.99728377 0.015054391 -2.8737586 -0.72295337 -0.062653056 0.68805019 156.81316
173 0.68738774 0.039073656 0.72523882 85.613168 -0.072667005 0.9972412 0.015146113 -2.8807636 -0.72264627 -0.063112189 0.68833079 157.64471
174 0.68779164 0.039531314 0.72483097 86.473607 -0.073278858 0.99719639 0.015148501 -2.8886711 -0.72220003 -0.063533802 0.6887602 158.47182
175 0.68795326 0.039759796 0.72466508 87.339514 -0.073685963 0.99716496 0.015242107 -2.8952337 -0.72200465 -0.063883505 0.68893267 159.30264
176 0.6881411 0.040011172 0.72447286 88.199865 -0.074123745 0.99713106 0.015336962 -2.9016384 -0.72178079 -0.06425464 0.68913269 160.12865
177 0.68829191 0.040319676 0.72431248 89.049109 -0.074601631 0.99709465 0.015387234 -2.9084012 -0.72158774 -0.064625805 0.68930014 160.94477
178 0.68835929 0.04050932 0.72423787 89.895844 -0.074951385 0.99706716 0.015468632 -2.9145916 -0.72148722 -0.064930611 0.68937672 161.75781
179 0.68851593 0.040698431 0.72407835 90.747609 -0.07531029 0.99703853 0.015570732 -2.9205447 -0.72130035 -0.065251251 0.68954197 162.57624
180 0.68858946 0.041083532 0.72398668 91.605946 -0.075886676 0.99699435 0.015600724 -2.9277124 -0.72116974 -0.06568344 0.68963754 163.40324
181 0.68890096 0.041679925 0.72365617 92.464743 -0.076657364 0.99693609 0.015555883 -2.9359713 -0.72079063 -0.066190041 0.68998535 164.23314
182 0.68867644 0.042083145 0.72384651 93.306139 -0.077218526 0.99689351 0.015509041 -2.9434492 -0.72094527 -0.066575076 0.68978672 165.04368
183 0.68875819 0.042456856 0.7237469 94.148696 -0.077723304 0.99685462 0.015487803 -2.9510661 -0.72081292 -0.066919355 0.68989172 165.85616
184 0.68883705 0.042713926 0.72365672 94.985709 -0.078129432 0.99682217 0.015532585 -2.957356 -0.72069365 -0.067238312 0.68998531 166.66143
185 0.68885719 0.04286322 0.72362872 95.820457 -0.078411611 0.99679897 0.015599698 -2.9633607 -0.72064375 -0.067486861 0.69001316 167.46433
186 0.68910996 0.043130237 0.72337214 96.661268 -0.078843801 0.99676364 0.015678508 -2.9693514 -0.72035487 -0.067837629 0.69028035 168.27459
187 0.68945113 0.043462857 0.72302706 97.504921 -0.07934318 0.99672299 0.015743279 -2.9755259 -0.71997349 -0.068221491 0.69064032 169.0889
188 0.68995354 0.043867774 0.72252317 98.35898 -0.079931437 0.99667484 0.015815507 -2.9820575 -0.71942693 -0.068664284 0.6911658 169.91576
189 0.69031877 0.044247263 0.72215108 99.219409 -0.080489586 0.99662895 0.01587669 -2.9883722 -0.71901422 -0.069085623 0.69155316 170.7489
190 0.69093664 0.044683297 0.72153307 100.07893 -0.081104387 0.99657796 0.015948823 -2.995118 -0.71835135 -0.069539128 0.69219628 171.58426
191 0.69140625 0.045000722 0.72106334 100.92379 -0.081571173 0.99653866 0.016023362 -3.0008608 -0.71784648 -0.069896639 0.69268386 172.40437
192 0.6918965 0.045417347 0.72056679 101.75401 -0.082090763 0.99649612 0.016015311 -3.0078363 -0.71731469 -0.070232819 0.69320057 173.21362
193 0.69206784 0.045733976 0.7203822 102.58127 -0.082562668 0.99645647 0.016056824 -3.013771 -0.71709521 -0.070589092 0.69339144 174.01858
194 0.69232415 0.046134972 0.7201103 103.40923 -0.083098645 0.99641194 0.016055543 -3.0203236 -0.71678582 -0.070955834 0.69367385 174.82567
195 0.69268934 0.046529586 0.71973362 104.23981 -0.083650088 0.99636518 0.016093544 -3.0264983 -0.71636874 -0.071353611 0.69406378 175.63588
196 0.69291694 0.046701779 0.71950335 105.07313 -0.083945406 0.99633906 0.016172804 -3.0319184 -0.71611404 -0.071605415 0.69430065 176.44794
197 0.69338682 0.0470559 0.71902744 105.90812 -0.084448455 0.99629552 0.01623563 -3.0377312 -0.71559988 -0.071978332 0.69479203 177.26435
198 0.69363921 0.047413083 0.71876049 106.74559 -0.084982047 0.9962492 0.01629421 -3.0432921 -0.71529205 -0.072384045 0.69506682 178.0831
199 0.69401306 0.047855315 0.7183702 107.58223 -0.085555766 0.99620013 0.016291527 -3.0498638 -0.7148609 -0.072767249 0.69547025 178.90354
200 0.69426574 0.048377235 0.71809104 108.42262 -0.086233404 0.99614217 0.016262971 -3.056698 -0.71453405 -0.073214262 0.69575916 179.7283
201 0.69465938 0.048990875 0.71766862 109.26338 -0.086966369 0.99607977 0.016181819 -3.0644732 -0.71406248 -0.073653891 0.69619676 180.55567
202 0.69462995 0.049510742 0.71766142 110.11483 -0.087613969 0.99602455 0.016087493 -3.0725069 -0.71401193 -0.074052025 0.69620636 181.39282
203 0.69461807 0.050131931 0.7176298 110.96717 -0.088360882 0.99596074 0.015951999 -3.0813783 -0.71393145 -0.074490953 0.69624208 182.23209
204 0.69480081 0.050807051 0.71740538 111.81546 -0.089153152 0.99589233 0.015814391 -3.09025 -0.71365508 -0.074946807 0.69647645 183.06794
205 0.69511447 0.051471263 0.71705411 112.6654 -0.08991455 0.99582598 0.0156815 -3.0994259 -0.713254 -0.075374039 0.6968411 183.90651
206 0.69487959 0.051864034 0.71725343 113.5147 -0.090440944 0.99577934 0.015615724 -3.1074434 -0.7134163 -0.07572013 0.69663741 184.74179
207 0.69512949 0.052661962 0.71695308 114.35262 -0.091356613 0.9956985 0.015439279 -3.1172169 -0.71305609 -0.076230707 0.69695046 185.56987
208 0.69409541 0.053092468 0.71792253 115.18307 -0.092011596 0.99563992 0.015327344 -3.1250773 -0.71397861 -0.076695841 0.69595426 186.38427
209 0.69306898 0.053572062 0.7188779 116.00079 -0.092673507 0.99558118 0.015153889 -3.1339053 -0.71488953 -0.077123631 0.69497119 187.18552
210 0.69097812 0.054263258 0.72083614 116.8068 -0.093671445 0.99549233 0.014852561 -3.1433734 -0.71678094 -0.077784562 0.69294638 187.97069
211 0.6882818 0.055283646 0.72333387 117.60298 -0.095031754 0.99537074 0.014351469 -3.1550284 -0.71919201 -0.078617545 0.69034932 188.74306
212 0.68642483 0.055817042 0.72505546 118.40866 -0.095810254 0.99529992 0.014084219 -3.164615 -0.72086155 -0.07913551 0.68854647 189.51694
213 0.68620377 0.056360875 0.72522262 119.22284 -0.096461747 0.99523921 0.013926567 -3.1747491 -0.72098512 -0.079512708 0.68837361 190.30055
214 0.6849647 0.056724698 0.7263647 120.04746 -0.097008848 0.99518833 0.013761515 -3.1849701 -0.7220891 -0.079889959 0.68717172 191.09054
215 0.68490318 0.057253795 0.7263812 120.89028 -0.097640541 0.99512838 0.013628437 -3.196272 -0.72206231 -0.080258417 0.68715693 191.90006
216 0.68488466 0.057768827 0.72635788 121.751 -0.098329093 0.99506131 0.01357535 -3.2065273 -0.72198644 -0.080719666 0.68718262 192.72495
217 0.68461083 0.058325521 0.7265715 122.63243 -0.099078783 0.99498818 0.013484157 -3.2179472 -0.72214363 -0.081219225 0.68695855 193.57051
218 0.68455914 0.058840706 0.72657867 123.52829 -0.099803613 0.99491606 0.013460223 -3.2286958 -0.72209283 -0.0817295 0.68695144 194.4289
219 0.68482662 0.05937888 0.72628277 124.42656 -0.10052723 0.9948433 0.013453494 -3.2395341 -0.72173873 -0.082224509 0.68726441 195.29086
220 0.68502205 0.059888175 0.72605661 125.32762 -0.10124746 0.99477 0.013472477 -3.2498805 -0.72145254 -0.082740335 0.68750295 196.15532
221 0.68528293 0.060195622 0.72578496 126.2299 -0.10175936 0.9947163 0.013580313 -3.25918 -0.7211327 -0.083161776 0.68778761 197.02042
222 0.68560789 0.060364354 0.72546397 127.12432 -0.10214712 0.99467394 0.013770529 -3.2674749 -0.72076891 -0.083545245 0.68812239 197.87812
223 0.68571607 0.060373407 0.72536097 128.01423 -0.10237217 0.99464774 0.013990234 -3.2739946 -0.72063405 -0.08385011 0.68822654 198.7289
224 0.6859336 0.060505897 0.72514422 128.90026 -0.10270702 0.99461077 0.014163223 -3.2811657 -0.72037934 -0.084192438 0.68845137 199.5781
225 0.68612688 0.060610869 0.72495258 129.78331 -0.10304307 0.99457302 0.014371536 -3.2876046 -0.72014725 -0.084562039 0.68864886 200.42409
226 0.68642018 0.060725352 0.72466529 130.66074 -0.10335528 0.99453788 0.014560494 -3.2941616 -0.71982293 -0.084892602 0.6889472 201.26624
227 0.68694694 0.060980839 0.72414449 131.53393 -0.10382614 0.99448609 0.014746301 -3.3011006 -0.71925243 -0.085315059 0.68949063 202.10774
228 0.68738932 0.061063845 0.72371758 132.42284 -0.10415199 0.99444797 0.015017117 -3.3064431 -0.71878252 -0.08569924 0.68993288 202.96349
229 0.68813605 0.061292938 0.72298821 133.30759 -0.10460759 0.9943964 0.015262739 -3.3124883 -0.71800142 -0.086132904 0.69069177 203.81958
230 0.68853052 0.061356848 0.72260713 134.19657 -0.10493638 0.99435721 0.01555655 -3.3166945 -0.71757516 -0.086538939 0.6910839 204.67727
231 0.68901638 0.061519932 0.72212999 135.09157 -0.1053291 0.99431198 0.015791431 -3.3220685 -0.71705107 -0.086941858 0.69157713 205.54436
232 0.68949754 0.061673286 0.7216575 135.98373 -0.10574133 0.99426395 0.016058678 -3.3264645 -0.71652769 -0.087381451 0.69206401 206.40866
233 0.68992173 0.061789807 0.721242 136.86897 -0.10606423 0.99422593 0.016281624 -3.3308139 -0.71607151 -0.087731031 0.69249181 207.2669
234 0.69048084 0.061979006 0.72069051 137.74185 -0.10645432 0.99418075 0.016492976 -3.3349716 -0.71547446 -0.088108705 0.69306074 208.1151
235 0.69094441 0.062067244 0.7202385 138.61278 -0.10675548 0.9941443 0.016742096 -3.3383738 -0.7149819 -0.088457266 0.6935245 208.96184
236 0.691476 0.06211142 0.71972434 139.48836 -0.10701279 0.99411188 0.017021899 -3.341272 -0.7144293 -0.088789949 0.69405127 209.81434
237 0.6921109 0.06222019 0.71910441 140.36574 -0.10733952 0.99407188 0.017298616 -3.3437174 -0.7137652 -0.08916089 0.69468671 210.67024
238 0.69279262 0.062425105 0.71842988 141.2327 -0.10774341 0.99402418 0.017526796 -3.3463715 -0.71304261 -0.089548524 0.69537856 211.51842
239 0.69325674 0.062508808 0.71797476 142.10693 -0.1080383 0.99398769 0.017779585 -3.3482248 -0.71254673 -0.089894594 0.69584205 212.37361
240 0.69385306 0.062633996 0.71738756 142.98914 -0.10838095 0.99394559 0.01804557 -3.3498715 -0.71191398 -0.090272122 0.69644057 213.23884
241 0.69453309 0.062849625 0.71671034 143.86813 -0.10881596 0.99389355 0.018292536 -3.3514711 -0.71118415 -0.090694302 0.69713104 214.10302
242 0.69497398 0.062936669 0.71627519 144.74252 -0.10910065 0.99385795 0.018529192 -3.3525631 -0.71070967 -0.091023397 0.69757189 214.96232
243 0.69562504 0.063099377 0.71562859 145.60651 -0.10944832 0.99381538 0.018760938 -3.3537396 -0.71001894 -0.091374934 0.69822902 215.81435
244 0.69619876 0.063116599 0.71506894 146.46848 -0.10966162 0.99378637 0.019049724 -3.3536822 -0.70942346 -0.091678016 0.69879435 216.66436
245 0.69684933 0.063208227 0.71442686 147.32757 -0.10993753 0.99375083 0.019311517 -3.3538046 -0.70874168 -0.091999548 0.6994436 217.514
246 0.69760542 0.063216707 0.71368784 148.18126 -0.11013333 0.99372291 0.019630038 -3.3528587 -0.70796705 -0.092294846 0.7001888 218.35945
247 0.69834008 0.063265958 0.71296463 149.02633 -0.11035654 0.99369245 0.019916118 -3.3519568 -0.7072076 -0.092588536 0.70091712 219.1985
248 0.69909692 0.063206604 0.71222779 149.86494 -0.11046356 0.99367395 0.020243494 -3.3501258 -0.70644272 -0.092827386 0.70165647 220.03211
249 0.69992762 0.063232145 0.71140918 150.7055 -0.11066272 0.99364532 0.020558588 -3.3482212 -0.70558848 -0.093116003 0.70247729 220.87051
250 0.70070232 0.063162922 0.71065231 151.55438 -0.11078076 0.9936247 0.020916134 -3.3452755 -0.70480061 -0.093382596 0.70323242 221.71802
251 0.70159519 0.063194538 0.70976802 152.39978 -0.11098797 0.99359461 0.021244792 -3.3424598 -0.70387916 -0.093680961 0.70411508 222.56516
252 0.70240637 0.063110861 0.70897272 153.23014 -0.111072 0.99357761 0.021597641 -3.3387026 -0.70305642 -0.09391734 0.70490514 223.39785
253 0.70303605 0.06291948 0.70836534 154.04978 -0.11102031 0.99357606 0.021932172 -3.3346276 -0.70243492 -0.094062052 0.70550517 224.22057
254 0.70391224 0.062637948 0.70751965 154.86885 -0.11088956 0.99358111 0.022360707 -3.3291684 -0.70157757 -0.094196526 0.70633984 225.04436
255 0.70469706 0.062426064 0.7067567 155.69216 -0.1108405 0.99357758 0.022757248 -3.3234825 -0.70079701 -0.094374239 0.70709058 225.87423
256 0.70542304 0.062221711 0.70605014 156.50676 -0.11078599 0.99357511 0.023127316 -3.3176178 -0.70007487 -0.094535009 0.70778411 226.69684
257 0.70597934 0.062057322 0.70550838 157.31314 -0.11076319 0.99357029 0.023441552 -3.311829 -0.69951749 -0.094693615 0.70831381 227.51219
258 0.70656007 0.062022072 0.70492988 158.10409 -0.11086249 0.99355302 0.023702774 -3.3064898 -0.69891516 -0.094897723 0.70888085 228.31446
259 0.70723807 0.061868588 0.70426315 158.88029 -0.1108212 0.99355031 0.024007246 -3.3004293 -0.69823563 -0.095026134 0.70953301 229.10277
260 0.70798759 0.061746138 0.70352043 159.64936 -0.11080112 0.99354534 0.024303814 -3.2943274 -0.69747882 -0.095157655 0.71025936 229.88632
261 0.70910827 0.061478161 0.70241434 160.41407 -0.11064397 0.99355212 0.024738674 -3.286487 -0.69636442 -0.095260317 0.71133826 230.66718
262 0.7102465 0.061189103 0.70128868 161.17463 -0.11045616 0.99356202 0.025176411 -3.2781855 -0.69523332 -0.095343117 0.71243271 231.44624
263 0.71154915 0.060827736 0.69999842 161.92935 -0.11019057 0.99357889 0.025669845 -3.2689309 -0.69394226 -0.095398587 0.71368291 232.22204
264 0.71306001 0.060425409 0.69849423 162.67903 -0.10988112 0.99359884 0.026218134 -3.2586916 -0.69243886 -0.095446436 0.71513526 232.99592
265 0.7150553 0.059967019 0.69649112 163.42283 -0.10949779 0.99362384 0.026866553 -3.2472902 -0.69043912 -0.095475316 0.71706229 233.76907
266 0.71750863 0.059323323 0.69401881 164.16316 -0.1089197 0.99366533 0.027669703 -3.23381 -0.68798102 -0.095445578 0.71942498 234.54368
267 0.72018267 0.058638542 0.69130199 164.89709 -0.10828717 0.99371039 0.028521272 -3.2192117 -0.68528157 -0.095399664 0.72200285 235.31787
268 0.7230464 0.057833117 0.68837435 165.62643 -0.10752926 0.99376545 0.029455035 -3.202917 -0.68237921 -0.095317747 0.72475733 236.09307
269 0.72646349 0.057015609 0.68483577 166.34167 -0.10672841 0.993821 0.030475893 -3.1854791 -0.67886661 -0.095231061 0.7280599 236.86246
270 0.73007853 0.056280743 0.68104172 167.04414 -0.10599379 0.9938679 0.031493173 -3.167457 -0.67509309 -0.095178686 0.73156708 237.62737
271 0.73337497 0.055660578 0.67754193 167.75047 -0.10538958 0.99390221 0.032424427 -3.1488064 -0.6716057 -0.095185128 0.73476909 238.40341
272 0.73705352 0.054601968 0.67362507 168.44988 -0.10433246 0.9939751 0.033587836 -3.1268186 -0.66773263 -0.095036997 0.73830966 239.17804
273 0.74054378 0.053443886 0.66987959 169.14782 -0.10318069 0.9940551 0.034757968 -3.1031785 -0.66403967 -0.094858443 0.74165574 239.95763
274 0.74390909 0.052238269 0.66623602 169.83858 -0.10198466 0.99413699 0.035926191 -3.078217 -0.66045319 -0.094671682 0.74487509 240.73602
275 0.74884723 0.05064459 0.66080478 170.51598 -0.10032363 0.99424824 0.03749032 -3.0494472 -0.65510535 -0.094368865 0.74962094 241.51306
276 0.75452422 0.048720933 0.65446121 171.19178 -0.098292663 0.9943814 0.039294927 -3.0168086 -0.64886961 -0.093977714 0.75507381 242.30178
277 0.76149756 0.046522312 0.64649606 171.84981 -0.095906677 0.99452897 0.041399964 -2.9805805 -0.64103307 -0.093529265 0.76179323 243.0889
278 0.76965331 0.044172303 0.63693218 172.48764 -0.093284093 0.99467826 0.043739636 -2.941176 -0.63161055 -0.093080001 0.76967803 243.87468
279 0.77800208 0.042008216 0.62685571 173.10859 -0.090791169 0.99480619 0.046016467 -2.9005795 -0.62166691 -0.092713875 0.77777531 244.66282
280 0.7863467 0.039745643 0.6165056 173.72263 -0.088181738 0.99493108 0.048332479 -2.8567488 -0.61145961 -0.092370626 0.78586567 245.46295
281 0.79432825 0.037481753 0.60633139 174.33112 -0.08556961 0.99504694 0.050589916 -2.810308 -0.60143204 -0.092068545 0.79360124 246.27598
282 0.80190774 0.035207659 0.59640959 174.93189 -0.082941542 0.99515608 0.052773041 -2.7616784 -0.59166265 -0.091786246 0.80094359 247.09873
283 0.8089944 0.032903231 0.58689475 175.52739 -0.080285938 0.99526039 0.054871152 -2.710821 -0.5823077 -0.091509855 0.80780179 247.9332
284 0.81603754 0.03037221 0.57720037 176.11345 -0.077388831 0.99536821 0.057035062 -2.6567224 -0.57279465 -0.091211618 0.81460835 248.7739
