3 0.99999955 0.00073618823 -0.00060225281 -0.0098113131 -0.00073611723 0.99999972 0.00011808959 -0.033491113 0.00060233958 -0.00011764621 0.99999981 1.3750282
4 1 -2.3950546e-05 -4.6640772e-05 -0.0014672405 2.3961453e-05 0.99999997 0.00023386196 -0.026993439 4.663517e-05 -0.00023386308 0.99999997 1.3777794
5 0.99999999 9.9315829e-05 7.0620459e-05 -0.0019774032 -9.9331213e-05 0.99999997 0.00021787935 -0.026741757 -7.0598818e-05 -0.00021788636 0.99999997 1.3467607
6 0.99999997 -0.0002297007 -7.7389868e-05 -0.0010847954 0.0002297231 0.99999993 0.00028948621 -0.026714521 7.7323368e-05 -0.00028950398 0.99999996 1.4005642
7 0.99999975 -0.0006797796 0.00018110163 0.00090377631 0.00067971491 0.99999971 0.0003570538 -0.027374484 -0.00018134429 -0.00035693061 0.99999992 1.4672894
8 0.99999981 -0.00057284695 0.00023021359 0.00050774778 0.00057276787 0.99999978 0.00034344681 -0.026953559 -0.00023041029 -0.00034331489 0.99999991 1.4358587
9 0.99999996 -0.00024151385 0.00016014464 -0.00072738719 0.00024146661 0.99999993 0.00029493 -0.027991647 -0.00016021586 -0.00029489132 0.99999994 1.4490233
10 1 -2.6724142e-05 -1.307211e-05 -0.0021194024 2.6727297e-05 0.99999997 0.00024137448 -0.029360344 1.3065659e-05 -0.00024137483 0.99999997 1.4693453
11 0.99999999 -0.00011461562 -0.00012792496 -0.0020535706 0.00011464741 0.99999996 0.00024850019 -0.028929022 0.00012789647 -0.00024851485 0.99999996 1.4595977
12 0.99999987 -0.0004911488 0.00011421643 -0.0011750103 0.00049111698 0.99999984 0.00027844223 -0.029160649 -0.00011435316 -0.0002783861 0.99999995 1.4669852
13 0.99999963 -0.00080643933 0.00028971984 0.00038622278 0.00080633741 0.99999961 0.00035173086 -0.028509563 -0.00029000338 -0.00035149712 0.9999999 1.4879465
14 0.99999979 -0.00063400312 -0.00013301141 -0.0030053373 0.00063403393 0.99999977 0.00023171878 -0.033225366 0.00013286447 -0.00023180306 0.99999996 1.5788814
15 0.99999952 -0.00097432742 8.524379e-05 -0.0014129701 0.00097430204 0.99999948 0.00029727339 -0.033744588 -8.5533388e-05 -0.00029719019 0.99999995 1.6395893
16 0.99999975 -0.00068486359 -0.00018907577 -0.0033592989 0.00068490637 0.99999974 0.00022630464 -0.035368643 0.00018892074 -0.00022643408 0.99999996 1.6576313
17 0.99999934 -0.001146915 9.123592e-05 -0.0027344353 0.0011468911 0.99999931 0.00026152091 -0.035905053 -9.1535799e-05 -0.0002614161 0.99999996 1.6666444
18 0.99999961 -0.00086179801 -0.00018520303 -0.0055105176 0.00086182989 0.99999961 0.00017211358 -0.039240347 0.00018505463 -0.00017227313 0.99999997 1.7243675
19 0.99999918 -0.0012727396 0.0001284435 -0.0035079773 0.0012727063 0.99999916 0.00025853225 -0.039181896 -0.00012877244 -0.00025836856 0.99999996 1.7725559
20 0.99999952 -0.00097464672 9.3129223e-05 -0.00055653353 0.0009746158 0.99999947 0.00033153442 -0.03423298 -9.3452303e-05 -0.0003314435 0.99999994 1.7014179
21 0.99999921 -0.0012086963 0.00033361318 5.2183894e-06 0.0012085798 0.99999921 0.00034922403 -0.031548828 -0.00033403502 -0.00034882056 0.99999988 1.5791484
22 0.99999981 -0.00053096938 0.00032536698 9.9762328e-05 0.00053086198 0.9999998 0.0003300667 -0.028119021 -0.00032554217 -0.00032989391 0.99999989 1.4652856
23 0.99999998 -0.00019807309 7.6850128e-05 -0.0012665875 0.00019805341 0.99999995 0.00025593208 -0.026996696 -7.6900817e-05 -0.00025591685 0.99999996 1.3786504
24 0.99999998 0.00016080203 9.0807757e-05 -0.0014564225 -0.00016082528 0.99999995 0.00025613753 -0.026319595 -9.0766565e-05 -0.00025615213 0.99999996 1.3647645
25 0.99999993 0.00036407605 -0.00010366447 -0.0033794063 -0.00036406014 0.99999992 0.00015345137 -0.0272136 0.00010372033 -0.00015341362 0.99999998 1.3258993
26 0.99999995 0.00022847485 -0.00021114505 -0.002468213 -0.0002284326 0.99999995 0.00020006731 -0.025384129 0.00021119075 -0.00020001907 0.99999996 1.2949312
27 0.99999998 0.00018253357 -8.6412355e-05 -0.0022376946 -0.00018251644 0.99999996 0.00019821149 -0.025179516 8.6448532e-05 -0.00019819571 0.99999998 1.278572
28 0.99999998 0.00015525015 -0.00013717379 -0.0021099556 -0.00015522161 0.99999997 0.00020810597 -0.024664562 0.0001372061 -0.00020808467 0.99999997 1.2664358
29 1 8.1858923e-05 1.0129492e-05 -0.0014496215 -8.1861234e-05 0.99999997 0.00022832475 -0.024166564 -1.0110801e-05 -0.00022832558 0.99999997 1.2569263
30 0.99999999 0.00012542587 -9.1156364e-05 -0.0019607821 -0.000125407 0.99999997 0.00020706542 -0.0239338 9.1182332e-05 -0.00020705399 0.99999997 1.2328801
31 0.99999997 0.00014777142 -0.0002127335 -0.0021410655 -0.00014773024 0.99999997 0.0001935539 -0.023402509 0.0002127621 -0.00019352247 0.99999996 1.2079611
32 0.99999997 0.00020379504 -0.00010668506 -0.0023654938 -0.00020377893 0.99999997 0.00015096996 -0.023996178 0.00010671582 -0.00015094822 0.99999998 1.2015721
33 0.99999995 0.00025508486 -0.00020809738 -0.0025753786 -0.00025505166 0.99999995 0.00015957768 -0.023665984 0.00020813808 -0.00015952459 0.99999997 1.1968764
34 0.99999982 0.00031161346 -0.00051082742 -0.0035199619 -0.00031155611 0.99999995 0.00011234365 -0.02378298 0.0005108624 -0.00011218448 0.99999986 1.1800309
35 0.99999987 0.00023411029 -0.00045511675 -0.0026792858 -0.00023403952 0.99999996 0.00015553907 -0.022721257 0.00045515315 -0.00015543253 0.99999988 1.1674514
36 0.99999986 0.00027558366 -0.00044525745 -0.003472514 -0.00027552887 0.99999995 0.00012310886 -0.023457375 0.00044529135 -0.00012298616 0.99999989 1.1664783
37 0.99999981 0.00039584212 -0.00046816187 -0.0037803894 -0.00039579653 0.99999992 9.7456165e-05 -0.023709661 0.00046820041 -9.7270849e-05 0.99999989 1.16358
38 0.99999992 0.00036584651 -0.00018401827 -0.003368783 -0.00036582905 0.99999993 9.4878263e-05 -0.024093575 0.00018405297 -9.4810935e-05 0.99999998 1.1681722
39 0.99999986 0.00047483807 -0.00022204533 -0.0042062917 -0.0004748287 0.99999989 4.2273286e-05 -0.025002274 0.00022206538 -4.2167847e-05 0.99999997 1.1696638
40 0.99999988 0.00046181699 -0.00017617216 -0.0038125136 -0.00046180803 0.99999989 5.0922622e-05 -0.024680498 0.00017619566 -5.0841258e-05 0.99999998 1.1665965
41 0.99999993 0.00036178068 -7.5522314e-05 -0.0032550723 -0.00036177591 0.99999993 6.3277872e-05 -0.024237603 7.5545202e-05 -6.3250546e-05 1 1.1553428
42 0.99999996 0.00027788689 -3.0169774e-05 -0.0029709819 -0.00027788491 0.99999996 6.5897105e-05 -0.023508629 3.0188084e-05 -6.5888718e-05 1 1.1283006
43 0.99999996 0.00021802897 0.00016459915 -0.0029111283 -0.00021804259 0.99999997 8.2771456e-05 -0.023250226 -0.0001645811 -8.2807343e-05 0.99999998 1.1107817
44 0.9999994 0.0002779824 0.0010585527 -0.0027479758 -0.00027801725 0.99999996 3.2771718e-05 -0.023781289 -0.0010585436 -3.3065995e-05 0.99999944 1.0717449
45 0.99999901 3.0489286e-05 0.0014086786 -0.00058760406 -3.0651403e-05 0.99999999 0.00011506308 -0.021676223 -0.0014086751 -0.00011510615 0.999999 1.0422098
46 0.99999806 0.00025380134 0.0019513548 -0.00046614341 -0.00025391188 0.99999997 5.6404094e-05 -0.021956402 -0.0019513405 -5.6899456e-05 0.99999809 1.0211742
47 0.99998571 0.00031717785 0.0053365993 0.0036508817 -0.00031767245 0.99999995 9.1832795e-05 -0.022286577 -0.0053365698 -9.3526773e-05 0.99998576 0.98875432
48 0.99997572 0.000639113 0.0069388312 0.0039273475 -0.00063898103 0.9999998 -2.1235045e-05 -0.024899855 -0.0069388434 1.6800748e-05 0.99997593 0.98641048
49 0.9999536 0.00075890267 0.0096030731 0.00834477 -0.00075936466 0.99999971 4.4461981e-05 -0.024234982 -0.0096030366 -5.1752153e-05 0.99995389 0.97083968
50 0.99995788 0.00030949176 0.0091729871 0.010031202 -0.00031100295 0.99999994 0.00016331809 -0.02240772 -0.0091729359 -0.00016616404 0.99995791 0.972316
51 0.99996858 0.00030571106 0.0079213809 0.0087536403 -0.0003066629 0.99999995 0.00011894639 -0.022021458 -0.0079213441 -0.00012137185 0.99996862 0.97435233
52 0.99997718 0.00042380081 0.0067428582 0.0070079359 -0.00042393256 0.99999991 1.8109887e-05 -0.02214647 -0.0067428499 -2.0967991e-05 0.99997727 0.97175713
53 0.9999795 0.00047623621 0.0063854881 0.0060813177 -0.00047637996 0.99999989 2.099103e-05 -0.02159701 -0.0063854774 -2.4032518e-05 0.99997961 0.96275531
54 0.99997834 7.0039172e-05 0.0065808489 0.007275638 -7.0728012e-05 0.99999999 0.00010444073 -0.02000252 -0.0065808415 -0.00010490391 0.99997834 0.93696488
55 0.9999626 0.00041538183 0.0086385416 0.009536317 -0.000415365 0.99999991 -3.7424563e-06 -0.019507955 -0.0086385424 1.5416849e-07 0.99996269 0.90239107
56 0.99994312 -2.5949861e-05 0.01066569 0.014427459 2.5500881e-05 1 4.223174e-05 -0.017562118 -0.010665691 -4.1957353e-05 0.99994312 0.87267935
57 0.99993449 1.8647681e-05 0.011446169 0.01525752 -1.9071198e-05 1 3.6891633e-05 -0.01757747 -0.011446168 -3.7107508e-05 0.99993449 0.86788006
58 0.99989236 0.00049600209 0.014663739 0.017653453 -0.00049620272 0.99999988 1.0043809e-05 -0.018095077 -0.014663732 -1.7318915e-05 0.99989248 0.84470058
59 0.99982343 0.00061792211 0.018780806 0.022378733 -0.00061680317 0.99999981 -6.5371082e-05 -0.018100778 -0.018780843 5.3775478e-05 0.99982362 0.82095911
60 0.99974264 0.00084332984 0.022670458 0.027225544 -0.00084371177 0.99999964 7.281984e-06 -0.017460333 -0.022670443 -2.6407442e-05 0.99974299 0.81516397
61 0.99960919 0.0012687546 0.027925797 0.030193176 -0.0012692898 0.99999919 1.4377622e-06 -0.020869118 -0.027925773 -3.688313e-05 0.99961 0.81000219
62 0.99953359 0.0020420884 0.030470345 0.032471625 -0.0020472238 0.9999979 0.00013734136 -0.021066137 -0.030470001 -0.00019965692 0.99953566 0.81582124
63 0.99956174 0.0018483165 0.029545139 0.03234173 -0.0018515995 0.99999828 8.3759111e-05 -0.020170383 -0.029544933 -0.00013842817 0.99956344 0.82778854
64 0.9995646 0.0014169641 0.029472071 0.034941802 -0.0014234462 0.99999897 0.00019896253 -0.018130282 -0.029471759 -0.00024082781 0.99956558 0.82727493
65 0.99957611 0.00145003 0.029077515 0.034315513 -0.0014586817 0.9999989 0.00027632927 -0.01722589 -0.029077083 -0.00031862697 0.99957712 0.81823459
66 0.99954569 0.00087313788 0.030127358 0.033582596 -0.00087803734 0.9999996 0.00014939587 -0.019549583 -0.030127216 -0.00017578094 0.99954606 0.80636793
67 0.99957908 0.00094726972 0.028996043 0.033216556 -0.00095422324 0.99999952 0.00022597287 -0.018909304 -0.028995815 -0.00025354645 0.9995795 0.80649237
68 0.99953836 0.0017009456 0.030334489 0.033929723 -0.0017027519 0.99999855 3.3714081e-05 -0.019391712 -0.030334388 -8.5350626e-05 0.9995398 0.81212964
69 0.99963372 0.0014108323 0.027026663 0.029950125 -0.0014165717 0.99999898 0.0001932169 -0.019700893 -0.027026363 -0.00023143133 0.99963469 0.83581688
70 0.99959569 0.001615311 0.028387519 0.031381974 -0.0016223018 0.99999866 0.00022323603 -0.019242652 -0.02838712 -0.0002691989 0.99959697 0.82783115
71 0.99962565 0.0019960709 0.027287066 0.0313179 -0.0020007348 0.99999799 0.00014362041 -0.017852404 -0.027286724 -0.00019816083 0.99962763 0.82813733
72 0.9994758 0.0024932795 0.032278671 0.036113632 -0.002494226 0.99999689 -1.0942741e-05 -0.018018719 -0.032278597 -6.9573295e-05 0.99947891 0.81533339
73 0.999412 0.0030899554 0.034148252 0.038083134 -0.0031041557 0.99999512 0.00036283624 -0.017415159 -0.034146964 -0.00046862438 0.99941671 0.82657219
74 0.99944564 0.003251941 0.033133683 0.036175321 -0.0032661984 0.9999946 0.00037618287 -0.017961207 -0.033132281 -0.00048419551 0.99945086 0.83882388
75 0.99943244 0.002883451 0.033563052 0.037157502 -0.0028952033 0.99999576 0.00030156017 -0.017948811 -0.03356204 -0.00039856087 0.99943656 0.83863117
76 0.99946614 0.0026170459 0.032566674 0.036487051 -0.0026316563 0.99999645 0.00040577438 -0.017416 -0.032565497 -0.00049126205 0.99946948 0.83494845
77 0.99940106 0.0029361159 0.034480549 0.037543855 -0.0029461941 0.99999563 0.00024148245 -0.01764282 -0.034479689 -0.00034292421 0.99940534 0.81235308
78 0.99937458 0.0031844231 0.03521792 0.037406489 -0.0031945981 0.99999487 0.00023264923 -0.017379521 -0.035216998 -0.00034501082 0.99937963 0.80448297
79 0.99946278 0.0021737724 0.032702107 0.036014312 -0.0021859189 0.99999755 0.00033568364 -0.016521964 -0.032701297 -0.00040698746 0.99946509 0.81433303
80 0.99951683 0.0021796983 0.031005703 0.03280156 -0.0021904356 0.99999755 0.00031234165 -0.017251116 -0.031004946 -0.00038010673 0.99951916 0.81260868
81 0.99957793 0.0019902391 0.028982697 0.031634348 -0.0020009064 0.99999794 0.00033906056 -0.017646431 -0.028981963 -0.00039690911 0.99957986 0.83548196
82 0.99955601 0.0025338223 0.029687816 0.033150636 -0.0025443313 0.99999671 0.00031621009 -0.018070484 -0.029686918 -0.00039160533 0.99955917 0.85490582
83 0.99969969 0.0017150321 0.024445473 0.027467461 -0.0017267598 0.9999984 0.00045864688 -0.018533483 -0.024444648 -0.0005007206 0.99970106 0.88864312
84 0.99972093 0.001327735 0.023585995 0.02697926 -0.0013378643 0.99999902 0.00041368532 -0.01919909 -0.023585423 -0.00044512473 0.99972173 0.88006975
85 0.99981385 0.0013467367 0.019246898 0.02374994 -0.0013507229 0.99999907 0.00019411038 -0.018404329 -0.019246618 -0.00022007147 0.99981474 0.88658076
86 0.99986012 0.0013960263 0.016667198 0.017077243 -0.0013995624 0.999999 0.00020049439 -0.021410361 -0.016666901 -0.00022379313 0.99986107 0.92697478
87 0.99999514 -0.00098064495 0.002960409 0.0082655269 0.00097923635 0.99999941 0.00047722209 -0.01650001 -0.0029608752 -0.00047432083 0.9999955 1.066087
88 0.99999959 -0.00024893078 0.00086901923 0.00098218313 0.00024871656 0.99999994 0.00024659987 -0.021185382 -0.00086908056 -0.00024638363 0.99999959 1.1245309
89 0.99999983 -0.00030230974 0.00049410217 0.0011180047 0.00030218537 0.99999992 0.00025177162 -0.021489484 -0.00049417825 -0.00025162227 0.99999985 1.1751192
90 0.99999981 0.00018608567 -0.00059548039 -0.0035720403 -0.00018598658 0.99999997 0.00016645329 -0.023056509 0.00059551135 -0.0001663425 0.99999981 1.1602234
91 0.99999972 0.00014730856 -0.00072835074 -0.0035451363 -0.00014715615 0.99999997 0.00020930761 -0.022238707 0.00072838155 -0.00020920037 0.99999971 1.1473953
92 0.99999979 9.059366e-05 -0.00064487303 -0.0030873957 -9.0457864e-05 0.99999997 0.00021060333 -0.021821883 0.00064489209 -0.00021054496 0.99999977 1.1368159
93 0.99999957 0.00010379739 -0.00092512863 -0.0031808801 -0.00010361829 0.99999998 0.00019364122 -0.021173258 0.00092514871 -0.00019354527 0.99999955 1.1337286
94 0.99999948 0.00017544618 -0.0010095539 -0.0034025542 -0.00017527108 0.99999997 0.00017352919 -0.021003096 0.0010095843 -0.00017335216 0.99999948 1.1166108
95 0.9999992 0.00023575069 -0.0012446087 -0.0048898199 -0.00023561094 0.99999997 0.00011243566 -0.021561985 0.0012446352 -0.00011214232 0.99999922 1.0973937
96 0.99999906 -0.00010853297 -0.0013687922 -0.0031323275 0.00010893907 0.99999995 0.00029661352 -0.019072702 0.0013687599 -0.00029676236 0.99999902 1.1050159
97 0.99999885 -9.5324781e-05 -0.0015167837 -0.0034704396 9.5745214e-05 0.99999996 0.00027711747 -0.019090101 0.0015167572 -0.00027726237 0.99999881 1.105921
98 0.99999879 -8.0052298e-06 -0.0015554666 -0.0035223225 8.4317816e-06 0.99999996 0.00027422118 -0.018879766 0.0015554643 -0.00027423396 0.99999875 1.0971986
99 0.99999921 -5.2498114e-05 -0.0012526123 -0.0030423938 5.2798895e-05 0.99999997 0.00024009133 -0.019304413 0.0012525997 -0.00024015727 0.99999919 1.0910981
100 0.99999893 -0.0001832148 -0.0014509231 -0.0028108229 0.00018364399 0.99999994 0.00029567633 -0.018274592 0.0014508689 -0.00029594246 0.9999989 1.0835864
101 0.99999904 7.1404114e-05 -0.0013855423 -0.00399686 -7.1112753e-05 0.99999998 0.00021033521 -0.019732882 0.0013855573 -0.00021023648 0.99999902 1.0769614
102 0.9999995 -7.8888016e-05 -0.0010005747 -0.0025807452 7.9168606e-05 0.99999996 0.00028039192 -0.019238854 0.0010005525 -0.00028047099 0.99999946 1.089671
103 0.99999963 -0.00010665626 -0.00084866038 -0.0026018868 0.00010690024 0.99999995 0.00028744253 -0.019722587 0.00084862968 -0.00028753314 0.9999996 1.0992774
104 0.99999918 -1.4078658e-05 -0.0012768343 -0.0031950119 1.4394942e-05 0.99999997 0.00024770001 -0.018876668 0.0012768308 -0.00024771819 0.99999915 1.0773465
105 0.99999934 -9.4989837e-05 -0.0011445733 -0.0029962459 9.5281941e-05 0.99999996 0.00025515635 -0.018793455 0.0011445491 -0.00025526524 0.99999931 1.0671409
106 0.99999913 -0.00019432564 -0.0013039544 -0.0032391955 0.00019467971 0.99999994 0.00027141036 -0.018672441 0.0013039016 -0.00027166398 0.99999911 1.0769071
107 0.99999845 -0.00036537919 -0.0017211294 -0.0021416753 0.0003661205 0.99999984 0.00043041788 -0.016170323 0.0017209718 -0.00043104735 0.99999843 1.1002664
108 0.99999903 -0.0003354289 -0.0013532764 -0.0017739485 0.00033607205 0.99999983 0.00047505043 -0.016974746 0.0013531168 -0.00047550477 0.99999897 1.1238616
109 0.99999944 -7.8007851e-05 -0.0010511844 -0.0026998539 7.8356199e-05 0.99999994 0.00033134908 -0.019661358 0.0010511585 -0.00033143126 0.99999939 1.1371866
110 0.99999921 0.00028607963 -0.0012261798 -0.0044917131 -0.00028587746 0.99999995 0.00016504569 -0.021550665 0.001226227 -0.00016469503 0.99999923 1.1341899
111 0.99999967 0.00017696585 -0.00078945283 -0.0029134253 -0.00017682209 0.99999997 0.00018216893 -0.021385849 0.00078948504 -0.00018202928 0.99999967 1.1376339
112 0.99999935 0.00036218755 -0.0010845499 -0.0054498702 -0.00036209584 0.99999993 8.4761142e-05 -0.023287349 0.0010845805 -8.4368376e-05 0.99999941 1.1342046
113 0.99999942 0.00017424518 -0.0010603588 -0.0039033425 -0.00017400262 0.99999996 0.00022884137 -0.021382792 0.0010603986 -0.00022865673 0.99999941 1.146751
114 0.99999941 0.00020804051 -0.001068491 -0.0047231352 -0.00020784685 0.99999996 0.00018135041 -0.022605469 0.0010685287 -0.00018112822 0.99999941 1.1569478
115 0.99999932 0.00012158686 -0.0011567566 -0.0038886154 -0.00012130003 0.99999996 0.00024802802 -0.021329706 0.0011567868 -0.00024788754 0.9999993 1.1559734
116 0.99999888 0.00023044295 -0.0014808443 -0.0052983462 -0.00023020551 0.99999996 0.00016051223 -0.021695685 0.0014808813 -0.00016017115 0.99999889 1.1338733
117 0.99999901 0.00011120656 -0.0014031157 -0.0046326094 -0.00011091714 0.99999997 0.00020634739 -0.020724506 0.0014031386 -0.00020619156 0.99999899 1.1156465
118 0.99999914 3.3824769e-06 -0.0013115152 -0.0041795886 -3.0476348e-06 0.99999997 0.00025531128 -0.020480643 0.0013115161 -0.00025530706 0.99999911 1.1223846
119 0.99999892 6.5297827e-05 -0.0014657493 -0.0045034343 -6.4878181e-05 0.99999996 0.00028634673 -0.020212915 0.001465768 -0.00028625133 0.99999888 1.1373799
120 0.9999992 0.00011813397 -0.0012589882 -0.0043776844 -0.00011779781 0.99999996 0.00026707707 -0.02089661 0.0012590197 -0.00026692855 0.99999917 1.1503826
121 0.99999933 0.00018876221 -0.0011443457 -0.0045108947 -0.0001885298 0.99999996 0.00020320216 -0.021947579 0.001144384 -0.00020298628 0.99999932 1.156298
122 0.99999951 7.952048e-05 -0.00098427843 -0.0032815161 -7.9302666e-05 0.99999997 0.00022133061 -0.021208362 0.00098429601 -0.00022125244 0.99999949 1.1499053
123 0.99999945 9.6083546e-05 -0.001045155 -0.0033482709 -9.585503e-05 0.99999997 0.00021869113 -0.021213505 0.001045176 -0.00021859082 0.99999943 1.1521603
124 0.99999951 -4.3161164e-05 -0.00098894893 -0.0024881097 4.3423572e-05 0.99999996 0.00026532061 -0.020434632 0.00098893744 -0.00026536342 0.99999948 1.1509726
125 0.99999951 0.00010144694 -0.00098516745 -0.0034247647 -0.0001012153 0.99999997 0.00023517127 -0.021574776 0.00098519128 -0.00023507144 0.99999949 1.1610282
126 0.99999872 0.00054036957 -0.0015081727 -0.0064111325 -0.0005402635 0.99999985 7.0734145e-05 -0.023278703 0.0015082107 -6.9919243e-05 0.99999886 1.1452253
127 0.99999969 5.7663422e-05 -0.00077966672 -0.0027032499 -5.7473967e-05 0.99999997 0.0002430144 -0.021279493 0.0007796807 -0.00024296952 0.99999967 1.1595759
128 0.99999863 0.00037553756 -0.0016105087 -0.0067718234 -0.00037532808 0.99999992 0.00013037188 -0.023245146 0.0016105575 -0.00012976723 0.99999869 1.1636753
129 0.99999951 0.0002101269 -0.00096811952 -0.0033434462 -0.00020985912 0.99999994 0.00027669569 -0.021323931 0.0009681776 -0.00027649238 0.99999949 1.1768407
130 0.9999996 0.0003075986 -0.00084088928 -0.0049913214 -0.00030746302 0.99999994 0.00016135851 -0.024049521 0.00084093886 -0.00016109991 0.99999963 1.1942171
131 0.9999993 0.00032812494 -0.0011411704 -0.0049498288 -0.0003278837 0.99999992 0.00021158208 -0.022830262 0.0011412397 -0.00021120776 0.99999933 1.1852531
132 0.99999954 0.00023564654 -0.00092802042 -0.0041681599 -0.00023549392 0.99999996 0.00016456625 -0.022848852 0.00092805916 -0.00016434763 0.99999956 1.1786493
133 0.99999952 0.00023705229 -0.00094984673 -0.0044273235 -0.00023686363 0.99999995 0.00019873105 -0.022757145 0.0009498938 -0.00019850597 0.99999953 1.1716061
134 0.99999943 0.00026495323 -0.0010300764 -0.004593689 -0.00026475278 0.99999995 0.00019472775 -0.022733286 0.0010301279 -0.00019445492 0.99999945 1.1755362
135 0.99999953 0.0001177056 -0.00096436764 -0.0034668601 -0.00011747941 0.99999997 0.00023460236 -0.021923772 0.00096439522 -0.00023448896 0.99999951 1.1877567
136 0.99999973 5.0980378e-05 -0.00073281925 -0.0025721135 -5.0778676e-05 0.99999996 0.0002752571 -0.021643153 0.00073283325 -0.00027521982 0.99999969 1.1980132
137 0.99999965 0.00027014583 -0.00078805633 -0.003818636 -0.00026999044 0.99999994 0.00019728972 -0.023104232 0.00078810958 -0.00019707688 0.99999967 1.206889
138 0.99999969 0.00037716422 -0.00068507784 -0.0039618368 -0.00037706688 0.99999992 0.00014220879 -0.023932984 0.00068513142 -0.00014195042 0.99999976 1.2074484
139 0.99999986 0.00026340214 -0.00046948605 -0.0034546354 -0.0002633181 0.99999995 0.00017906364 -0.023997358 0.00046953319 -0.00017893999 0.99999987 1.2136327
140 0.99999962 0.00039534464 -0.0007723024 -0.0049458136 -0.0003952289 0.99999991 0.00015001405 -0.02480796 0.00077236164 -0.00014970876 0.99999969 1.2239364
141 0.99999967 0.00017713111 -0.00078729381 -0.0034277094 -0.00017695684 0.99999996 0.00022142144 -0.022887356 0.000787333 -0.00022128205 0.99999967 1.2151649
142 0.99999971 9.2416731e-05 -0.00075655638 -0.0034397781 -9.2260195e-05 0.99999997 0.00020693836 -0.022892275 0.00075657548 -0.0002068685 0.99999969 1.2002113
143 0.99999975 0.00014915518 -0.00068783995 -0.0029941392 -0.00014900332 0.99999996 0.00022082281 -0.02249162 0.00068787286 -0.00022072027 0.99999974 1.1921291
144 0.99999947 0.00039653086 -0.00094813522 -0.0049722928 -0.00039643355 0.99999992 0.00010281528 -0.023987667 0.00094817591 -0.00010243935 0.99999955 1.1845141
145 0.99999954 0.00026409852 -0.00091968919 -0.0039290948 -0.00026394027 0.99999995 0.00017219194 -0.022743021 0.00091973462 -0.00017194912 0.99999956 1.1827719
146 0.9999996 0.00012157955 -0.00088441757 -0.0037518035 -0.00012140528 0.99999997 0.0001970912 -0.022647254 0.00088444151 -0.00019698375 0.99999959 1.1869939
147 0.99999941 0.00019262998 -0.0010727144 -0.0039161161 -0.00019239793 0.99999996 0.00021641856 -0.022223297 0.001072756 -0.00021621204 0.9999994 1.1909694
148 0.99999955 0.00028405598 -0.00090954653 -0.0040682195 -0.0002839069 0.99999995 0.00016403131 -0.023076003 0.00090959307 -0.00016377301 0.99999957 1.1900501
149 0.99999953 0.00029236803 -0.00092103514 -0.004281278 -0.00029222535 0.99999995 0.00015504303 -0.02325242 0.00092108042 -0.00015477381 0.99999956 1.1892872
150 0.99999957 0.00019662085 -0.000901691 -0.0037549058 -0.00019644997 0.99999996 0.00018959556 -0.02256768 0.00090172824 -0.00018941834 0.99999958 1.1836733
151 0.99999942 0.00031103714 -0.00103193 -0.0046814521 -0.00031088498 0.99999994 0.00014761269 -0.023202636 0.0010319758 -0.00014729179 0.99999946 1.1832604
152 0.99999937 0.00029293329 -0.0010868802 -0.0046828044 -0.00029273308 0.99999994 0.00018436424 -0.022882061 0.0010869342 -0.00018404596 0.99999939 1.1873287
153 0.99999946 0.0002769781 -0.0010044831 -0.0047239282 -0.0002767803 0.99999994 0.00019705752 -0.023216765 0.0010045376 -0.00019677939 0.99999948 1.2076535
154 0.99999872 0.00040588124 -0.0015487349 -0.0065620089 -0.0004056682 0.99999991 0.00013787238 -0.023654328 0.0015487907 -0.00013724393 0.99999879 1.1969127
155 0.99999948 0.00024027787 -0.00098908733 -0.0041604118 -0.00024006285 0.99999995 0.00021750142 -0.022703498 0.00098913954 -0.00021726387 0.99999949 1.2037998
156 0.99999942 0.0002842983 -0.0010406903 -0.005135291 -0.0002840963 0.99999994 0.00019425015 -0.023748603 0.0010407455 -0.00019395438 0.99999944 1.211531
157 0.99999934 0.00027304342 -0.0011192372 -0.004583618 -0.00027277732 0.99999993 0.00023790044 -0.022844458 0.0011193021 -0.00023759498 0.99999935 1.2101514
158 0.99999965 0.00024351115 -0.0008046155 -0.0039932946 -0.00024334019 0.99999995 0.00021256702 -0.023312404 0.00080466722 -0.00021237115 0.99999965 1.2111047
159 0.99999966 0.00025000151 -0.00078390793 -0.0040898854 -0.00024984019 0.99999995 0.00020587932 -0.023352578 0.00078395935 -0.0002056834 0.99999967 1.2020233
160 0.99999965 0.00033114297 -0.00076999091 -0.0042996329 -0.00033100377 0.99999993 0.0001809047 -0.023600361 0.00077005076 -0.00018064977 0.99999969 1.1975682
161 0.99999982 0.00025445716 -0.00054033918 -0.0031839177 -0.00025434893 0.99999995 0.00020037042 -0.02315047 0.00054039013 -0.00020023294 0.99999983 1.2080562
162 0.99999968 0.00039032034 -0.00069688313 -0.0046807638 -0.00039021484 0.99999991 0.00015152087 -0.024489071 0.00069694221 -0.00015124889 0.99999975 1.2183203
163 0.99999971 0.00045838792 -0.00061296394 -0.0043851312 -0.0004583032 0.99999989 0.00013835228 -0.024460733 0.00061302729 -0.00013807132 0.9999998 1.2090847
164 0.99999987 0.0003141037 -0.0004008053 -0.0037754052 -0.00031404258 0.99999994 0.00015254573 -0.024472308 0.00040085319 -0.00015241984 0.99999991 1.2072884
165 0.99999972 0.00038175949 -0.00064835118 -0.0044620309 -0.00038167342 0.99999992 0.0001328695 -0.024351313 0.00064840185 -0.00013262201 0.99999978 1.2002503
166 0.9999999 0.00027774463 -0.0003603767 -0.0032511871 -0.00027768245 0.99999995 0.00017257569 -0.023705566 0.00036042461 -0.0001724756 0.99999992 1.2049496
167 0.99999984 0.00043170893 -0.00035724597 -0.0046178109 -0.00043167952 0.9999999 8.2408764e-05 -0.025334148 0.00035728151 -8.2254535e-05 0.99999993 1.2029836
168 0.99999973 0.00061072993 -0.00041168698 -0.0047771585 -0.00061071984 0.99999981 2.4637974e-05 -0.025666723 0.00041170195 -2.4386542e-05 0.99999991 1.1955976
169 0.99999991 0.00042597829 -2.9188052e-06 -0.0041842917 -0.00042597816 0.99999991 4.2231644e-05 -0.025818028 2.9367947e-06 -4.2230397e-05 1 1.1896848
170 0.99999971 0.00058457742 -0.00048557456 -0.0057157108 -0.00058459837 0.99999983 -4.3004677e-05 -0.02652906 0.00048554934 4.3288531e-05 0.99999988 1.183131
171 0.99999971 0.00055218108 -0.00052903176 -0.0051034317 -0.00055219906 0.99999985 -3.3848113e-05 -0.025574824 0.00052901299 3.4140234e-05 0.99999986 1.1645156
172 0.99999984 0.0005105171 -0.00023582539 -0.0050588239 -0.00051051871 0.99999987 -6.7554206e-06 -0.026032567 0.00023582191 6.8758128e-06 0.99999997 1.1782443
173 0.99999976 0.00057486694 -0.00039371028 -0.0049715476 -0.00057484198 0.99999983 6.3508758e-05 -0.025513127 0.00039374672 -6.3282421e-05 0.99999992 1.2010046
174 0.99999963 0.00062252185 -0.00059084179 -0.0056799903 -0.00062254598 0.99999981 -4.0655885e-05 -0.026466046 0.00059081637 4.1023697e-05 0.99999982 1.1932302
175 0.99999988 0.00041200624 -0.00024551184 -0.0039736346 -0.00041198764 0.99999991 7.582812e-05 -0.025098923 0.00024554306 -7.5726963e-05 0.99999997 1.1997734
176 0.99999986 0.00044339429 -0.00028364497 -0.0040283326 -0.00044337327 0.9999999 7.4165498e-05 -0.024947402 0.00028367783 -7.4039727e-05 0.99999996 1.1924322
177 0.99999986 0.0004828933 -0.00023494993 -0.0041637951 -0.00048288557 0.99999988 3.2950875e-05 -0.025204131 0.00023496581 -3.2837416e-05 0.99999997 1.1775699
178 0.99999993 0.00035252574 -0.00011268658 -0.0034130343 -0.00035251749 0.99999994 7.320482e-05 -0.024575336 0.00011271238 -7.3165091e-05 0.99999999 1.1736301
179 0.99999991 0.00036366028 -0.00023668579 -0.0037259954 -0.00036364026 0.99999993 8.4608875e-05 -0.024572912 0.00023671654 -8.4522799e-05 0.99999997 1.181001
180 0.99999982 0.00058021214 -0.00013431102 -0.0049918985 -0.00058020947 0.99999983 1.9935464e-05 -0.0261758 0.00013432257 -1.9857532e-05 0.99999999 1.1916379
181 0.99999958 0.00078043639 -0.00047501581 -0.0065127113 -0.00078047501 0.99999969 -8.1130401e-05 -0.027462272 0.00047495234 8.1501105e-05 0.99999988 1.1939586
182 0.99999981 0.00055857259 0.00027789269 -0.0040172069 -0.00055856549 0.99999984 -2.5616629e-05 -0.026035255 -0.00027790695 2.5461403e-05 0.99999996 1.1680251
183 0.99999986 0.0005085756 -0.0001426612 -0.0049168086 -0.00050858022 0.99999987 -3.2354898e-05 -0.026226768 0.00014264473 3.2427448e-05 0.99999999 1.1702016
184 0.99999991 0.00040948898 -0.00013305308 -0.0034634219 -0.00040948439 0.99999992 3.4549554e-05 -0.024621668 0.00013306721 -3.4495068e-05 0.99999999 1.161241
185 0.99999996 0.00028378005 -4.4601825e-05 -0.0031704598 -0.0002837772 0.99999996 6.3830785e-05 -0.024315812 4.4619937e-05 -6.3818125e-05 1 1.1579659
186 0.99999983 0.00043948553 -0.00037547319 -0.0042401366 -0.00043946696 0.9999999 4.9528777e-05 -0.024613552 0.00037549492 -4.9363761e-05 0.99999993 1.1674321
187 0.99999974 0.00050893326 -0.00050221614 -0.0047383153 -0.00050892064 0.99999987 2.5257613e-05 -0.025008727 0.00050222893 -2.5002018e-05 0.99999987 1.172283
188 0.99999955 0.0006017905 -0.00073146321 -0.005962066 -0.00060178024 0.99999982 1.4242922e-05 -0.0257995 0.00073147164 -1.3802736e-05 0.99999973 1.188462
189 0.99999969 0.00056861986 -0.00054030151 -0.005223457 -0.00056861018 0.99999984 1.8058382e-05 -0.025755602 0.00054031169 -1.7751155e-05 0.99999985 1.1974188
190 0.9999994 0.00063118372 -0.00089483523 -0.0067499693 -0.00063118387 0.9999998 1.1458347e-07 -0.026403118 0.00089483512 4.5022216e-07 0.9999996 1.1982975
191 0.99999965 0.00047932667 -0.00068085585 -0.0049205316 -0.00047931358 0.99999988 1.9388317e-05 -0.025001938 0.00068086507 -1.9061967e-05 0.99999977 1.1771748
192 0.9999996 0.00053285235 -0.00071358047 -0.0063248157 -0.00053289992 0.99999986 -6.6484305e-05 -0.026154484 0.00071354495 6.6864546e-05 0.99999974 1.1590912
193 0.99999985 0.00047789007 -0.00026803372 -0.0045461691 -0.00047788483 0.99999989 1.9579061e-05 -0.024876628 0.00026804305 -1.9450969e-05 0.99999996 1.15399
194 0.99999978 0.00054418146 -0.00039058539 -0.0052152628 -0.00054419464 0.99999985 -3.3646645e-05 -0.025635288 0.00039056702 3.3859192e-05 0.99999992 1.1559769
195 0.99999969 0.00056220765 -0.00054344142 -0.0052053256 -0.00056221163 0.99999984 -7.1821433e-06 -0.025323062 0.0005434373 7.4876702e-06 0.99999985 1.16003
196 0.9999999 0.00030184535 -0.00033582261 -0.0040434046 -0.00030182812 0.99999995 5.1356549e-05 -0.024569297 0.0003358381 -5.1255183e-05 0.99999994 1.1633039
197 0.99999963 0.00051608193 -0.00068692281 -0.0055786471 -0.00051607849 0.99999987 5.1844827e-06 -0.025255605 0.0006869254 -4.8299747e-06 0.99999976 1.1675133
198 0.99999978 0.00054190672 -0.00038667934 -0.004740332 -0.0005418967 0.99999985 2.6022846e-05 -0.025064973 0.00038669339 -2.58133e-05 0.99999992 1.1709404
199 0.99999967 0.00058502179 -0.00055906593 -0.0059660637 -0.00058505005 0.99999983 -5.0379989e-05 -0.026265729 0.00055903636 5.0707054e-05 0.99999984 1.1714917
200 0.99999969 0.00068672976 -0.00039783118 -0.0057610987 -0.0006867548 0.99999976 -6.2829757e-05 -0.026606464 0.00039778794 6.3102949e-05 0.99999992 1.1771933
201 0.99999954 0.00074554036 -0.00059894906 -0.0068043878 -0.00074562033 0.99999971 -0.00013331276 -0.027647206 0.0005988495 0.00013375928 0.99999981 1.1792749
202 0.99999979 0.00065022559 -3.6564863e-06 -0.0056135529 -0.00065022593 0.99999978 -9.5016144e-05 -0.027948376 3.5947036e-06 9.5018501e-05 1 1.1937465
203 0.99999972 0.0007504867 -3.5600293e-05 -0.006405821 -0.00075049165 0.99999971 -0.00013916642 -0.028785347 3.549584e-05 0.0001391931 0.99999999 1.1958497
204 0.99999963 0.00080044398 -0.00031104799 -0.0067221058 -0.00080049557 0.99999967 -0.00016576062 -0.028573174 0.0003109152 0.00016600955 0.99999994 1.190576
205 0.99999958 0.00077230645 -0.00049245594 -0.0070953153 -0.00077239396 0.99999969 -0.00017752267 -0.028803638 0.00049231869 0.00017790296 0.99999986 1.1936491
206 0.99999982 0.00052406556 0.00028975213 -0.0046800184 -0.00052405403 0.99999986 -3.9888648e-05 -0.027227429 -0.00028977299 3.9736795e-05 0.99999996 1.1909261
207 0.99999948 0.00092602887 -0.00041608292 -0.0076327878 -0.00092611838 0.99999955 -0.00021498133 -0.028977078 0.00041588366 0.00021536656 0.99999989 1.1777191
208 0.99999883 0.0006362758 0.0013944616 -0.0027193207 -0.00063629809 0.9999998 1.5540033e-05 -0.026175386 -0.0013944514 -1.6427308e-05 0.99999903 1.1628761
209 0.99999884 0.00064372097 0.0013809682 -0.0036857739 -0.00064365726 0.99999979 -4.6578233e-05 -0.026827018 -0.0013809978 4.5689309e-05 0.99999905 1.1445558
210 0.99999553 0.00095977372 0.0028326356 -0.0018101973 -0.0009596673 0.99999954 -3.8929185e-05 -0.02680163 -0.0028326716 3.6210623e-05 0.99999599 1.1249476
211 0.99999253 0.0013135214 0.0036343421 -0.0023827082 -0.0013129439 0.99999913 -0.00016128678 -0.028477333 -0.0036345507 0.00015651389 0.99999338 1.1089519
212 0.99999658 0.00074637274 0.0025069318 -0.0011276031 -0.00074630213 0.99999972 -2.9101652e-05 -0.025842396 -0.0025069528 2.7230624e-05 0.99999686 1.1168895
213 0.99999976 0.00065102505 0.00025445241 -0.0050349373 -0.00065099099 0.99999978 -0.0001339012 -0.026653139 -0.00025453953 0.00013373552 0.99999996 1.1297283
214 0.99999847 0.00052655742 0.0016661647 -0.0027242006 -0.00052655093 0.99999986 -4.3318889e-06 -0.026509968 -0.0016661667 3.4545617e-06 0.99999861 1.1417009
215 0.9999998 0.00063428729 3.489495e-05 -0.0061507639 -0.00063428273 0.99999979 -0.00013032039 -0.028111714 -3.4977603e-05 0.00013029823 0.99999999 1.1683211
216 0.99999976 0.00069234655 -2.9337042e-05 -0.0051041677 -0.0006923482 0.99999976 -5.6225295e-05 -0.027129454 2.9298107e-05 5.6245593e-05 1 1.1918941
217 0.99999967 0.0007491367 0.00031704575 -0.0056847467 -0.00074911762 0.99999972 -6.0315249e-05 -0.028697998 -0.00031709085 6.0077724e-05 0.99999995 1.2211355
218 0.99999973 0.00072833865 1.2415537e-05 -0.0055026176 -0.00072833837 0.99999973 -2.2818192e-05 -0.028161175 -1.2432153e-05 2.2809143e-05 1 1.2404363
219 0.99999964 0.00073311695 -0.00042788818 -0.0064130306 -0.00073313828 0.99999973 -4.9684801e-05 -0.028375885 0.00042785164 4.9998484e-05 0.99999991 1.2446491
220 0.99999968 0.00072843834 -0.00032894821 -0.0057970893 -0.00072844304 0.99999973 -1.4158285e-05 -0.027868115 0.00032893781 1.4397901e-05 0.99999995 1.2483945
221 0.99999978 0.0005200949 -0.00040237305 -0.0051085245 -0.0005200678 0.99999986 6.7451371e-05 -0.026793866 0.00040240807 -6.7242095e-05 0.99999992 1.2497384
222 0.99999981 0.00039647115 -0.00048074052 -0.0047433641 -0.00039640291 0.99999991 0.00014204789 -0.025739043 0.0004807968 -0.0001418573 0.99999987 1.238959
223 0.99999996 0.00022862079 -0.00016813106 -0.0024213948 -0.00022858655 0.99999995 0.00020361618 -0.023844978 0.0001681776 -0.00020357774 0.99999997 1.2309548
224 0.99999989 0.00034132834 -0.00032835771 -0.003661503 -0.00034128234 0.99999993 0.00014012537 -0.024845301 0.00032840552 -0.0001400133 0.99999994 1.2270254
225 0.9999999 0.00034213438 -0.00029511668 -0.0030584605 -0.00034208158 0.99999993 0.00017896784 -0.024200434 0.00029517789 -0.00017886686 0.99999994 1.2226743
226 0.99999986 0.00032022519 -0.00043143801 -0.0037699033 -0.00032016253 0.99999994 0.00014529041 -0.024553692 0.0004314845 -0.00014515226 0.9999999 1.2159452
227 0.99999959 0.00048481729 -0.00076786429 -0.0056343804 -0.00048473524 0.99999988 0.00010703379 -0.025313081 0.00076791609 -0.00010666153 0.9999997 1.2124228
228 0.99999974 0.00033730211 -0.00063946738 -0.0043178215 -0.00033717072 0.99999992 0.00020555894 -0.02411558 0.00063953667 -0.00020534328 0.99999977 1.2336507
229 0.99999931 0.0004745565 -0.0010724256 -0.006540662 -0.00047441233 0.99999988 0.00013468342 -0.025351228 0.0010724894 -0.00013417456 0.99999942 1.2308649
230 0.99999978 0.0003396125 -0.00057451448 -0.0036510203 -0.00033947751 0.99999991 0.00023503222 -0.023570511 0.00057459425 -0.00023483713 0.99999981 1.235053
231 0.99999967 0.00040615949 -0.00070710388 -0.0053923206 -0.00040604532 0.9999999 0.00016159601 -0.025465151 0.00070716945 -0.00016130884 0.99999974 1.2458823
232 0.99999966 0.00042593374 -0.00070282329 -0.0045779768 -0.00042579726 0.99999989 0.00019432877 -0.024630002 0.00070290599 -0.00019402944 0.99999973 1.241922
233 0.99999975 0.00033484462 -0.0006165902 -0.004123084 -0.00033474685 0.99999993 0.00015866033 -0.024723138 0.00061664328 -0.00015845389 0.9999998 1.2327242
234 0.99999959 0.00040576516 -0.00081029924 -0.0047129574 -0.00040566308 0.99999991 0.00012614233 -0.024612062 0.00081035035 -0.00012581357 0.99999966 1.2168584
235 0.99999973 0.00031419477 -0.00067043674 -0.0040933977 -0.00031407496 0.99999993 0.00017879332 -0.024007786 0.00067049287 -0.0001785827 0.99999976 1.2144629
236 0.99999967 0.00027184579 -0.0007617514 -0.0042348267 -0.00027169377 0.99999994 0.00019965629 -0.023946015 0.00076180563 -0.00019944926 0.99999969 1.2218008
237 0.99999952 0.00034450404 -0.00091225278 -0.0045320197 -0.00034433982 0.99999992 0.00018016294 -0.023931117 0.00091231478 -0.00017984872 0.99999957 1.2254658
238 0.99999943 0.00042362283 -0.0009851604 -0.0050870695 -0.00042350169 0.9999999 0.00012317157 -0.024320889 0.00098521248 -0.00012275428 0.99999951 1.2126146
239 0.99999973 0.00030868349 -0.00067303536 -0.0039233603 -0.00030856149 0.99999994 0.00018136151 -0.023848847 0.0006730913 -0.00018115379 0.99999976 1.2227207
240 0.99999956 0.00036034143 -0.00086228467 -0.0047395782 -0.00036019163 0.99999992 0.00017387747 -0.024270338 0.00086234725 -0.00017356681 0.99999961 1.2354406
241 0.99999941 0.00045581126 -0.00098821666 -0.0051617794 -0.00045567241 0.99999989 0.00014072339 -0.024546884 0.00098828069 -0.000140273 0.9999995 1.2323914
242 0.99999975 0.00029837558 -0.00064150445 -0.0037089672 -0.00029826794 0.99999994 0.00016787991 -0.024063934 0.00064155451 -0.00016768852 0.99999978 1.225715
243 0.99999949 0.0003675635 -0.00094168042 -0.0049624204 -0.00036744141 0.99999992 0.00012981291 -0.024346775 0.00094172807 -0.00012946683 0.99999955 1.2131835
244 0.99999964 0.00023034854 -0.0008223109 -0.0039240497 -0.00023018413 0.99999995 0.00020002992 -0.023223047 0.00082235694 -0.00019984056 0.99999964 1.2103534
245 0.99999952 0.00029579098 -0.00093631577 -0.0046450605 -0.00029564119 0.99999994 0.000160118 -0.023792055 0.00093636308 -0.00015984111 0.99999955 1.2080218
246 0.99999939 0.00021826878 -0.0010781585 -0.0044109095 -0.00021805191 0.99999996 0.00020126075 -0.022880386 0.0010782024 -0.00020102553 0.9999994 1.2012674
247 0.99999942 0.00024563465 -0.0010516522 -0.0045991324 -0.00024545459 0.99999996 0.00017134455 -0.023121869 0.0010516942 -0.00017108632 0.99999943 1.190633
248 0.99999942 0.00012951055 -0.0010735604 -0.0041087169 -0.00012928492 0.99999997 0.00021023921 -0.022308441 0.0010735876 -0.00021010029 0.9999994 1.1822217
249 0.99999927 0.00022490844 -0.0011869554 -0.0048476924 -0.00022468881 0.99999996 0.00018516517 -0.022803685 0.001186997 -0.00018489834 0.99999928 1.1869786
250 0.99999938 0.00014193588 -0.001102129 -0.0041713703 -0.00014167465 0.99999996 0.00023710106 -0.022314006 0.0011021626 -0.00023694477 0.99999936 1.1993182
251 0.99999916 0.00023577563 -0.0012781369 -0.0049999809 -0.00023553517 0.99999995 0.00018828298 -0.022912035 0.0012781812 -0.00018798177 0.99999917 1.1965754
252 0.99999933 0.00010956123 -0.0011532446 -0.00395878 -0.0001093003 0.99999997 0.00022631697 -0.021800488 0.0011532694 -0.00022619077 0.99999931 1.1757547
253 0.99999961 -3.2514467e-05 -0.00088564576 -0.0031459486 3.2724993e-05 0.99999997 0.00023769597 -0.021490084 0.000885638 -0.00023772486 0.99999958 1.1611288
254 0.99999924 -0.00010402871 -0.0012284257 -0.0034337642 0.00010439002 0.99999995 0.00029406148 -0.020528291 0.001228395 -0.00029418949 0.9999992 1.1615101
255 0.99999939 -2.4076549e-05 -0.0011077234 -0.0033095718 2.4381729e-05 0.99999996 0.00027548945 -0.02095098 0.0011077167 -0.00027551629 0.99999935 1.1688058
