3 0.99971348 0.0018787538 -0.023862826 -0.050915707 -0.0018880938 0.9999981 -0.00036887422 -0.029681274 0.02386209 0.00041382445 0.9997152 1.3648573
4 0.99969474 0.0019806188 -0.024627518 -0.078813569 -0.001986607 0.99999796 -0.00021868629 -0.049991686 0.024627037 0.00026754539 0.99969669 2.4208679
5 0.99967491 0.0020564385 -0.025413448 -0.10721402 -0.0020589442 0.99999783 -7.2429767e-05 -0.069905663 0.025413247 0.00012473174 0.99967705 3.4637047
6 0.99965305 0.0021564997 -0.026251385 -0.13645113 -0.0021548189 0.99999763 9.231826e-05 -0.089336292 0.026251525 -3.571861e-05 0.99965539 4.5030904
7 0.9996312 0.0022038027 -0.027066627 -0.16600569 -0.002197589 0.99999751 0.0002593166 -0.10831503 0.027067134 -0.00019973902 0.99963362 5.5372525
8 0.99960851 0.0023546799 -0.027879796 -0.1972602 -0.0023449629 0.99999713 0.00038122122 -0.12797696 0.027880616 -0.00031569427 0.99961123 6.5760763
9 0.99957975 0.0023178065 -0.028895563 -0.2288815 -0.0023018189 0.99999713 0.00058653893 -0.14630947 0.028896842 -0.00051977948 0.99958229 7.6174012
10 0.99955603 0.0024126006 -0.029697276 -0.26135241 -0.0023928907 0.99999685 0.00069921396 -0.16526204 0.029698872 -0.00062784059 0.99955872 8.6290287
11 0.9995311 0.0027725164 -0.030494192 -0.2956128 -0.0027522677 0.99999592 0.00070597179 -0.18536423 0.030496028 -0.00062171198 0.99953472 9.6286181
12 0.9995467 0.0029758884 -0.029958927 -0.32739063 -0.0029545875 0.99999531 0.00075524786 -0.20480781 0.029961037 -0.00066638863 0.99955087 10.594461
13 0.99954058 0.0033221115 -0.03012643 -0.35945644 -0.0033008683 0.99999422 0.00075484035 -0.22412803 0.030128767 -0.00065504958 0.99954583 11.554779
14 0.99954331 0.0035263121 -0.030012428 -0.39066622 -0.0035037535 0.99999349 0.00080419642 -0.24291147 0.030015072 -0.0006986724 0.99954922 12.516871
15 0.99955091 0.0035947521 -0.029750014 -0.42102278 -0.0035698366 0.99999319 0.00089056352 -0.26119978 0.029753015 -0.00078396029 0.999557 13.479565
16 0.99953876 0.0038439127 -0.030124801 -0.45285726 -0.003818132 0.99999225 0.00091327105 -0.2800391 0.030128081 -0.00079782875 0.99954575 14.450956
17 0.99952894 0.0040453536 -0.030422676 -0.48517267 -0.0040186116 0.99999144 0.00094010582 -0.2990347 0.030426222 -0.00081740547 0.9995367 15.42556
18 0.99950849 0.0042103606 -0.031065487 -0.51817846 -0.0041818708 0.99999073 0.00098200251 -0.31762931 0.031069336 -0.0008516074 0.99951689 16.397303
19 0.9994835 0.0044655706 -0.031824415 -0.55249101 -0.0044352786 0.9999896 0.0010223745 -0.33649248 0.031828653 -0.0008806957 0.99949297 17.378011
20 0.99946083 0.004589965 -0.032511323 -0.58662864 -0.0045561241 0.99998895 0.0011148984 -0.35443979 0.032516084 -0.00096617105 0.99947077 18.360258
21 0.99945806 0.0046445264 -0.032588633 -0.62114333 -0.0046068389 0.99998859 0.0012314495 -0.37286757 0.032593984 -0.001080651 0.99946811 19.35997
22 0.99943794 0.0047717566 -0.033181898 -0.65713236 -0.0047285304 0.99998782 0.0013810516 -0.39108036 0.033188087 -0.0012233732 0.9994484 20.375026
23 0.99941803 0.0049310338 -0.033753422 -0.69308805 -0.0048832774 0.99998691 0.0014971497 -0.40893933 0.033760366 -0.0013314506 0.99942909 21.388039
24 0.99939873 0.0048818409 -0.034327175 -0.72950843 -0.0048280568 0.99998694 0.0016495241 -0.42660643 0.034334783 -0.0014827982 0.99940931 22.397961
25 0.9993649 0.0048517604 -0.035302505 -0.76670939 -0.0047899469 0.9999868 0.0018353293 -0.44315579 0.035310947 -0.001665066 0.99937501 23.402829
26 0.9993377 0.0048062328 -0.036070394 -0.80395629 -0.0047358495 0.99998667 0.002036459 -0.45915062 0.036079704 -0.0018642858 0.9993472 24.40183
27 0.99931777 0.0047133512 -0.036630464 -0.84144851 -0.0046339067 0.99998668 0.0022534058 -0.47516515 0.0366406 -0.0020821258 0.99932636 25.389711
28 0.99929593 0.0046143123 -0.03723383 -0.87911414 -0.0045256985 0.99998668 0.00246386 -0.4907418 0.037244706 -0.0022936157 0.99930357 26.365116
29 0.99926377 0.0046346907 -0.038084645 -0.91698379 -0.0045389625 0.99998627 0.0025996405 -0.50584841 0.038096174 -0.0024248613 0.99927116 27.315629
30 0.99924153 0.0047005815 -0.03865579 -0.95478295 -0.0045996016 0.99998573 0.0027008016 -0.5209737 0.038667937 -0.0025209514 0.99924896 28.245553
31 0.99922567 0.0047328557 -0.039059853 -0.99234564 -0.0046270745 0.99998534 0.0027981377 -0.5358491 0.039072527 -0.0026152376 0.99923298 29.16489
32 0.99920332 0.0048268069 -0.039616047 -1.0306104 -0.0047164181 0.99998469 0.0028794512 -0.55072098 0.039629342 -0.0026903109 0.99921085 30.085373
33 0.99917582 0.0049719438 -0.04028608 -1.0696107 -0.0048575819 0.99998385 0.0029361315 -0.56566662 0.040300032 -0.0027380182 0.99918389 31.00298
34 0.99915123 0.005085741 -0.040877311 -1.1086904 -0.0049672465 0.99998312 0.0029998265 -0.58033671 0.040891881 -0.0027942322 0.99915969 31.909286
35 0.99911982 0.0052664667 -0.041615633 -1.1477085 -0.0051456697 0.99998219 0.0030092648 -0.59487627 0.041630743 -0.0027924754 0.99912918 32.77864
36 0.99909227 0.0054455904 -0.042249107 -1.186135 -0.0053223065 0.9999812 0.0030299553 -0.60879968 0.042264817 -0.0028023418 0.99910254 33.633497
37 0.99903047 0.005687051 -0.043655368 -1.2270807 -0.005561153 0.99997998 0.0030048077 -0.62320558 0.043671586 -0.0027591198 0.99904215 34.486626
38 0.99897165 0.0057417062 -0.044974132 -1.2683392 -0.0056083669 0.99997945 0.0030904157 -0.63646719 0.044990956 -0.0028350058 0.99898339 35.347175
39 0.99892659 0.0056812121 -0.045971624 -1.3100237 -0.0055385743 0.9999794 0.0032295171 -0.64921874 0.045989029 -0.0029714328 0.99893755 36.222519
40 0.99887132 0.0058048542 -0.047142275 -1.3537773 -0.0056551157 0.99997849 0.0033090581 -0.66260677 0.047160474 -0.0030387278 0.99888273 37.10776
41 0.99881177 0.0058814675 -0.048378377 -1.3984724 -0.0057234038 0.99997778 0.0034051135 -0.67573354 0.048397333 -0.003124178 0.9988233 37.992363
42 0.99873963 0.0058217608 -0.04985247 -1.444379 -0.0056519031 0.99997769 0.0035474984 -0.68819207 0.049872015 -0.0032612655 0.99875031 38.878029
43 0.99868509 0.0056378298 -0.050954021 -1.4904277 -0.0054553114 0.99997815 0.0037203846 -0.70024605 0.050973887 -0.0034375222 0.99869409 39.754047
44 0.99864149 0.0055960834 -0.051805931 -1.5367432 -0.0054052407 0.99997804 0.0038231718 -0.71269334 0.051826192 -0.0035379541 0.99864988 40.612375
45 0.99858853 0.0059459116 -0.052778722 -1.5832763 -0.0057551311 0.9999763 0.0037659672 -0.72591369 0.052799868 -0.0034569027 0.99859915 41.431736
46 0.99854638 0.0062581321 -0.053534781 -1.6292508 -0.0060693212 0.99997473 0.0036887315 -0.73902971 0.053556518 -0.0033584492 0.99855919 42.230561
47 0.99849778 0.0065686945 -0.05439707 -1.6755011 -0.0063817799 0.99997308 0.0036091035 -0.7519566 0.054419317 -0.0032565313 0.99851288 43.023697
48 0.99843723 0.0068170647 -0.055467429 -1.7235904 -0.0066274598 0.99997151 0.0036015377 -0.76460852 0.055490406 -0.0032283007 0.99845402 43.837097
49 0.99839958 0.0064728316 -0.056181673 -1.7706748 -0.0062674824 0.99997298 0.0038305202 -0.77491502 0.056204954 -0.0034722717 0.99841324 44.667876
50 0.99836929 0.0058766511 -0.056782322 -1.8173706 -0.0056495449 0.99997535 0.0041592923 -0.78393078 0.05680537 -0.0038317151 0.99837794 45.506071
51 0.99835109 0.0053718562 -0.057151044 -1.8629597 -0.0051250107 0.99997685 0.0044648708 -0.79255975 0.057173711 -0.0041646086 0.99835558 46.313767
52 0.99835756 0.0054697493 -0.057028583 -1.9077946 -0.0052234846 0.99997634 0.0044664372 -0.80334707 0.057051669 -0.004161213 0.99836258 47.065329
53 0.9983649 0.0055759185 -0.056889745 -1.9509668 -0.0053334483 0.99997599 0.0044130474 -0.81390598 0.056912991 -0.0041024127 0.99837074 47.795756
54 0.99837325 0.0059004565 -0.056710094 -1.9936057 -0.0056704105 0.99997499 0.0042165827 -0.82526502 0.05673356 -0.0038881535 0.99838181 48.510909
55 0.99836512 0.006700525 -0.056764357 -2.0363284 -0.0064964145 0.99997171 0.0037795181 -0.8381745 0.056788081 -0.0034045738 0.99838047 49.182418
56 0.99837549 0.0074997533 -0.056481394 -2.077067 -0.0073261489 0.99996774 0.0032800888 -0.85097201 0.056504177 -0.0028609687 0.99839829 49.819232
57 0.99840098 0.0079632047 -0.055964915 -2.1143175 -0.0078140298 0.99996527 0.0028838285 -0.86208559 0.05598594 -0.0024419052 0.99842859 50.447512
58 0.99845116 0.0078148518 -0.055083778 -2.1476538 -0.0076752608 0.99996673 0.0027452538 -0.87071499 0.055103404 -0.0023182189 0.99847798 51.067355
59 0.99849122 0.007657877 -0.054374964 -2.1800639 -0.007526453 0.9999682 0.0026213593 -0.87897534 0.054393314 -0.0022081532 0.99851717 51.682423
60 0.99855928 0.0080306958 -0.053055373 -2.209478 -0.0079189223 0.99996592 0.0023166132 -0.88695001 0.053072173 -0.0018931337 0.99858891 52.24023
61 0.99866652 0.0070497941 -0.051141917 -2.2322071 -0.0069345964 0.99997296 0.0024295992 -0.89101901 0.051157667 -0.0020717103 0.99868846 52.764571
62 0.99875569 0.0073424791 -0.04932705 -2.2541984 -0.0072553088 0.99997174 0.0019460063 -0.89722506 0.049339949 -0.0015857014 0.99878081 53.228851
63 0.99889673 0.0072572777 -0.046396794 -2.2721449 -0.0071915871 0.99997284 0.0015826086 -0.90318989 0.046407024 -0.0012471954 0.99892186 53.65122
64 0.99895556 0.009231823 -0.044750081 -2.2911929 -0.0092310062 0.99995732 0.00022489994 -0.91182431 0.044750251 0.00018842389 0.99899821 54.026632
65 0.99903934 0.01051679 -0.042541678 -2.3035891 -0.010527078 0.99994454 -1.7841533e-05 -0.91752657 0.042539135 0.00046566466 0.99909471 54.310486
66 0.99923641 0.0084157987 -0.038154535 -2.3106604 -0.008372297 0.99996406 0.0012997763 -0.92016329 0.038164106 -0.00097934212 0.99927103 54.62973
67 0.99926945 0.0098721251 -0.036920478 -2.3203111 -0.0098298574 0.99995076 0.0013261752 -0.92623356 0.036931756 -0.00096228273 0.99931735 54.895561
68 0.99943892 0.0090545131 -0.032246842 -2.3262928 -0.009009427 0.99995818 0.0015431741 -0.93025461 0.032259469 -0.0012517821 0.99947877 55.216823
69 0.99960322 0.0097327748 -0.026432525 -2.3324244 -0.0097159147 0.99995246 0.00076620385 -0.93581554 0.026438729 -0.00050908306 0.99965033 55.557671
70 0.9996997 0.012102647 -0.021308338 -2.3376525 -0.012107006 0.99992666 -7.5620088e-05 -0.94256825 0.021305863 0.00033357824 0.99977297 55.834538
71 0.9998374 0.01309474 -0.012397908 -2.3366873 -0.013099216 0.99991412 -0.00027995974 -0.94725011 0.012393179 0.00044231777 0.99992313 56.104524
72 0.99988329 0.014566388 -0.0046081383 -2.3342566 -0.014571283 0.99989326 -0.0010303778 -0.95136809 0.0045926391 0.0010974048 0.99998887 56.352097
73 0.99986993 0.015128224 0.0055907299 -2.3276502 -0.01511932 0.99988432 -0.0016313907 -0.95466219 -0.0056147624 0.0015466513 0.99998306 56.606671
74 0.99976361 0.015606798 0.015138193 -2.3188475 -0.015578118 0.99987659 -0.0020105908 -0.95831994 -0.015167704 0.0017742917 0.99988341 56.862218
75 0.9996034 0.014912616 0.023888584 -2.3072676 -0.014867732 0.99988731 -0.0020553735 -0.96017805 -0.023916544 0.0016993901 0.99971254 57.101986
76 0.99921827 0.013155826 0.037279771 -2.2901053 -0.013086798 0.99991212 -0.0020950377 -0.96176293 -0.037304059 0.0016055279 0.99930269 57.345124
77 0.99838923 0.013050391 0.055214442 -2.2648697 -0.012892003 0.99991165 -0.003223812 -0.96579649 -0.055251638 0.0025067952 0.99846934 57.614064
78 0.99686288 0.012770974 0.078110854 -2.2244996 -0.012479422 0.99991318 -0.0042195466 -0.97042767 -0.078157964 0.0032315319 0.99693577 57.940034
79 0.99456767 0.012534369 0.10333467 -2.1698034 -0.012071188 0.99991406 -0.0051064996 -0.97515292 -0.1033898 0.0038313881 0.99463356 58.301992
80 0.99136664 0.010024274 0.13073525 -2.0945876 -0.0094618294 0.99994307 -0.0049226328 -0.97730803 -0.13077716 0.0036431402 0.99140512 58.701172
81 0.98742081 0.0080942125 0.15790702 -2.003026 -0.0074211275 0.99996065 -0.004851706 -0.98138954 -0.15794009 0.0036188282 0.98744209 59.132042
82 0.98202015 0.0064855066 0.1886647 -1.8940031 -0.0057345816 0.99997327 -0.0045257998 -0.98649607 -0.18868902 0.0033625143 0.98203116 59.571507
83 0.9749547 0.0069677606 0.22229436 -1.7729652 -0.0059840933 0.99996905 -0.0050983086 -0.99373128 -0.22232302 0.0036403906 0.97496629 59.997308
84 0.96532979 0.0065398296 0.2609514 -1.638716 -0.0052948036 0.99997096 -0.0054738475 -0.99867889 -0.26097963 0.0039023826 0.96533644 60.386467
85 0.95331347 0.0062596587 0.30191763 -1.4871009 -0.0047392021 0.99997209 -0.0057682586 -1.0042181 -0.30194533 0.0040681109 0.95331659 60.766963
86 0.940272 0.0060885529 0.34036965 -1.3215362 -0.0042534413 0.99997207 -0.0061374195 -1.0087304 -0.34039753 0.0043231023 0.9402717 61.140405
87 0.92497841 0.0060544333 0.37997144 -1.1351111 -0.0038647505 0.9999712 -0.0065253543 -1.0129 -0.38000003 0.0045673179 0.92497522 61.516177
88 0.90726514 0.0060634457 0.42051541 -0.91792907 -0.0038009938 0.9999734 -0.006218025 -1.0194002 -0.42054195 0.0040430218 0.90726411 61.916972
89 0.88751214 0.0077755925 0.46071874 -0.68148215 -0.0054923098 0.99996505 -0.006296313 -1.029143 -0.46075162 0.003057645 0.88752388 62.316843
90 0.86542674 0.0090527139 0.5009537 -0.42224852 -0.0068384537 0.999957 -0.0062563549 -1.039113 -0.50098882 0.0019886689 0.86545149 62.710674
91 0.83869957 0.0096459497 0.54450895 -0.14574463 -0.0075554535 0.99995295 -0.0060765584 -1.0492093 -0.54454198 0.0009823955 0.83873304 63.079975
92 0.81149572 0.0087541026 0.5842928 0.13538363 -0.0065612475 0.99996121 -0.005869213 -1.0559654 -0.58432155 0.00092915229 0.81152172 63.415041
93 0.78433135 0.010791418 0.62024825 0.43071318 -0.0078839026 0.99994129 -0.0074279825 -1.0702691 -0.62029203 0.00093602348 0.78437043 63.745678
94 0.75115913 0.013381446 0.65998553 0.74993445 -0.0095060943 0.99991008 -0.0094542272 -1.0895038 -0.66005274 0.0008277451 0.75121884 64.065832
95 0.716759 0.015509573 0.69714847 1.104525 -0.01153122 0.9998795 -0.01038889 -1.1081325 -0.69722563 -0.00059264157 0.71685153 64.393433
96 0.68208038 0.016780752 0.73108465 1.4955645 -0.013334297 0.99985582 -0.010509413 -1.1240411 -0.73115565 -0.0025802353 0.68220584 64.725563
97 0.64591027 0.017499199 0.76321275 1.8929854 -0.014320999 0.99983903 -0.010804723 -1.1388381 -0.76327902 -0.0039510869 0.64605694 65.028974
98 0.60928513 0.01808506 0.79274495 2.3066422 -0.015130329 0.99982298 -0.01118036 -1.1510618 -0.79280687 -0.0051824641 0.60945095 65.315494
99 0.56816301 0.019675561 0.82268078 2.7352391 -0.017009977 0.99978128 -0.01216367 -1.1660675 -0.82274023 -0.0070828339 0.56837347 65.581969
100 0.52272195 0.020280212 0.85226198 3.1994964 -0.017190517 0.99976443 -0.013246601 -1.189296 -0.85232991 -0.0077265342 0.52294747 65.833233
101 0.48126497 0.019233201 0.87636415 3.6924537 -0.01656791 0.99978021 -0.012843313 -1.2074835 -0.8764186 -0.0083384852 0.48147788 66.073075
102 0.43990089 0.017264143 0.89788037 4.1858042 -0.014419284 0.99982205 -0.012159766 -1.2261877 -0.89793058 -0.0075977002 0.44007158 66.28169
103 0.40334004 0.015823347 0.91491335 4.6808178 -0.011657276 0.99985815 -0.012153344 -1.2375879 -0.91497593 -0.0057634672 0.40346731 66.470855
104 0.36613334 0.015195203 0.93043833 5.1892329 -0.01053507 0.99987023 -0.012183495 -1.2538138 -0.93050278 -0.0053414492 0.36624593 66.64654
105 0.33086362 0.014274292 0.94357062 5.7090149 -0.0085852243 0.9998897 -0.01211587 -1.2676213 -0.94363955 -0.0040920642 0.3309497 66.805372
106 0.30185641 0.014231943 0.95324717 6.2556596 -0.0081547629 0.99989049 -0.012346029 -1.2834299 -0.95331854 -0.0040467763 0.30193943 66.961502
107 0.278413 0.01392302 0.96036053 6.8406025 -0.0072972625 0.99989668 -0.012380693 -1.3000218 -0.96043375 -0.0035610566 0.27848586 67.117416
108 0.25627658 0.013558787 0.96650839 7.4289067 -0.0064380147 0.99990333 -0.012320187 -1.3154774 -0.96658207 -0.0030650193 0.25633912 67.259092
109 0.2406609 0.013375558 0.9705171 8.0293774 -0.0057185874 0.99990718 -0.012362561 -1.3317197 -0.97059243 -0.0025748013 0.24071507 67.397051
110 0.22990675 0.013565868 0.97311811 8.6391013 -0.0059086194 0.99990383 -0.01254332 -1.3501053 -0.97319475 -0.0028659901 0.22996481 67.534833
111 0.22249907 0.013225675 0.97484319 9.2851604 -0.0053850239 0.99990936 -0.012336665 -1.3674061 -0.97491805 -0.0025046569 0.22255014 67.675512
112 0.21802936 0.012906554 0.97585687 9.9653308 -0.004918074 0.99991434 -0.012125922 -1.3859905 -0.97592984 -0.0021555288 0.21807417 67.823106
113 0.2162184 0.012459026 0.97626553 10.670205 -0.0041803734 0.99992118 -0.011835069 -1.4042437 -0.97633609 -0.0015221941 0.21625346 67.975423
114 0.21556595 0.012197645 0.9764131 11.415878 -0.0038412187 0.99992479 -0.011643322 -1.4250255 -0.97648175 -0.0012407121 0.2155966 68.13862
115 0.21606417 0.011486417 0.9763116 12.196637 -0.0027618015 0.99993394 -0.011153132 -1.4435675 -0.97637528 -0.0002865859 0.21608163 68.308067
116 0.21686459 0.011050189 0.97613915 12.991229 -0.0021839513 0.99993888 -0.01083441 -1.4641647 -0.97619927 0.00021776026 0.21687548 68.483454
117 0.21756614 0.010551229 0.97598855 13.790667 -0.0014747932 0.99994394 -0.010481447 -1.4842614 -0.97604449 0.00084102737 0.21756952 68.659776
118 0.21871382 0.010118046 0.97573659 14.58987 -0.00088888373 0.99994785 -0.010169863 -1.5042888 -0.97578866 0.001356974 0.21871143 68.837581
119 0.22083897 0.0097107845 0.97526194 15.384921 -0.0003871024 0.99995118 -0.0098689622 -1.5242197 -0.97531023 0.0018019259 0.22083196 69.017994
120 0.22374512 0.0090229935 0.97460593 16.20345 0.00056321291 0.99995574 -0.0093869841 -1.5422622 -0.97464755 0.0026492033 0.22373015 69.205083
121 0.22691533 0.0082347227 0.97387968 17.032272 0.0016544578 0.99995951 -0.008840734 -1.5593187 -0.9739131 0.0036173418 0.22689254 69.397082
122 0.22966529 0.0071415634 0.97324347 17.891499 0.0031172253 0.99996251 -0.0080732258 -1.5743913 -0.9732647 0.0048879599 0.22963444 69.596591
123 0.23225509 0.0063218529 0.97263437 18.775314 0.0041568065 0.99996325 -0.0074920858 -1.5915891 -0.97264605 0.0057831289 0.23222029 69.805897
124 0.23475551 0.0055838666 0.97203841 19.653698 0.0050460213 0.99996298 -0.0069629361 -1.6089455 -0.97204137 0.0065395153 0.23471866 70.016884
125 0.23611818 0.0049793994 0.97171159 20.518447 0.0058022782 0.99996177 -0.006534071 -1.6270448 -0.97170705 0.007180955 0.23608028 70.225486
126 0.23737301 0.0046822926 0.9714073 21.350376 0.0060855834 0.99996155 -0.0063070002 -1.646195 -0.97139954 0.0074086929 0.23733541 70.428963
127 0.2395009 0.0045352113 0.97088555 22.174677 0.0061012354 0.99996227 -0.0061761056 -1.6660811 -0.97087699 0.0074027852 0.23946421 70.634699
128 0.2423489 0.0041086024 0.97018047 23.011886 0.0065409097 0.99996134 -0.0058686256 -1.6840524 -0.97016713 0.0077681189 0.24231267 70.845497
129 0.24383892 0.0037649823 0.96980844 23.867277 0.0069049315 0.99996033 -0.0056181446 -1.7035203 -0.96979119 0.0080663843 0.24380327 71.061708
130 0.24479828 0.0033717865 0.96956817 24.711096 0.0073465345 0.99995875 -0.0053323394 -1.7220119 -0.96954622 0.0084283147 0.24476343 71.274677
131 0.24573201 0.0033837709 0.9693319 25.512216 0.0071913571 0.99995998 -0.0053137447 -1.7417648 -0.96931115 0.0082765702 0.24569786 71.479603
132 0.24717274 0.003305547 0.9689658 26.321099 0.0071472956 0.99996071 -0.0052344819 -1.7610807 -0.96894509 0.0082193074 0.24713942 71.687937
133 0.24856801 0.0032715216 0.96860892 27.109204 0.0070997635 0.99996123 -0.0051993832 -1.7802193 -0.96858845 0.0081692957 0.24853516 71.892701
134 0.24977063 0.0031142187 0.96830003 27.913083 0.0072485013 0.99996075 -0.0050857784 -1.7993104 -0.96827792 0.0082890032 0.24973827 72.102067
135 0.25086088 0.0029462318 0.96801867 28.707855 0.0074063376 0.99996021 -0.0049627918 -1.8179672 -0.96799484 0.0084144445 0.25082909 72.309809
136 0.25272518 0.0029064803 0.96753374 29.498722 0.0073189448 0.99996109 -0.0049156415 -1.8367815 -0.96751044 0.0083236336 0.25269409 72.519114
137 0.2549537 0.0027030414 0.96694949 30.317813 0.0074182446 0.99996115 -0.0047512776 -1.8549199 -0.96692483 0.0083844248 0.25492377 72.737117
138 0.25767058 0.0022234659 0.96623027 31.154296 0.0079569959 0.99995852 -0.0044230218 -1.8713961 -0.96620008 0.0088279741 0.25764222 72.96125
139 0.26015601 0.0017021129 0.9655651 32.000312 0.0085524917 0.99995511 -0.0040670678 -1.8874736 -0.96552874 0.0093160608 0.26012979 73.189616
140 0.26299031 0.0012333214 0.96479769 32.83774 0.0090512178 0.99995198 -0.0037454949 -1.9032654 -0.96475604 0.0097176241 0.26296654 73.418978
141 0.26579473 0.00035214329 0.96402959 33.679646 0.010130132 0.99994366 -0.0031582633 -1.9160811 -0.96397644 0.010605198 0.2657762 73.650214
142 0.26804571 -0.00043329855 0.9634061 34.527779 0.011143247 0.99993435 -0.0026506264 -1.9292138 -0.96334177 0.011445963 0.26803296 73.884674
143 0.27048419 -0.0012814063 0.96272357 35.363233 0.012225141 0.99992301 -0.0021038229 -1.9410667 -0.96264682 0.012338484 0.27047905 74.117702
144 0.273091 -0.0020761209 0.96198597 36.192538 0.013220647 0.99991129 -0.0015951408 -1.9526161 -0.96189738 0.013153697 0.27309424 74.351834
145 0.27553042 -0.0026773662 0.96128863 37.024148 0.013957248 0.99990181 -0.0012156009 -1.965271 -0.96119104 0.013751881 0.27554076 74.589725
146 0.27773735 -0.0034490986 0.96065086 37.853892 0.01491086 0.99988852 -0.00072095802 -1.9765288 -0.96054134 0.014524369 0.27775784 74.828347
147 0.27989155 -0.0040933776 0.9600229 38.681014 0.015715249 0.99987641 -0.00031842343 -1.9880408 -0.95990301 0.015176124 0.27992131 75.068338
148 0.28206883 -0.0046420101 0.95938294 39.498965 0.016360994 0.9998661 2.75822e-05 -1.9999675 -0.95925468 0.01568868 0.28210703 75.308722
149 0.28426137 -0.0054326343 0.95873144 40.332547 0.017308474 0.99985001 0.00053371433 -2.0101236 -0.9585906 0.016442466 0.28431278 75.554549
150 0.28646497 -0.0061526556 0.95807096 41.183452 0.018144563 0.99983483 0.00099560218 -2.0207939 -0.95791891 0.017098576 0.28652931 75.80824
151 0.28856861 -0.0068742819 0.95743454 42.062681 0.019001193 0.99981836 0.0014516766 -2.0312962 -0.95727068 0.017773492 0.28864683 76.071782
152 0.29036591 -0.0074261169 0.95688688 42.945985 0.019617522 0.99980588 0.0018062905 -2.0429008 -0.9567146 0.018247266 0.29045524 76.339059
153 0.29266705 -0.0079965491 0.95618098 43.817544 0.0202098 0.99979335 0.0021754814 -2.0537897 -0.95600084 0.018687537 0.2927682 76.605895
154 0.29477789 -0.0084145867 0.95552875 44.692448 0.020618612 0.99978438 0.0024435281 -2.0656756 -0.95534335 0.01898138 0.29488785 76.876487
155 0.29662554 -0.0088777022 0.95495261 45.574213 0.021120188 0.99977316 0.0027340634 -2.077349 -0.95476032 0.019357788 0.29674578 77.150601
156 0.29854513 -0.0094307784 0.95434893 46.449041 0.021666968 0.99976039 0.0031015395 -2.0879101 -0.95414956 0.0197519 0.29867795 77.424457
157 0.30058511 -0.0099361044 0.95370324 47.319924 0.022189613 0.99974788 0.0034221671 -2.0982357 -0.95349686 0.020133656 0.30072982 77.699008
158 0.30248877 -0.010521365 0.95309488 48.202518 0.022835936 0.999732 0.0037886376 -2.1082851 -0.95287938 0.020618795 0.30264799 77.979157
159 0.30476618 -0.01161936 0.95235633 49.089443 0.024124857 0.99969888 0.0044767078 -2.1139135 -0.95212164 0.021611113 0.30495474 78.260624
160 0.30705554 -0.01243904 0.9516103 49.982718 0.025068859 0.99967329 0.0049783441 -2.1213402 -0.95136139 0.022327159 0.30726708 78.548254
161 0.30943956 -0.013159925 0.95082805 50.886005 0.025851998 0.99965103 0.0054223278 -2.1291205 -0.95056766 0.022902925 0.30967181 78.842293
162 0.3113774 -0.013702949 0.95018753 51.793481 0.026350668 0.999636 0.0057809202 -2.1379935 -0.94992094 0.023238031 0.31162516 79.140395
163 0.31326984 -0.014169088 0.94955845 52.69808 0.026781181 0.99962278 0.0060807281 -2.1470395 -0.94928648 0.023525391 0.31353115 79.439607
164 0.31539264 -0.014531203 0.94885001 53.608959 0.027067701 0.99961363 0.0063114662 -2.1567601 -0.94857517 0.0236926 0.31566413 79.744186
165 0.31724094 -0.015084949 0.94822499 54.519015 0.027623054 0.99959618 0.0066605435 -2.1646922 -0.94794261 0.024079875 0.31752955 80.048785
166 0.3189853 -0.01551612 0.94763265 55.423105 0.028024685 0.99958314 0.0069332663 -2.173175 -0.94734526 0.024345499 0.31928718 80.353715
167 0.32097527 -0.01597547 0.94695283 56.32456 0.028446168 0.9995692 0.0072211322 -2.1810554 -0.9466603 0.024619376 0.32129146 80.660048
168 0.32263958 -0.016416189 0.94637953 57.239214 0.028828919 0.9995561 0.0075102546 -2.1889906 -0.94608278 0.024859996 0.32296964 80.9723
169 0.32388175 -0.016863052 0.94594728 58.17326 0.029220422 0.99954241 0.0078137271 -2.1972977 -0.94564624 0.025110257 0.32422631 81.292217
170 0.32531683 -0.017169993 0.94544918 59.096263 0.029426477 0.99953467 0.0080269518 -2.2060592 -0.94514712 0.025209939 0.32567072 81.610929
171 0.32643105 -0.01760152 0.94505712 60.010029 0.029834371 0.99952026 0.0083108318 -2.2135728 -0.94475008 0.025482273 0.32679961 81.926438
172 0.32723679 -0.01791082 0.94477261 60.913941 0.030091366 0.99951074 0.0085259186 -2.2218104 -0.94446314 0.025639507 0.32761567 82.239846
173 0.3282294 -0.018255793 0.94442162 61.807388 0.0304015 0.99949938 0.0087545515 -2.2293913 -0.94410871 0.025838335 0.32862011 82.550656
174 0.3294098 -0.018474043 0.9440063 62.698178 0.030511359 0.99949463 0.0089130406 -2.2375535 -0.94369396 0.025866874 0.32980702 82.86282
175 0.33078496 -0.018802997 0.94351882 63.563877 0.030834392 0.99948296 0.0091081617 -2.2444785 -0.9432023 0.026079988 0.33119374 83.167078
176 0.33174965 -0.019058157 0.94317494 64.409905 0.031062841 0.9994744 0.0092698111 -2.2515631 -0.94285593 0.026222439 0.3321673 83.465329
177 0.33302594 -0.019256808 0.94272101 65.224444 0.031203317 0.99946888 0.0093930934 -2.2581638 -0.94240125 0.026287881 0.33344996 83.754193
178 0.3343005 -0.019476887 0.94226527 66.02248 0.031387532 0.99946187 0.0095233676 -2.2644439 -0.94194376 0.026391717 0.33473196 84.038464
179 0.33539361 -0.020149049 0.94186259 66.827534 0.032200945 0.9994322 0.0099139912 -2.2676472 -0.94152762 0.027003778 0.33585202 84.323638
180 0.33659005 -0.020773136 0.94142213 67.637498 0.032958942 0.99940391 0.010268614 -2.2707965 -0.94107432 0.027571966 0.3370741 84.611876
181 0.33826705 -0.021629115 0.94080157 68.449586 0.033976561 0.99936467 0.010759147 -2.2718956 -0.94043662 0.028325739 0.33878705 84.90196
182 0.34012591 -0.022349838 0.94011428 69.26424 0.034843359 0.99933052 0.011151566 -2.2732384 -0.93973419 0.028963806 0.34067697 85.195257
183 0.34187618 -0.023028398 0.93946281 70.07876 0.035669383 0.99929726 0.011514774 -2.2746694 -0.93906784 0.029573434 0.34245736 85.49033
184 0.34343364 -0.024015555 0.93886985 70.879297 0.036891365 0.9992464 0.012065273 -2.273646 -0.93845213 0.030492572 0.34406082 85.780188
185 0.34503316 -0.024714913 0.93826505 71.663307 0.037792348 0.99920835 0.012422645 -2.2740116 -0.93782935 0.031173017 0.34569407 86.066732
186 0.34633499 -0.025218766 0.93777188 72.431893 0.038423018 0.99918107 0.012679925 -2.2752612 -0.93732373 0.031640526 0.34702037 86.349495
187 0.34772546 -0.025744009 0.9372429 73.193943 0.039050999 0.99915317 0.01295628 -2.2760384 -0.93678283 0.032095046 0.34843635 86.631188
188 0.34881916 -0.025990216 0.9368296 73.942416 0.039353026 0.99913989 0.013066167 -2.2784435 -0.93636348 0.032309353 0.34954195 86.909882
189 0.34960814 -0.026304554 0.93652668 74.692657 0.03972406 0.99912301 0.013233612 -2.280402 -0.93605352 0.032576066 0.35034648 87.189423
190 0.35034736 -0.026652915 0.93624054 75.429906 0.040148742 0.99910356 0.013418577 -2.2818621 -0.93575897 0.03288772 0.3511034 87.464517
191 0.35107512 -0.026742473 0.93596533 76.156094 0.040236469 0.99909956 0.013453885 -2.284664 -0.9354824 0.032936618 0.35183505 87.737451
192 0.35137796 -0.027090781 0.93584166 76.879461 0.040700245 0.99907825 0.013639744 -2.2860166 -0.93534863 0.033296283 0.35215671 88.007934
193 0.35145554 -0.027319818 0.93580587 77.585519 0.040977181 0.99906505 0.013777021 -2.2880577 -0.93530739 0.033504679 0.35224646 88.272885
194 0.35207452 -0.027319331 0.93557319 78.285036 0.040960947 0.99906596 0.013758953 -2.2910215 -0.93507528 0.03347779 0.35286472 88.53707
195 0.35253492 -0.02733714 0.93539928 78.981489 0.041000152 0.99906454 0.013745554 -2.2937374 -0.93490008 0.033505728 0.35332599 88.799991
196 0.35341904 -0.027496689 0.93506092 79.680978 0.041230154 0.99905439 0.013795001 -2.2955538 -0.93455609 0.033677292 0.35421856 89.064485
197 0.35443791 -0.027708113 0.93466894 80.360334 0.041517192 0.99904143 0.013872597 -2.2966896 -0.93415744 0.033887859 0.35524854 89.322111
198 0.35625724 -0.028171937 0.93396313 81.026911 0.042184766 0.99901109 0.014042791 -2.2962694 -0.93343519 0.034396173 0.35709338 89.576211
199 0.3574756 -0.029000226 0.93347211 81.699915 0.043339098 0.99895605 0.014437797 -2.2935195 -0.93291637 0.035294682 0.35835928 89.831171
200 0.35938314 -0.029878942 0.93271164 82.369277 0.044598426 0.99889509 0.014814874 -2.2900527 -0.9321238 0.036273258 0.36031863 90.086711
201 0.36184856 -0.031149719 0.93171633 83.038965 0.046332147 0.99880735 0.015398837 -2.2843251 -0.93108485 0.037596374 0.36286025 90.343681
202 0.36512562 -0.032135868 0.93040345 83.696434 0.047740527 0.99873537 0.015760839 -2.279805 -0.92973338 0.038663268 0.36619808 90.600733
203 0.36930737 -0.033355206 0.92870851 84.346885 0.04948257 0.99864372 0.016189891 -2.2735709 -0.927989 0.039975841 0.37045701 90.858181
204 0.37420048 -0.034435891 0.92670825 84.999552 0.051036992 0.99856045 0.016497373 -2.2677633 -0.92594237 0.04112308 0.37541933 91.121914
205 0.38088517 -0.035710825 0.92393248 85.64125 0.05279139 0.99846371 0.016828616 -2.2609589 -0.92311407 0.042365913 0.38218527 91.388683
206 0.39001419 -0.037107366 0.92006086 86.282015 0.054634236 0.99835986 0.0171058 -2.2539978 -0.91918663 0.043595321 0.39140187 91.66606
207 0.39905947 -0.039215254 0.91608608 86.951721 0.057383258 0.99819467 0.017733186 -2.2426073 -0.91512772 0.045491412 0.40058937 91.960544
208 0.40883269 -0.041673847 0.91165735 87.621141 0.060610248 0.99799113 0.018439689 -2.22862 -0.91059446 0.047717034 0.41053728 92.262747
209 0.41981451 -0.043656005 0.90655939 88.265331 0.063171048 0.99782563 0.018797399 -2.2177772 -0.90540887 0.04937689 0.4216595 92.567611
210 0.43017213 -0.045301837 0.9016095 88.887371 0.065257142 0.99768765 0.01899412 -2.208869 -0.90038518 0.050665722 0.43213372 92.872021
211 0.44158318 -0.047743098 0.89594916 89.521801 0.068307459 0.99747394 0.019486676 -2.1957324 -0.89461636 0.052595027 0.44372895 93.191029
212 0.45479552 -0.050032981 0.88918937 90.144375 0.07117762 0.99726888 0.019709044 -2.1834725 -0.88774705 0.054326802 0.45711467 93.519002
213 0.46814576 -0.052100373 0.882114 90.779572 0.073742112 0.99708161 0.01975512 -2.1721187 -0.88056896 0.055800678 0.47062155 93.867411
214 0.47996821 -0.053605345 0.87564661 91.423434 0.075587097 0.99694652 0.019599526 -2.1633821 -0.87402354 0.05678044 0.48255454 94.232167
215 0.49164735 -0.05603096 0.86898988 92.089475 0.078476804 0.99671792 0.019866915 -2.1498868 -0.867251 0.058428037 0.49443089 94.617933
216 0.50147244 -0.058547898 0.86319032 92.786253 0.081386612 0.99647568 0.020306545 -2.1350303 -0.86133712 0.060068968 0.50447014 95.029215
217 0.50883689 -0.060937039 0.8587035 93.51228 0.084099128 0.99623892 0.020862976 -2.1198476 -0.85674523 0.061600368 0.5120479 95.462883
218 0.51614753 -0.063209694 0.85416408 94.252425 0.086675291 0.99600818 0.021330954 -2.1047158 -0.85210278 0.063025005 0.51956591 95.91425
219 0.52316979 -0.065249407 0.84972695 94.990977 0.088960051 0.99579887 0.021694115 -2.090677 -0.84757272 0.064242052 0.52677651 96.374162
220 0.52988128 -0.067246744 0.8454015 95.723815 0.091210152 0.99558804 0.022024448 -2.0766077 -0.84315275 0.065438861 0.53367709 96.838336
221 0.53626853 -0.06891135 0.84122963 96.466595 0.093060021 0.99541254 0.022217549 -2.0637989 -0.83890162 0.06637028 0.54022134 97.317749
222 0.54158663 -0.070794123 0.83765871 97.251571 0.095116163 0.99520928 0.022612223 -2.048877 -0.83524659 0.06742841 0.54572574 97.828567
223 0.54573432 -0.072311826 0.83483235 98.052978 0.09675168 0.99504406 0.022942019 -2.0353401 -0.832354 0.06825119 0.55002603 98.354906
224 0.54877279 -0.073713494 0.83271529 98.83777 0.098224249 0.99489056 0.023338186 -2.0222726 -0.83018097 0.068985477 0.55320936 98.873227
225 0.55157043 -0.074680566 0.83077848 99.601126 0.099219743 0.99478679 0.023549677 -2.0118614 -0.82820621 0.069440326 0.5561048 99.382961
226 0.5541049 -0.075720313 0.8289959 100.35917 0.10031396 0.99467103 0.023802705 -2.0010439 -0.8263806 0.069970671 0.55874793 99.892
227 0.55702834 -0.07707338 0.82690938 101.11854 0.10174063 0.99451749 0.024160339 -1.98814 -0.82423801 0.070672291 0.56181596 100.40557
228 0.5603054 -0.078552536 0.82455282 101.87223 0.10330134 0.99434748 0.024532345 -1.9741273 -0.82181915 0.071431814 0.56525289 100.91998
229 0.56355657 -0.080036161 0.8221911 102.61727 0.10487427 0.99417383 0.024893568 -1.959827 -0.81939331 0.072197766 0.56866697 101.4329
230 0.56615654 -0.081215597 0.82028702 103.3456 0.10612203 0.99403437 0.025173398 -1.947143 -0.81743802 0.072798447 0.57139786 101.93783
231 0.56823164 -0.082334111 0.81873922 104.06164 0.10727091 0.99390273 0.025499421 -1.9349006 -0.81584667 0.073337325 0.57359907 102.43701
232 0.57076639 -0.083253208 0.81688105 104.77359 0.10822332 0.99379518 0.025666408 -1.9235043 -0.81394931 0.073756062 0.57623486 102.93817
233 0.5734324 -0.084099888 0.81492484 105.49559 0.10909142 0.99369718 0.025785526 -1.9123589 -0.81195713 0.074115059 0.57899277 103.45075
234 0.57587359 -0.085265122 0.81308023 106.23299 0.11030142 0.9935562 0.026068787 -1.8987363 -0.81006372 0.074671585 0.58156768 103.97547
235 0.57765261 -0.086250556 0.81171319 106.98606 0.11130223 0.9934371 0.026352259 -1.8856756 -0.80865895 0.075123046 0.58346145 104.5134
236 0.57937598 -0.087039633 0.81039964 107.72978 0.11208693 0.99334349 0.026554527 -1.8735907 -0.80731656 0.075450157 0.5852754 105.04779
237 0.5813446 -0.087510303 0.80893783 108.43596 0.1125535 0.99329041 0.026566657 -1.8637743 -0.80583509 0.075604408 0.58729364 105.56006
238 0.58272064 -0.087997637 0.80789423 109.11842 0.1130528 0.99323169 0.026641905 -1.8541526 -0.80477062 0.075809922 0.58872502 106.05593
239 0.58432456 -0.088454354 0.80668497 109.78582 0.1135212 0.99317739 0.026674151 -1.844784 -0.80354077 0.075989493 0.59037943 106.54356
240 0.58623854 -0.089031323 0.80523152 110.44535 0.11413342 0.99310625 0.026710521 -1.8345056 -0.80205858 0.076245095 0.59235865 107.02746
241 0.58827605 -0.089457763 0.80369683 111.09451 0.11460498 0.99305362 0.026648093 -1.8252331 -0.80049798 0.076431233 0.59444201 107.50725
242 0.5903462 -0.090223065 0.80209174 111.73344 0.11544022 0.99295474 0.026727275 -1.8141774 -0.79885227 0.076815305 0.59660247 107.98069
243 0.59231637 -0.091001217 0.80054988 112.36546 0.11629888 0.99285223 0.026812863 -1.8030729 -0.79726778 0.077221359 0.59866601 108.45134
244 0.59472702 -0.091861185 0.79866219 112.98414 0.11728138 0.99273567 0.026849231 -1.7916692 -0.7953269 0.07770025 0.60118038 108.9153
245 0.59684505 -0.092758677 0.79697667 113.59149 0.11831703 0.99261079 0.026922155 -1.7800179 -0.79358496 0.078227564 0.60340981 109.37248
246 0.5990481 -0.093879585 0.79519055 114.18548 0.119595 0.99245353 0.027072716 -1.7673882 -0.79173129 0.078882962 0.60575497 109.8217
247 0.60134301 -0.094722576 0.7933563 114.76201 0.12060325 0.99233172 0.027065137 -1.7561599 -0.78983635 0.079405919 0.60815564 110.26135
248 0.60380882 -0.095787781 0.79135303 115.33331 0.12186468 0.99217631 0.027112299 -1.7438299 -0.78775881 0.080067344 0.61075799 110.69922
249 0.60645125 -0.096998225 0.789182 115.89341 0.12330508 0.99199671 0.027171677 -1.7306945 -0.7855016 0.08083186 0.61355806 111.13115
250 0.60930482 -0.098214467 0.78683007 116.44329 0.12477276 0.99181295 0.02717961 -1.7178189 -0.78305773 0.081614299 0.61657095 111.55891
251 0.61222112 -0.099495939 0.7844016 116.97997 0.12632297 0.99161655 0.027185349 -1.7044467 -0.78053048 0.082444498 0.61965726 111.97932
252 0.61480964 -0.10108263 0.78217096 117.51265 0.128149 0.99137658 0.027390063 -1.6901102 -0.77819468 0.083394756 0.62246156 112.3988
253 0.61872943 -0.10172633 0.77899015 118.01616 0.12899317 0.99127799 0.026992904 -1.6804631 -0.77494173 0.083783109 0.62645491 112.80502
254 0.62350495 -0.10212088 0.77512122 118.48864 0.12952808 0.9912242 0.026400115 -1.6730159 -0.77101497 0.083939369 0.63126076 113.19417
255 0.62993779 -0.10218007 0.76989455 118.94494 0.12979449 0.99121666 0.025354298 -1.6672784 -0.76572306 0.083956443 0.63766728 113.57933
256 0.63779275 -0.10213561 0.76340601 119.383 0.13003219 0.99121974 0.023978391 -1.6623008 -0.7591522 0.083974115 0.64547372 113.95856
257 0.64660288 -0.10292126 0.7558518 119.81321 0.13113855 0.99110247 0.022770263 -1.6554276 -0.75147018 0.084397999 0.6543467 114.33921
258 0.65482264 -0.1049439 0.74846115 120.22284 0.13351692 0.99079982 0.022110018 -1.6453525 -0.74389553 0.085454095 0.66280999 114.70617
259 0.66225655 -0.10736881 0.74154448 120.64878 0.13627141 0.9904337 0.021704771 -1.6336686 -0.7367811 0.086677191 0.67055254 115.09341
260 0.66980778 -0.10984803 0.73436432 121.08709 0.13904422 0.99005759 0.021274149 -1.6218076 -0.72939994 0.087859527 0.67842205 115.50064
261 0.67689477 -0.11224016 0.72747208 121.53011 0.14163243 0.98969834 0.020913037 -1.6108912 -0.72232524 0.088877716 0.68581852 115.92128
262 0.68401747 -0.11366797 0.72055513 121.97111 0.1432223 0.98948572 0.020132092 -1.6037735 -0.71526743 0.089428864 0.69310535 116.35161
263 0.69233274 -0.11432381 0.71246435 122.41113 0.14404031 0.98939336 0.018790266 -1.6004353 -0.70705572 0.089614476 0.7014567 116.79566
264 0.70037876 -0.11491329 0.70446046 122.86392 0.14475104 0.98931388 0.017466938 -1.5982098 -0.69893974 0.089737916 0.70952829 117.26299
265 0.70788797 -0.11543209 0.69682857 123.31891 0.14536277 0.98924571 0.016202185 -1.5970705 -0.69120497 0.089823604 0.71705471 117.74218
266 0.71517236 -0.11602079 0.68925153 123.7801 0.14601291 0.98916889 0.015001425 -1.5965009 -0.68352669 0.089911027 0.72436683 118.23756
267 0.72184633 -0.11758633 0.68199072 124.2626 0.14760529 0.98894323 0.014278602 -1.5927585 -0.67612911 0.090358485 0.73122145 118.76183
268 0.72854086 -0.11878357 0.67462485 124.74594 0.14882906 0.98877246 0.013373158 -1.5912374 -0.66863902 0.090660898 0.73803964 119.29919
269 0.73429646 -0.12072088 0.66800837 125.23603 0.15073383 0.98848957 0.012945969 -1.5867523 -0.66188219 0.091185287 0.74404116 119.84912
270 0.73967302 -0.12222795 0.66177349 125.73991 0.15219541 0.98827233 0.012420651 -1.5844581 -0.65553062 0.091531674 0.74960096 120.42495
271 0.74458427 -0.12340336 0.65602277 126.24114 0.15331465 0.98810621 0.011859265 -1.5840995 -0.64968369 0.091747683 0.75464794 121.00727
272 0.75007325 -0.12443098 0.64954373 126.73419 0.1543018 0.98796161 0.011077592 -1.5851068 -0.6431027 0.091916766 0.76024356 121.59201
273 0.75508173 -0.1256047 0.64348663 127.23332 0.15542144 0.98779308 0.010436201 -1.5860696 -0.63694251 0.092131443 0.76538623 122.19178
274 0.75964153 -0.12706396 0.63780836 127.74706 0.156795 0.9875805 0.0099997086 -1.5861913 -0.63115774 0.092408973 0.7701302 122.81613
275 0.76324989 -0.12890303 0.63311422 128.28334 0.15850208 0.98730861 0.0099356087 -1.5842985 -0.62635989 0.092766573 0.77399464 123.47127
276 0.7661274 -0.13065576 0.62926774 128.82984 0.16011082 0.98704825 0.010008854 -1.582895 -0.62242538 0.093084525 0.77712416 124.14417
277 0.76862482 -0.13254834 0.62581693 129.39408 0.16183563 0.98676464 0.010231631 -1.5804009 -0.61889024 0.093415198 0.77990289 124.84319
278 0.77072939 -0.13414095 0.62288235 129.96676 0.16328958 0.98652327 0.010405003 -1.5793473 -0.6158837 0.093690761 0.78224635 125.5579
279 0.77266909 -0.13596244 0.62007797 130.54223 0.16494313 0.9862448 0.010717669 -1.5767024 -0.61300592 0.093996396 0.784467 126.27989
280 0.77452023 -0.1376262 0.61739569 131.11832 0.16644919 0.98598884 0.010981006 -1.5746923 -0.61025658 0.09426001 0.78657613 127.00819
281 0.7761537 -0.1390152 0.61502863 131.70898 0.16769872 0.98577482 0.011182743 -1.5739102 -0.60783435 0.094459993 0.78842549 127.75966
282 0.77789142 -0.14060282 0.61246697 132.29781 0.16912062 0.98552884 0.011446575 -1.5717028 -0.60521332 0.094676609 0.79041332 128.51341
283 0.77961795 -0.14206176 0.60992977 132.88525 0.17040935 0.98530417 0.011673228 -1.5700185 -0.6026247 0.094837086 0.79236951 129.27129
