3 0.99999557 0.00049149792 -0.0029343536 -0.010710751 -0.00049141054 0.99999988 3.0501665e-05 -0.02240008 0.0029343682 -2.9059558e-05 0.99999569 1.081861
4 0.9999997 9.8345556e-05 -0.00076519804 -0.0026529017 -9.8231766e-05 0.99999998 0.00014874334 -0.019925786 0.00076521265 -0.00014866813 0.9999997 1.0563831
5 0.99999969 7.2279699e-05 -0.00078646458 -0.0026702407 -7.2165923e-05 0.99999999 0.00014469435 -0.019691183 0.00078647503 -0.00014463755 0.99999968 1.0432242
6 0.99999964 9.5951539e-05 -0.00083855469 -0.002773439 -9.5814868e-05 0.99999998 0.00016302182 -0.019361069 0.00083857031 -0.00016294141 0.99999964 1.0397944
7 0.99999967 4.298106e-05 -0.00081589063 -0.0023550795 -4.2846255e-05 0.99999999 0.00016524067 -0.019079366 0.00081589772 -0.00016520566 0.99999965 1.0345798
8 0.99999966 0.00014768382 -0.00081374223 -0.0030817907 -0.00014758612 0.99999998 0.00012011673 -0.019938258 0.00081375996 -0.00011999659 0.99999966 1.039284
9 0.99999948 -4.2549019e-05 -0.0010166577 -0.0025331569 4.2755355e-05 0.99999998 0.00020293447 -0.018735662 0.0010166491 -0.00020297784 0.99999946 1.0417946
10 0.99999967 9.1632313e-05 -0.00080231643 -0.0031808051 -9.1543422e-05 0.99999999 0.00011082875 -0.019553599 0.00080232658 -0.00011075527 0.99999967 1.012132
11 0.99999962 0.00035994024 -0.00079729125 -0.0045103943 -0.00035993649 0.99999994 4.8502337e-06 -0.020812367 0.00079729295 -4.5632577e-06 0.99999968 1.0001516
12 0.99999984 0.00020191589 0.00053537045 -0.0022550641 -0.00020194309 0.99999998 5.0749858e-05 -0.020132086 -0.0005353602 -5.0857964e-05 0.99999986 0.96634837
13 0.99999993 0.0003464091 -0.00016757706 -0.0032220741 -0.00034640925 0.99999994 -9.0262294e-07 -0.0200555 0.00016757673 9.6067311e-07 0.99999999 0.96083263
14 0.99999997 0.00020279487 0.00011388907 -0.0021467625 -0.00020280053 0.99999998 4.9732297e-05 -0.019517241 -0.00011387899 -4.9755392e-05 0.99999999 0.9625819
15 0.99999996 6.5849867e-05 0.00026222536 -0.0013832939 -6.5872758e-05 0.99999999 8.7286469e-05 -0.019067844 -0.00026221961 -8.7303739e-05 0.99999996 0.96315628
16 0.9999999 0.00024863945 -0.00037503435 -0.0028511402 -0.00024863145 0.99999997 2.1368929e-05 -0.019715161 0.00037503965 -2.1275681e-05 0.99999993 0.97189057
17 0.99999994 0.00020076126 -0.00029811304 -0.002865022 -0.0002007536 0.99999998 2.5696781e-05 -0.01989724 0.0002981182 -2.5636932e-05 0.99999996 0.97511754
18 0.99999978 0.00016389154 -0.00064327877 -0.0033490573 -0.00016386629 0.99999999 3.9312127e-05 -0.01952228 0.00064328521 -3.9206707e-05 0.99999979 0.97227929
19 0.99999968 0.00025418547 -0.00075946729 -0.003746846 -0.00025415729 0.99999997 3.7196615e-05 -0.019842646 0.00075947672 -3.7003579e-05 0.99999971 0.98128199
20 0.99999976 0.00012161245 -0.0006876703 -0.0027768017 -0.00012155095 0.99999999 8.9475061e-05 -0.018964634 0.00068768118 -8.9391452e-05 0.99999976 0.982817
21 1 5.0811195e-05 -7.7886014e-05 -0.0019054205 -5.0802144e-05 0.99999999 0.00011619756 -0.019551887 7.7891918e-05 -0.0001161936 0.99999999 1.0002837
22 0.99999982 0.00012251294 -0.0005942752 -0.0028008844 -0.00012242568 0.99999998 0.00014686627 -0.019476657 0.00059429318 -0.00014679349 0.99999981 1.0156671
23 0.99999982 0.00015560511 -0.00057239232 -0.0022310714 -0.00015554023 0.99999998 0.00011339318 -0.019269619 0.00057240996 -0.00011330413 0.99999983 1.0136227
24 0.99999983 -5.4273986e-05 -0.00057483101 -0.0022175792 5.4359972e-05 0.99999999 0.00014956952 -0.019191131 0.00057482288 -0.00014960074 0.99999982 1.0105483
25 0.99999952 -3.631985e-05 -0.00097681864 -0.0025968011 3.6496761e-05 0.99999998 0.00018109228 -0.018220764 0.00097681205 -0.00018112784 0.99999951 1.0055232
26 0.9999997 -5.2532726e-05 -0.0007693466 -0.0018709511 5.2684646e-05 0.99999998 0.00019744775 -0.017838737 0.00076933621 -0.00019748822 0.99999968 0.99966232
27 0.99999984 -0.00010067968 -0.00056147765 -0.0017490783 0.00010080001 0.99999997 0.00021429091 -0.01803621 0.00056145606 -0.00021434747 0.99999982 0.9885563
28 0.99999981 -0.00010672044 -0.00060476491 -0.0018283332 0.00010684604 0.99999997 0.00020765505 -0.017784891 0.00060474273 -0.00020771963 0.9999998 0.97609228
29 0.99999964 1.5477592e-05 -0.00085203772 -0.0023730331 -1.536519e-05 0.99999999 0.00013192704 -0.01746127 0.00085203975 -0.0001319139 0.99999963 0.95122422
30 0.99999983 6.2184177e-05 -0.00057202953 -0.0022761385 -6.2127804e-05 0.99999999 9.8566504e-05 -0.017555205 0.00057203566 -9.8530949e-05 0.99999983 0.93064627
31 0.99999992 2.8605653e-05 -0.00040482178 -0.0019169434 -2.8567004e-05 1 9.5475652e-05 -0.01736936 0.00040482451 -9.5464079e-05 0.99999991 0.92005762
32 0.99999984 9.0948136e-05 -0.0005570042 -0.0022007449 -9.0904293e-05 0.99999999 7.8737846e-05 -0.017460045 0.00055701136 -7.86872e-05 0.99999984 0.92123008
33 0.99999976 0.00014313459 -0.00067083553 -0.0025344773 -0.00014309872 0.99999999 5.3517784e-05 -0.017602314 0.00067084318 -5.3421776e-05 0.99999977 0.91838554
34 0.99999982 0.00011144153 -0.00059202788 -0.0024521843 -0.00011140554 0.99999999 6.0820693e-05 -0.017345633 0.00059203465 -6.0754727e-05 0.99999982 0.90709696
35 0.99999971 0.00018064876 -0.00073898949 -0.0033631566 -0.00018064455 0.99999998 5.7685389e-06 -0.017166925 0.00073899052 -5.6350428e-06 0.99999973 0.87017477
36 0.99999978 0.00017856039 -0.0006341327 -0.0027327465 -0.00017854938 0.99999998 1.7428353e-05 -0.016512708 0.0006341358 -1.7315125e-05 0.9999998 0.85566967
37 0.99999898 0.00024307468 -0.0014074023 -0.0047745392 -0.00024312085 0.99999997 -3.2635871e-05 -0.017019365 0.0014073944 3.2978006e-05 0.99999901 0.85404952
38 0.99999913 5.1291074e-05 -0.0013205278 -0.0035632141 -5.1187763e-05 1 7.8268565e-05 -0.015870336 0.0013205318 -7.8200902e-05 0.99999913 0.8614861
39 0.9999995 -6.6569531e-05 -0.00099930924 -0.0021875235 6.6702973e-05 0.99999999 0.0001335012 -0.015472245 0.00099930035 -0.00013356779 0.99999949 0.87628954
40 0.99999931 0.00012041953 -0.0011723561 -0.0029210627 -0.00012033397 0.99999999 7.3051563e-05 -0.016266763 0.0011723649 -7.2910438e-05 0.99999931 0.8862692
41 0.99999923 7.2501015e-05 -0.0012380521 -0.0028522114 -7.2390812e-05 0.99999999 8.9058491e-05 -0.016074003 0.0012380586 -8.8968799e-05 0.99999923 0.88567816
42 0.99999891 -6.626988e-05 -0.0014766892 -0.0029168676 6.6467739e-05 0.99999999 0.00013393996 -0.015495234 0.0014766803 -0.00013403797 0.9999989 0.88680147
43 0.99999937 -0.00019249215 -0.0011039432 -0.0022337895 0.00019267624 0.99999997 0.00016665279 -0.015178725 0.0011039111 -0.00016686539 0.99999938 0.87717622
44 0.99999963 -4.6810284e-05 -0.00085360455 -0.0024342655 4.6894069e-05 0.99999999 9.8134019e-05 -0.015658661 0.00085359995 -9.8174012e-05 0.99999963 0.85952146
45 0.99999946 0.000353563 -0.00097378889 -0.0039340893 -0.000353624 0.99999994 -6.2467764e-05 -0.016379318 0.00097376674 6.2812086e-05 0.99999952 0.82061435
46 0.99999966 0.00031698711 -0.00075665796 -0.003656267 -0.00031704894 0.99999995 -8.1591204e-05 -0.016150536 0.00075663206 8.1831074e-05 0.99999971 0.80008355
47 0.99999958 0.00031557934 -0.0008630316 -0.003627022 -0.0003156527 0.99999995 -8.4866704e-05 -0.015879714 0.00086300478 8.5139086e-05 0.99999962 0.79442091
48 0.99999939 0.00024954348 -0.0010719068 -0.0036717198 -0.00024955906 0.99999997 -1.4404813e-05 -0.015616327 0.0010719031 1.4672308e-05 0.99999943 0.8147604
49 0.99999968 -0.00035724297 -0.00071690831 -0.00084224881 0.00035740381 0.99999991 0.00022423864 -0.013309188 0.00071682814 -0.00022449479 0.99999972 0.83206961
50 0.99999963 -0.00061544368 -0.0006037325 0.0005462276 0.00061563997 0.99999976 0.00032499792 -0.012228217 0.00060353234 -0.00032536948 0.99999976 0.83945378
51 0.99999979 -0.00052289038 -0.00037111708 0.00041543178 0.00052300302 0.99999982 0.00030348977 -0.011991529 0.00037095832 -0.00030368381 0.99999989 0.80893897
52 0.99999999 9.7928432e-05 0.00012265146 -0.001736186 -9.7928702e-05 1 2.1950288e-06 -0.014157874 -0.00012265124 -2.2070399e-06 0.99999999 0.7528395
53 0.99999998 0.00010935126 0.00013935402 -0.0013739921 -0.00010934392 0.99999999 -5.2663033e-05 -0.013834266 -0.00013935977 5.2647794e-05 0.99999999 0.73164664
54 0.99999993 0.00033620682 0.0001810352 -0.0018070555 -0.00033617143 0.99999992 -0.00019550366 -0.014530376 -0.00018110092 0.00019544278 0.99999996 0.71636335
55 0.99999966 0.00082622084 -5.1772165e-05 -0.0044829132 -0.0008262434 0.99999956 -0.00043736879 -0.015772169 5.1410779e-05 0.00043741142 0.9999999 0.67279068
56 0.99999962 0.00082881774 0.00028675675 -0.004425412 -0.00082867499 0.99999953 -0.00049757985 -0.015238198 -0.00028716902 0.00049734203 0.99999984 0.63804672
57 0.99999975 0.00048639548 0.00052025549 -0.0016081494 -0.00048619133 0.9999998 -0.00039246072 -0.013190082 -0.00052044628 0.00039220768 0.99999979 0.62934064
58 0.9999996 -0.00014120247 0.00088357591 0.0014869032 0.00014131887 0.99999998 -0.00013167392 -0.01040817 -0.0008835573 0.00013179873 0.9999996 0.62070976
59 0.99999974 -0.00015067786 0.0007108262 0.0015957926 0.00015076209 0.99999998 -0.00011844188 -0.0099392104 -0.00071080835 0.00011854901 0.99999974 0.6158942
60 0.99999905 0.00038940832 0.0013237959 0.0010312793 -0.0003890184 0.99999988 -0.00029478965 -0.0094313951 -0.0013239106 0.00029427438 0.99999908 0.55855876
61 0.99999768 -0.00098902168 0.0019150881 0.0051637779 0.00098877805 0.9999995 0.0001281601 -0.0052440404 -0.0019152139 -0.0001262662 0.99999816 0.52479706
62 0.99999829 0.00031716622 0.0018205244 0.0018326245 -0.00031630928 0.99999984 -0.00047097669 -0.0073227676 -0.0018206735 0.00047040004 0.99999823 0.46478123
63 0.99999569 -6.8401441e-05 0.0029362059 0.0029586883 6.94062e-05 0.99999994 -0.00034209585 -0.0067661896 -0.0029361823 0.00034229816 0.99999563 0.42272719
64 0.99999655 0.0020391013 0.0016582039 -0.0015431245 -0.0020368706 0.99999702 -0.0013458165 -0.0092406341 -0.0016609432 0.0013424343 0.99999772 0.37587763
65 0.99999671 0.001296149 0.0022126556 0.00037192308 -0.0012956602 0.99999914 -0.00022232537 -0.0057629662 -0.0022129419 0.00021945779 0.99999753 0.28412294
66 0.99998809 -0.0021606474 0.0043765583 0.0065436588 0.0021546974 0.99999675 0.0013637656 -0.0025622826 -0.0043794906 -0.0013543192 0.99998949 0.31925625
67 0.99999818 0.0014559769 0.0012346609 0.00055266686 -0.0014560233 0.99999894 3.673817e-05 -0.0064116086 -0.0012346061 -3.8535799e-05 0.99999924 0.26599781
68 0.99998873 -0.00082777938 0.0046740508 0.0059269544 0.00082655924 0.99999962 0.00026297158 -0.0043890497 -0.0046742667 -0.00025910524 0.99998904 0.32125723
69 0.9999828 0.00070189179 0.0058235886 0.0049174783 -0.00069768421 0.99999949 -0.00072450673 -0.0060428856 -0.0058240942 0.00072043124 0.99998278 0.34085982
70 0.99998396 0.002391461 0.0051335751 0.0021596742 -0.0023874261 0.99999684 -0.00079197388 -0.0069442231 -0.0051354529 0.00077970514 0.99998651 0.27690284
71 0.99995978 0.00099426369 0.0089134278 0.0067738976 -0.00099344359 0.9999995 -9.64348e-05 -0.0045797791 -0.0089135193 8.7575933e-05 0.99996027 0.26990494
72 0.99996849 0.0014798014 0.0077991476 0.0055523873 -0.0014747897 0.9999987 -0.0006483196 -0.0039762894 -0.0078000968 0.00063679707 0.99996938 0.24752474
73 0.99994775 0.00056396322 0.010206409 0.0078228523 -0.00055937497 0.99999974 -0.00045239453 -0.0029181402 -0.010206661 0.00044666169 0.99994781 0.25454429
74 0.99995426 0.00047735055 0.0095525144 0.0074219451 -0.00047512858 0.99999986 -0.00023487421 -0.0031289242 -0.0095526251 0.0002303248 0.99995435 0.25559769
75 0.99996146 -0.00069304872 0.0087516119 0.007969415 0.00069227459 0.99999976 9.1485203e-05 -0.0012517361 -0.0087516732 -8.5423159e-05 0.9999617 0.23991895
76 0.99990873 -0.0017542174 0.013396268 0.011364029 0.0017522401 0.99999845 0.00015934145 -0.00091557817 -0.013396526 -0.00013585343 0.99991025 0.24348165
77 0.99983858 -0.00013896702 0.01796651 0.015236076 0.00015505527 0.99999959 -0.0008940678 -0.0032694174 -0.017966378 0.00089670928 0.99983819 0.26970164
78 0.9997364 -0.00031902986 0.0229571 0.02235439 0.0003352038 0.9999997 -0.00070068387 -0.0032867902 -0.022956869 0.00070819448 0.99973621 0.32771539
79 0.99967896 -0.00028275685 0.025335686 0.026293708 0.00029734891 0.99999979 -0.00057218318 -0.0028566362 -0.025335519 0.00057953303 0.99967884 0.36514084
80 0.99961644 -0.0024773467 0.027583303 0.033562164 0.0024640805 0.99999683 0.00051493065 0.0003172731 -0.027584492 -0.00044676566 0.99961938 0.40482095
81 0.99962122 -0.0019103855 0.027454793 0.034461695 0.0019020736 0.99999814 0.0003288623 -0.0015937279 -0.02745537 -0.00027651669 0.99962299 0.43915722
82 0.99951125 -0.0015480811 0.031222955 0.038280253 0.0015314904 0.99999867 0.00055527133 -0.0026335234 -0.031223773 -0.00050718228 0.99951229 0.45118658
83 0.99940939 0.00042117516 0.034361352 0.03855923 -0.00040842278 0.99999985 -0.00037814382 -0.0050182604 -0.034361506 0.00036388653 0.9994094 0.44101794
84 0.99920628 -0.00047547158 0.039832041 0.044397378 0.0004814792 0.99999987 -0.00014123081 -0.0025953486 -0.039831969 0.00016029701 0.99920638 0.4092855
85 0.99908856 -0.00031371504 0.042684418 0.047086421 0.00031713697 0.99999995 -7.3396491e-05 -0.0030626419 -0.042684392 8.6866401e-05 0.9990886 0.40690043
86 0.99917556 -0.00024011086 0.040597419 0.045097214 0.00024768438 0.99999995 -0.00018152204 -0.0019566344 -0.040597373 0.00019142773 0.99917557 0.40602173
87 0.9990988 -0.00011520841 0.042444992 0.047395988 0.00012435848 0.99999997 -0.00021293462 -0.001409886 -0.042444967 0.00021802111 0.99909878 0.41680723
88 0.99902129 0.00020756032 0.04423133 0.048612001 -0.00022865679 0.99999986 0.00047189888 -0.0033545436 -0.044231226 -0.00048155083 0.9990212 0.45329018
89 0.99899507 0.0019677951 0.044776968 0.04639454 -0.0019736109 0.99999805 8.5674676e-05 -0.0066922344 -0.044776712 -0.00017396089 0.998997 0.4622788
90 0.9989457 0.0016260374 0.045878685 0.048669611 -0.0016408551 0.99999861 0.00028531787 -0.0067497103 -0.045878157 -0.00036029733 0.99894698 0.46903072
91 0.99869413 0.0010175616 0.051078301 0.054346838 -0.0010455353 0.99999932 0.00052094791 -0.0068583135 -0.051077736 -0.00057367179 0.99869452 0.45819159
92 0.99883827 -0.00071906102 0.048182829 0.053375794 0.00069267314 0.9999996 0.00056435633 -0.0037149128 -0.048183215 -0.00053032575 0.99883837 0.43414868
93 0.99898324 0.0016493888 0.045053007 0.04655439 -0.0015938256 0.99999792 -0.0012691791 -0.01141056 -0.045055006 0.001196082 0.99898379 0.44096171
94 0.99865803 0.00209885 0.051746838 0.051938052 -0.0020172889 0.99999664 -0.0016283349 -0.015489068 -0.051750081 0.0015217614 0.99865891 0.44925846
95 0.99871535 0.002536383 0.050608404 0.050296607 -0.002516037 0.99999673 -0.00046573204 -0.013610958 -0.050609419 0.00033780113 0.99871847 0.48030137
96 0.99882145 0.002297203 0.048481317 0.048895495 -0.0023206021 0.99999722 0.00042635999 -0.010038635 -0.048480203 -0.00053836335 0.998824 0.51086525
97 0.99882942 0.0014925688 0.048348351 0.049429107 -0.0015106354 0.9999988 0.00033713833 -0.0089086971 -0.04834779 -0.00040978041 0.99883048 0.49769299
98 0.99889303 0.0013185274 0.047021118 0.048665813 -0.0013334431 0.99999907 0.00028584665 -0.0061151839 -0.047020697 -0.00034823021 0.99889385 0.50094826
99 0.99870472 0.0024763255 0.050820839 0.050101783 -0.0024678835 0.99999693 -0.00022886184 -0.008632804 -0.05082125 0.00010314549 0.99870776 0.5023391
100 0.99852976 0.00087342539 0.054199153 0.057443949 -0.0008649993 0.99999961 -0.00017892338 -0.015868588 -0.054199288 0.00013177809 0.99853013 0.52502979
101 0.99885033 -2.5983027e-05 0.047937573 0.053567528 -3.2173827e-05 0.99999926 0.0012124069 -0.01003904 -0.04793757 -0.0012125554 0.9988496 0.54579468
102 0.99891082 -0.0015975692 0.046632928 0.054908243 0.0015319668 0.99999779 0.0014424883 -0.010950924 -0.046635129 -0.001369477 0.99891105 0.53303827
103 0.99918257 -0.0022813418 0.040360822 0.048064273 0.0022598305 0.99999728 0.00057858931 -0.0042893886 -0.040362032 -0.00048690774 0.999185 0.52784785
104 0.99918666 -0.0006396328 0.040318861 0.044505278 0.00062280068 0.99999971 0.0004300341 -0.0091913856 -0.040319125 -0.00040457372 0.99918677 0.5362363
105 0.99928984 -0.0014999375 0.037650699 0.042661986 0.0014838321 0.9999988 0.00045569687 -0.0067559311 -0.037651337 -0.00039950594 0.99929086 0.54196467
106 0.99953236 -5.6754049e-05 0.030578826 0.03366995 5.5963616e-05 1 2.6704876e-05 -0.0086427505 -0.030578828 -2.4981086e-05 0.99953236 0.56766061
107 0.99969952 -0.00055634647 0.024506226 0.028067995 0.00055255495 0.99999983 0.00016148788 -0.008896193 -0.024506312 -0.00014789832 0.99969966 0.60487665
108 0.99973572 -0.00057786654 0.022981678 0.027833916 0.00057284782 0.99999981 0.00022496211 -0.0077675292 -0.022981803 -0.00021173766 0.99973586 0.60463028
109 0.99986977 -0.00052081797 0.016129538 0.02064239 0.00051991991 0.99999986 5.9871583e-05 -0.0085219289 -0.016129567 -5.1477718e-05 0.99986991 0.61592438
110 0.99993877 0.0003284449 0.011061114 0.013111811 -0.00032715668 0.99999994 -0.00011827265 -0.010583228 -0.011061152 0.00011464669 0.99993882 0.62514089
111 0.99997094 -0.00042989288 0.0076113032 0.011727827 0.00042799263 0.99999988 0.00025128807 -0.0089380235 -0.0076114103 -0.00024802319 0.999971 0.66125996
112 0.99998939 -0.00041140218 0.0045881113 0.0075450026 0.00041032672 0.99999989 0.00023534083 -0.0099566797 -0.0045882076 -0.00023345571 0.99998945 0.69613593
113 0.99999801 -0.00071569825 0.0018645564 0.0051226598 0.00071514004 0.9999997 0.00030002687 -0.0094823903 -0.0018647706 -0.00029869285 0.99999822 0.72129361
114 0.99999972 -0.00033135145 0.00067241911 0.0019795757 0.00033122069 0.99999993 0.0001945712 -0.011738266 -0.00067248353 -0.00019434843 0.99999975 0.76351293
115 0.99999929 -0.0010850384 -0.00049738861 0.0029144392 0.0010852813 0.99999929 0.00048831263 -0.0092274399 0.00049685842 -0.00048885209 0.99999976 0.79909127
116 0.9999995 -0.00058669807 -0.00081323392 0.00049615 0.00058695562 0.99999978 0.00031649285 -0.011519017 0.00081304805 -0.00031697002 0.99999962 0.81389754
117 0.99999949 -0.00071665076 -0.00071094808 0.0012885556 0.00071690075 0.99999968 0.00035142871 -0.011223209 0.000710696 -0.00035193821 0.99999969 0.81882066
118 0.99999914 -0.00059783841 -0.0011698297 0.00036326068 0.00059820129 0.99999977 0.00030986833 -0.011444116 0.0011696442 -0.00031056786 0.99999927 0.81890716
119 0.9999975 -0.00052325579 -0.0021732734 -0.0021378256 0.00052390672 0.99999982 0.00029896009 -0.011640685 0.0021731165 -0.00030009794 0.99999759 0.8154219
120 0.99999511 -0.00097825107 -0.0029716908 -0.00170066 0.00097968409 0.9999994 0.00048080647 -0.0097560024 0.0029712187 -0.00048371544 0.99999547 0.83977291
121 0.99999411 -0.0011199634 -0.0032444045 -0.0016959264 0.0011217472 0.99999922 0.00054805083 -0.0090686034 0.0032437881 -0.00055168701 0.99999459 0.85089106
122 0.99999494 -0.0014855212 -0.0028134643 0.00064266108 0.001487699 0.9999986 0.00077215666 -0.0072748239 0.0028123133 -0.00077633834 0.99999574 0.88218401
123 0.99999591 -0.0010594932 -0.0026548019 -0.00078204833 0.0010610615 0.99999926 0.00058940776 -0.0098622546 0.0026541755 -0.00059222226 0.9999963 0.90837035
124 0.9999963 -0.00090709834 -0.0025662456 -0.0012781827 0.00090848648 0.99999944 0.00053981119 -0.010582554 0.0025657545 -0.00054214059 0.99999656 0.90347187
125 0.99999873 -0.00076541401 -0.0013981021 0.00014320726 0.00076602416 0.99999961 0.00043592868 -0.011905821 0.0013977679 -0.0004369991 0.99999893 0.88965812
126 0.99999913 -0.00029144814 -0.0012901524 -0.0013975185 0.00029175099 0.99999993 0.00023455999 -0.01354579 0.0012900839 -0.00023493618 0.99999914 0.85655646
127 0.9999976 -2.9170037e-05 -0.0021909643 -0.0043067148 2.9486085e-05 0.99999999 0.00014421819 -0.014501536 0.00219096 -0.00014428245 0.99999759 0.84968637
128 0.9999956 -0.00045687292 -0.0029325058 -0.0042558835 0.00045782897 0.99999984 0.00032535729 -0.012613217 0.0029323567 -0.00032669844 0.99999565 0.86342362
129 0.99999875 -0.00037264983 -0.0015346449 -0.0025847314 0.00037305006 0.9999999 0.00026052192 -0.014273146 0.0015345476 -0.0002610941 0.99999879 0.88238838
130 0.99999941 -0.00044688424 -0.00098777255 -0.00090799204 0.0004471735 0.99999986 0.00029263432 -0.013595951 0.00098764164 -0.00029307585 0.99999947 0.87036926
131 0.99999952 0.00015006611 -0.00096367032 -0.0027171352 -0.00015004144 0.99999999 2.5672939e-05 -0.015323712 0.00096367416 -2.5528336e-05 0.99999954 0.82700385
132 0.99999889 3.6288622e-05 -0.0014867193 -0.0033110677 -3.6154929e-05 1 8.9952051e-05 -0.014853821 0.0014867226 -8.9898199e-05 0.99999889 0.83536644
133 0.99999896 4.0052088e-05 -0.001440353 -0.0037438231 -3.9986753e-05 1 4.538971e-05 -0.014849701 0.0014403549 -4.5332068e-05 0.99999896 0.81435183
134 0.99999922 -0.00015505118 -0.0012412893 -0.0031066122 0.00015520326 0.99999998 0.00012241836 -0.014750009 0.0012412703 -0.00012261091 0.99999922 0.83077862
135 0.99999935 -0.00016342411 -0.0011256059 -0.0027761705 0.00016357183 0.99999998 0.00013114745 -0.014459033 0.0011255845 -0.00013133148 0.99999936 0.8215539
136 0.99999814 7.7938847e-05 -0.0019266052 -0.0043476509 -7.7820674e-05 1 6.1412579e-05 -0.014722313 0.00192661 -6.1262535e-05 0.99999814 0.81816689
137 0.99999734 -0.00011022976 -0.0023036901 -0.0040480311 0.00011064752 0.99999998 0.00018121838 -0.013942415 0.0023036701 -0.00018147279 0.99999733 0.84767603
138 0.9999959 -0.0005511679 -0.0028094692 -0.003577829 0.0005521508 0.99999979 0.00034909169 -0.012335305 0.0028092762 -0.00035064151 0.99999599 0.8660512
139 0.99999651 -0.00060595385 -0.0025720587 -0.0027818686 0.00060692399 0.99999974 0.00037642051 -0.012179776 0.00257183 -0.00037798024 0.99999662 0.876354
140 0.99999556 -0.00050970666 -0.002935856 -0.0037283142 0.00051072663 0.99999981 0.00034667954 -0.012228946 0.0029356788 -0.00034817742 0.99999563 0.86831966
141 0.99999518 -0.0010881087 -0.0029073297 -0.0017889968 0.001089897 0.99999922 0.00061355946 -0.0095296797 0.0029066598 -0.0006167252 0.99999559 0.87312399
142 0.99999675 -0.0010193382 -0.0023360352 -0.00071767628 0.001020582 0.99999934 0.00053132206 -0.0103468 0.0023354921 -0.00053370445 0.99999713 0.87998092
143 0.9999962 -0.0010872607 -0.0025332769 -0.00067799413 0.0010887208 0.99999924 0.00057506126 -0.0095468589 0.0025326498 -0.00057781711 0.99999663 0.86737187
144 0.99999583 -0.00099986306 -0.0027107928 -0.0012138011 0.0010013355 0.99999935 0.00054185565 -0.0097223315 0.0027102492 -0.0005445678 0.99999618 0.86174346
145 0.9999965 -0.0007397116 -0.0025387194 -0.0018893147 0.00074076275 0.99999964 0.00041313472 -0.011251194 0.0025384129 -0.00041501387 0.99999669 0.86498411
146 0.9999969 -0.00095533029 -0.0022998629 -0.00089821204 0.00095654423 0.9999994 0.00052679102 -0.010196754 0.0022993583 -0.0005289893 0.99999722 0.86338781
147 0.99999715 -0.00080515842 -0.0022465057 -0.00097054583 0.00080614003 0.99999958 0.00043607865 -0.010877798 0.0022461536 -0.0004378884 0.99999738 0.86124329
148 0.99999721 -0.00064572365 -0.0022717622 -0.001994753 0.00064659252 0.99999972 0.00038175327 -0.011625343 0.002271515 -0.00038322111 0.99999735 0.85254306
149 0.99999693 -0.00094634585 -0.0022913679 -0.00084896985 0.000947594 0.9999994 0.00054369406 -0.010167449 0.002290852 -0.00054586368 0.99999723 0.86907438
150 0.999997 -0.000833878 -0.0023044911 -0.0014916178 0.00083503663 0.99999953 0.00050185183 -0.011120047 0.0023040715 -0.00050377465 0.99999722 0.88791107
151 0.99999721 -0.00085353427 -0.0022024544 -0.00077396845 0.00085462892 0.99999951 0.00049612152 -0.01140397 0.0022020299 -0.00049800242 0.99999745 0.91786591
152 0.99999804 -0.00061300907 -0.0018824408 -0.0011831055 0.00061374512 0.99999974 0.00039045613 -0.012924181 0.001882201 -0.0003916107 0.99999815 0.92283689
153 0.99999692 -0.00058709362 -0.0024105613 -0.0024282844 0.00058809943 0.99999974 0.00041656639 -0.012490075 0.0024103161 -0.00041798276 0.99999701 0.91146849
154 0.99999747 -0.000403442 -0.002211854 -0.0028710785 0.00040413488 0.99999987 0.00031281783 -0.013822946 0.0022117275 -0.00031371093 0.9999975 0.91576065
155 0.999998 -0.00049634562 -0.0019388065 -0.0021887018 0.00049698747 0.99999982 0.00033058684 -0.013887532 0.0019386421 -0.00033154974 0.99999807 0.9233561
156 0.99999782 -0.00054060912 -0.0020160655 -0.0021939791 0.00054143707 0.99999977 0.00041015457 -0.013023909 0.0020158433 -0.00041124525 0.99999788 0.91665665
157 0.99999757 -0.00051538562 -0.0021436159 -0.0021885344 0.00051617384 0.9999998 0.0003671686 -0.013113278 0.0021434263 -0.00036827418 0.99999764 0.91309638
158 0.99999779 -0.00063885219 -0.0020036977 -0.0020491285 0.00063967702 0.99999971 0.00041104254 -0.013175981 0.0020034345 -0.00041232335 0.99999791 0.92594709
159 0.99999629 -0.0012784465 -0.0024057503 -4.8012681e-05 0.0012802378 0.9999989 0.00074321897 -0.0091550594 0.0024047975 -0.00074629615 0.99999683 0.93048809
160 0.99999664 -0.00093219053 -0.0024168824 -0.0017976741 0.00093354687 0.99999941 0.00056012569 -0.011587723 0.0024163588 -0.00056238008 0.99999692 0.9383969
161 0.99999654 -0.00076967136 -0.0025168359 -0.0025735191 0.00077095039 0.99999957 0.00050726007 -0.012448777 0.0025164444 -0.00050919867 0.9999967 0.94988723
162 0.99999779 -0.00048696264 -0.0020457226 -0.0027866255 0.00048780571 0.9999998 0.00041163383 -0.013984787 0.0020455217 -0.00041263084 0.99999782 0.95511943
163 0.99999792 -0.0004184627 -0.0019985203 -0.00279407 0.00041916821 0.99999985 0.0003526105 -0.014485331 0.0019983725 -0.00035344748 0.99999794 0.95272775
164 0.99999745 -0.00027241464 -0.0022405639 -0.0040421771 0.00027306702 0.99999992 0.00029086833 -0.015457921 0.0022404845 -0.00029147941 0.99999745 0.96036881
165 0.99999794 -0.00054247883 -0.0019571665 -0.0021251336 0.00054326704 0.99999977 0.00040222126 -0.01393645 0.0019569478 -0.00040328369 0.999998 0.95960776
166 0.99999822 -0.00038894158 -0.0018465194 -0.0024759866 0.00038954026 0.99999987 0.00032387181 -0.014774911 0.0018463932 -0.00032459053 0.99999824 0.95404903
167 0.9999977 -0.00040637334 -0.0021075251 -0.0028730964 0.00040710572 0.99999986 0.00034708916 -0.014406346 0.0021073837 -0.00034794634 0.99999772 0.95200182
168 0.99999838 -0.00036961735 -0.001764459 -0.0022409919 0.00037021689 0.99999987 0.00033947238 -0.014856315 0.0017643333 -0.00034012506 0.99999839 0.96639998
169 0.99999906 -0.00038133818 -0.0013196244 -0.0015472621 0.00038178937 0.99999987 0.00034167449 -0.0156838 0.0013194939 -0.00034217798 0.99999907 0.98722381
170 0.99999882 -0.00019390187 -0.0015209955 -0.0027005993 0.00019429419 0.99999995 0.00025779607 -0.016319234 0.0015209455 -0.00025809129 0.99999881 0.97637861
171 0.99999922 -0.00039820333 -0.0011861537 -0.0011598549 0.0003985819 0.99999987 0.0003189388 -0.015245453 0.0011860266 -0.00031941133 0.99999925 0.96661071
172 0.9999996 -0.00024979564 -0.00085743434 -0.0012731525 0.00025000218 0.99999994 0.00024078665 -0.016157497 0.00085737414 -0.00024100091 0.9999996 0.95660108
173 0.9999994 -0.00030101536 -0.001056629 -0.0014081635 0.00030129083 0.99999992 0.00026056081 -0.015610615 0.0010565505 -0.000260879 0.99999941 0.9458659
174 0.99999921 -9.8724908e-05 -0.0012520715 -0.0025815239 9.8971215e-05 0.99999998 0.00019665944 -0.01635437 0.0012520521 -0.0001967832 0.9999992 0.9437939
175 0.99999888 -0.00030983102 -0.0014632693 -0.0021677445 0.00031018238 0.99999992 0.00023989853 -0.015044244 0.0014631948 -0.00024035214 0.9999989 0.9175098
176 0.99999945 -0.00021902737 -0.0010270353 -0.0016760214 0.00021922613 0.99999996 0.00019342236 -0.015210421 0.0010269929 -0.0001936474 0.99999945 0.89695704
177 0.99999907 -0.00012777586 -0.0013561203 -0.0023391715 0.00012800042 0.99999998 0.00016550287 -0.014546157 0.0013560991 -0.0001656763 0.99999907 0.86414298
178 0.99999907 -0.00017136637 -0.0013558673 -0.0023270373 0.00017160066 0.99999997 0.00017268227 -0.014171426 0.0013558377 -0.00017291478 0.99999907 0.84705723
179 0.99999899 -0.00080216238 -0.0011773851 0.00041184976 0.00080266657 0.99999959 0.0004278165 -0.011355357 0.0011770414 -0.00042876111 0.99999922 0.85399998
180 0.99999889 -0.00074518987 -0.0012869355 0.000171596 0.00074570044 0.99999964 0.00039629771 -0.011683946 0.0012866398 -0.00039725694 0.99999909 0.85964928
181 0.99999787 -0.00099876395 -0.0018047169 0.0003135464 0.00099975868 0.99999935 0.00055036067 -0.0099698671 0.0018041661 -0.00055216378 0.99999822 0.86228557
182 0.99999765 -0.00084501833 -0.001996506 -0.00030196429 0.00084593945 0.99999954 0.00046056826 -0.010654353 0.0019961159 -0.0004622561 0.9999979 0.86577947
183 0.99999791 -0.00080484331 -0.0018820252 -0.00030060621 0.00080565222 0.99999958 0.00042909273 -0.011088046 0.0018816791 -0.00043060809 0.99999814 0.86624951
184 0.99999785 -0.0012024324 -0.0016888374 0.0015250056 0.0012034661 0.99999909 0.00061118647 -0.0088402761 0.0016881009 -0.00061321761 0.99999839 0.85135135
185 0.99999812 -0.00088015193 -0.0017272498 0.00033402913 0.00088088108 0.99999952 0.00042142972 -0.010456303 0.0017268781 -0.00042295043 0.99999842 0.8346673
186 0.99999883 -0.00061332067 -0.0014042855 -4.3207124e-05 0.00061375743 0.99999976 0.00031060978 -0.011429558 0.0014040947 -0.00031147131 0.99999897 0.8188712
187 0.99999869 -0.00060901441 -0.0014998099 -0.00014357372 0.0006095164 0.99999976 0.000334271 -0.011081617 0.001499606 -0.00033518472 0.99999882 0.81237228
188 0.99999927 -0.00028689016 -0.0011751357 -0.0009065433 0.00028707358 0.99999995 0.00015591799 -0.012727054 0.0011750909 -0.00015625522 0.9999993 0.79857691
189 0.99999957 -0.000360052 -0.00085240633 -0.00012994086 0.0003602236 0.99999991 0.00020116786 -0.012423967 0.00085233383 -0.00020147483 0.99999962 0.80053352
190 0.99999959 -0.00041428668 -0.00080120387 0.00018725114 0.00041446065 0.99999989 0.00021698701 -0.011890319 0.00080111388 -0.00021731899 0.99999966 0.78681226
191 0.99999969 -7.7294493e-05 -0.00077964616 -0.0010948234 7.7346498e-05 0.99999999 6.6673627e-05 -0.013178227 0.000779641 -6.673391e-05 0.99999969 0.77567703
192 0.99999984 -0.00045959897 -0.00033684761 0.00086975132 0.00045966622 0.99999987 0.00019959316 -0.01178721 0.00033675583 -0.00019974797 0.99999992 0.77219374
193 0.99999996 -0.00027593925 -9.094113e-05 0.0001882101 0.00027595208 0.99999995 0.00014110886 -0.012345036 9.0902188e-05 -0.00014113394 0.99999999 0.7540351
194 0.99999978 2.5358468e-05 -0.0006607809 -0.0013663125 -2.5352513e-05 1 9.0202769e-06 -0.013220281 0.00066078113 -9.0035225e-06 0.99999978 0.74762918
195 0.99999988 -3.2452874e-05 -0.0004930931 -0.0007584277 3.2456235e-05 1 6.8066385e-06 -0.012937985 0.00049309287 -6.8226416e-06 0.99999988 0.74432089
196 0.99999952 -0.00021705753 -0.00095173131 -0.00075563359 0.00021714191 0.99999997 8.8557369e-05 -0.012074664 0.00095171206 -8.8763987e-05 0.99999954 0.74772933
197 0.99999936 -0.00027204202 -0.0010979047 -0.00071557748 0.00027217721 0.99999996 0.00012298747 -0.011138613 0.0010978712 -0.00012328621 0.99999939 0.72648021
198 0.99999786 -0.00064050231 -0.0019664718 -0.0010912571 0.00064099929 0.99999976 0.00025210556 -0.0094388962 0.0019663099 -0.00025336553 0.99999803 0.7133028
199 0.99999846 -0.0011361062 -0.0013399011 0.0018893382 0.0011367127 0.99999925 0.00045198965 -0.0074429845 0.0013393866 -0.00045351204 0.999999 0.71964398
200 0.99999707 -0.00122969 -0.0020834171 0.0010338548 0.0012306674 0.99999913 0.00046789261 -0.0069293049 0.0020828399 -0.00047045523 0.99999772 0.71645577
201 0.99999492 -0.0016939177 -0.0027007578 0.0014022247 0.0016958281 0.99999831 0.00070524921 -0.00496712 0.0026995586 -0.00070982565 0.9999961 0.71730191
202 0.99999273 -0.0013535398 -0.0035660947 -0.0012236485 0.001355431 0.99999894 0.00052795613 -0.0063010222 0.0035653763 -0.00053278589 0.9999935 0.70591822
203 0.99998822 -0.0016699307 -0.0045580532 -0.0015648137 0.0016728998 0.99999839 0.00064764172 -0.0047228589 0.0045569643 -0.00065525926 0.9999894 0.69955732
204 0.99998473 -0.0014678499 -0.0053284671 -0.0034188668 0.0014709193 0.99999875 0.00057215705 -0.0054271381 0.0053276206 -0.00057998606 0.99998564 0.7039326
205 0.99997212 -0.0016328098 -0.0072866607 -0.00654197 0.001637987 0.99999841 0.00070458917 -0.0043324584 0.0072854986 -0.00071650498 0.9999732 0.69492964
206 0.99994892 -0.001672288 -0.0099679838 -0.011624648 0.0016804 0.99999826 0.00080548645 -0.0041805437 0.0099666195 -0.00082219551 0.99994999 0.69814987
207 0.99994708 -0.002573992 -0.0099609659 -0.008869116 0.0025858164 0.99999597 0.0011743817 -0.00064106255 0.0099579029 -0.0012000768 0.9999497 0.73162722
208 0.99993676 -0.003029534 -0.010830398 -0.0086132674 0.0030441299 0.99999448 0.0013314469 0.001458175 0.010826304 -0.0013643318 0.99994046 0.73455349
209 0.99992298 -0.002331857 -0.012190365 -0.013583816 0.0023454413 0.99999664 0.0011001616 -0.0014776926 0.012187759 -0.0011286686 0.99992509 0.71263855
210 0.99993157 -0.0018665808 -0.011549059 -0.013911352 0.0018774408 0.99999781 0.00092957067 -0.0032361198 0.011547298 -0.00095118973 0.99993288 0.69244045
211 0.9999136 -0.002801225 -0.012842952 -0.013459198 0.0028186044 0.99999514 0.0013353215 0.00052816718 0.012839149 -0.0013714054 0.99991663 0.71011239
212 0.999885 -0.0025744565 -0.014944902 -0.017654352 0.0025934037 0.99999586 0.0012485613 -0.00024492817 0.014941626 -0.0012871759 0.99988754 0.70356496
213 0.99988183 -0.0022619983 -0.015205259 -0.019606382 0.0022794991 0.99999676 0.0011337376 -0.0015299773 0.015202646 -0.001168264 0.99988375 0.72429627
214 0.99990699 -0.0015772563 -0.013546972 -0.019126637 0.0015888851 0.99999838 0.00084768227 -0.0044807624 0.013545613 -0.00086912801 0.99990788 0.73979409
215 0.99990469 -0.0026215355 -0.013555019 -0.016469788 0.0026393668 0.99999567 0.0012977538 -0.00034530543 0.013551558 -0.0013334068 0.99990728 0.76963501
216 0.99993001 -0.0026795557 -0.011523387 -0.012950383 0.0026952854 0.99999546 0.0013497155 -0.00020299163 0.011519718 -0.0013806799 0.99993269 0.80913848
217 0.99995866 -0.002536409 -0.0087317376 -0.008215507 0.0025476139 0.99999595 0.0012723523 -0.0013281955 0.008728475 -0.0012945448 0.99996107 0.84578049
218 0.99995918 -0.0023963662 -0.0087114905 -0.0088215026 0.0024069613 0.99999638 0.0012059492 -0.0022229192 0.008708569 -0.0012268682 0.99996133 0.8670025
219 0.99996247 -0.0021079842 -0.0084029007 -0.0094734305 0.0021172725 0.99999716 0.0010966282 -0.0037150143 0.0084005651 -0.0011143783 0.99996409 0.87009802
220 0.99996518 -0.0020780849 -0.0080823017 -0.0087709038 0.0020866745 0.99999727 0.0010544861 -0.003987536 0.0080800883 -0.0010713145 0.99996678 0.86753401
221 0.99996885 -0.001683379 -0.0077107879 -0.0094644096 0.0016903763 0.99999817 0.00090104204 -0.0058250466 0.0077092569 -0.00091404811 0.99996987 0.88408081
222 0.99997707 -0.0019162539 -0.0064958916 -0.0061800619 0.0019228171 0.99999765 0.001004269 -0.0053371421 0.0064939518 -0.0010167364 0.9999784 0.9366308
223 0.99998588 -0.0015249065 -0.005091152 -0.0043034642 0.0015290918 0.9999985 0.00081826742 -0.0077726935 0.0050898966 -0.0008260407 0.99998671 0.95884906
224 0.99999194 -0.0013909765 -0.0037666844 -0.0018748183 0.0013938659 0.99999874 0.00076455821 -0.0083709354 0.0037656161 -0.0007698023 0.99999261 0.9405599
225 0.99999364 -0.00091850309 -0.0034458347 -0.0032398046 0.0009204137 0.99999942 0.00055292311 -0.010747323 0.0034453249 -0.00055609119 0.99999391 0.91789035
226 0.99999452 -0.0010242145 -0.0031471684 -0.0024027785 0.0010260082 0.99999931 0.00056837298 -0.010502025 0.0031465841 -0.00057159889 0.99999489 0.91309832
227 0.99999241 -0.0013449486 -0.00365563 -0.0023396214 0.00134762 0.99999883 0.00072839154 -0.0087298124 0.003654646 -0.00073331242 0.99999305 0.91678186
228 0.99999049 -0.0014672561 -0.0041076695 -0.0027399871 0.0014705315 0.9999986 0.00079448986 -0.0077994734 0.004106498 -0.00080052276 0.99999125 0.9125758
229 0.99999054 -0.001478695 -0.0040917319 -0.0026010529 0.0014819335 0.99999859 0.00078857504 -0.0076663114 0.00409056 -0.00079463126 0.99999132 0.90459988
230 0.99999393 -0.0011714989 -0.0032813833 -0.0019516961 0.0011735649 0.99999911 0.00062775915 -0.0092276613 0.003280645 -0.00063160626 0.99999442 0.88627667
231 0.99999592 -0.0010877228 -0.0026410507 -0.0013633113 0.0010893375 0.99999922 0.00061002764 -0.0096443374 0.0026403851 -0.00061290215 0.99999633 0.87290232
232 0.99999453 -0.00087542235 -0.0031883603 -0.0030904906 0.00087705997 0.99999948 0.0005122625 -0.010537635 0.0031879102 -0.00051505608 0.99999479 0.87065304
233 0.99999408 -0.0007860685 -0.0033484421 -0.0039157299 0.00078769565 0.99999957 0.00048465107 -0.011226805 0.0033480597 -0.00048728576 0.99999428 0.8854512
234 0.9999945 -0.0011354372 -0.0031175764 -0.0017120152 0.0011373986 0.99999916 0.00062744669 -0.0095889664 0.0031168613 -0.00063098916 0.99999494 0.90507528
235 0.99999693 -0.00094633411 -0.0022900491 -0.00064009388 0.00094757221 0.99999941 0.00053961732 -0.011066515 0.0022895371 -0.00054178565 0.99999723 0.92549514
236 0.99999731 -0.000730753 -0.0022031262 -0.0011887879 0.00073174722 0.99999963 0.00045050398 -0.011994759 0.0022027961 -0.0004521149 0.99999747 0.91579501
237 0.99999686 -0.0004031743 -0.0024749406 -0.0033144837 0.00040389712 0.99999988 0.00029156199 -0.01306458 0.0024748228 -0.0002925607 0.99999689 0.87237502
238 0.99999836 -0.00045552892 -0.0017516804 -0.0017651883 0.00045601006 0.99999986 0.00027428772 -0.012674535 0.0017515553 -0.00027508605 0.99999843 0.84353611
239 0.99999785 -0.00041678989 -0.0020324305 -0.0024646064 0.00041732701 0.99999988 0.0002638602 -0.012457273 0.0020323202 -0.00026470782 0.9999979 0.826523
240 0.99999688 -0.00055059931 -0.0024355419 -0.0022858621 0.00055136832 0.9999998 0.00031508561 -0.011358725 0.0024353679 -0.00031642751 0.99999698 0.81798931
241 0.9999966 -0.00040529678 -0.0025777916 -0.0031980899 0.00040589999 0.99999989 0.00023348347 -0.012005557 0.0025776967 -0.000234529 0.99999665 0.80718367
242 0.99999615 -0.00076898885 -0.0026646078 -0.0018541494 0.00077002365 0.99999963 0.00038734615 -0.0099924836 0.0026643089 -0.00038939647 0.99999637 0.79522679
243 0.99999644 -0.0007955904 -0.0025488192 -0.0015914546 0.00079656812 0.99999961 0.00038260815 -0.0098431274 0.0025485138 -0.0003846371 0.99999668 0.78803127
244 0.99999473 -0.00090473375 -0.0031185008 -0.0021197537 0.00090599188 0.99999951 0.00040205246 -0.009150886 0.0031181355 -0.00040487568 0.99999506 0.77334933
245 0.9999957 -0.00096779556 -0.0027669996 -0.0010319037 0.00096890725 0.99999945 0.00040045621 -0.008702418 0.0027666105 -0.00040313546 0.99999609 0.76022953
246 0.99999504 -0.0012077286 -0.0029093094 -0.00048010757 0.0012091841 0.99999914 0.00049858268 -0.0074197903 0.0029087047 -0.00050209809 0.99999564 0.74479167
247 0.99999506 -0.00093360154 -0.0030003957 -0.0013716537 0.00093466798 0.9999995 0.00035404907 -0.0083001697 0.0030000636 -0.00035685169 0.99999544 0.72508154
248 0.99999401 -0.0011817138 -0.0032543948 -0.00081294067 0.0011831623 0.9999992 0.00044319706 -0.0071099814 0.0032538685 -0.00044704488 0.99999461 0.71987554
249 0.99999292 -0.0013550187 -0.0035094287 -0.00045927043 0.0013567502 0.99999896 0.0004910656 -0.0060349514 0.0035087596 -0.00049582354 0.99999372 0.707392
250 0.99999187 -0.0013748565 -0.0037919849 -0.00094714877 0.0013766846 0.99999894 0.00047954038 -0.0059875586 0.0037913216 -0.00048475685 0.9999927 0.69675818
251 0.99999135 -0.0014554072 -0.0038957202 -0.00052726436 0.0014573507 0.99999882 0.00049608977 -0.0051366491 0.0038949936 -0.00050176291 0.99999229 0.68185678
252 0.99999225 -0.0017434235 -0.0035286295 0.00050351681 0.0017457492 0.99999826 0.00065613722 -0.0041983442 0.0035274794 -0.00066229224 0.99999356 0.67815801
253 0.99998667 -0.00071060511 -0.0051140929 -0.0053186219 0.00071194823 0.99999971 0.00026081491 -0.0074554738 0.0051139061 -0.00026445241 0.99998689 0.64694684
254 0.99998074 -0.00037214849 -0.0061945361 -0.0082725385 0.00037344784 0.99999991 0.00020860136 -0.0080770501 0.0061944579 -0.00021091068 0.99998079 0.61204605
255 0.99996527 -5.1045409e-05 -0.008333838 -0.011713783 5.1337808e-05 1 3.4871805e-05 -0.0085806895 0.0083338362 -3.5298435e-05 0.99996527 0.59697358
256 0.99994753 1.4874054e-05 -0.01024354 -0.013785749 -1.5340124e-05 1 -4.5420287e-05 -0.0079887313 0.01024354 4.5575041e-05 0.99994753 0.57920911
