3 0.99973321 0.0018370423 -0.023024554 -0.052239048 -0.0018422504 0.99999824 -0.00020498483 -0.031402506 0.02302414 0.00024734779 0.9997349 1.4776577
4 0.99971824 0.0020539091 -0.023647862 -0.08238542 -0.0020549425 0.99999784 -1.9396856e-05 -0.054137857 0.023647774 6.7987035e-05 0.99972037 2.6524843
5 0.99970784 0.0022986328 -0.024061596 -0.11276624 -0.0022955663 0.99999731 0.00015506534 -0.076873088 0.02406189 -9.9784407e-05 0.99971049 3.8307473
6 0.99969839 0.0025207712 -0.024429137 -0.14459939 -0.0025136852 0.99999674 0.00032076669 -0.10025287 0.024429869 -0.00025926215 0.99970153 5.0254567
7 0.9996784 0.0027758128 -0.025207262 -0.17753733 -0.0027640928 0.99999601 0.00049977713 -0.12290492 0.025208551 -0.00042994057 0.99968214 6.2180925
8 0.99966656 0.0028908058 -0.025659832 -0.21009204 -0.0028729986 0.99999556 0.0007308107 -0.1447651 0.025661834 -0.00065684575 0.99967049 7.4175295
9 0.99966351 0.0031948839 -0.025742183 -0.24517771 -0.0031721661 0.9999945 0.00092329963 -0.16858852 0.025744994 -0.00084132988 0.99966821 8.663625
10 0.99964724 0.0036418113 -0.026308407 -0.28198616 -0.0036145096 0.99999283 0.0010852356 -0.19258515 0.026312174 -0.00098976025 0.99965331 9.9237808
11 0.99964182 0.0041140579 -0.026444664 -0.31910971 -0.0040828321 0.99999086 0.0012346841 -0.21711941 0.026449505 -0.0011262721 0.99964954 11.198609
12 0.99963949 0.0044993122 -0.026469746 -0.35653224 -0.0044644198 0.99998904 0.0013771469 -0.24201697 0.026475655 -0.0012584778 0.99964869 12.487015
13 0.99963406 0.0048493028 -0.026612831 -0.39372818 -0.0048099714 0.9999872 0.0015417231 -0.26618181 0.02661997 -0.0014131514 0.99964465 13.774677
14 0.99962938 0.0050623938 -0.026748616 -0.43002552 -0.0050175637 0.99998585 0.0017428269 -0.2892037 0.026757063 -0.0016079675 0.99964069 15.051269
15 0.99963128 0.0052896158 -0.026633152 -0.46656353 -0.0052395599 0.99998433 0.0019488884 -0.31241044 0.026643047 -0.0018086233 0.9996434 16.341215
16 0.99962607 0.0055612758 -0.026773185 -0.50352194 -0.005506169 0.99998252 0.0021315627 -0.33544787 0.026784575 -0.0019833474 0.99963928 17.62525
17 0.99962468 0.0058941971 -0.026753616 -0.54123569 -0.0058344687 0.99998027 0.0023100436 -0.35885224 0.026766707 -0.002153083 0.99963941 18.923373
18 0.99960561 0.0064714133 -0.02732664 -0.58067445 -0.0064097549 0.99997667 0.0023433354 -0.3832724 0.02734117 -0.0021672537 0.99962383 20.182224
19 0.99960414 0.0066987704 -0.02732576 -0.6176004 -0.0066308738 0.99997466 0.0025745635 -0.40484302 0.027342317 -0.0023923502 0.99962329 21.45875
20 0.99959712 0.0071520264 -0.027467331 -0.65747686 -0.0070802952 0.99997122 0.002707873 -0.42858068 0.02748591 -0.0025123048 0.99961906 22.75924
21 0.999584 0.0075239768 -0.027842665 -0.69716382 -0.0074445685 0.99996788 0.0029545905 -0.45017727 0.027864004 -0.0027460843 0.99960797 24.07301
22 0.99956694 0.0080357697 -0.028308244 -0.73831711 -0.0079525464 0.99996368 0.0030512503 -0.47362385 0.028331738 -0.0028248059 0.99959461 25.370896
23 0.99957044 0.0082827744 -0.028112787 -0.77797852 -0.0081926179 0.99996088 0.0033206197 -0.49510628 0.028139194 -0.0030888756 0.99959926 26.710007
24 0.99956279 0.0088469289 -0.02821273 -0.8213934 -0.0087542824 0.99995584 0.0034056755 -0.52004406 0.028241617 -0.0031572038 0.99959616 28.06811
25 0.99955348 0.0091635345 -0.028440662 -0.86397075 -0.0090633342 0.99995222 0.0036500384 -0.54244843 0.028472753 -0.003390641 0.99958884 29.465834
26 0.99955501 0.0092406011 -0.028361778 -0.90529201 -0.0091342884 0.99995073 0.0038757145 -0.56474674 0.028396198 -0.0036149248 0.99959023 30.844449
27 0.9995548 0.0094565132 -0.028298064 -0.94670495 -0.0093433042 0.99994778 0.0041301372 -0.58624518 0.028335646 -0.0038639007 0.99959102 32.228949
28 0.99955257 0.0097310881 -0.028283669 -0.98818166 -0.0096125535 0.99994441 0.0043238604 -0.60808924 0.028324175 -0.0040500471 0.99959061 33.595694
29 0.99955284 0.010186443 -0.028113455 -1.0299195 -0.010062842 0.99993904 0.0045345116 -0.62950909 0.028157935 -0.0042495824 0.99959448 34.961821
30 0.99955182 0.010713238 -0.027953542 -1.0727831 -0.010585209 0.99993277 0.0047240161 -0.65178654 0.028002275 -0.0044260044 0.99959808 36.346117
31 0.99954768 0.01136311 -0.027844608 -1.1159801 -0.011231147 0.99992492 0.0048910824 -0.67426378 0.027898099 -0.0045761428 0.99960032 37.722132
32 0.99953842 0.012053576 -0.027886586 -1.1585611 -0.011918424 0.99991639 0.0050076548 -0.69622026 0.027944618 -0.0046729789 0.99959857 39.075226
33 0.99953257 0.012585625 -0.027861061 -1.1998633 -0.012446468 0.99990917 0.0051624725 -0.71700344 0.027923506 -0.0048132873 0.9995985 40.410169
34 0.99951713 0.013083727 -0.028183931 -1.2408751 -0.012939762 0.99990227 0.0052844019 -0.73733686 0.02825032 -0.0049171565 0.99958881 41.714364
35 0.99950907 0.013442098 -0.028300876 -1.2812224 -0.013293217 0.99989679 0.0054422401 -0.75696055 0.028371113 -0.0050633583 0.99958466 43.016733
36 0.99950632 0.013830262 -0.028210848 -1.3220296 -0.013677435 0.99989072 0.0056030899 -0.77683143 0.02828526 -0.0052144714 0.99958631 44.338907
37 0.99949827 0.014113424 -0.028355272 -1.3635276 -0.013954267 0.99988575 0.0058029815 -0.79624588 0.028433936 -0.0054043927 0.99958109 45.690211
38 0.999497 0.014320164 -0.028296516 -1.4053395 -0.014154694 0.99988153 0.0060393751 -0.81546891 0.028379652 -0.0056358085 0.99958135 47.077439
39 0.99949682 0.014553044 -0.028183746 -1.4475782 -0.014382121 0.99987694 0.0062578485 -0.83496085 0.028271352 -0.0058493574 0.99958319 48.476443
40 0.99949301 0.014870941 -0.028152787 -1.4895231 -0.014694642 0.99987112 0.0064587855 -0.8540444 0.02824521 -0.0060418155 0.99958279 49.858457
41 0.99948747 0.015161589 -0.028194375 -1.5299478 -0.014979555 0.9998656 0.0066564024 -0.87194841 0.02829151 -0.0062306513 0.99958032 51.194766
42 0.99948275 0.015467167 -0.02819598 -1.5702012 -0.015279634 0.99985972 0.0068544214 -0.88946176 0.028298046 -0.0064200514 0.99957894 52.519018
43 0.99947927 0.015759377 -0.028157358 -1.6106012 -0.01556633 0.99985385 0.0070621057 -0.90674187 0.02826454 -0.0066201213 0.99957858 53.852309
44 0.99948025 0.015978369 -0.027998661 -1.6512197 -0.015779902 0.99984883 0.007295122 -0.92384331 0.028110995 -0.0068495141 0.99958136 55.209625
45 0.99947936 0.016176006 -0.027916685 -1.6919827 -0.015971866 0.99984412 0.0075200186 -0.94089923 0.02803398 -0.0070702216 0.99958199 56.579848
46 0.99948027 0.016416535 -0.027743489 -1.7335026 -0.016207609 0.99983865 0.0077388091 -0.95827416 0.02786606 -0.0072851312 0.99958514 57.976574
47 0.99947846 0.016775227 -0.027593475 -1.7742199 -0.016562297 0.99983137 0.007927213 -0.97521677 0.027721805 -0.0074660672 0.99958782 59.338301
48 0.99948276 0.017260846 -0.027134578 -1.8146616 -0.017044849 0.99982129 0.008171434 -0.99140946 0.027270778 -0.0077047024 0.99959841 60.712281
49 0.99947909 0.017992216 -0.026792357 -1.8563922 -0.017774413 0.99980715 0.0083453897 -1.0087816 0.026937345 -0.007864824 0.99960621 62.094797
50 0.99947589 0.018673854 -0.026443207 -1.8976691 -0.018453563 0.99979311 0.0085503701 -1.0255369 0.026597408 -0.0080579172 0.99961377 63.482009
51 0.99946375 0.01944556 -0.026345592 -1.9394078 -0.01922243 0.99977737 0.0086962848 -1.0428559 0.026508833 -0.0081851949 0.99961509 64.855943
52 0.99944901 0.020077655 -0.026430598 -1.9803037 -0.019850048 0.99976379 0.0088458815 -1.0591884 0.026601962 -0.0083163587 0.99961153 66.215101
53 0.99942987 0.020695578 -0.02667663 -2.0208796 -0.020463093 0.99975043 0.0089586737 -1.0753955 0.02685538 -0.0084076796 0.99960399 67.544661
54 0.99942508 0.021270158 -0.026402454 -2.0616289 -0.021035359 0.99973691 0.0091392009 -1.091213 0.026589903 -0.0085785614 0.99960964 68.902013
55 0.99940423 0.022023519 -0.026573637 -2.1031121 -0.02178523 0.99972008 0.0092235366 -1.1078005 0.026769336 -0.0086391285 0.99960433 70.245233
56 0.99938986 0.022523798 -0.026694527 -2.1431631 -0.022279997 0.99970758 0.0093954944 -1.1227782 0.026898346 -0.0087950077 0.99959951 71.57652
57 0.99937742 0.023044818 -0.026715593 -2.1825377 -0.022798148 0.99969489 0.0095013042 -1.137998 0.0269264 -0.0088863227 0.99959794 72.885251
58 0.99936118 0.023562788 -0.02687049 -2.2221023 -0.023311646 0.9996819 0.009621684 -1.1527402 0.027088659 -0.0089891421 0.99959264 74.183977
59 0.99934371 0.024031719 -0.027104235 -2.2613812 -0.023775734 0.99966995 0.0097275304 -1.1672347 0.027329061 -0.0090767231 0.9995853 75.462919
60 0.99933184 0.024334307 -0.027271061 -2.2991943 -0.024073177 0.9996615 0.0098631197 -1.1807013 0.027501845 -0.0092000284 0.99957944 76.721269
61 0.99932096 0.024730852 -0.027313199 -2.3370042 -0.024465906 0.99965068 0.0099922571 -1.1940187 0.027550778 -0.0093172297 0.999577 77.974662
62 0.99930486 0.025110161 -0.027555082 -2.3744415 -0.024839915 0.99964031 0.010106358 -1.2068869 0.027798946 -0.0094148663 0.99956922 79.205588
63 0.99928665 0.025434692 -0.027915569 -2.4124134 -0.025156931 0.99963085 0.010256571 -1.21916 0.02816614 -0.0095469839 0.99955769 80.43238
64 0.99926711 0.025787628 -0.028288517 -2.4503893 -0.025502487 0.99962067 0.010394665 -1.2311668 0.028545843 -0.0096656191 0.99954577 81.648136
65 0.99924919 0.026217097 -0.028525697 -2.4896325 -0.025926005 0.99960839 0.010527001 -1.2435262 0.028790517 -0.0097795403 0.99953765 82.881608
66 0.99922602 0.026687679 -0.028898581 -2.5296274 -0.026389497 0.99959495 0.010650972 -1.2558088 0.029171128 -0.0098801089 0.99952562 84.119625
67 0.99920147 0.027248028 -0.029222901 -2.5711792 -0.026943096 0.99957882 0.010778243 -1.2683379 0.029504281 -0.0099822804 0.99951483 85.381427
68 0.99917944 0.027755282 -0.029497358 -2.6126957 -0.027444535 0.99956399 0.010887947 -1.2808306 0.029786698 -0.010069472 0.99950558 86.639437
69 0.99915593 0.028241058 -0.0298307 -2.6545679 -0.027924133 0.99954961 0.010987846 -1.2932615 0.030127576 -0.010145575 0.99949459 87.891868
70 0.99913071 0.028797987 -0.030141372 -2.6966513 -0.028474763 0.99953285 0.01109851 -1.3054274 0.030446909 -0.010230593 0.99948405 89.13652
71 0.99910684 0.029356624 -0.030392685 -2.7390743 -0.029028021 0.99951584 0.011197292 -1.3176134 0.030706688 -0.010305052 0.99947534 90.379562
72 0.99908223 0.02994211 -0.030629522 -2.7823589 -0.029608029 0.99949763 0.011303224 -1.3298047 0.030952581 -0.01038597 0.99946691 91.632829
73 0.99905316 0.030588282 -0.030937636 -2.8268303 -0.030248411 0.99947742 0.011394733 -1.3421734 0.031270017 -0.01044813 0.99945639 92.896399
74 0.99901958 0.031213071 -0.031394797 -2.8716581 -0.030865932 0.99945754 0.011481797 -1.3543228 0.031736152 -0.01050151 0.99944113 94.15613
75 0.99899591 0.031784219 -0.031574372 -2.9171846 -0.03143197 0.99943864 0.011590642 -1.3664501 0.031925051 -0.010586559 0.99943422 95.433423
76 0.99896407 0.032488188 -0.031864071 -2.9639115 -0.03213006 0.99941531 0.011687712 -1.3786987 0.032225156 -0.01065181 0.9994239 96.723732
77 0.99893161 0.033062388 -0.032288046 -3.0106002 -0.032695348 0.9993953 0.01183037 -1.3900528 0.032659665 -0.010762062 0.99940861 98.015068
78 0.99891141 0.033605557 -0.032352109 -3.057229 -0.033233881 0.99937601 0.011958572 -1.4015718 0.032733799 -0.010870368 0.99940501 99.310411
79 0.9988836 0.034195042 -0.032592192 -3.1040271 -0.033817555 0.99935516 0.012063974 -1.4129854 0.032983707 -0.010948317 0.99939594 100.5972
80 0.99885552 0.034721241 -0.032895036 -3.1505517 -0.034336157 0.99933583 0.012200022 -1.423673 0.033296791 -0.011056571 0.99938437 101.87239
81 0.99883242 0.035277207 -0.033004712 -3.1976934 -0.034887406 0.99931535 0.01231286 -1.4347447 0.033416482 -0.011147035 0.99937937 103.15184
82 0.99880119 0.035915797 -0.033260177 -3.2457149 -0.035520426 0.99929194 0.012402904 -1.4460208 0.03368209 -0.011206619 0.99936979 104.43536
83 0.99877041 0.036501107 -0.033545991 -3.2942864 -0.036098086 0.9992695 0.012542269 -1.4567463 0.033979296 -0.011315901 0.9993585 105.72967
84 0.99873859 0.037050804 -0.033889203 -3.3429832 -0.036639866 0.9992482 0.012667789 -1.4673563 0.03433308 -0.011410113 0.99934533 107.01676
85 0.9987053 0.037566182 -0.034300443 -3.3920374 -0.03714523 0.99922749 0.012828515 -1.4773449 0.034755867 -0.011537808 0.99932925 108.30088
86 0.99867028 0.038037546 -0.034797006 -3.4411833 -0.037605048 0.99920807 0.013000504 -1.486682 0.03526396 -0.011674674 0.99930986 109.57731
87 0.99863364 0.038447413 -0.035392891 -3.4904992 -0.038001633 0.99919067 0.01318308 -1.4953851 0.035871105 -0.011820079 0.99928654 110.84494
88 0.99859658 0.038878697 -0.035962752 -3.5405155 -0.038419634 0.99917221 0.01336936 -1.5037556 0.036452769 -0.011968921 0.99926372 112.1111
89 0.99856011 0.039333145 -0.036477676 -3.5915178 -0.038860779 0.99915245 0.013569515 -1.5118946 0.036980495 -0.012132425 0.99924236 113.3804
90 0.99851446 0.039968196 -0.037032718 -3.6447532 -0.039484075 0.99912605 0.013713439 -1.5209929 0.037548458 -0.012230864 0.99921998 114.6537
91 0.99847497 0.040607818 -0.037399714 -3.6976245 -0.040114775 0.99909917 0.013840702 -1.5298209 0.037928067 -0.012319313 0.99920455 115.92218
92 0.99843599 0.041247274 -0.037739203 -3.7510215 -0.04074657 0.99907219 0.013942072 -1.5387959 0.038279264 -0.012382524 0.99919038 117.19034
93 0.99840125 0.04181449 -0.038032888 -3.8041357 -0.041306257 0.99904766 0.014052323 -1.5474695 0.038584263 -0.012458861 0.9991777 118.45067
94 0.99837724 0.042236219 -0.038196741 -3.8564115 -0.041720978 0.99902852 0.014187393 -1.5553543 0.038758859 -0.012570765 0.99916954 119.71
95 0.99834859 0.042660786 -0.038472903 -3.9084629 -0.042136682 0.999009 0.014332495 -1.5627343 0.039046216 -0.012687706 0.99915687 120.95886
96 0.99832008 0.043062486 -0.038763943 -3.9604675 -0.042528961 0.99899019 0.014484733 -1.5697341 0.039348551 -0.01281181 0.99914343 122.20085
97 0.99829597 0.043497355 -0.038898999 -4.0131525 -0.042956918 0.99896986 0.014623231 -1.576915 0.039495003 -0.012927331 0.99913616 123.44947
98 0.99826119 0.044000565 -0.039224464 -4.0671163 -0.04345076 0.99894647 0.014761244 -1.5841132 0.039832647 -0.013031245 0.99912141 124.70537
99 0.99822605 0.044516388 -0.039535428 -4.1215258 -0.043957244 0.99892222 0.014901667 -1.5910491 0.04015619 -0.013137364 0.99910707 125.96435
100 0.99818626 0.045160388 -0.039808822 -4.1775376 -0.044594478 0.99889264 0.014991263 -1.5989586 0.040441755 -0.013188819 0.99909487 127.22477
101 0.99814332 0.045688085 -0.040280585 -4.2327643 -0.045111145 0.99886753 0.015117888 -1.6057656 0.040925679 -0.013272716 0.99907406 128.47376
102 0.99811116 0.046162215 -0.040536034 -4.2888332 -0.045576448 0.99884428 0.015258105 -1.6124538 0.041193537 -0.013381797 0.99906159 129.73648
103 0.99806791 0.046700419 -0.040981863 -4.3458126 -0.046103705 0.9988181 0.015387158 -1.6191017 0.041652017 -0.013468013 0.99904142 130.99963
104 0.9980262 0.047188136 -0.04143664 -4.403611 -0.046578752 0.99879352 0.015551207 -1.6251462 0.042120483 -0.013590445 0.99902012 132.27491
105 0.99798419 0.047701753 -0.04185806 -4.461865 -0.047080841 0.9987677 0.015696747 -1.6312082 0.042555244 -0.013694393 0.99900028 133.54657
106 0.99795465 0.048037743 -0.042176883 -4.5193082 -0.047404322 0.9987493 0.015892555 -1.636139 0.042887578 -0.013860683 0.99898377 134.8163
107 0.99793909 0.048189643 -0.042371325 -4.5755639 -0.047543505 0.99873892 0.016127629 -1.6401754 0.04309508 -0.01407991 0.99897178 136.07161
108 0.99792956 0.048361412 -0.042400158 -4.6308296 -0.047705424 0.99872759 0.016349563 -1.6438914 0.043136899 -0.014292995 0.99896695 137.31052
109 0.99791807 0.048614824 -0.042380797 -4.6865235 -0.047951162 0.99871271 0.016538444 -1.6478862 0.043130258 -0.014471803 0.99896466 138.54884
110 0.99790393 0.048876737 -0.04241252 -4.7424785 -0.048206399 0.99869795 0.016687109 -1.6522554 0.043172912 -0.014607577 0.99896084 139.78408
111 0.99788608 0.04914959 -0.042517074 -4.7984787 -0.048470228 0.99868219 0.016865108 -1.6559726 0.043289962 -0.014768645 0.99895341 141.0182
112 0.99786156 0.049579748 -0.042592897 -4.8563692 -0.048894577 0.99865954 0.016980987 -1.6606749 0.04337772 -0.014862113 0.99894821 142.26601
113 0.99783261 0.050113239 -0.04264687 -4.9154511 -0.049421375 0.99863113 0.017126259 -1.6649064 0.043446748 -0.014981473 0.99894343 143.53986
114 0.99779886 0.050580706 -0.042883874 -4.9742778 -0.049879993 0.99860609 0.017255917 -1.6690173 0.043696919 -0.015078888 0.99893105 144.8042
115 0.99777784 0.050784409 -0.043131493 -5.0313753 -0.050071655 0.99859316 0.017448406 -1.6718456 0.043956924 -0.015249968 0.99891705 146.04891
116 0.99776521 0.051000652 -0.043168661 -5.0882314 -0.050278935 0.99857932 0.017643005 -1.6744071 0.044007141 -0.015433102 0.99891203 147.28988
117 0.99773714 0.051310354 -0.043449457 -5.1464932 -0.050576453 0.99856105 0.017825681 -1.6770519 0.044301581 -0.015587824 0.99889661 148.53526
118 0.99769366 0.051808159 -0.043855283 -5.2062586 -0.051062228 0.99853388 0.017962295 -1.6801682 0.044721583 -0.01568152 0.99887643 149.78706
119 0.99766367 0.052348457 -0.043895756 -5.267369 -0.051595475 0.9985037 0.018115571 -1.6833344 0.044778401 -0.015808425 0.99887188 151.06285
120 0.99761161 0.052923003 -0.044387446 -5.33012 -0.052156357 0.998472 0.018256279 -1.6865171 0.045285803 -0.015897589 0.99884759 152.34348
121 0.9975735 0.05338881 -0.044685107 -5.3923415 -0.052609335 0.99844481 0.018442431 -1.6885158 0.045600237 -0.016046826 0.9988309 153.62912
122 0.99752975 0.053835466 -0.04512368 -5.4543031 -0.053042514 0.99841915 0.018590546 -1.690758 0.046053181 -0.016151149 0.99880843 154.89269
123 0.99749672 0.054254476 -0.045351351 -5.5162829 -0.053450928 0.99839442 0.018747883 -1.6927147 0.046295696 -0.01627688 0.99879518 156.15359
124 0.99745847 0.054667681 -0.045695207 -5.5779937 -0.053853073 0.99837046 0.018872758 -1.6948423 0.046652479 -0.016363965 0.99877716 157.39695
125 0.9974255 0.055101392 -0.04589357 -5.640151 -0.054276662 0.99834458 0.019027711 -1.6964202 0.046866054 -0.016487775 0.99876512 158.64814
126 0.99738275 0.05571294 -0.04608397 -5.7038978 -0.054881252 0.99830975 0.019120703 -1.6989565 0.047071351 -0.016541513 0.99875458 159.9048
127 0.9973274 0.056331529 -0.046527572 -5.7688529 -0.055486825 0.99827375 0.019252139 -1.7011506 0.04753176 -0.016619019 0.99873149 161.1667
128 0.99728652 0.056913663 -0.046695119 -5.8340208 -0.056059876 0.99823896 0.019395538 -1.7027932 0.047716762 -0.016725186 0.99872089 162.4411
129 0.99722633 0.057599509 -0.047137493 -5.9008219 -0.056732595 0.99819837 0.019527936 -1.7043587 0.048177372 -0.01679954 0.99869753 163.72477
130 0.99718045 0.058146966 -0.047435083 -5.967708 -0.057268336 0.99816484 0.019677268 -1.705551 0.04849221 -0.016905259 0.99868051 165.01125
131 0.99714095 0.058638263 -0.047660042 -6.0337235 -0.057750277 0.99813463 0.019800977 -1.7067129 0.048732238 -0.016991985 0.99866735 166.28413
132 0.99710929 0.05900457 -0.047869955 -6.0984927 -0.058105449 0.99811079 0.019962746 -1.706918 0.048957416 -0.017123535 0.99865409 167.54522
133 0.99708058 0.059336265 -0.048057643 -6.1631575 -0.058427238 0.99808914 0.020105403 -1.7072793 0.049158796 -0.017238832 0.99864222 168.79626
134 0.99705938 0.05973223 -0.048006864 -6.2292201 -0.058816666 0.99806306 0.020264255 -1.7073872 0.049124311 -0.017381063 0.99864145 170.07182
135 0.99703747 0.060203894 -0.047872526 -6.2978181 -0.059284273 0.99803254 0.020404265 -1.7078759 0.049006759 -0.017505729 0.99864505 171.38824
136 0.99701629 0.060575038 -0.047845461 -6.3672128 -0.059646549 0.99800689 0.020602252 -1.7071916 0.048998086 -0.017686964 0.99864228 172.74349
137 0.99701093 0.060847631 -0.047610621 -6.4369547 -0.059913774 0.99798672 0.020802924 -1.7062599 0.048780581 -0.017888211 0.99864934 174.12172
138 0.99700039 0.061202329 -0.047376077 -6.5072604 -0.06026476 0.99796203 0.020972857 -1.7056806 0.048563118 -0.018054839 0.99865694 175.50341
139 0.99699656 0.061533228 -0.047026803 -6.5765245 -0.060593922 0.99793844 0.02114625 -1.7047728 0.048231055 -0.018233201 0.9986698 176.87566
140 0.99699364 0.061838364 -0.046687385 -6.6447994 -0.060897266 0.9979163 0.021318922 -1.7036331 0.047908434 -0.018411696 0.99868205 178.23663
141 0.99699961 0.062055407 -0.046269898 -6.7135701 -0.061113268 0.99789906 0.021507041 -1.7021822 0.04750732 -0.018614808 0.99869745 179.62263
142 0.99699912 0.062242085 -0.0460292 -6.7824455 -0.061295221 0.9978836 0.021705254 -1.7002467 0.047282769 -0.01881875 0.99870428 181.02478
143 0.99701648 0.062135678 -0.045796218 -6.8512601 -0.061182349 0.99788553 0.021933764 -1.6977684 0.047062257 -0.019066404 0.99871 182.44521
144 0.99705119 0.061821917 -0.045464095 -6.9168673 -0.060860062 0.99789833 0.022245932 -1.6931247 0.046743835 -0.019413386 0.99871827 183.85575
145 0.99706901 0.061728064 -0.045200101 -6.9851983 -0.060760395 0.99789917 0.022479526 -1.6897724 0.046492765 -0.019667263 0.99872502 185.28643
146 0.9970641 0.061958615 -0.044992326 -7.0534878 -0.060986727 0.99788121 0.022663032 -1.6868136 0.046301171 -0.019852562 0.99873025 186.69743
147 0.99702614 0.062522232 -0.04505394 -7.1218645 -0.061543922 0.99784423 0.022784902 -1.6845354 0.046381381 -0.019944347 0.9987247 188.076
148 0.99699626 0.063170762 -0.044809713 -7.1900493 -0.062191521 0.99780093 0.022922067 -1.681854 0.046159182 -0.020066432 0.99873255 189.45951
149 0.996954 0.063827021 -0.044820041 -7.2578776 -0.062842966 0.99775756 0.02303314 -1.6793582 0.046189676 -0.020146357 0.99872953 190.82506
150 0.99691559 0.064215307 -0.045118906 -7.3236944 -0.063218246 0.99773022 0.023189797 -1.6759834 0.04650564 -0.020265933 0.99871245 192.1571
151 0.99690739 0.064441512 -0.044977169 -7.3879348 -0.063437116 0.9977111 0.023413716 -1.6709896 0.04638304 -0.020488085 0.99871362 193.50159
152 0.99689695 0.064778539 -0.044723717 -7.4522546 -0.063771563 0.99768567 0.023588017 -1.6665029 0.046148213 -0.020662721 0.9987209 194.8424
153 0.99685966 0.065259873 -0.044854934 -7.5171023 -0.064242432 0.9976513 0.023763441 -1.6618464 0.046300387 -0.020807227 0.99871086 196.17348
154 0.99683289 0.0657229 -0.044773764 -7.5818029 -0.064700585 0.99761811 0.023913208 -1.6573223 0.046238767 -0.020940584 0.99871093 197.50535
155 0.9968056 0.066196981 -0.044682943 -7.6467992 -0.065170091 0.99758399 0.024061474 -1.6526535 0.04616779 -0.021072621 0.99871143 198.8423
156 0.99677807 0.066615987 -0.04467435 -7.7117576 -0.065581374 0.99755273 0.024239492 -1.6472858 0.046179761 -0.021231589 0.99870751 200.18593
157 0.99675527 0.066938906 -0.044700223 -7.7759641 -0.065895397 0.9975275 0.024425259 -1.6415251 0.046224706 -0.021400467 0.99870183 201.52217
158 0.99673977 0.067194445 -0.044662636 -7.8393962 -0.066142924 0.99750633 0.024620155 -1.6353355 0.046205603 -0.021585771 0.99869872 202.85113
159 0.99671771 0.067512615 -0.04467494 -7.9024797 -0.06645355 0.99748166 0.024782689 -1.6294723 0.046235581 -0.021732538 0.99869415 204.16056
160 0.99668932 0.067905899 -0.044712393 -7.9658262 -0.066838319 0.99745164 0.02495532 -1.6232547 0.046293067 -0.021884201 0.99868818 205.46876
161 0.99665329 0.06829901 -0.04491634 -8.0293096 -0.067219415 0.9974218 0.025123842 -1.6169101 0.046516475 -0.02202051 0.9986748 206.77034
162 0.99662328 0.0687206 -0.044939109 -8.093021 -0.067631787 0.99738902 0.025317784 -1.6098498 0.046561631 -0.022192981 0.99866888 208.08192
163 0.99658338 0.069215726 -0.045063865 -8.1576742 -0.068117113 0.99735196 0.025476236 -1.6031709 0.046707894 -0.022319573 0.99865923 209.39631
164 0.99654141 0.069701068 -0.045243668 -8.2222123 -0.068590774 0.99731511 0.025647381 -1.5960505 0.046909848 -0.02245538 0.99864672 210.70646
165 0.996503 0.070188078 -0.045336699 -8.2867975 -0.069069144 0.9972783 0.025794526 -1.5890686 0.047023779 -0.022572956 0.99863871 212.0143
166 0.99646355 0.070688995 -0.045425298 -8.3514915 -0.069561182 0.99724011 0.025948489 -1.581751 0.047134206 -0.022696886 0.99863069 213.32269
167 0.99642456 0.071195243 -0.045490084 -8.4164234 -0.070058789 0.99720109 0.026108489 -1.5741045 0.047221566 -0.02282816 0.99862357 214.63511
168 0.99637771 0.071730295 -0.045675167 -8.4819488 -0.070582234 0.99715987 0.026272617 -1.5662552 0.047429991 -0.022953595 0.99861082 215.94835
169 0.99633256 0.072211362 -0.045901493 -8.5473237 -0.071050383 0.99712214 0.026442226 -1.5581015 0.047678829 -0.023083933 0.99859597 217.25637
170 0.99629867 0.0726723 -0.045909779 -8.6130418 -0.071502814 0.99708496 0.026623951 -1.5494712 0.047710779 -0.02324273 0.99859076 218.57607
171 0.99625586 0.073208331 -0.04598699 -8.6798717 -0.072029602 0.99704264 0.026788325 -1.5409177 0.047812123 -0.023375602 0.99858281 219.90574
172 0.99621446 0.073702683 -0.046094187 -8.7471187 -0.072513489 0.99700288 0.026962229 -1.5319456 0.04794323 -0.023517713 0.99857319 221.24577
173 0.99617609 0.074182863 -0.04615306 -8.8141182 -0.072985171 0.99696424 0.027118008 -1.5230138 0.048024646 -0.023645822 0.99856625 222.57961
174 0.99613597 0.074687118 -0.046205758 -8.8810725 -0.073480773 0.99692341 0.027280049 -1.5137968 0.048101074 -0.023779404 0.9985594 223.90886
175 0.99609185 0.075189863 -0.046341348 -8.9482563 -0.073972965 0.99688262 0.027439869 -1.5044868 0.048260088 -0.023904623 0.99854874 225.23455
176 0.99605124 0.075657995 -0.046452022 -9.0152202 -0.074430159 0.99684366 0.027618612 -1.4946068 0.048394976 -0.024052122 0.99853867 226.55955
177 0.99600398 0.076160567 -0.046643873 -9.0825938 -0.074920821 0.99680251 0.027776599 -1.4848986 0.048610215 -0.024171007 0.99852534 227.88
178 0.99597544 0.076601631 -0.046530798 -9.1498791 -0.075355677 0.99676438 0.027968002 -1.4741647 0.048522641 -0.024349084 0.99852527 229.21902
179 0.99593113 0.077091579 -0.046669917 -9.218484 -0.07583564 0.99672395 0.028111216 -1.4642698 0.048684166 -0.024457593 0.99851476 230.55717
180 0.99591587 0.077398215 -0.046487673 -9.2881042 -0.076137085 0.9966952 0.028315007 -1.4530186 0.048525576 -0.02465993 0.9985175 231.93882
181 0.99588921 0.077773037 -0.046433137 -9.3605879 -0.076506587 0.99666282 0.028458321 -1.4424631 0.048491476 -0.024788895 0.99851596 233.3621
182 0.99586796 0.077973084 -0.046553245 -9.4339507 -0.076694078 0.99664268 0.028658123 -1.4305056 0.048631517 -0.024969349 0.99850466 234.82238
183 0.99587581 0.077850607 -0.046590323 -9.5067752 -0.076559212 0.99664632 0.028891275 -1.4177704 0.048683281 -0.025205205 0.99849621 236.29076
184 0.99589411 0.077622511 -0.046579804 -9.5788664 -0.076319109 0.99665751 0.029139413 -1.4044835 0.04868599 -0.025464841 0.99848949 237.75298
185 0.99592658 0.077316731 -0.046393669 -9.6500759 -0.076002871 0.99667262 0.029447737 -1.3893127 0.048516106 -0.025801733 0.99848911 239.2346
186 0.99594598 0.077080249 -0.046370838 -9.7193027 -0.075752591 0.99668298 0.029740355 -1.3742927 0.048509424 -0.026107077 0.9984815 240.6685
187 0.99597563 0.076814662 -0.046174209 -9.785595 -0.075476904 0.99669457 0.030051389 -1.3585327 0.048329975 -0.026445366 0.9984813 242.06551
188 0.99598867 0.076699048 -0.046085047 -9.8509288 -0.075349937 0.99669563 0.030333545 -1.3431786 0.048259323 -0.026739363 0.99847688 243.42479
189 0.99601368 0.07647478 -0.045916812 -9.9154353 -0.07511552 0.99670411 0.030634576 -1.3270482 0.048108252 -0.027063393 0.99847544 244.78601
190 0.99603924 0.076316941 -0.045624201 -9.9802893 -0.074950462 0.99670683 0.030948825 -1.3099948 0.047835877 -0.02740669 0.99847917 246.16662
191 0.99603727 0.076523847 -0.045319602 -10.048678 -0.075155567 0.99668464 0.031165264 -1.2941839 0.047554241 -0.027635745 0.99848631 247.57796
192 0.99602241 0.07691321 -0.044985867 -10.116132 -0.07554446 0.99664863 0.031375877 -1.2780227 0.047248327 -0.027852644 0.9984948 248.9771
193 0.99600084 0.077285555 -0.044825043 -10.183587 -0.075912279 0.9966145 0.031571891 -1.2619907 0.047113342 -0.028042859 0.99849586 250.37149
194 0.99596761 0.077771892 -0.044722036 -10.250648 -0.076394862 0.99657294 0.031719364 -1.2467738 0.04703565 -0.028174926 0.9984958 251.74198
195 0.99593241 0.078203139 -0.044753786 -10.31635 -0.076817986 0.99653534 0.031878207 -1.2313736 0.04709171 -0.028310646 0.99848932 253.0864
196 0.99590363 0.078571648 -0.044748929 -10.381698 -0.077179037 0.99650213 0.032043936 -1.2157026 0.047110152 -0.028458994 0.99848423 254.42729
197 0.99588024 0.078936378 -0.044627283 -10.446724 -0.077538065 0.99646782 0.032243376 -1.1990361 0.047014831 -0.028650229 0.99848326 255.77654
198 0.99585781 0.079224927 -0.044616595 -10.512572 -0.077817161 0.99643922 0.03245422 -1.1818849 0.047028912 -0.028847852 0.9984769 257.14361
199 0.99583818 0.079462486 -0.0446323 -10.578009 -0.078043808 0.99641415 0.032679075 -1.1641346 0.04706902 -0.029059797 0.99846887 258.51136
200 0.99583668 0.07956569 -0.044481578 -10.643834 -0.078140309 0.99639877 0.032916333 -1.1457251 0.046940405 -0.029303489 0.9984678 259.89971
201 0.99583338 0.079670978 -0.044366776 -10.709041 -0.078238334 0.99638353 0.033144277 -1.1271954 0.046846966 -0.029534996 0.99846537 261.27943
202 0.9958323 0.079816661 -0.044128652 -10.774868 -0.078379671 0.99636421 0.033390016 -1.1078067 0.046633293 -0.029792068 0.99846773 262.6801
203 0.99582232 0.080015384 -0.043993744 -10.840761 -0.078573228 0.99634226 0.033589637 -1.0890768 0.046520519 -0.029992581 0.99846699 264.07011
204 0.99581014 0.080185072 -0.043960488 -10.906231 -0.078732991 0.99632165 0.033826094 -1.0693314 0.046511137 -0.030223228 0.99846047 265.46356
205 0.9958057 0.08031489 -0.043823886 -10.972733 -0.078857502 0.99630483 0.034030813 -1.0498261 0.046395134 -0.030432236 0.99845952 266.87139
206 0.99579872 0.080452304 -0.043730309 -11.036986 -0.078987373 0.99628681 0.034256413 -1.0298105 0.046323942 -0.030658351 0.99845591 268.24709
207 0.99578686 0.080605265 -0.043718613 -11.101764 -0.07912994 0.99626744 0.034489806 -1.0093795 0.046335494 -0.030885046 0.99844839 269.62907
208 0.99579295 0.080619779 -0.043552936 -11.166737 -0.079138261 0.99625827 0.034734737 -0.98818334 0.046190283 -0.031141904 0.99844714 271.03209
209 0.9957978 0.080606773 -0.043465994 -11.23291 -0.079116834 0.99625154 0.034975685 -0.96663954 0.046122344 -0.031389819 0.99844251 272.45623
210 0.99580239 0.080610977 -0.043352872 -11.298584 -0.079113314 0.9962432 0.035220509 -0.94455007 0.046029168 -0.031642879 0.99843883 273.88057
211 0.99579437 0.080728889 -0.043317652 -11.36364 -0.079221615 0.99622629 0.035454446 -0.92259687 0.046016386 -0.031873645 0.99843207 275.28066
212 0.99578668 0.080820301 -0.04332411 -11.428199 -0.079301948 0.99621145 0.035691113 -0.90046211 0.046044545 -0.03210505 0.99842336 276.66906
213 0.99580199 0.080694846 -0.043205739 -11.494711 -0.079167733 0.99621234 0.035963151 -0.87673575 0.045944135 -0.032391678 0.99841873 278.11902
214 0.99582333 0.080371439 -0.043316655 -11.567857 -0.078830467 0.99623114 0.036182667 -0.85313383 0.046061458 -0.032616873 0.99840599 279.67288
215 0.99585889 0.079916892 -0.043340063 -11.641699 -0.078362568 0.99625826 0.036451339 -0.82753687 0.046090977 -0.032904153 0.9983952 281.27095
216 0.99590024 0.079423364 -0.04329716 -11.714636 -0.077857514 0.99628771 0.036727696 -0.80148792 0.04605347 -0.033206113 0.99838694 282.8568
217 0.99594587 0.078930936 -0.043147806 -11.786278 -0.077356041 0.99631564 0.037028447 -0.77428506 0.045911528 -0.033540587 0.99838229 284.43999
218 0.99596019 0.078750348 -0.043147205 -11.856295 -0.077163146 0.99632065 0.037295039 -0.74782284 0.045925453 -0.033815001 0.9983724 285.96726
219 0.99597706 0.078488006 -0.043235829 -11.931707 -0.076888046 0.99633405 0.037504622 -0.7217436 0.046020996 -0.034029426 0.99836071 287.56743
220 0.99597321 0.07829768 -0.043667489 -12.015306 -0.07667735 0.99634576 0.037624696 -0.69687819 0.046453848 -0.034124883 0.99833741 289.25757
221 0.99603505 0.077426356 -0.043810241 -12.102411 -0.075793282 0.99640729 0.037786151 -0.66971851 0.046578492 -0.03431581 0.99832505 291.05422
222 0.99630191 0.074758876 -0.042351065 -12.18424 -0.073220383 0.99663714 0.036784532 -0.64739245 0.044958619 -0.03354754 0.99842543 292.92628
223 0.99658997 0.071910525 -0.040463677 -12.263589 -0.070479601 0.99687253 0.035744734 -0.62821352 0.042907555 -0.032770981 0.99854146 294.83194
224 0.99672003 0.071265596 -0.038345906 -12.348783 -0.069843003 0.99686252 0.037242117 -0.60123498 0.040879682 -0.034441772 0.99857031 296.87705
225 0.99682869 0.071089402 -0.03576116 -12.429923 -0.0696728 0.99679099 0.039412298 -0.5678587 0.038448202 -0.036795731 0.99858292 298.9803
226 0.99685791 0.072193107 -0.03259542 -12.510218 -0.070774011 0.99657485 0.042772938 -0.52594935 0.035571691 -0.040331635 0.99855298 301.19858
227 0.99682893 0.073983405 -0.029300997 -12.583411 -0.07254959 0.99624261 0.047298386 -0.46874329 0.032690201 -0.045022626 0.99845098 303.4446
228 0.99685816 0.074835483 -0.025951049 -12.648595 -0.07346667 0.99603331 0.050201601 -0.41201204 0.029604974 -0.048137341 0.99840192 305.67228
229 0.99678656 0.076831829 -0.022658959 -12.713393 -0.075514107 0.99567132 0.054186189 -0.34460315 0.026724103 -0.052300997 0.99827375 307.97842
230 0.99663583 0.079619893 -0.019434753 -12.76722 -0.078343105 0.99515477 0.059407523 -0.25753487 0.02407061 -0.05768509 0.99804463 310.27155
231 0.9965735 0.081092169 -0.016288541 -12.813203 -0.079915772 0.99479961 0.063143599 -0.1690954 0.021324288 -0.061625529 0.99787154 312.50594
232 0.99654763 0.081943058 -0.013347539 -12.854972 -0.08090199 0.99456416 0.065550849 -0.081990402 0.018646424 -0.064244704 0.99775998 314.73449
233 0.99642857 0.083753032 -0.010749391 -12.89302 -0.082823907 0.99419286 0.068707123 0.015089111 0.0164414 -0.067571437 0.99757898 316.98019
234 0.99611892 0.087656968 -0.0079603762 -12.927097 -0.086821088 0.9934123 0.074793175 0.13943764 0.014464081 -0.073811772 0.99716732 319.31193
235 0.99588234 0.090612874 -0.0027690331 -12.948974 -0.090102808 0.99271924 0.079936868 0.27509182 0.0099921835 -0.079358222 0.9967961 321.86416
236 0.9954028 0.095752056 0.002195246 -12.959782 -0.095570011 0.99148155 0.088490783 0.45007759 0.0062966301 -0.088293778 0.9960746 324.46368
237 0.99508429 0.098638536 0.0088144202 -12.944835 -0.099030007 0.99061742 0.094181196 0.63175181 0.0005581783 -0.094591126 0.99551607 327.11655
238 0.99470123 0.10150429 0.016320044 -12.909401 -0.1026367 0.98961025 0.10068354 0.83619425 -0.0059306707 -0.10182508 0.99478466 329.83889
239 0.99420419 0.10512804 0.022497339 -12.859799 -0.1069502 0.98844014 0.10745999 1.0571432 -0.010940215 -0.10924327 0.99395486 332.45848
240 0.99381901 0.10674914 0.030469536 -12.783838 -0.10952692 0.98761554 0.11233571 1.2855741 -0.018100446 -0.11497861 0.99320307 335.15417
241 0.99311251 0.11134586 0.03646445 -12.699458 -0.11498972 0.98595957 0.12108266 1.5493068 -0.022470421 -0.12444175 0.99197247 337.74673
242 0.99268424 0.11250097 0.043835317 -12.589432 -0.11716378 0.98525887 0.12464957 1.8001893 -0.029165938 -0.12887358 0.99123206 340.33282
243 0.99215782 0.11436732 0.050427893 -12.467034 -0.12003472 0.98431438 0.1292934 2.0644009 -0.034849961 -0.13433257 0.99032332 342.86902
244 0.99171139 0.11576873 0.05573263 -12.337682 -0.12226901 0.98361471 0.13248512 2.3223641 -0.039481803 -0.13820138 0.9896169 345.27184
245 0.99114584 0.11823519 0.060418331 -12.203293 -0.12562417 0.98238156 0.13836525 2.6010743 -0.042994214 -0.14473015 0.98853666 347.62785
246 0.99092649 0.1178778 0.06457186 -12.066984 -0.12595796 0.98208811 0.14013369 2.8548058 -0.046896608 -0.14699553 0.98802483 349.83378
247 0.99084269 0.11655235 0.068163905 -11.928589 -0.12521112 0.98208175 0.14084573 3.098573 -0.050526629 -0.14809085 0.98768224 351.94858
248 0.99095501 0.11409664 0.070640793 -11.793491 -0.12309104 0.98249319 0.13984148 3.3218304 -0.053448657 -0.14727188 0.98765089 353.89892
249 0.99092347 0.11286624 0.073019838 -11.652874 -0.12226631 0.98248728 0.14060443 3.5575656 -0.055871572 -0.1482561 0.9873695 355.91559
250 0.99099464 0.11031829 0.075891383 -11.5048 -0.12011341 0.98288204 0.13969816 3.7839873 -0.059181019 -0.14755571 0.9872816 357.91122
251 0.99105655 0.10792556 0.078479216 -11.353296 -0.11807256 0.98324497 0.13888162 4.0077628 -0.062175421 -0.14690579 0.98719448 359.8924
252 0.99124833 0.10423036 0.081011025 -11.199938 -0.11462799 0.98397413 0.13658421 4.216012 -0.065476533 -0.14467501 0.98731049 361.79036
253 0.991402 0.10152456 0.082552043 -11.050881 -0.11208269 0.98443585 0.13536413 4.4206301 -0.06752441 -0.14345293 0.98735088 363.63443
254 0.99152866 0.098393681 0.084791566 -10.892247 -0.10920793 0.98492959 0.1341165 4.6263025 -0.070317511 -0.14224027 0.98733135 365.51135
255 0.99153337 0.096345873 0.087057809 -10.725831 -0.10748292 0.98514724 0.13391136 4.8398876 -0.072862956 -0.14213482 0.98716196 367.46058
256 0.99151013 0.093884383 0.089963316 -10.549282 -0.10532926 0.9855963 0.13230868 5.0473998 -0.076245796 -0.14066118 0.98711755 369.46153
257 0.99140897 0.093331882 0.091637429 -10.374358 -0.10510546 0.98546965 0.13342534 5.2672176 -0.077853071 -0.14191068 0.98681321 371.46279
258 0.99118956 0.093234575 0.094077543 -10.182817 -0.1055289 0.98513718 0.13552968 5.5055542 -0.080043238 -0.14426351 0.98629669 373.57886
259 0.99089991 0.093407989 0.09691395 -9.9811992 -0.10633674 0.98468147 0.13818398 5.7546691 -0.082521887 -0.14723202 0.98565355 375.73182
260 0.99035815 0.094669613 0.10113556 -9.7491289 -0.10854295 0.9839141 0.14188512 6.0352373 -0.086076501 -0.15149465 0.98470313 378.12544
261 0.98956981 0.098173556 0.10542085 -9.4989804 -0.11335304 0.98227621 0.14927977 6.360168 -0.088897074 -0.15967254 0.98315921 380.64612
262 0.9886427 0.098813348 0.11323222 -9.197286 -0.11558958 0.98148639 0.15272009 6.6939712 -0.096045104 -0.16407407 0.98176121 383.33043
263 0.98750169 0.098829655 0.12277262 -8.8507589 -0.11751561 0.98078907 0.155701 7.047 -0.10502617 -0.16818271 0.98014495 386.19828
264 0.98617212 0.10002294 0.1321362 -8.4675692 -0.12071962 0.97982656 0.15926894 7.4205441 -0.11354002 -0.17301803 0.97835243 389.09263
265 0.98477012 0.1007157 0.14171861 -8.0584167 -0.12364973 0.9787387 0.16364969 7.8103318 -0.1222234 -0.1786808 0.97628615 392.00069
266 0.98340385 0.10189917 0.15011142 -7.6427756 -0.12698921 0.9775097 0.16836995 8.2035753 -0.12957862 -0.1846382 0.97422695 394.77497
267 0.98221832 0.1029651 0.15698845 -7.2360864 -0.12985074 0.97650859 0.17195835 8.5826635 -0.13559487 -0.18928572 0.97251478 397.38285
268 0.98123302 0.10564602 0.16130929 -6.8460919 -0.13420062 0.97486031 0.17786928 8.9734733 -0.13846285 -0.19617903 0.97074295 399.88234
269 0.98017351 0.10805864 0.16608201 -6.4385829 -0.13846337 0.97311893 0.18403087 9.3849273 -0.14173144 -0.20337847 0.96878762 402.3961
270 0.97864671 0.10776651 0.17503429 -5.9592895 -0.14070214 0.97199074 0.18824671 9.8267366 -0.14984503 -0.20885473 0.96639858 405.09967
