3 0.9999977 0.00044631129 -0.0020960831 -0.0096706371 -0.00044590234 0.99999988 0.0001955619 -0.024074349 0.0020961702 -0.0001946268 0.99999778 1.194665
4 0.99999978 0.00021267999 -0.0006238182 -0.0030470738 -0.00021256497 0.99999996 0.00018443902 -0.022500103 0.0006238574 -0.00018430638 0.99999979 1.175214
5 0.99999989 0.00024068845 -0.00041420886 -0.0024622493 -0.00024061655 0.99999996 0.00017361139 -0.022717477 0.00041425063 -0.0001735117 0.9999999 1.1786523
6 0.99999991 0.00021823745 -0.00036802991 -0.0030232179 -0.00021817679 0.99999996 0.00016485697 -0.023572106 0.00036806588 -0.00016477666 0.99999992 1.1951258
7 0.99999967 0.0002507969 -0.00077881373 -0.0037351266 -0.00025065908 0.99999995 0.00017705342 -0.023044214 0.00077885809 -0.00017685815 0.99999968 1.1930772
8 0.99999989 0.00010923732 -0.00045335747 -0.0022477489 -0.00010913316 0.99999997 0.00022978143 -0.022466148 0.00045338255 -0.00022973193 0.99999987 1.1998654
9 0.99999995 0.00029924557 -8.2934243e-05 -0.0030284373 -0.00029922963 0.99999994 0.00019225153 -0.02474324 8.2991768e-05 -0.0001922267 0.99999998 1.2465677
10 0.99999974 0.00044296095 -0.00056693124 -0.0042772431 -0.00044287023 0.99999989 0.00016013865 -0.025174303 0.00056700211 -0.00015988754 0.99999983 1.260663
11 0.99999988 0.00046849522 -0.00013684862 -0.0034782682 -0.00046847483 0.99999988 0.00014895489 -0.025931059 0.00013691839 -0.00014889077 0.99999998 1.2753364
12 0.99999993 0.00038162693 -2.5676231e-05 -0.0032297776 -0.00038162327 0.99999992 0.0001423593 -0.026502384 2.5730557e-05 -0.00014234949 0.99999999 1.2889134
13 0.99999993 0.00034577756 -0.00014387563 -0.0029829646 -0.00034575397 0.99999993 0.0001639357 -0.025952434 0.0001439323 -0.00016388595 0.99999998 1.2881605
14 0.99999997 0.00020783354 -0.00013680754 -0.00219047 -0.00020780611 0.99999996 0.00020044833 -0.025001632 0.00013684919 -0.0002004199 0.99999997 1.2770693
15 0.99999997 0.00022177644 0.0001144592 -0.0018928669 -0.00022180009 0.99999995 0.00020663881 -0.025465577 -0.00011441337 -0.00020666419 0.99999997 1.2904193
16 0.99999995 0.0002669141 -0.00014104833 -0.0026134732 -0.00026688844 0.99999995 0.00018193815 -0.025554904 0.00014109688 -0.0001819005 0.99999997 1.2845164
17 0.99999995 0.00032826291 1.8582545e-05 -0.0028011281 -0.00032826622 0.99999993 0.00017858645 -0.026188326 -1.8523921e-05 -0.00017859254 0.99999998 1.2986139
18 0.99999967 0.00057664131 -0.00057341985 -0.0055861869 -0.00057662423 0.99999983 2.994715e-05 -0.027362548 0.00057343702 -2.9616492e-05 0.99999984 1.2593955
19 0.99999998 0.00022112594 -6.1758862e-07 -0.0018714095 -0.00022112579 0.99999995 0.00023122959 -0.024575637 6.6871945e-07 -0.00023122945 0.99999997 1.2770046
20 0.99999989 0.00044981943 -0.00014251432 -0.0041448749 -0.00044980057 0.99999989 0.0001323679 -0.02711542 0.00014257384 -0.00013230378 0.99999998 1.3010282
21 0.99999986 0.00036539857 -0.00037723446 -0.0034078744 -0.00036530652 0.9999999 0.00024405383 -0.025180403 0.0003773236 -0.00024391599 0.9999999 1.3143019
22 0.99999976 0.00050941784 -0.00046647735 -0.0047973306 -0.00050937442 0.99999987 9.3190469e-05 -0.027319564 0.00046652476 -9.2952835e-05 0.99999989 1.2984534
23 0.99999995 0.00023943838 0.0001933626 -0.001534061 -0.00023949077 0.99999993 0.00027091715 -0.02558309 -0.00019329772 -0.00027096344 0.99999994 1.3396252
24 0.99999984 0.0005620308 -0.00010068497 -0.0049760164 -0.00056202232 0.99999984 8.4234171e-05 -0.029491417 0.00010073229 -8.417757e-05 0.99999999 1.3586961
25 0.99999993 0.00030990613 -0.00023017763 -0.002888612 -0.00030985034 0.99999992 0.00024235882 -0.027192967 0.00023025272 -0.00024228748 0.99999994 1.3982846
26 0.99999999 7.0659794e-05 7.6842341e-05 -0.0018477436 -7.0677188e-05 0.99999997 0.00022638346 -0.027350277 -7.6826342e-05 -0.00022638889 0.99999997 1.3791419
27 0.99999998 0.00020877297 6.1384478e-05 -0.0018835986 -0.00020878861 0.99999995 0.00025499611 -0.026884928 -6.1331238e-05 -0.00025500892 0.99999997 1.3850241
28 0.99999996 0.00026920962 1.2567166e-05 -0.0025265589 -0.00026921205 0.99999994 0.00019385076 -0.027516113 -1.2514979e-05 -0.00019385413 0.99999998 1.3672693
29 0.99999988 0.00044955146 0.0001682219 -0.0028188278 -0.00044958717 0.99999988 0.00021228027 -0.027357699 -0.00016812645 -0.00021235588 0.99999996 1.366656
30 0.99999985 0.00052165449 0.00015803622 -0.0036414138 -0.00052168469 0.99999985 0.00019110656 -0.028595399 -0.0001579365 -0.00019118898 0.99999997 1.3848381
31 0.99999979 0.00064545995 0.00010717899 -0.0044080737 -0.00064547798 0.99999978 0.00016821214 -0.029028764 -0.00010707039 -0.00016828129 0.99999998 1.3765635
32 0.99999976 0.00068754799 -4.331672e-05 -0.0045664552 -0.00068754296 0.99999976 0.00011609473 -0.028630643 4.339653e-05 -0.00011606492 0.99999999 1.3536317
33 0.99999986 0.00052796807 2.3666167e-05 -0.0037309852 -0.00052797173 0.99999985 0.00015511274 -0.027517442 -2.3584269e-05 -0.00015512521 0.99999999 1.3354543
34 0.99999982 0.00049505527 -0.00032450772 -0.0043218503 -0.00049501703 0.99999987 0.00011790151 -0.027125197 0.00032456604 -0.00011774085 0.99999994 1.3047094
35 0.99999993 0.00035413833 -0.00011904804 -0.0032814878 -0.00035411972 0.99999993 0.00015631311 -0.026553618 0.00011910339 -0.00015627095 0.99999998 1.3028667
36 0.99999992 0.00038376659 8.7892629e-05 -0.0030114755 -0.00038378083 0.99999991 0.000162035 -0.027112004 -8.7830438e-05 -0.00016206872 0.99999998 1.3226714
37 0.99999995 0.00027771787 -0.00014723448 -0.0029899825 -0.00027768873 0.99999994 0.00019789961 -0.027032604 0.00014728943 -0.00019785872 0.99999997 1.3518072
38 0.99999998 0.00020011551 5.5435545e-05 -0.0020783935 -0.00020012865 0.99999995 0.00023719444 -0.027308069 -5.5388076e-05 -0.00023720553 0.99999997 1.3877204
39 0.99999997 0.00022676764 0.00010967314 -0.002238289 -0.00022679177 0.99999995 0.00022005204 -0.027979009 -0.00010962324 -0.00022007691 0.99999997 1.3994953
40 0.99999995 0.00031237978 2.8041572e-05 -0.0025778772 -0.00031238542 0.99999993 0.00020136515 -0.027775527 -2.7978668e-05 -0.0002013739 0.99999998 1.3825014
41 0.99999996 0.0002852473 -4.4539808e-05 -0.0023968217 -0.00028523852 0.99999994 0.00019698793 -0.026576583 4.4595996e-05 -0.00019697522 0.99999998 1.3367731
42 0.99999995 0.0003001518 -4.6101662e-06 -0.0025053079 -0.00030015089 0.99999994 0.00019797669 -0.026372269 4.6695889e-06 -0.0001979753 0.99999998 1.3247153
43 0.99999996 0.00028648669 3.5418807e-05 -0.0023856174 -0.00028649406 0.99999994 0.0002082549 -0.026462355 -3.5359142e-05 -0.00020826504 0.99999998 1.3337499
44 0.99999997 0.00021247266 0.00015506633 -0.0019672102 -0.00021250917 0.99999995 0.00023546481 -0.026724664 -0.00015501629 -0.00023549775 0.99999996 1.3577673
45 0.99999998 0.00019140432 7.8401796e-05 -0.0019543876 -0.00019142205 0.99999996 0.00022616812 -0.027090029 -7.8358503e-05 -0.00022618313 0.99999997 1.3706654
46 0.99999996 0.00023446612 0.00016969965 -0.0020649234 -0.00023450371 0.99999995 0.00022153574 -0.027919015 -0.0001696477 -0.00022157553 0.99999996 1.3971713
47 0.99999993 0.00035358179 0.00014695742 -0.0024755832 -0.00035360983 0.99999992 0.00019081678 -0.027528671 -0.00014688994 -0.00019086873 0.99999997 1.3621603
48 0.99999978 0.00047891714 0.00045490617 -0.0020632232 -0.00047903171 0.99999985 0.00025179876 -0.027126598 -0.00045478551 -0.00025201662 0.99999986 1.3744005
49 0.99999968 0.00072686621 0.00033929101 -0.0037106753 -0.00072692724 0.99999972 0.00017977166 -0.028741247 -0.00033916024 -0.00018001824 0.99999993 1.3829515
50 0.99999971 0.00067633091 0.0003455289 -0.0035897715 -0.0006764039 0.99999975 0.00021116332 -0.028404849 -0.000345386 -0.00021139698 0.99999992 1.3876318
51 0.9999997 0.00076820669 9.4906738e-05 -0.0048540507 -0.0007682207 0.99999969 0.00014769674 -0.029165886 -9.4793248e-05 -0.0001477696 0.99999998 1.3743591
52 0.9999998 0.00062853961 -8.7930521e-05 -0.0045304172 -0.0006285266 0.99999979 0.00014793955 -0.028249116 8.8023488e-05 -0.00014788425 0.99999999 1.35957
53 0.99999978 0.00061541889 -0.00024833574 -0.0048629062 -0.00061539212 0.9999998 0.00010788857 -0.028075037 0.00024840209 -0.00010773572 0.99999996 1.3299726
54 0.9999998 0.00056993985 0.00027047658 -0.0039501316 -0.0005699902 0.99999982 0.00018610886 -0.028069048 -0.00027037046 -0.00018626299 0.99999995 1.3577599
55 0.9999997 0.00075167149 -0.00017299965 -0.0053944217 -0.00075165754 0.99999971 8.071799e-05 -0.02898846 0.00017306027 -8.0587929e-05 0.99999998 1.3436391
56 0.99999987 0.00049608036 -0.00012469324 -0.0040631827 -0.00049605925 0.99999986 0.00016928894 -0.027356743 0.00012477721 -0.00016922706 0.99999998 1.3316867
57 0.99999987 0.00051852869 -2.3452337e-05 -0.0038087652 -0.00051852622 0.99999986 0.00010531819 -0.027612466 2.3506944e-05 -0.00010530602 0.99999999 1.3091144
58 0.99999985 0.00051517541 -0.00015768788 -0.0042338472 -0.00051515699 0.99999986 0.00011682063 -0.027190395 0.00015774804 -0.00011673938 0.99999998 1.2991209
59 0.99999986 0.00046653708 -0.00023626182 -0.0042710903 -0.00046651338 0.99999989 0.00010037096 -0.026911955 0.00023630862 -0.00010026073 0.99999997 1.2793369
60 0.99999994 0.00029922058 -0.0001701011 -0.0030785797 -0.0002991982 0.99999995 0.00013158865 -0.025792614 0.00017014047 -0.00013153775 0.99999998 1.2587215
61 0.99999992 0.00039331761 -4.5285385e-05 -0.0029933837 -0.0003933118 0.99999991 0.0001280907 -0.025764186 4.5335761e-05 -0.00012807288 0.99999999 1.2537661
62 0.9999999 0.000376615 -0.00024472486 -0.003184161 -0.00037658854 0.99999992 0.00010815124 -0.025258391 0.00024476557 -0.00010805907 0.99999996 1.2312989
63 0.99999988 0.00032086736 -0.0003642881 -0.0035371154 -0.00032081593 0.99999994 0.00014121561 -0.024772271 0.00036433339 -0.00014109873 0.99999992 1.2271863
64 0.99999987 0.0003495991 -0.00037649118 -0.0034036028 -0.00034955068 0.99999993 0.00012867115 -0.024575048 0.00037653614 -0.00012853953 0.99999992 1.2161547
65 0.99999988 0.00042621505 -0.00024061372 -0.0036887462 -0.00042618468 0.9999999 0.0001262487 -0.025288949 0.0002406675 -0.00012614614 0.99999996 1.233894
66 0.99999982 0.0004676825 -0.00037616341 -0.0040032802 -0.00046763955 0.99999988 0.00011426327 -0.025433611 0.0003762168 -0.00011408734 0.99999992 1.2384561
67 0.99999979 0.00055736055 -0.00032774249 -0.0043807649 -0.00055732169 0.99999984 0.00011867077 -0.026099631 0.00032780857 -0.00011848808 0.99999994 1.2622698
68 0.99999983 0.00050467555 -0.0002774667 -0.0040301621 -0.00050464719 0.99999987 0.00010227256 -0.026176525 0.00027751827 -0.00010213252 0.99999996 1.2584783
69 0.99999983 0.00048350473 -0.00033613797 -0.0041908296 -0.00048347426 0.99999988 9.0713908e-05 -0.026198956 0.00033618179 -9.0551378e-05 0.99999994 1.2529119
70 0.9999998 0.00055436625 -0.0003138172 -0.0042098459 -0.00055433428 0.99999984 0.00010194673 -0.025976636 0.00031387366 -0.00010177275 0.99999995 1.2451442
71 0.99999981 0.00055636838 -0.0002541727 -0.0041923479 -0.00055634511 0.99999984 9.158815e-05 -0.026119108 0.00025422362 -9.1446725e-05 0.99999996 1.243544
72 0.9999998 0.00058300715 -0.00023995951 -0.0044083128 -0.0005829834 0.99999983 9.9014805e-05 -0.026371072 0.0002400172 -9.8874892e-05 0.99999997 1.253789
73 0.99999974 0.00064425325 -0.00031086656 -0.0049536717 -0.00064422768 0.99999979 8.2347249e-05 -0.026817473 0.00031091954 -8.2146959e-05 0.99999995 1.2641189
74 0.9999997 0.00062312923 -0.00045983824 -0.0050260127 -0.00062309563 0.9999998 7.3193327e-05 -0.026675992 0.00045988376 -7.2906782e-05 0.99999989 1.2602944
75 0.99999982 0.00056847196 -0.00018297827 -0.004571232 -0.00056845307 0.99999983 0.00010325397 -0.026955336 0.00018303693 -0.00010314994 0.99999998 1.277869
76 0.99999971 0.00070191325 -0.00029278827 -0.0051017726 -0.00070188754 0.99999975 8.7917112e-05 -0.027386823 0.0002928499 -8.7711582e-05 0.99999995 1.2909119
77 0.99999975 0.00057069519 -0.0004286124 -0.0046620618 -0.00057063996 0.99999983 0.0001289634 -0.026619319 0.00042868592 -0.00012871878 0.9999999 1.2919471
78 0.99999985 0.00053968212 -6.8303528e-05 -0.0038968911 -0.00053967351 0.99999985 0.00012604506 -0.026994309 6.8371542e-05 -0.00012600818 0.99999999 1.2959464
79 0.9999998 0.00058698455 -0.00024362151 -0.0042461636 -0.00058696084 0.99999982 9.7366095e-05 -0.02696703 0.00024367862 -9.7223079e-05 0.99999997 1.2874047
80 0.99999982 0.00052269392 -0.00030748834 -0.0040508058 -0.00052265528 0.99999986 0.00012573189 -0.026232774 0.00030755402 -0.00012557116 0.99999994 1.2758053
81 0.99999984 0.00055302069 -0.00011359155 -0.0041062883 -0.00055300831 0.99999984 0.00010900983 -0.026847449 0.00011365181 -0.000108947 0.99999999 1.2800715
82 0.99999976 0.00063667025 -0.00025862813 -0.0046812831 -0.0006366493 0.99999979 8.1076738e-05 -0.027269877 0.0002586797 -8.0912063e-05 0.99999996 1.2841703
83 0.99999979 0.00058172459 -0.00029080205 -0.0045370217 -0.00058168706 0.99999982 0.00012912795 -0.026967254 0.00029087711 -0.00012895877 0.99999995 1.2949823
84 0.99999979 0.00054658912 -0.000347768 -0.00451964 -0.00054654983 0.99999984 0.00011304919 -0.026944322 0.00034782974 -0.00011285909 0.99999993 1.2877616
85 0.99999978 0.00051110228 -0.00041716267 -0.0045386848 -0.0005110416 0.99999986 0.00014555198 -0.026450551 0.00041723701 -0.00014533876 0.9999999 1.2848119
86 0.99999976 0.0004667183 -0.00050298269 -0.0043718164 -0.00046664119 0.99999988 0.00015342674 -0.025903371 0.00050305424 -0.00015319199 0.99999986 1.2771447
87 0.99999974 0.00040484883 -0.00060278021 -0.0042212404 -0.00040475244 0.99999991 0.00016003694 -0.025371216 0.00060284494 -0.00015979292 0.99999981 1.2683611
88 0.99999974 0.00042605723 -0.00057698035 -0.0042114927 -0.00042596239 0.9999999 0.00016448915 -0.025252801 0.00057705037 -0.00016424334 0.99999982 1.2669118
89 0.99999976 0.00044860878 -0.00052267001 -0.0043483836 -0.00044851464 0.99999988 0.00018022552 -0.025307337 0.0005227508 -0.00017999105 0.99999985 1.2700951
90 0.99999964 0.00063152205 -0.00056066319 -0.0057181283 -0.00063145361 0.99999979 0.00012224189 -0.026632662 0.00056074027 -0.00012188782 0.99999984 1.2741475
91 0.99999973 0.00063641202 -0.00037205448 -0.0048145031 -0.00063637014 0.99999979 0.00011267241 -0.026448168 0.00037212611 -0.00011243562 0.99999992 1.2693334
92 0.99999974 0.00063716548 -0.00034357583 -0.0048568093 -0.0006371354 0.99999979 8.7668135e-05 -0.026758051 0.00034363162 -8.7449207e-05 0.99999994 1.2690218
93 0.9999998 0.00056440697 -0.00029820368 -0.004433232 -0.00056437771 0.99999984 9.8191611e-05 -0.026462443 0.00029825905 -9.8023291e-05 0.99999995 1.2611929
94 0.9999999 0.00041752685 -0.00016948462 -0.0032763401 -0.00041750512 0.9999999 0.00012819162 -0.02575292 0.00016953813 -0.00012812084 0.99999998 1.2601677
95 0.99999987 0.00042016029 -0.00028225855 -0.003254354 -0.00042012264 0.9999999 0.00013345596 -0.02527056 0.0002823146 -0.00013333736 0.99999995 1.2497127
96 0.99999988 0.00039698372 -0.00029749941 -0.0031289456 -0.00039694213 0.99999991 0.00013984244 -0.024969363 0.0002975549 -0.00013972434 0.99999995 1.2428393
97 0.9999999 0.00043045786 -0.00014100473 -0.0031597781 -0.00043043916 0.9999999 0.00013263451 -0.025439401 0.00014106181 -0.00013257381 0.99999998 1.249488
98 0.99999982 0.00049925286 -0.00033142217 -0.0039609587 -0.00049921181 0.99999987 0.00012390551 -0.025773504 0.00033148398 -0.00012374004 0.99999994 1.2568064
99 0.99999982 0.00051175287 -0.00031709558 -0.0038648288 -0.00051171269 0.99999986 0.00012677927 -0.025728811 0.00031716041 -0.00012661699 0.99999994 1.2599087
100 0.99999976 0.0006420916 -0.00027733796 -0.0049512704 -0.00064207013 0.99999979 7.7488632e-05 -0.026952903 0.00027738765 -7.7310543e-05 0.99999996 1.2613886
101 0.99999975 0.00052446688 -0.0004773951 -0.0043113109 -0.00052441659 0.99999986 0.00010545504 -0.025766326 0.00047745034 -0.00010520466 0.99999988 1.2499631
102 0.99999986 0.00046983398 -0.0002618104 -0.0039855562 -0.00046980034 0.99999988 0.00012855243 -0.026001981 0.00026187076 -0.00012842941 0.99999996 1.2637039
103 0.99999975 0.00053482865 -0.00045169987 -0.0045351672 -0.00053477965 0.99999985 0.00010859319 -0.026173813 0.00045175788 -0.0001083516 0.99999989 1.2641742
104 0.99999978 0.00048280924 -0.00046234822 -0.0042901739 -0.00048274322 0.99999987 0.00014290334 -0.025912015 0.00046241715 -0.00014268012 0.99999988 1.2763296
105 0.99999978 0.00050942746 -0.0004282032 -0.0042936836 -0.00050937366 0.99999986 0.00012574826 -0.026086015 0.0004282672 -0.00012553011 0.9999999 1.2727357
106 0.99999989 0.00032910178 -0.00032810135 -0.0030613798 -0.00032904254 0.99999993 0.00018058494 -0.025053119 0.00032816076 -0.00018047696 0.99999993 1.2707922
107 0.99999997 0.00014267929 -0.00020570308 -0.0021124704 -0.00014263288 0.99999996 0.00022560471 -0.024133022 0.00020573526 -0.00022557537 0.99999995 1.2563335
108 0.99999999 0.00016277108 -3.9532675e-05 -0.0015839926 -0.00016276236 0.99999996 0.00022033296 -0.023818411 3.9568537e-05 -0.00022032653 0.99999997 1.2399232
109 0.99999997 0.00024588419 1.0211546e-05 -0.0019705871 -0.00024588613 0.99999995 0.00018960954 -0.024382469 -1.0164924e-05 -0.00018961205 0.99999998 1.2393399
110 0.99999997 0.00025621888 -3.8950466e-05 -0.0023529353 -0.00025621315 0.99999996 0.00014698673 -0.024959919 3.8988125e-05 -0.00014697675 0.99999999 1.2362575
111 0.99999996 0.00026608731 -0.00011323651 -0.0024232071 -0.00026606775 0.99999995 0.00017276618 -0.024476953 0.00011328248 -0.00017273605 0.99999998 1.2351461
112 0.99999991 0.00042630048 -8.1504181e-05 -0.0035225674 -0.00042629135 0.9999999 0.00011207613 -0.025969864 8.1551951e-05 -0.00011204137 0.99999999 1.2488879
113 0.99999986 0.00052856204 -6.1167706e-05 -0.0034919985 -0.00052855332 0.99999985 0.00014247242 -0.026087199 6.1243003e-05 -0.00014244007 0.99999999 1.2749524
114 0.99999986 0.0004634579 -0.00024343681 -0.0035645392 -0.00046342924 0.99999989 0.00011778911 -0.025994941 0.00024349137 -0.00011767628 0.99999996 1.2654438
115 0.99999995 0.00019642502 -0.00025728638 -0.0024408606 -0.00019637874 0.99999996 0.00017990664 -0.024481143 0.00025732171 -0.0001798561 0.99999995 1.2457777
116 0.99999998 0.00020840455 -4.7050651e-05 -0.0020519772 -0.00020839549 0.99999996 0.0001925144 -0.024370179 4.709077e-05 -0.00019250459 0.99999998 1.2420405
117 0.99999991 0.00030311977 -0.00029003152 -0.0031932903 -0.00030307096 0.99999994 0.00016833343 -0.024832441 0.00029008253 -0.00016824551 0.99999994 1.2464867
118 0.99999979 0.0004939017 -0.00041271126 -0.0040158523 -0.00049385391 0.99999987 0.00011590925 -0.025691244 0.00041276845 -0.00011570541 0.99999991 1.2529594
119 0.99999986 0.00053491721 -4.8409196e-05 -0.0037520651 -0.00053490989 0.99999985 0.00015102583 -0.026334006 4.8489975e-05 -0.00015099992 0.99999999 1.2769865
120 0.99999971 0.00057084748 -0.00049888915 -0.0050957565 -0.0005707901 0.99999983 0.00011514259 -0.026707486 0.0004989548 -0.0001148578 0.99999987 1.2818793
121 0.99999985 0.00045935359 -0.00030741513 -0.003747544 -0.00045930123 0.99999988 0.00017037904 -0.025727165 0.00030749336 -0.00017023782 0.99999994 1.2868824
122 0.9999998 0.00044216518 -0.00044632548 -0.004073985 -0.0004421095 0.99999989 0.00012483049 -0.025823173 0.00044638063 -0.00012463314 0.99999989 1.2648245
123 0.99999989 0.00041349681 -0.00023606406 -0.0036546785 -0.00041346257 0.9999999 0.00014504565 -0.025655227 0.00023612402 -0.00014494803 0.99999996 1.2621514
124 0.99999985 0.00040941961 -0.0003505051 -0.0038804441 -0.00040938237 0.99999991 0.0001063124 -0.025710283 0.0003505486 -0.00010616889 0.99999993 1.2446214
125 0.99999989 0.00042822595 -0.00020676439 -0.0035430962 -0.00042819617 0.9999999 0.00014405376 -0.025447802 0.00020682606 -0.00014396521 0.99999997 1.2524731
126 0.9999998 0.00060934616 -0.00019545135 -0.004550165 -0.00060933004 0.99999981 8.2519634e-05 -0.026764222 0.00019550159 -8.2400522e-05 0.99999998 1.2579892
127 0.99999971 0.00061529704 -0.00045074145 -0.0052652934 -0.00061524892 0.99999981 0.00010688186 -0.026683007 0.00045080712 -0.00010660451 0.99999989 1.2632808
128 0.99999982 0.00057746211 -0.00017555915 -0.0043284095 -0.00057743861 0.99999982 0.0001338895 -0.026489909 0.00017563644 -0.00013378811 0.99999998 1.2757759
129 0.99999967 0.00068271263 -0.00044971063 -0.0052793344 -0.0006826644 0.99999976 0.00010737806 -0.026834324 0.00044978383 -0.00010707103 0.99999989 1.2851224
130 0.99999981 0.0005427475 -0.00030605648 -0.0046535907 -0.00054270706 0.99999984 0.00013220847 -0.02665508 0.00030612819 -0.00013204234 0.99999994 1.2879354
131 0.99999985 0.00048743688 -0.00023204765 -0.0040383112 -0.00048741122 0.99999988 0.00011062363 -0.026516643 0.00023210154 -0.00011051051 0.99999997 1.2743043
132 0.99999991 0.0003602253 -0.00021930094 -0.0031162675 -0.00036019255 0.99999992 0.00014938341 -0.025431164 0.00021935474 -0.00014930441 0.99999996 1.2624958
133 0.99999993 0.00032634944 -0.00019601618 -0.0032094631 -0.00032632366 0.99999994 0.00013151671 -0.025598251 0.00019605909 -0.00013145274 0.99999997 1.2524392
134 0.99999992 0.00038934084 4.1311994e-05 -0.0031581094 -0.00038934751 0.99999991 0.000161575 -0.026016819 -4.1249082e-05 -0.00016159107 0.99999999 1.2770065
135 0.99999988 0.00046594803 0.00012588462 -0.0036993525 -0.00046596663 0.99999988 0.00014769987 -0.02746607 -0.00012581578 -0.00014775852 0.99999998 1.3179151
136 0.99999993 0.0003626836 1.5111646e-05 -0.0028136061 -0.0003626866 0.99999991 0.00019927531 -0.027219447 -1.5039371e-05 -0.00019928078 0.99999998 1.3567421
137 0.99999994 0.00026312165 0.00022251546 -0.0020582923 -0.00026316935 0.99999994 0.00021437287 -0.027671571 -0.00022245904 -0.00021443142 0.99999995 1.379724
138 0.99999991 0.00034698962 0.00022403259 -0.0027310168 -0.00034703079 0.99999992 0.00018372605 -0.028415692 -0.00022396882 -0.00018380378 0.99999996 1.383176
139 0.99999989 0.00032266534 0.00033840141 -0.0024699071 -0.00032273107 0.99999993 0.00019418447 -0.028109071 -0.00033833873 -0.00019429366 0.99999992 1.3737145
140 0.9999999 0.00029695283 0.00032852639 -0.0024981794 -0.00029701624 0.99999994 0.00019297837 -0.027878589 -0.00032846907 -0.00019307593 0.99999993 1.3623898
141 0.9999999 0.00020770985 0.00040551337 -0.0022512095 -0.00020779634 0.99999996 0.00021325995 -0.028323377 -0.00040546905 -0.0002133442 0.9999999 1.3874142
142 0.99999996 0.0001773733 0.00022818712 -0.0021745904 -0.00017742182 0.99999996 0.00021260605 -0.028443401 -0.0002281494 -0.00021264653 0.99999995 1.4035528
143 0.99999997 -0.00011791647 0.00021854625 -0.0015983792 0.00011786349 0.99999996 0.00024241947 -0.02854069 -0.00021857482 -0.0002423937 0.99999995 1.4218063
144 0.9999999 -0.00032993702 0.00031242262 0.00068804612 0.0003298333 0.99999989 0.00033198782 -0.026336756 -0.00031253212 -0.00033188474 0.9999999 1.4118354
145 0.99999996 -0.00010549494 0.0002493145 -0.0014583596 0.00010543278 0.99999996 0.00024929228 -0.028653331 -0.00024934079 -0.00024926598 0.99999994 1.4320217
146 0.99999996 0.00022235176 0.00019625932 -0.002667846 -0.0002223902 0.99999996 0.00019584327 -0.029013395 -0.00019621577 -0.00019588691 0.99999996 1.4123547
147 0.99999984 0.00055996767 -6.9122355e-05 -0.004485291 -0.00055995952 0.99999984 0.00011790426 -0.029331353 6.9188366e-05 -0.00011786554 0.99999999 1.3799511
148 0.99999977 0.0006436034 0.00023542343 -0.0039778572 -0.00064363919 0.99999978 0.00015198255 -0.029180611 -0.00023532556 -0.00015213404 0.99999996 1.3848801
149 0.99999979 0.00065329591 -1.7344792e-05 -0.004747534 -0.00065329399 0.99999978 0.00011023615 -0.029196008 1.7416805e-05 -0.0001102248 0.99999999 1.366908
150 0.99999988 0.00038329827 -0.00030858843 -0.0043018292 -0.00038325583 0.99999992 0.00013757515 -0.027669414 0.00030864114 -0.00013745687 0.99999994 1.3333753
151 0.99999997 0.00021638515 0.00012719916 -0.0018316436 -0.00021641472 0.99999995 0.00023248793 -0.026390102 -0.00012714884 -0.00023251545 0.99999996 1.3457736
152 0.99999992 0.00032949748 0.00024194849 -0.0022143712 -0.00032954348 0.99999993 0.00019008565 -0.027139174 -0.00024188584 -0.00019016537 0.99999995 1.3420882
153 0.99999988 0.00047536308 -0.00014246108 -0.003516689 -0.00047533932 0.99999987 0.00016672628 -0.027058653 0.00014254032 -0.00016665854 0.99999998 1.3323822
154 0.99999989 0.00045753103 7.129746e-05 -0.0031220409 -0.00045754206 0.99999988 0.00015471022 -0.027421401 -7.1226667e-05 -0.00015474282 0.99999999 1.3331615
155 0.99999989 0.0004686825 8.0963634e-05 -0.0032732288 -0.00046869495 0.99999988 0.00015387174 -0.027610712 -8.0891507e-05 -0.00015390967 0.99999998 1.3382562
156 0.99999991 0.00041236493 -3.2168404e-06 -0.0030684202 -0.00041236435 0.9999999 0.00017823924 -0.027259131 3.2903397e-06 -0.0001782379 0.99999998 1.3449281
157 0.99999995 0.00031573417 -3.8235343e-05 -0.0026700987 -0.00031572714 0.99999993 0.00018370963 -0.026901085 3.8293344e-05 -0.00018369755 0.99999998 1.3375237
158 0.99999997 0.00024753952 2.4479696e-05 -0.0022032665 -0.00024754433 0.99999995 0.00019699653 -0.026512171 -2.443093e-05 -0.00019700259 0.99999998 1.3302215
159 0.99999995 0.00031198349 -2.3225578e-05 -0.0027627264 -0.00031197974 0.99999994 0.00016140094 -0.026655316 2.3275931e-05 -0.00016139368 0.99999999 1.3106875
160 0.99999992 0.00038697488 -4.9078241e-05 -0.0030665708 -0.00038696654 0.99999991 0.00016979746 -0.026505128 4.9143944e-05 -0.00016977845 0.99999998 1.3094702
161 0.9999999 0.00038749457 -0.00021515551 -0.0034429858 -0.00038746132 0.99999991 0.0001545355 -0.026466625 0.00021521537 -0.00015445212 0.99999996 1.302873
162 0.99999991 0.00041435974 -3.6004602e-05 -0.0029626832 -0.00041435282 0.9999999 0.00019201755 -0.026190992 3.6084163e-05 -0.00019200261 0.99999998 1.3128817
163 0.99999987 0.00049006628 -0.00013550039 -0.0036867281 -0.000490046 0.99999987 0.00014967913 -0.026951686 0.00013557372 -0.00014961271 0.99999998 1.3157089
164 0.99999987 0.00047985028 -0.00019143123 -0.0036081963 -0.00047981994 0.99999987 0.00015852644 -0.026607478 0.00019150728 -0.00015843457 0.99999997 1.3114859
165 0.99999988 0.00048233563 -0.00010317769 -0.0034899747 -0.00048232113 0.99999987 0.00014044526 -0.026906599 0.00010324542 -0.00014039548 0.99999998 1.3091739
166 0.99999987 0.00049597498 -9.9300345e-05 -0.0034480473 -0.00049596033 0.99999987 0.00014750572 -0.026777148 9.9373491e-05 -0.00014745646 0.99999998 1.3097241
167 0.99999987 0.00050098436 -7.6022369e-05 -0.0033743774 -0.00050097256 0.99999986 0.00015514108 -0.02675243 7.6100082e-05 -0.00015510297 0.99999999 1.3137704
168 0.99999984 0.00053010315 -0.00019652215 -0.0038274132 -0.00053007352 0.99999985 0.00015078197 -0.02681683 0.00019660205 -0.00015067778 0.99999997 1.314625
169 0.99999986 0.0004758055 -0.00023818213 -0.0036745091 -0.00047576901 0.99999988 0.00015323475 -0.026582432 0.00023825501 -0.0001531214 0.99999996 1.3093966
170 0.9999999 0.00045431841 -2.1415594e-05 -0.0031684109 -0.00045431453 0.99999988 0.00018072395 -0.026604003 2.1497698e-05 -0.0001807142 0.99999998 1.3210946
171 0.99999986 0.00053073294 -8.905736e-05 -0.0037544352 -0.00053071883 0.99999985 0.00015846843 -0.027233299 8.9141451e-05 -0.00015842115 0.99999998 1.331094
172 0.99999987 0.0004885713 -0.00011978223 -0.0035719881 -0.00048855144 0.99999987 0.00016576664 -0.027301472 0.0001198632 -0.0001657081 0.99999998 1.3414607
173 0.99999988 0.00047502234 -7.0278453e-05 -0.0034447319 -0.00047501172 0.99999988 0.00015113562 -0.027401907 7.0350237e-05 -0.00015110222 0.99999999 1.3352698
174 0.99999987 0.00049889091 -6.4651798e-05 -0.0035344631 -0.0004988807 0.99999986 0.00015780252 -0.027209042 6.4730516e-05 -0.00015777025 0.99999999 1.3306799
175 0.99999987 0.00049777629 -0.00014732255 -0.0038412275 -0.00049775427 0.99999986 0.00014945433 -0.027260464 0.00014739693 -0.00014938098 0.99999998 1.3271385
176 0.99999989 0.0004620668 -0.0001239496 -0.0034881244 -0.00046204571 0.99999988 0.00017010527 -0.026859637 0.00012402819 -0.00017004798 0.99999998 1.3264577
177 0.99999986 0.00049789621 -0.00020349732 -0.0039273619 -0.00049786706 0.99999987 0.00014329399 -0.027179185 0.00020356864 -0.00014319266 0.99999997 1.3219099
178 0.9999999 0.00043350195 9.8279606e-05 -0.0027301597 -0.00043352154 0.99999989 0.00019940425 -0.026790556 -9.8193153e-05 -0.00019944684 0.99999998 1.3404905
179 0.99999987 0.0004857577 -0.00014986171 -0.0041442735 -0.00048573787 0.99999987 0.00013235026 -0.02797493 0.00014992599 -0.00013227745 0.99999998 1.3396369
180 0.99999994 0.00029771879 0.00016618128 -0.0029257202 -0.00029775487 0.99999993 0.00021710581 -0.027944581 -0.00016611664 -0.00021715528 0.99999996 1.3831629
181 0.99999993 0.00036949753 4.3327333e-05 -0.0039256012 -0.0003695039 0.99999992 0.00014709955 -0.030187623 -4.3272977e-05 -0.00014711555 0.99999999 1.4248434
182 0.99999997 0.00019201446 -0.00013544793 -0.0031647469 -0.00019198872 0.99999996 0.00019007372 -0.029986873 0.00013548442 -0.00019004771 0.99999997 1.4618639
183 0.99999999 -0.00013371962 -5.5217123e-05 -0.0020908213 0.0001337323 0.99999996 0.00022968972 -0.029650317 5.5186407e-05 -0.0002296971 0.99999997 1.4699366
184 0.99999997 -0.00024065156 -8.8491844e-06 -0.0016255146 0.00024065375 0.99999994 0.00024829323 -0.029225555 8.7894317e-06 -0.00024829535 0.99999997 1.4637624
185 0.99999994 -0.00032207963 0.00016182124 5.9117104e-05 0.00032202755 0.9999999 0.00032175154 -0.028136465 -0.00016192485 -0.00032169941 0.99999994 1.4831394
186 0.99999997 -0.00025112006 1.2835446e-07 -0.0005192768 0.00025112001 0.99999993 0.00029360658 -0.027379505 -2.0208496e-07 -0.00029360654 0.99999996 1.4353863
187 0.99999995 -0.00028179839 0.00017226111 0.00055111022 0.00028174236 0.99999991 0.00032516337 -0.025874091 -0.00017235272 -0.00032511481 0.99999993 1.3984377
188 0.99999999 -0.00012943751 6.7293459e-05 -0.00053591978 0.00012941812 0.99999995 0.00028818931 -0.025661874 -6.7330758e-05 -0.0002881806 0.99999996 1.3606919
189 0.99999996 -0.00023964533 0.00014480796 0.00022846734 0.0002396 0.99999992 0.00031297844 -0.025268634 -0.00014488296 -0.00031294374 0.99999994 1.3626097
190 0.99999995 -0.00017392928 0.00026801838 0.00054230357 0.00017383936 0.99999993 0.00033548914 -0.025326511 -0.00026807671 -0.00033544253 0.99999991 1.3820063
191 0.99999994 0.00019679213 0.00028751274 -0.0017901049 -0.00019686078 0.99999995 0.00023877669 -0.028140497 -0.00028746574 -0.00023883327 0.99999993 1.4128005
192 0.99999988 0.00038021191 0.00031698701 -0.0018661263 -0.00038028648 0.9999999 0.00023521874 -0.027720441 -0.00031689755 -0.00023533926 0.99999992 1.4005827
193 0.99999992 0.00036445548 0.00014542707 -0.0025159623 -0.00036448568 0.99999991 0.00020769728 -0.028047318 -0.00014535136 -0.00020775027 0.99999997 1.3958251
194 0.99999988 0.00048132473 9.1397063e-05 -0.0033793743 -0.00048133888 0.99999987 0.00015493617 -0.028449996 -9.1322477e-05 -0.00015498014 0.99999998 1.3719167
195 0.99999991 0.00042599691 -4.4061753e-05 -0.0033775199 -0.00042599003 0.9999999 0.00015601288 -0.027641032 4.4128209e-05 -0.0001559941 0.99999999 1.3458203
196 0.99999993 0.00036257557 -8.1333599e-06 -0.0031421092 -0.00036257422 0.99999992 0.00016567794 -0.027455298 8.19343e-06 -0.00016567498 0.99999999 1.3422889
197 0.99999993 0.00035687451 0.00010570947 -0.0024820424 -0.00035689652 0.99999991 0.0002083279 -0.026899349 -0.00010563511 -0.00020836561 0.99999997 1.3506507
198 0.99999996 0.00028028602 -6.0030968e-06 -0.0026336878 -0.00028028475 0.99999994 0.00021112503 -0.027273889 6.0622718e-06 -0.00021112334 0.99999998 1.3684856
199 0.99999997 0.00022855926 -3.3515782e-05 -0.0022232968 -0.00022855178 0.99999995 0.00022304196 -0.026954023 3.3566759e-05 -0.0002230343 0.99999997 1.3691675
200 0.99999999 9.2503648e-05 0.00013152822 -0.0016397549 -9.2536319e-05 0.99999996 0.00024841533 -0.027232312 -0.00013150524 -0.0002484275 0.99999996 1.389764
201 0.99999999 9.5173981e-05 9.6397734e-05 -0.0016188929 -9.5196761e-05 0.99999997 0.00023632883 -0.027155887 -9.6375238e-05 -0.000236338 0.99999997 1.3811167
202 0.99999997 0.00013454386 0.000218017 -0.0014523535 -0.00013460136 0.99999996 0.00026375211 -0.027294448 -0.00021798151 -0.00026378145 0.99999994 1.4020778
203 0.99999997 0.00019026511 0.00011866415 -0.00226643 -0.00019028999 0.99999996 0.00020968551 -0.028008898 -0.00011862425 -0.00020970809 0.99999997 1.3914147
204 0.99999999 0.00015986868 1.4235529e-05 -0.0019239078 -0.00015987207 0.99999996 0.0002384481 -0.027358772 -1.4197408e-05 -0.00023845037 0.99999997 1.3948606
205 0.99999999 0.00012087698 0.00011986738 -0.002279094 -0.00012090274 0.99999997 0.00021494816 -0.028448105 -0.0001198414 -0.00021496265 0.99999997 1.4092475
206 0.99999999 0.00012776789 7.5225932e-05 -0.0017356039 -0.00012778536 0.99999996 0.00023239181 -0.02708435 -7.5196238e-05 -0.00023240142 0.99999997 1.3770745
207 0.99999999 0.00014334755 -7.1359974e-06 -0.0021009972 -0.00014334588 0.99999996 0.00023369847 -0.027225731 7.1694972e-06 -0.00023369745 0.99999997 1.3833832
208 0.99999999 3.2767799e-06 0.00014553958 -0.0013672563 -3.3142431e-06 0.99999997 0.00025740943 -0.027452413 -0.00014553873 -0.00025740991 0.99999996 1.404412
209 1 -2.3870508e-05 6.7294615e-05 -0.0018179566 2.3853872e-05 0.99999997 0.00024719971 -0.028222125 -6.7300514e-05 -0.00024719811 0.99999997 1.4255601
210 1 -6.8254677e-06 9.3106175e-05 -0.0014517463 6.8018986e-06 0.99999997 0.00025314083 -0.027996763 -9.31079e-05 -0.0002531402 0.99999996 1.4257458
211 0.99999999 0.00010813306 1.6254218e-05 -0.0020745717 -0.00010813689 0.99999997 0.00023611056 -0.027676271 -1.6228686e-05 -0.00023611232 0.99999997 1.4014949
212 1 8.1554533e-05 -2.5580768e-05 -0.0021516488 -8.1548506e-05 0.99999997 0.00023553032 -0.02741398 2.5599976e-05 -0.00023552823 0.99999997 1.3898069
213 0.99999999 -0.00013819495 9.6085955e-05 -0.0013504667 0.00013816797 0.99999995 0.00028072309 -0.028290239 -9.6124744e-05 -0.00028070981 0.99999996 1.4514067
214 0.99999994 -0.00033388316 -0.00012841494 -0.0033169402 0.00033391014 0.99999992 0.00021014638 -0.032722049 0.00012834477 -0.00021018925 0.99999997 1.5554097
215 0.99999989 -0.000468019 -4.4985956e-05 -0.0019416169 0.00046803096 0.99999986 0.00026613028 -0.032558416 4.4861395e-05 -0.0002661513 0.99999996 1.5996503
216 0.99999987 -0.00050770914 2.0687764e-05 -0.001583189 0.00050770334 0.99999983 0.00027902354 -0.03205845 -2.0829424e-05 -0.000279013 0.99999996 1.5874144
217 0.99999986 -0.00050798756 0.00012511192 -0.00055485484 0.00050794855 0.99999982 0.00031165081 -0.031159557 -0.00012527021 -0.00031158721 0.99999994 1.5847317
218 0.99999998 -0.00019284294 -2.0478297e-05 -0.0016611821 0.00019284838 0.99999995 0.00026598925 -0.030387561 2.0427001e-05 -0.00026599319 0.99999996 1.5288061
219 0.99999996 -0.00027216363 -0.00010497464 -0.0036307071 0.00027218485 0.99999994 0.00020222765 -0.034065184 0.0001049196 -0.00020225621 0.99999997 1.601793
220 0.99999988 -0.00019485332 -0.00044022777 -0.007392697 0.00019489144 0.99999998 8.6547405e-05 -0.039301677 0.00044021089 -8.6633192e-05 0.9999999 1.6919143
221 0.9999996 -0.00088140297 -0.00015513102 -0.0053761837 0.00088142625 0.9999996 0.00015010907 -0.041070077 0.00015499865 -0.00015024575 0.99999998 1.7984846
222 0.99999534 -0.0026385398 0.0015339812 0.0040015639 0.0026399047 0.99999612 -0.0008884863 -0.048331103 -0.001531631 0.00089253173 0.99999843 1.8733535
223 0.9999941 -0.0028201405 0.0019617597 0.0052152836 0.0028219086 0.99999561 -0.00089909477 -0.050747759 -0.0019592155 0.00090462537 0.99999767 1.9067227
224 0.99999773 -0.00071371302 0.0020062525 0.00094602209 0.00071041512 0.9999984 0.001644045 -0.046252594 -0.0020074226 -0.001642616 0.99999664 2.0465434
225 0.99999702 -0.00026684985 0.0024252119 0.0027760531 0.00026115757 0.99999721 0.0023471411 -0.044950585 -0.0024258315 -0.0023465007 0.9999943 2.1045991
226 0.99999526 0.0009793153 0.0029204034 0.0023280285 -0.00098975664 0.99999312 0.0035760085 -0.045556581 -0.0029168812 -0.003578882 0.99998934 2.2196608
227 0.99999427 0.0016413199 0.002960159 0.0028828529 -0.0016553749 0.99998734 0.004751896 -0.038859409 -0.0029523222 -0.004756769 0.99998433 2.2475987
228 0.99999482 0.00076273978 0.0031270941 0.0037301565 -0.00077256623 0.99999476 0.003142356 -0.048600271 -0.0031246809 -0.0031447556 0.99999017 2.2288189
229 0.99999375 0.0018934032 0.002985218 -0.0012735447 -0.0019059963 0.99998927 0.0042213182 -0.048719228 -0.0029771933 -0.0042269816 0.99998663 2.307522
230 0.99999247 0.0026742265 0.0028134384 0.0010526092 -0.0026895542 0.99998149 0.0054584375 -0.037377209 -0.0027987893 -0.0054659633 0.99998114 2.2951086
231 0.99999499 0.0014002983 0.0028387647 0.0010268376 -0.0014115868 0.99999109 0.0039784596 -0.044541435 -0.0028331684 -0.0039824469 0.99998806 2.2361736
232 0.99999593 0.00081093861 0.0027361682 -0.0010651493 -0.0008181626 0.99999618 0.0026400991 -0.054070544 -0.0027340168 -0.002642327 0.99999277 2.2299843
233 0.99999571 0.0017717321 0.0023304549 -0.0038959556 -0.0017795658 0.99999276 0.0033636454 -0.05084014 -0.0023244785 -0.0033677782 0.99999163 2.2475392
234 0.99999001 0.0038520424 0.002268215 -0.0059175068 -0.0038662927 0.9999726 0.0063121152 -0.036786794 -0.0022438383 -0.0063208218 0.99997751 2.3350066
235 0.99998459 0.0029243816 0.0047192447 0.003345938 -0.0029507599 0.99998001 0.0055922653 -0.055541468 -0.0047027965 -0.0056061045 0.99997323 2.5553168
236 0.99997811 0.0051402545 0.0041658966 -0.00055548127 -0.0051775786 0.99994611 0.0089987225 -0.033561429 -0.0041194163 -0.0090200948 0.99995083 2.6052158
237 0.9999775 0.0029161433 0.0060413948 0.014219899 -0.0029543509 0.99997563 0.0063250535 -0.052673453 -0.0060228028 -0.0063427596 0.99996175 2.6585591
238 0.99997237 0.0029473714 0.006824393 0.016533662 -0.0029968462 0.99996922 0.007250861 -0.051489583 -0.006802812 -0.0072711123 0.99995043 2.7296982
239 0.99997803 0.0037686376 0.0054539717 0.011125446 -0.0038090455 0.99996523 0.0074175666 -0.043051778 -0.005425828 -0.0074381781 0.99995762 2.6289828
240 0.99997097 0.0017626457 0.0074127567 0.021598512 -0.0018052123 0.9999819 0.0057395869 -0.06071077 -0.0074025057 -0.0057528019 0.99995605 2.7056573
241 0.99997528 0.0049209629 0.005022108 0.0080466305 -0.0049681152 0.99994329 0.009420069 -0.028615034 -0.0049754673 -0.0094447866 0.99994302 2.6071374
242 0.99997513 0.0013273162 0.0069265792 0.022308354 -0.0013580182 0.99998927 0.00442968 -0.062205727 -0.0069206252 -0.0044389762 0.9999662 2.5997125
243 0.99997959 0.00212257 0.0060267606 0.016575578 -0.0021553281 0.99998291 0.0054341647 -0.052763293 -0.0060151233 -0.0054470435 0.99996707 2.5522684
244 0.99998668 0.0016092276 0.0049046388 0.013634967 -0.001628085 0.99999129 0.0038432349 -0.054066632 -0.0048984115 -0.0038511689 0.99998059 2.4194461
245 0.99998804 0.0028545661 0.0039705552 0.006178524 -0.0028802403 0.99997489 0.0064755346 -0.035901774 -0.0039519706 -0.0064868933 0.99997115 2.3759585
246 0.99999231 -0.00021996768 0.0039166005 0.0083849477 0.00021095095 0.99999733 0.002302447 -0.053886498 -0.0039170965 -0.0023016031 0.99998968 2.2239827
247 0.99999313 -0.0012612569 0.0034858309 0.007258184 0.0012571745 0.99999852 0.0011730735 -0.055151987 -0.0034873053 -0.0011686831 0.99999324 2.132575
248 0.99999348 -0.0025261133 0.0025815337 0.0073625407 0.0025279099 0.99999656 -0.00069292339 -0.05382397 -0.0025797744 0.00069944475 0.99999643 1.9669662
249 0.99999672 -0.0011659433 0.002278654 0.00254018 0.0011635246 0.99999876 0.0010624706 -0.049346307 -0.0022798899 -0.0010598159 0.99999684 2.0346625
250 0.9999922 -0.0026122209 0.002961199 0.0075468899 0.0026138703 0.99999643 -0.00055326551 -0.056695425 -0.0029597432 0.00056100139 0.99999546 2.0130734
251 0.99999343 -0.0024532365 0.0026677619 0.0060124249 0.0024545901 0.99999686 -0.00050422355 -0.055676428 -0.0026665166 0.0005107685 0.99999631 1.9987452
252 0.9999886 -0.0038869405 0.0027732132 0.0093922874 0.0038925016 0.99999042 -0.0020027078 -0.057509261 -0.0027654022 0.0020134797 0.99999415 1.9146079
253 0.99999465 -0.0028150643 0.0016647435 0.0035533883 0.0028168075 0.99999549 -0.001045755 -0.049916615 -0.0016617921 0.0010504387 0.99999807 1.860699
254 0.99999196 -0.0032411864 0.0023614245 0.0074794436 0.0032435506 0.99999424 -0.00099804751 -0.050673429 -0.002358176 0.0010056989 0.99999671 1.8941161
