3 0.99950816 0.00098863766 -0.03134417 -0.050276087 -0.00098928837 0.99999947 -5.2490069e-06 -0.016754882 0.031344151 3.6255492e-05 0.99950867 1.0187046
4 0.99938891 0.0013444013 -0.034928588 -0.078494215 -0.0013495721 0.99999904 -0.00012446098 -0.029349782 0.03492839 0.00017152422 0.99938983 1.6795274
5 0.99930991 0.00082085699 -0.037135471 -0.10498649 -0.00081693627 0.99999961 0.0001207554 -0.039059029 0.03713556 -9.0334118e-05 0.99931026 2.3910343
6 0.99917335 0.00083042796 -0.04064399 -0.13756864 -0.000824631 0.9999996 0.00015939497 -0.050823433 0.04064411 -0.00012574628 0.9991737 3.1025662
7 0.99902056 0.00084492136 -0.044240367 -0.17173129 -0.00083832283 0.99999959 0.00016770659 -0.062202421 0.044240495 -0.00013045399 0.99902092 3.7971987
8 0.99885747 0.00094610935 -0.047779407 -0.20818848 -0.00093895792 0.9999995 0.00017212194 -0.073550726 0.04777955 -0.0001270618 0.99885792 4.4795436
9 0.99863094 0.0010600717 -0.052298474 -0.24826948 -0.0010498747 0.99999938 0.00022245111 -0.084581936 0.052298682 -0.00016723909 0.9986315 5.1504607
10 0.9984034 0.0012976963 -0.056471043 -0.29174797 -0.0012875627 0.9999991 0.0002158329 -0.096248793 0.056471278 -0.00014277766 0.99840424 5.8308593
11 0.99807398 0.0015517095 -0.062015518 -0.34075185 -0.0015432733 0.99999875 0.00018393391 -0.10809981 0.062015731 -8.7872123e-05 0.99807519 6.5156365
12 0.99777593 0.00095506589 -0.066650491 -0.39101868 -0.00092278069 0.9999994 0.00051518141 -0.1170912 0.066650949 -0.00045253122 0.99777627 7.2284704
13 0.99745991 0.00025776409 -0.071229661 -0.44603713 -0.00019456682 0.99999954 0.00089417105 -0.1257818 0.071229865 -0.00087804027 0.99745956 7.9660422
14 0.99719337 -0.00099866342 -0.074862452 -0.50322213 0.0011199563 0.99999808 0.0015782495 -0.13178331 0.074860738 -0.0016576621 0.99719264 8.7375501
15 0.99702164 -0.001570929 -0.077106281 -0.56411726 0.001726435 0.99999656 0.0019501594 -0.14079573 0.077102959 -0.0020774696 0.99702099 9.5184467
16 0.99691149 -0.0016558825 -0.078515876 -0.62703772 0.0018236511 0.99999616 0.0020650953 -0.15254519 0.078512161 -0.0022019023 0.99691075 10.287873
17 0.99685138 -0.001859143 -0.079270849 -0.68903796 0.0020396621 0.99999546 0.002196338 -0.16384527 0.079266412 -0.0023511078 0.99685072 11.060947
18 0.99676286 -0.0022417655 -0.080366495 -0.75361719 0.0024441929 0.99999404 0.0024205201 -0.17447351 0.080360596 -0.0026091153 0.99676246 11.862844
19 0.99665691 -0.0026479383 -0.081657866 -0.82187871 0.0028746288 0.99999229 0.0026586642 -0.18530348 0.081650203 -0.0028845116 0.9966569 12.699411
20 0.99655298 -0.0034190875 -0.082888276 -0.89415608 0.0036924455 0.99998819 0.0031448427 -0.1943903 0.082876551 -0.0034400624 0.99655391 13.589922
21 0.99642843 -0.004097229 -0.084342153 -0.96986587 0.0044161991 0.99998374 0.0035956414 -0.20368058 0.084326056 -0.0039552707 0.99643039 14.500695
22 0.99630304 -0.0044144227 -0.085794975 -1.0492509 0.0047628506 0.99998117 0.003856905 -0.21504037 0.085776341 -0.0042512744 0.99630537 15.419009
23 0.99619368 -0.0046391597 -0.087043884 -1.1295184 0.0050144369 0.99997901 0.0040932017 -0.22651143 0.087023074 -0.0045140974 0.99619609 16.331609
24 0.99609253 -0.0047629866 -0.088187302 -1.2103748 0.0051613837 0.99997743 0.00429015 -0.23808822 0.088164884 -0.0047285545 0.99609469 17.237366
25 0.99595955 -0.0049035787 -0.089669064 -1.29336 0.0053290181 0.9999756 0.0045057617 -0.24937996 0.089644789 -0.0049654041 0.99596145 18.145736
26 0.99584523 -0.0053671238 -0.090903711 -1.3775639 0.0058305588 0.99997128 0.0048332971 -0.25951318 0.090875166 -0.005343235 0.99584798 19.073294
27 0.99575786 -0.0058931507 -0.091823567 -1.4634021 0.0063986703 0.9999659 0.0052119143 -0.26921596 0.091789728 -0.005777353 0.99576167 20.01333
28 0.99567636 -0.0063274435 -0.092674452 -1.5491595 0.0068725632 0.99996086 0.0055641339 -0.27837519 0.092635625 -0.0061769874 0.99568094 20.945497
29 0.99562383 -0.0064213765 -0.093230687 -1.63758 0.0069881877 0.99995898 0.0057544701 -0.28978949 0.093189919 -0.0063808009 0.99562793 21.884089
30 0.99555234 -0.0066061812 -0.093978193 -1.727971 0.0071996477 0.99995617 0.0059772865 -0.30078561 0.093934595 -0.0066273113 0.99555633 22.83793
31 0.99546332 -0.0067059275 -0.094909507 -1.8204079 0.0073260741 0.99995398 0.0061871494 -0.31203883 0.094863655 -0.0068543942 0.9954667 23.797252
32 0.99538609 -0.0068053601 -0.095709103 -1.9138631 0.0074513411 0.99995175 0.0063936416 -0.32315861 0.095660981 -0.0070773029 0.99538883 24.759276
33 0.9953113 -0.0069996619 -0.096469851 -2.0095863 0.0076761554 0.99994843 0.0066431473 -0.33371478 0.096418384 -0.0073525169 0.99531376 25.742693
34 0.99522519 -0.0071949795 -0.097339932 -2.1069455 0.0079018564 0.99994508 0.0068783929 -0.34421593 0.097285103 -0.0076147158 0.99522745 26.732921
35 0.99514513 -0.0072928102 -0.098147833 -2.2054893 0.0080273007 0.9999426 0.0070907086 -0.35515595 0.098090495 -0.0078441461 0.99514661 27.720794
36 0.99507467 -0.0073666056 -0.098854107 -2.3046055 0.0081274497 0.99994031 0.0072961419 -0.36573787 0.098794466 -0.0080636377 0.99507521 28.709918
37 0.99501229 -0.0073456684 -0.099481583 -2.4058156 0.0081290937 0.999939 0.0074720165 -0.37689349 0.099420635 -0.0082434433 0.99501137 29.709909
38 0.99494699 -0.0073289439 -0.10013379 -2.5096701 0.0081350088 0.99993765 0.0076439302 -0.38843545 0.10007153 -0.0084198945 0.99494464 30.726095
39 0.99487093 -0.0071881172 -0.10089682 -2.6173749 0.0080147958 0.99993749 0.007790331 -0.40043338 0.10083452 -0.0085590412 0.99486642 31.767074
40 0.99480137 -0.0070050863 -0.10159311 -2.7267265 0.0078493235 0.99993784 0.0079126142 -0.41273484 0.10153137 -0.0086689166 0.99479459 32.815946
41 0.99473531 -0.0066647788 -0.10226066 -2.8390824 0.0075178034 0.99994003 0.0079585396 -0.42620158 0.1022015 -0.0086854159 0.99472582 33.878574
42 0.99466227 -0.0063020715 -0.1029915 -2.9553451 0.0071678284 0.99994196 0.0080381674 -0.43960239 0.10293487 -0.0087334871 0.99464978 34.972241
43 0.99460914 -0.0061072836 -0.10351505 -3.0741916 0.0069919323 0.99994201 0.0081853839 -0.4524746 0.10345907 -0.0088650279 0.99459423 36.094851
44 0.9945288 -0.0058482553 -0.10429892 -3.1982455 0.0067560732 0.99994225 0.0083528388 -0.46578217 0.10424405 -0.0090117898 0.99451094 37.250034
45 0.99443862 -0.005621061 -0.10516768 -3.3245258 0.0065579225 0.99994177 0.0085645875 -0.47841508 0.10511343 -0.0092066381 0.99441764 38.419308
46 0.99435269 -0.0054255872 -0.10598722 -3.4493467 0.0063859365 0.99994151 0.0087237258 -0.49076169 0.1059337 -0.0093512879 0.99432925 39.568817
47 0.99429092 -0.0050215776 -0.10658498 -3.5744927 0.0059943887 0.99994319 0.0088086898 -0.50415141 0.1065347 -0.0093973121 0.9942646 40.706006
48 0.99422329 -0.0044366437 -0.10723981 -3.7016219 0.0054144284 0.99994633 0.0088283021 -0.51852829 0.10719489 -0.0093579458 0.99419401 41.845523
49 0.99418383 -0.0039894233 -0.10762253 -3.829678 0.0049761874 0.99994795 0.008901757 -0.53260894 0.10758142 -0.0093855326 0.994152 42.995293
50 0.99413182 -0.0035407002 -0.10811748 -3.9613625 0.0045396354 0.9999492 0.0089946214 -0.54693412 0.10808015 -0.0094326533 0.99409746 44.16937
51 0.99408746 -0.0031227011 -0.10853743 -4.0926201 0.0041343076 0.99995003 0.0090965705 -0.56088625 0.10850361 -0.0094915138 0.99405076 45.337389
52 0.99404854 -0.0025701255 -0.10890771 -4.2223971 0.0035817143 0.99995219 0.0090938958 -0.57571611 0.10887914 -0.0094298502 0.99401029 46.48062
53 0.99400599 -0.0020581967 -0.10930627 -4.3506823 0.0030721281 0.99995375 0.0091084655 -0.58996517 0.10928248 -0.0093896721 0.99396641 47.609198
54 0.9939685 -0.0016088279 -0.10965416 -4.4780549 0.0026236169 0.99995501 0.0091108004 -0.60419737 0.10963458 -0.0093435391 0.99392807 48.726583
55 0.99392973 -0.0012029042 -0.11001026 -4.6056918 0.0022231178 0.99995561 0.0091516208 -0.61762841 0.10999437 -0.0093406337 0.99388834 49.849818
56 0.99389163 -0.00075395305 -0.11035786 -4.7366467 0.0017793451 0.99995611 0.0091933317 -0.63166841 0.11034609 -0.0093335402 0.99384942 50.994322
57 0.99384084 -0.00032608886 -0.1108164 -4.8679374 0.0013599765 0.99995621 0.0092542772 -0.6452623 0.11080854 -0.0093479864 0.99379783 52.138606
58 0.99379651 0.00010384832 -0.11121373 -4.9988133 0.00093697207 0.99995621 0.0093064364 -0.65882096 0.11120983 -0.0093529081 0.99375296 53.274479
59 0.9937612 0.00055909867 -0.11152741 -5.1261272 0.00048432891 0.99995633 0.0093284845 -0.67206429 0.11152776 -0.0093243019 0.9937176 54.37684
60 0.99373625 0.00093830188 -0.11174701 -5.2510609 0.00010838012 0.99995614 0.0093600904 -0.68486315 0.1117509 -0.0093135722 0.99369263 55.458599
61 0.99370915 0.001362449 -0.1119834 -5.3774381 -0.00031373884 0.99995589 0.0093819606 -0.69787842 0.11199126 -0.0092878065 0.99366581 56.549323
62 0.99367631 0.0017353009 -0.11226926 -5.5047886 -0.00068320169 0.99995546 0.0094090089 -0.71101606 0.11228059 -0.0092728067 0.9936333 57.644415
63 0.99364769 0.0021053785 -0.11251598 -5.6323984 -0.00104784 0.99995468 0.0094573182 -0.72384853 0.1125308 -0.0092793436 0.99360493 58.741733
64 0.99362243 0.0024153245 -0.11273255 -5.7614376 -0.0013456549 0.99995332 0.0095636889 -0.73614631 0.1127504 -0.0093509967 0.99357936 59.853966
65 0.99360092 0.0028058922 -0.112913 -5.8924212 -0.0017284665 0.99995201 0.0096388528 -0.74892125 0.11293463 -0.0093820066 0.99355815 60.978618
66 0.99357266 0.0031296362 -0.11315294 -6.0249709 -0.002038821 0.9999503 0.0097546212 -0.76121571 0.11317785 -0.0094612263 0.99352972 62.117362
67 0.99353896 0.0036271298 -0.11343358 -6.1587648 -0.0025337418 0.9999489 0.0097817016 -0.77460405 0.11346327 -0.0094310903 0.99349745 63.25349
68 0.99350631 0.0039881076 -0.11370713 -6.2905496 -0.002884665 0.99994711 0.0098671373 -0.78667635 0.11374048 -0.0094750562 0.99346533 64.379725
69 0.99347017 0.0043287176 -0.11401007 -6.4215553 -0.0032201994 0.99994571 0.0099053595 -0.79935214 0.11404677 -0.0094735439 0.99343023 65.489484
70 0.9934363 0.0047368948 -0.11428861 -6.5522427 -0.0036224476 0.99994382 0.0099568794 -0.81163149 0.11432936 -0.0094775209 0.99339771 66.596411
71 0.99339622 0.0050918802 -0.11462119 -6.6852357 -0.003965698 0.99994158 0.010051138 -0.82336839 0.11466568 -0.0095302097 0.99335844 67.724908
72 0.99334629 0.0054372251 -0.11503734 -6.8204699 -0.0042989507 0.9999393 0.010140608 -0.83519393 0.1150855 -0.009578595 0.99330943 68.867383
73 0.99327121 0.0059426112 -0.11565894 -6.9620787 -0.0047901863 0.99993606 0.010239393 -0.84796032 0.1157124 -0.0096164659 0.99323623 70.043934
74 0.99318041 0.0063067762 -0.11641695 -7.1023221 -0.0051336209 0.99993296 0.010374279 -0.85942854 0.11647458 -0.0097058899 0.99314627 71.211349
75 0.9931317 0.00663973 -0.1168133 -7.2437364 -0.0054501058 0.99992997 0.010500451 -0.87113664 0.11687485 -0.0097916859 0.9930984 72.386271
76 0.99307663 0.0070629646 -0.11725579 -7.3842289 -0.0058601486 0.99992661 0.010599644 -0.88298756 0.11732206 -0.0098391229 0.9930452 73.544603
77 0.99303885 0.0074437165 -0.11755183 -7.5231563 -0.0062302361 0.99992344 0.010687033 -0.89464096 0.11762239 -0.0098802629 0.99300926 74.689186
78 0.99301596 0.0076875893 -0.1177294 -7.6598904 -0.0064599213 0.9999207 0.010805925 -0.90532079 0.11780314 -0.0099699329 0.99298694 75.822291
79 0.99298561 0.0079575768 -0.11796723 -7.7971424 -0.0067201401 0.99991814 0.010883727 -0.91661381 0.11804419 -0.010014628 0.99295786 76.950444
80 0.99294896 0.0082730158 -0.11825363 -7.9343691 -0.0070271551 0.99991533 0.010948578 -0.92792722 0.1183342 -0.010040393 0.99292308 78.073723
81 0.99289774 0.0086801447 -0.11865386 -8.0721099 -0.0074236694 0.99991159 0.01102731 -0.93865532 0.1187391 -0.010068144 0.99287447 79.200878
82 0.99285558 0.0089917143 -0.11898297 -8.2087074 -0.0077245173 0.99990843 0.011107144 -0.94917402 0.11907196 -0.010108704 0.99283419 80.317194
83 0.99279231 0.0094172553 -0.11947695 -8.3477282 -0.0081431004 0.99990465 0.011148176 -0.96039915 0.11957055 -0.01009491 0.99277441 81.440084
84 0.99272561 0.0097711124 -0.12000166 -8.4879328 -0.008484022 0.99990088 0.011231829 -0.971071 0.12009952 -0.010132028 0.99271018 82.570157
85 0.99267494 0.01007282 -0.1203952 -8.6288125 -0.008774226 0.99989748 0.011311362 -0.98189939 0.12049681 -0.010172131 0.99266162 83.701844
86 0.99262135 0.010449435 -0.12080425 -8.7693564 -0.0091415407 0.99989346 0.011375703 -0.99258711 0.12091025 -0.010187429 0.99261119 84.827823
87 0.99256513 0.010849623 -0.12123014 -8.9092849 -0.0095358482 0.99988937 0.011411953 -1.0034735 0.12134055 -0.010171075 0.99255885 85.942572
88 0.99250677 0.011219248 -0.12167351 -9.0488439 -0.0098963645 0.99988518 0.011471286 -1.0138385 0.12178824 -0.010181203 0.99250391 87.053129
89 0.99243893 0.011558658 -0.12219403 -9.18876 -0.010224158 0.99988107 0.011542548 -1.0239357 0.12231292 -0.010205943 0.99243913 88.161972
90 0.99236928 0.01189988 -0.12272575 -9.3271734 -0.010553915 0.99987684 0.011611528 -1.0336974 0.12284882 -0.010227687 0.99237272 89.255028
91 0.99231032 0.012141704 -0.12317798 -9.4630692 -0.010784392 0.99987359 0.011679895 -1.0432262 0.12330423 -0.010261681 0.99231588 90.324277
92 0.99224379 0.012544736 -0.12367251 -9.5990006 -0.011186415 0.99986927 0.011671507 -1.0536864 0.12380277 -0.010197528 0.99225447 91.380749
93 0.99220115 0.012845766 -0.12398338 -9.7352023 -0.011481163 0.99986542 0.01171459 -1.0635016 0.12411718 -0.010199756 0.99221517 92.443373
94 0.99214961 0.013095903 -0.12436903 -9.8709768 -0.011726452 0.99986231 0.011736887 -1.0734743 0.12450562 -0.01018634 0.99216664 93.497587
95 0.99208364 0.013348403 -0.12486744 -10.004218 -0.011975299 0.99985932 0.011740663 -1.0832984 0.1250066 -0.010152395 0.99210399 94.525459
96 0.99201789 0.013629176 -0.12535852 -10.134332 -0.012258312 0.99985636 0.011700466 -1.0933111 0.12549999 -0.010070388 0.99204253 95.52085
97 0.99197022 0.013893649 -0.12570623 -10.261365 -0.012526363 0.9998535 0.011660797 -1.102964 0.12584983 -0.009992521 0.991999 96.491691
98 0.99192038 0.014142763 -0.12607119 -10.385059 -0.012778117 0.99985072 0.011626582 -1.1120742 0.12621681 -0.009921691 0.99195308 97.435779
99 0.99185018 0.014408382 -0.12659237 -10.506854 -0.013041152 0.99984737 0.011622453 -1.120394 0.12674052 -0.0098768215 0.99188675 98.364478
100 0.99177326 0.014646785 -0.1271663 -10.626024 -0.013277626 0.99984443 0.011607725 -1.1284769 0.12731654 -0.0098237651 0.99181351 99.267812
101 0.99168812 0.014976897 -0.12779033 -10.744841 -0.013610517 0.99984051 0.011558944 -1.1368588 0.12794308 -0.0097235753 0.99173387 100.16021
102 0.99160002 0.015268946 -0.12843778 -10.863195 -0.013903963 0.99983695 0.011517532 -1.1450788 0.12859271 -0.0096349912 0.99165071 101.04516
103 0.99152192 0.015613308 -0.12899808 -10.978636 -0.014260169 0.99983321 0.011406631 -1.1537568 0.12915467 -0.0094703899 0.99157926 101.89939
104 0.99146777 0.015895884 -0.12937925 -11.091022 -0.014561957 0.99983064 0.011249725 -1.1628562 0.12953617 -0.0092697246 0.99153139 102.72319
105 0.9913438 0.016506042 -0.13024987 -11.202534 -0.015198891 0.99982368 0.011023468 -1.1720931 0.13040886 -0.008948393 0.99141994 103.53229
106 0.99118128 0.016960721 -0.13142302 -11.311558 -0.015666601 0.99981809 0.010874765 -1.180148 0.13158356 -0.0087199113 0.99126675 104.32122
107 0.99093358 0.017327338 -0.13323064 -11.420238 -0.016032456 0.99981325 0.010785832 -1.1874301 0.13339266 -0.0085520288 0.99102639 105.09581
108 0.99065781 0.017690023 -0.13521899 -11.527011 -0.016391241 0.99980822 0.010712398 -1.1941391 0.13538257 -0.0083959133 0.99075785 105.84583
109 0.99044966 0.018061037 -0.13668674 -11.630479 -0.016767858 0.99980311 0.010606454 -1.2005981 0.1368514 -0.0082132148 0.99055756 106.56945
110 0.99029868 0.018304622 -0.13774425 -11.731829 -0.01701742 0.99979984 0.010516807 -1.2063921 0.1379092 -0.0080707284 0.99041202 107.28205
111 0.99016848 0.018604601 -0.13863714 -11.830954 -0.017331415 0.99979582 0.010385248 -1.212432 0.13880206 -0.0078803675 0.99028881 107.97221
112 0.99014343 0.018829052 -0.13878563 -11.926272 -0.017584034 0.9997934 0.010191593 -1.218126 0.13894887 -0.0076507277 0.99027002 108.64416
113 0.99025872 0.018627117 -0.13798804 -12.017449 -0.017397175 0.99979746 0.010114209 -1.2222234 0.1381485 -0.0076150818 0.99038227 109.30988
114 0.99055182 0.018329109 -0.13590857 -12.098415 -0.017143234 0.99980408 0.0098908846 -1.2260551 0.13606325 -0.0074675211 0.99067203 109.91917
115 0.99129136 0.017472981 -0.13052257 -12.166128 -0.016388148 0.99982165 0.009381018 -1.2300102 0.13066322 -0.0071602986 0.99140098 110.46049
116 0.99245561 0.016223377 -0.12152645 -12.21893 -0.015245684 0.99984349 0.0089706641 -1.2342328 0.12165298 -0.0070502317 0.99254768 110.93497
117 0.99382182 0.014458935 -0.11004149 -12.25898 -0.013523331 0.99986578 0.0092439089 -1.2389092 0.11016038 -0.0076986708 0.99388403 111.37271
118 0.99511604 0.013003396 -0.097851889 -12.291811 -0.01210113 0.99987862 0.0098085877 -1.2440471 0.097967565 -0.0085765643 0.99515267 111.79802
119 0.99655444 0.011453856 -0.08214654 -12.311928 -0.010562422 0.99988057 0.011278137 -1.2491397 0.082265914 -0.010371611 0.99655647 112.1953
120 0.9981094 0.0089894824 -0.060801558 -12.317923 -0.0082347487 0.999886 0.01265227 -1.2506889 0.060908369 -0.012127664 0.9980697 112.57566
121 0.99936774 0.0057821998 -0.035081259 -12.306543 -0.0053082305 0.99989353 0.013588736 -1.2540492 0.035156101 -0.013393925 0.9992921 112.93776
122 0.99999108 0.003135283 -0.0028320064 -12.280746 -0.0030965423 0.99990292 0.013581944 -1.258255 0.0028743161 -0.013573053 0.99990377 113.29886
123 0.99943093 0.0011326618 0.033712484 -12.240211 -0.0015943423 0.99990523 0.013670913 -1.2623467 -0.033693805 -0.013716883 0.99933809 113.67429
124 0.99727865 -0.00050745967 0.073722681 -12.182427 -0.00050064846 0.99990659 0.013655203 -1.2662228 -0.073722727 -0.013654952 0.99718531 114.06987
125 0.99292091 -0.0027024791 0.11874665 -12.098652 0.0010572012 0.99990256 0.013916169 -1.2706122 -0.11877269 -0.013692117 0.99282708 114.48973
126 0.98654724 -0.0039639388 0.16342838 -11.995304 0.0016721606 0.99989832 0.014158313 -1.2746571 -0.1634679 -0.013694566 0.98645362 114.92414
127 0.97813908 -0.0036138552 0.20792036 -11.875482 0.00068649896 0.99989961 0.014149652 -1.2784818 -0.20795063 -0.013697591 0.97804343 115.35643
128 0.96702838 -0.0036537639 0.25464242 -11.729698 3.365893e-05 0.99989885 0.014219332 -1.2829788 -0.25466863 -0.013741927 0.96693076 115.79288
129 0.95435217 -0.0033005996 0.29866546 -11.564704 -0.0010255501 0.99989679 0.01432705 -1.2866443 -0.29868194 -0.013979348 0.95425035 116.2274
130 0.93863632 -0.0042159535 0.34488271 -11.385619 -0.00095721054 0.99988955 0.014828114 -1.2877396 -0.34490716 -0.014248332 0.93852868 116.6238
131 0.92116051 -0.0057090872 0.38914101 -11.193155 0.00012239245 0.99989655 0.014379758 -1.2893139 -0.38918287 -0.013198437 0.92106598 116.99448
132 0.90104711 -0.005123248 0.43369098 -10.975897 -0.00069122733 0.99991195 0.013248201 -1.2950507 -0.4337207 -0.012237032 0.90096429 117.37351
133 0.87797448 -0.0044024986 0.4786872 -10.737173 -0.0017165529 0.99992228 0.012344692 -1.3014522 -0.47870438 -0.011660016 0.87789875 117.74513
134 0.85256529 -0.003260458 0.52261057 -10.470093 -0.0035400887 0.99992152 0.012013455 -1.3076669 -0.52260875 -0.012092343 0.8524869 118.12396
135 0.82651648 -0.0015410112 0.56291042 -10.181226 -0.0061427317 0.99991198 0.011756656 -1.3111633 -0.56287902 -0.013174878 0.82643431 118.50247
136 0.79537284 0.00058711626 0.6061202 -9.8777588 -0.0090804126 0.9998988 0.010947097 -1.3176987 -0.60605248 -0.014210845 0.79529774 118.8539
137 0.76136214 0.0003498944 0.64832675 -9.5606796 -0.008990339 0.99990936 0.01001816 -1.3207019 -0.64826452 -0.013456125 0.76129632 119.17128
138 0.7285888 0.000355792 0.68495127 -9.2298827 -0.0091527481 0.99991559 0.0092164625 -1.3256794 -0.68489022 -0.012984198 0.72853061 119.47519
139 0.69371094 0.00064645765 0.72025323 -8.8747712 -0.0090870261 0.99992782 0.0078546796 -1.3350291 -0.72019621 -0.011993837 0.69366679 119.7699
140 0.65811385 0.0019414873 0.75291593 -8.4958341 -0.010755557 0.99991884 0.0068228745 -1.3462935 -0.75284162 -0.012588258 0.65808136 120.0648
141 0.61809058 0.0018868617 0.78610462 -8.0766809 -0.011868002 0.9999055 0.0069314142 -1.3575122 -0.78601731 -0.013613733 0.61805461 120.35992
142 0.5796042 0.0020774462 0.81489549 -7.644941 -0.013646885 0.99988121 0.0071574728 -1.3635689 -0.81478388 -0.015269287 0.57956374 120.63623
143 0.53983707 0.0022886374 0.84176642 -7.2143679 -0.015359542 0.99985656 0.0071318372 -1.3696839 -0.8416294 -0.016779177 0.53979483 120.88218
144 0.49894264 0.0026877275 0.86663085 -6.7805009 -0.016558372 0.99984217 0.0064322366 -1.375742 -0.86647683 -0.017559314 0.49890843 121.10166
145 0.45647458 0.0030137947 0.88973135 -6.34234 -0.017626219 0.9998286 0.0056563619 -1.3811188 -0.88956187 -0.018264585 0.45644949 121.29532
146 0.41580266 0.0033939051 0.90944853 -5.887377 -0.018203808 0.99982371 0.0045916672 -1.3886182 -0.90927268 -0.018464655 0.41579117 121.47403
147 0.37558447 0.0024341845 0.92678497 -5.4297062 -0.01747993 0.99983723 0.0044577783 -1.3939185 -0.92662333 -0.017874409 0.37556591 121.63012
148 0.34072737 0.0016238889 0.94016075 -4.9698391 -0.016831995 0.99984872 0.0043731648 -1.3985461 -0.94001148 -0.017314838 0.34070318 121.77228
149 0.31134514 0.0020387572 0.95029472 -4.4900178 -0.017018758 0.99984924 0.0034307856 -1.4036633 -0.95014452 -0.017240995 0.31133292 121.90985
150 0.28317553 0.002202967 0.95906557 -3.981696 -0.017502935 0.99984264 0.0028713182 -1.4083834 -0.95890839 -0.01759955 0.28316954 122.04247
151 0.25548554 0.0018194325 0.96681117 -3.4535919 -0.017521538 0.99984266 0.0027485752 -1.4115813 -0.96665411 -0.017642241 0.25547724 122.16488
152 0.23036327 0.0007592127 0.97310441 -2.9032776 -0.015876078 0.99986949 0.0029782535 -1.4149216 -0.97297521 -0.016135162 0.23034528 122.27685
153 0.20752936 0.00016999692 0.97822878 -2.3619254 -0.014618048 0.99988882 0.0029274298 -1.4198167 -0.97811958 -0.014907324 0.20750878 122.37496
154 0.18876002 0.00018733723 0.98202323 -1.8163077 -0.013669048 0.99990356 0.0024366535 -1.4279763 -0.98192813 -0.013883265 0.18874439 122.46761
155 0.17541359 0.00059719014 0.98449465 -1.2355445 -0.013798199 0.99990304 0.0018519747 -1.4372616 -0.98439815 -0.013909115 0.17540484 122.5633
156 0.16082958 0.00062810351 0.98698199 -0.60866726 -0.014721468 0.99989003 0.0017625579 -1.4455822 -0.98687242 -0.014813295 0.16082115 122.65807
157 0.15147237 -0.00024510888 0.98846146 0.097128854 -0.013894726 0.99990059 0.0023771806 -1.4483339 -0.98836385 -0.014094479 0.15145392 122.75467
158 0.14692946 -0.0013102657 0.98914611 0.87172034 -0.012489518 0.9999169 0.0031797475 -1.4534372 -0.98906814 -0.012821157 0.1469009 122.86288
159 0.14635738 -0.0019388516 0.98922988 1.6632523 -0.011494389 0.99992719 0.003660422 -1.4608387 -0.98916502 -0.011906323 0.14632445 122.97677
160 0.14670534 -0.0020469317 0.98917812 2.4557577 -0.01143326 0.99992751 0.0037648461 -1.4719517 -0.98911418 -0.011861853 0.14667131 123.09531
161 0.14849926 -0.0020545629 0.98891039 3.242736 -0.011506615 0.99992651 0.0038053353 -1.483426 -0.9888456 -0.011944101 0.14846471 123.21657
162 0.15057103 -0.0025204141 0.98859598 4.0510707 -0.010844959 0.99993232 0.0042010893 -1.4915976 -0.98853973 -0.011353846 0.15053351 123.34028
163 0.15311896 -0.0031077433 0.98820288 4.8862714 -0.010061991 0.99993827 0.0047037234 -1.4992267 -0.98815656 -0.010663518 0.15307825 123.47144
164 0.1553576 -0.0037955424 0.98785101 5.755235 -0.0090779605 0.99994486 0.0052696845 -1.5061025 -0.98781661 -0.009786358 0.15531459 123.60835
165 0.15718122 -0.0040293867 0.98756156 6.6251644 -0.0088557966 0.99994567 0.0054894123 -1.5163716 -0.98753009 -0.0096084769 0.15713701 123.74931
166 0.15812829 -0.0041940981 0.98740967 7.490587 -0.00877645 0.99994546 0.0056528454 -1.5273169 -0.98737959 -0.0095598264 0.15808287 123.89007
167 0.15858851 -0.0042886814 0.98733545 8.352264 -0.008799418 0.99994467 0.0057568382 -1.5386544 -0.98730558 -0.0096009457 0.15854201 124.03042
168 0.15867244 -0.0042808866 0.987322 9.192515 -0.0089536554 0.9999432 0.0057745514 -1.5506794 -0.9872907 -0.0097564031 0.15862511 124.16809
169 0.1586958 -0.0042400605 0.98731842 10.033034 -0.0091527216 0.99994145 0.0057654252 -1.5630148 -0.98728512 -0.0099515995 0.15864771 124.30597
170 0.15859393 -0.0042796063 0.98733462 10.886171 -0.0092113769 0.99994063 0.0058138552 -1.5749762 -0.98730095 -0.010016753 0.1585451 124.44501
171 0.15849701 -0.0042958128 0.98735011 11.741509 -0.009319111 0.99993944 0.0058465622 -1.5871321 -0.9873155 -0.010127888 0.15844739 124.58458
172 0.1585653 -0.0042468971 0.98733936 12.600714 -0.0095443568 0.99993739 0.0058338957 -1.5998374 -0.98730238 -0.010348573 0.15851485 124.72554
173 0.15852516 -0.0041183835 0.98734635 13.442831 -0.0098846989 0.99993452 0.0057579462 -1.6130001 -0.98730548 -0.010672401 0.15847408 124.86431
174 0.1581362 -0.0039814609 0.98740928 14.283179 -0.010233072 0.99993152 0.0056708068 -1.6266048 -0.9873643 -0.01100099 0.15808464 125.00268
175 0.15737098 -0.0039601381 0.98753162 15.145159 -0.010380731 0.99993003 0.005664109 -1.6400687 -0.98748502 -0.011142667 0.15731887 125.14311
176 0.15741009 -0.0038418177 0.98752585 16.051514 -0.010729399 0.99992671 0.0056003108 -1.6546349 -0.98747506 -0.011477105 0.15735734 125.29129
177 0.15739362 -0.0037029488 0.98752901 16.956568 -0.011232481 0.99992152 0.0055396641 -1.669037 -0.98747209 -0.011964309 0.15733969 125.4393
178 0.15738429 -0.0037046259 0.98753049 17.881015 -0.011324913 0.99992039 0.0055559745 -1.68319 -0.98747252 -0.01205812 0.15732982 125.58962
179 0.15792522 -0.0037079535 0.98744411 18.824496 -0.011441638 0.9999189 0.0055846968 -1.6972993 -0.98738481 -0.012179943 0.15787 125.74361
180 0.15839402 -0.0036767106 0.98736914 19.773568 -0.011673721 0.99991616 0.0055961337 -1.7117473 -0.987307 -0.012412667 0.15833783 125.89913
181 0.15878942 -0.003719872 0.98730547 20.716013 -0.011810115 0.99991416 0.0056668113 -1.7254147 -0.98724186 -0.012560021 0.15873187 126.05331
182 0.15934595 -0.0037500991 0.98721569 21.653786 -0.011960174 0.99991202 0.0057288133 -1.7387168 -0.98715038 -0.012720134 0.15928709 126.20725
183 0.15981516 -0.0038282609 0.98713954 22.575467 -0.012016757 0.99991079 0.0058232691 -1.7512095 -0.98707384 -0.012792863 0.15975491 126.35851
184 0.16021698 -0.0039058388 0.9870741 23.491668 -0.01207358 0.99990956 0.0059163522 -1.7634906 -0.987008 -0.012865419 0.16015534 126.50909
185 0.1605769 -0.0039925931 0.98701526 24.414085 -0.012143728 0.99990809 0.0060204015 -1.7758948 -0.98694865 -0.012952782 0.16051367 126.66121
186 0.16106187 -0.0039875077 0.98693626 25.321504 -0.012354242 0.9999053 0.0060560419 -1.788634 -0.98686701 -0.013168247 0.16099737 126.81207
187 0.16160358 -0.0038309185 0.98684832 26.189378 -0.01276218 0.99990068 0.005971487 -1.8020063 -0.98677325 -0.01355935 0.16153865 126.9582
188 0.16183119 -0.0037243623 0.98681143 27.05913 -0.013039364 0.99989746 0.0059121285 -1.8154261 -0.98673233 -0.01382416 0.16176604 127.10452
189 0.16221751 -0.0036086862 0.98674843 27.925119 -0.013293849 0.99989452 0.0058422192 -1.8288308 -0.98666549 -0.014065396 0.16215244 127.25059
190 0.16256371 -0.003467298 0.98669196 28.78398 -0.013613426 0.99989072 0.0057565767 -1.8423893 -0.98660415 -0.014368069 0.16249875 127.39605
191 0.16279861 -0.0032914608 0.98665383 29.629336 -0.013944526 0.99988684 0.0056364628 -1.8563267 -0.9865608 -0.014676029 0.1627343 127.54003
192 0.16317649 -0.0029405414 0.98659252 30.455437 -0.014519539 0.99988006 0.0053815895 -1.8715118 -0.98649007 -0.015203018 0.16311423 127.6826
193 0.16339985 -0.002657169 0.98655635 31.2909 -0.014976842 0.99987441 0.0051736011 -1.8866281 -0.98644626 -0.015620865 0.16333955 127.82634
194 0.162815 -0.0025874563 0.98665322 32.121184 -0.014915715 0.99987579 0.0050834851 -1.9010346 -0.98654389 -0.015544306 0.1627562 127.9675
195 0.16265372 -0.0023401026 0.98668044 32.969167 -0.015356403 0.99987002 0.0049028785 -1.9166339 -0.98656373 -0.015949334 0.16259666 128.11253
196 0.16232902 -0.002260907 0.9867341 33.829907 -0.015604763 0.99986639 0.0048581584 -1.9308362 -0.98661331 -0.016186372 0.16227206 128.25753
197 0.16190666 -0.0022601352 0.98680349 34.694652 -0.015715813 0.9998646 0.0048685719 -1.9444379 -0.98668095 -0.016296673 0.16184923 128.40195
198 0.16171979 -0.0022908185 0.98683406 35.581103 -0.015821516 0.99986271 0.0049138517 -1.9579013 -0.9867099 -0.016407879 0.16166136 128.54938
199 0.16193321 -0.0021987198 0.98679927 36.454217 -0.016127651 0.99985801 0.0048743548 -1.9718419 -0.98666994 -0.016704075 0.16187477 128.69584
200 0.16194914 -0.0021146763 0.98679684 37.312522 -0.016405957 0.99985368 0.0048351364 -1.9856881 -0.98666274 -0.016972393 0.16189076 128.84002
201 0.16197663 -0.0020885031 0.98679239 38.167083 -0.016570385 0.99985096 0.0048360799 -1.9990515 -0.98665548 -0.017134862 0.16191789 128.98318
202 0.1617841 -0.002072794 0.986824 39.006847 -0.016701286 0.99984877 0.0048382315 -2.0120065 -0.98668486 -0.017263979 0.16172503 129.12335
203 0.16156588 -0.0020744364 0.98685975 39.838588 -0.016779636 0.99984741 0.0048488514 -2.0247824 -0.98671929 -0.017342557 0.16150643 129.26196
204 0.16135122 -0.0020275101 0.98689497 40.662637 -0.016948649 0.99984467 0.0048251134 -2.0376282 -0.98675152 -0.017505075 0.1612918 129.39927
205 0.16126283 -0.0019923242 0.98690949 41.477676 -0.017069146 0.99984271 0.0048075631 -2.0501796 -0.9867639 -0.017620984 0.16120347 129.53494
206 0.16159789 -0.0018907776 0.98685488 42.307587 -0.017390135 0.99983739 0.0047632932 -2.0631001 -0.98670348 -0.017931278 0.16153874 129.6736
207 0.16199927 -0.0019605017 0.98678893 43.159475 -0.017423658 0.9998364 0.0048468326 -2.0748889 -0.98663706 -0.017978657 0.16193862 129.81476
208 0.16283238 -0.0020406387 0.98665164 44.01288 -0.017434047 0.99983574 0.0049451402 -2.0863347 -0.98649973 -0.01800656 0.16277007 129.95717
209 0.16345479 -0.0021097476 0.98654857 44.853662 -0.017462312 0.99983482 0.0050313766 -2.0977966 -0.98639629 -0.018049822 0.16339096 130.09832
210 0.16425564 -0.0022032132 0.98641535 45.701275 -0.017464882 0.99983421 0.0051413973 -2.1089811 -0.9862632 -0.018072132 0.16418994 130.24117
211 0.16505407 -0.0022977124 0.98628185 46.548572 -0.017451819 0.99983388 0.0052498425 -2.1201906 -0.98613013 -0.018078921 0.16498656 130.38469
212 0.16577861 -0.0022805953 0.98616036 47.3741 -0.017603616 0.9998311 0.0052714681 -2.1317997 -0.98600589 -0.018233885 0.16571048 130.52605
213 0.16630806 -0.0022953316 0.98607118 48.179707 -0.017679564 0.99982956 0.0053091445 -2.1429046 -0.98591536 -0.018316263 0.16623915 130.66419
214 0.16673987 -0.0021449567 0.98599859 48.949496 -0.017950493 0.99982525 0.0052106004 -2.1548382 -0.98583753 -0.018567976 0.16667224 130.79792
215 0.167524 -0.0019152445 0.98586614 49.715466 -0.018402376 0.99981777 0.005069385 -2.1668488 -0.98569625 -0.018991523 0.16745824 130.93168
216 0.16777838 -0.0017758303 0.98582314 50.480911 -0.018657397 0.99981351 0.0049763559 -2.1783473 -0.98564819 -0.019227819 0.16771397 131.06438
217 0.16715751 -0.0017382787 0.98592867 51.245678 -0.018698574 0.99981295 0.004932974 -2.1893814 -0.9857529 -0.019260045 0.16709375 131.19522
218 0.16604968 -0.0016465048 0.98611602 52.005547 -0.018866334 0.99981022 0.004846226 -2.2009751 -0.98593692 -0.019409109 0.16598712 131.32483
219 0.1641824 -0.001375449 0.98642904 52.730293 -0.019310171 0.99980288 0.0046081043 -2.2139055 -0.986241 -0.019804684 0.16412348 131.44879
220 0.16225301 -0.0011291327 0.98674855 53.45744 -0.019704319 0.99979619 0.0043840829 -2.2266752 -0.98655245 -0.020154539 0.1621977 131.5711
221 0.16062457 -0.00089841872 0.98701517 54.194161 -0.020081009 0.99978958 0.0041779834 -2.2395738 -0.9868113 -0.020491348 0.16057274 131.6937
222 0.1596026 -0.0006885702 0.98718111 54.953347 -0.020451942 0.99978277 0.0040039296 -2.2525376 -0.98696949 -0.020828809 0.15955386 131.81887
223 0.15864769 -0.00066776343 0.98733503 55.735534 -0.020543059 0.99978101 0.0039770957 -2.2651819 -0.98712154 -0.020913839 0.15859924 131.94669
224 0.15828572 -0.000670153 0.98739313 56.534558 -0.020586884 0.99978011 0.0039787753 -2.2776757 -0.98717873 -0.020957132 0.15823713 132.07671
225 0.15818125 -0.00068501674 0.98740986 57.344613 -0.020665156 0.99977839 0.0040041174 -2.2901383 -0.98719384 -0.021038355 0.15813205 132.20831
226 0.15882219 -0.0006658906 0.98730698 58.161602 -0.020780959 0.99977594 0.0040172091 -2.3026577 -0.9870885 -0.021155208 0.15877277 132.34212
227 0.15932107 -0.00076141056 0.98722653 58.997884 -0.020725014 0.9997767 0.0041157441 -2.3145883 -0.98700928 -0.021116009 0.15926972 132.47849
228 0.1597895 -0.00095361178 0.98715065 59.842207 -0.020529944 0.99977999 0.004288982 -2.325952 -0.98693763 -0.020951483 0.15973478 132.61603
229 0.16036709 -0.0010420981 0.9870569 60.67546 -0.020517929 0.99977981 0.0043890773 -2.3376272 -0.98684419 -0.020956227 0.16031041 132.75305
230 0.16038369 -0.0011866238 0.98705404 61.522149 -0.020422415 0.99978118 0.0045203061 -2.3493387 -0.98684347 -0.020883012 0.16032437 132.89162
231 0.16080559 -0.0012515711 0.98698531 62.376317 -0.02050414 0.9997791 0.0046084524 -2.3614897 -0.98677312 -0.020978351 0.16074442 133.03247
232 0.16146346 -0.0013568188 0.98687776 63.256715 -0.020494935 0.99977873 0.00472774 -2.3735625 -0.98666588 -0.020989353 0.16139994 133.178
233 0.16189096 -0.0015656804 0.98680741 64.129559 -0.020272972 0.99978237 0.0049121545 -2.3848804 -0.98660041 -0.020800753 0.161824 133.32226
234 0.16267581 -0.001509361 0.98667842 64.978896 -0.02051521 0.99977743 0.004911786 -2.3977753 -0.9864663 -0.021040945 0.16260865 133.46569
235 0.16311289 -0.0014703983 0.98660632 65.822997 -0.020747693 0.99977259 0.0049201793 -2.4105086 -0.98638925 -0.02127235 0.1630453 133.60817
236 0.1635671 -0.0014000891 0.98653122 66.652016 -0.020977997 0.9997679 0.0048970311 -2.4233154 -0.98630917 -0.021496443 0.16349977 133.7488
237 0.16415398 -0.0012453408 0.98643394 67.480894 -0.021345564 0.99976052 0.0048143128 -2.4367335 -0.98620377 -0.021846278 0.16408809 133.89064
238 0.16450801 -0.0010970403 0.98637514 68.305878 -0.02167408 0.99975387 0.0047267309 -2.4503502 -0.98613761 -0.022156359 0.16444376 134.03221
239 0.16487308 -0.0010214646 0.98631426 69.142587 -0.021887109 0.99974938 0.0046940452 -2.4635823 -0.98607194 -0.022361491 0.16480942 134.17531
240 0.16549653 -0.0010370632 0.98620983 70.002048 -0.021981773 0.99974709 0.0047400743 -2.4763422 -0.98596539 -0.022463108 0.16543189 134.32213
241 0.16605682 -0.0010810681 0.9861156 70.856912 -0.022038936 0.99974551 0.0048072543 -2.4886662 -0.9858699 -0.022531217 0.16599074 134.46846
242 0.16649524 -0.0011307098 0.98604161 71.719038 -0.022121379 0.99974333 0.004881664 -2.5010998 -0.98579411 -0.022625375 0.16642751 134.6164
243 0.16693564 -0.0011420687 0.98596714 72.570316 -0.022241296 0.99974046 0.0049237312 -2.5136275 -0.98571693 -0.022751134 0.16686692 134.76324
244 0.16754175 -0.001066246 0.98586441 73.414018 -0.022478496 0.99973527 0.0049013335 -2.5266974 -0.98560871 -0.022981928 0.16747344 134.91003
245 0.16810142 -0.00099604689 0.9857692 74.261348 -0.022667103 0.99973113 0.0048755339 -2.5400469 -0.98550908 -0.023164117 0.16803366 135.05815
246 0.16860685 -0.00083674572 0.98568303 75.097311 -0.022958862 0.99972496 0.0047759134 -2.5541791 -0.98541599 -0.023435413 0.16854127 135.20568
247 0.16864309 -0.00065891307 0.98567696 75.929936 -0.023251061 0.99971882 0.0046464092 -2.5689899 -0.98540293 -0.023701621 0.16858036 135.35305
248 0.16881893 -0.00053331689 0.98564694 76.794648 -0.023562816 0.99971184 0.0045767021 -2.5835631 -0.98536542 -0.023997253 0.16875772 135.50505
249 0.1690882 -0.00047379297 0.98560081 77.691009 -0.023767831 0.99970707 0.0045581474 -2.5981048 -0.98531432 -0.024196323 0.16902742 135.66199
250 0.16935705 -0.00040781792 0.98555468 78.59668 -0.024000303 0.99970161 0.0045378676 -2.6129321 -0.98526251 -0.024422132 0.16929674 135.82094
251 0.1698478 -0.00043731149 0.98547021 79.518936 -0.024127051 0.99969826 0.0046019717 -2.6270654 -0.98517494 -0.024558126 0.16978601 135.98271
252 0.17028136 -0.00051940352 0.98539535 80.457086 -0.024232844 0.99969518 0.0047145004 -2.6406853 -0.98509749 -0.024681724 0.17021688 136.14686
253 0.17097041 -0.00050062664 0.98527604 81.390429 -0.024503725 0.99968836 0.0047599681 -2.6550696 -0.98497143 -0.024956748 0.17090488 136.31192
254 0.17162504 -0.00055233416 0.98516219 82.333974 -0.024620252 0.99968507 0.0048495689 -2.6691416 -0.98485467 -0.02508725 0.17155741 136.47917
255 0.17221454 -0.00074896032 0.98505918 83.297487 -0.024552765 0.99968572 0.0050525573 -2.6819881 -0.98475345 -0.025056051 0.17214204 136.64921
256 0.17274154 -0.00086072173 0.98496681 84.241693 -0.024534696 0.99968553 0.0051764302 -2.6952629 -0.98466159 -0.025060047 0.17266611 136.81688
257 0.17337303 -0.00090011587 0.98485582 85.177666 -0.024701454 0.99968098 0.0052620843 -2.7089269 -0.98454643 -0.025239675 0.1732955 136.98451
258 0.17402286 -0.0010111281 0.9847411 86.126758 -0.024776216 0.99967837 0.0054049037 -2.7218454 -0.9844299 -0.025338736 0.17394185 137.15445
259 0.17452175 -0.0010964157 0.98465271 87.08034 -0.024827763 0.99967649 0.0055136652 -2.7351087 -0.98434028 -0.025408979 0.17443808 137.32562
260 0.1752576 -0.0011426144 0.98452195 88.030468 -0.024962703 0.99967263 0.0056038807 -2.7484261 -0.98420612 -0.025558452 0.17517172 137.49743
261 0.17604896 -0.0012209938 0.98438066 88.956426 -0.025025202 0.99967044 0.0057155246 -2.7610532 -0.98406328 -0.025640538 0.17596039 137.66575
262 0.17685993 -0.0011839241 0.98423532 89.871037 -0.025273085 0.99966404 0.0057438724 -2.7744382 -0.98391152 -0.025890525 0.1767706 137.83375
263 0.1774964 -0.0011286055 0.98412081 90.779436 -0.025535323 0.99965733 0.0057519832 -2.7878456 -0.98379013 -0.0261508 0.17740677 138.00104
264 0.17811532 -0.0011289638 0.98400897 91.693157 -0.025691318 0.99965307 0.0057972939 -2.8008817 -0.9836742 -0.026313075 0.17802454 138.16943
265 0.1787405 -0.001162224 0.98389557 92.614922 -0.025794412 0.99965001 0.0058668046 -2.8138094 -0.98355809 -0.026427644 0.17864797 138.3398
266 0.17924649 -0.001210459 0.98380345 93.55406 -0.025912332 0.99964646 0.005951113 -2.8268451 -0.98346291 -0.026559359 0.17915177 138.51366
267 0.17982473 -0.0012589588 0.98369786 94.493865 -0.026071438 0.99964176 0.0060453491 -2.8398755 -0.98335313 -0.026733522 0.1797275 138.68836
268 0.18018363 -0.0012383678 0.98363221 95.41117 -0.026280373 0.99963612 0.0060726051 -2.8531422 -0.98328187 -0.026944406 0.18008554 138.85972
269 0.18049021 -0.0011436882 0.98357612 96.323485 -0.026585543 0.99962824 0.0060409082 -2.8671517 -0.98321744 -0.027239231 0.18039272 139.03125
270 0.18056458 -0.0010671133 0.98356255 97.224469 -0.02681475 0.99962232 0.0060072481 -2.8809943 -0.98319756 -0.027458682 0.18046779 139.20043
271 0.18068305 -0.00094279709 0.98354093 98.102998 -0.027076837 0.99961571 0.0059324019 -2.8948943 -0.98316861 -0.027703063 0.1805881 139.36597
272 0.18102941 -0.00076124025 0.98347739 98.98479 -0.02746879 0.99960562 0.0058299245 -2.9091555 -0.98309402 -0.028070323 0.18093712 139.53283
273 0.18137527 -0.00058306495 0.98341379 99.855419 -0.027783799 0.99959756 0.0057169467 -2.9234361 -0.98302142 -0.028359885 0.18128609 139.69803
274 0.1818337 -0.00044896057 0.9833292 100.74591 -0.028096631 0.99958919 0.0056519122 -2.9376857 -0.98292784 -0.028655947 0.1817464 139.86716
275 0.18228199 -0.00036852359 0.98324623 101.66401 -0.028367258 0.99958165 0.0056335933 -2.9518639 -0.98283703 -0.028918903 0.18219529 140.04117
276 0.18273826 -0.00024950641 0.98316157 102.57115 -0.028657868 0.99957366 0.0055802516 -2.9663723 -0.98274386 -0.029195042 0.18265321 140.21414
277 0.18300847 -0.00012452244 0.98311133 103.47014 -0.028940118 0.99956589 0.0055138769 -2.9811157 -0.98268531 -0.029460445 0.18292543 140.38615
278 0.18321266 -3.9254773e-06 0.98307331 104.37384 -0.029255807 0.99955702 0.0054563152 -2.9957758 -0.98263791 -0.02976027 0.1831314 140.55882
279 0.18330232 -3.3701207e-05 0.98305659 105.30306 -0.029381559 0.99955302 0.0055127994 -3.0096509 -0.98261744 -0.029894245 0.18321941 140.73496
