3 0.99994564 -0.00040632632 -0.010418882 -0.017333824 0.00041034589 0.99999984 0.00038366237 -0.0096225564 0.010418724 -0.00038791686 0.99994565 0.73576558
4 0.9999935 0.00035982897 -0.0035862622 -0.0074788631 -0.00036027153 0.99999993 -0.00012275992 -0.012598833 0.0035862178 0.00012405115 0.99999356 0.66138256
5 0.99999742 -0.00053237144 -0.0022086448 -0.001611191 0.00053290774 0.99999983 0.00024223558 -0.0096228148 0.0022085154 -0.00024341196 0.99999753 0.71199932
6 0.99999384 8.2493232e-06 -0.0035111998 -0.0061269275 -8.1237709e-06 1 3.5771904e-05 -0.011855422 0.0035112001 -3.5743159e-05 0.99999384 0.71224957
7 0.99999352 1.4290083e-05 -0.003599621 -0.0058923096 -1.4270938e-05 1 5.3442916e-06 -0.011494703 0.0035996211 -5.292887e-06 0.99999352 0.69544518
8 0.99999372 0.00010123903 -0.0035427884 -0.0062246907 -0.00010123454 0.99999999 1.4464091e-06 -0.01146812 0.0035427886 -1.0877474e-06 0.99999372 0.6832878
9 0.99998976 0.00011191261 -0.0045247694 -0.007968727 -0.00011170524 0.99999999 4.6082385e-05 -0.011154375 0.0045247745 -4.5576473e-05 0.99998976 0.67206398
10 0.99999124 0.0002385789 -0.0041787354 -0.0078227751 -0.00023862696 0.99999997 -1.1003427e-05 -0.01182673 0.0041787327 1.200049e-05 0.99999127 0.68173869
11 0.99998454 0.00025670866 -0.0055541626 -0.010240136 -0.0002569295 0.99999997 -3.9047023e-05 -0.012012367 0.0055541523 4.0473447e-05 0.99998457 0.68644918
12 0.99998902 -0.00061811007 -0.0046450955 -0.0059492295 0.00061962211 0.99999976 0.00032408125 -0.0091320218 0.004644894 -0.00032695589 0.99998916 0.71457752
13 0.9999892 -0.00072411166 -0.0045904443 -0.0057282043 0.00072583957 0.99999967 0.00037475936 -0.009076915 0.0045901714 -0.00037808723 0.99998939 0.7395941
14 0.99999251 -0.0013087681 -0.0036427089 -0.0020841828 0.0013112659 0.99999891 0.00068337616 -0.0066936679 0.0036418105 -0.0006881476 0.99999313 0.77361575
15 0.99999729 -0.00060208826 -0.0022499649 -0.0022758224 0.00060293221 0.99999975 0.00037443454 -0.010246051 0.0022497389 -0.0003757901 0.9999974 0.78324888
16 0.999999 -9.4295275e-05 -0.001413698 -0.0034282773 9.4461307e-05 0.99999999 0.00011737894 -0.013249039 0.0014136869 -0.00011751236 0.99999899 0.77196309
17 0.99999969 -0.00021434847 -0.0007571151 -0.0011336569 0.00021444894 0.99999997 0.00013262453 -0.012899606 0.00075708665 -0.00013278685 0.9999997 0.77553033
18 0.99999932 -0.00040187196 -0.0010987344 -0.00083407197 0.00040212098 0.99999989 0.00022642555 -0.012393475 0.0010986433 -0.00022686722 0.99999937 0.80446761
19 0.99999907 -0.00042699328 -0.0012950921 -0.00083998249 0.00042730615 0.99999988 0.00024131309 -0.012859584 0.0012949889 -0.00024186626 0.99999913 0.8393184
20 0.99999891 -0.0008139438 -0.0012333082 0.00064850644 0.00081454831 0.99999955 0.00048972996 -0.01146405 0.0012329091 -0.00049073401 0.99999912 0.89341139
21 0.99999868 -0.00071851901 -0.0014574375 -1.4131312e-06 0.00071918456 0.99999964 0.00045618925 -0.012164429 0.0014571092 -0.00045723682 0.99999883 0.91388044
22 0.99999888 -0.00034103295 -0.0014570221 -0.0017139244 0.00034142335 0.99999991 0.00026770637 -0.014666527 0.0014569307 -0.00026820353 0.9999989 0.92169023
23 0.99999919 -0.00024646053 -0.0012525398 -0.0017459066 0.00024676417 0.99999994 0.00024227013 -0.014996221 0.00125248 -0.00024257902 0.99999919 0.91607048
24 0.99999933 -0.00014202621 -0.0011469015 -0.0017847876 0.00014225879 0.99999997 0.00020270635 -0.015290127 0.0011468727 -0.00020286937 0.99999932 0.90930308
25 0.99999888 -0.00016093398 -0.0014866078 -0.0026329613 0.00016126611 0.99999996 0.00022329454 -0.015191507 0.0014865718 -0.00022353403 0.99999887 0.91209155
26 0.99999911 -0.00049556575 -0.0012380841 -0.00076695399 0.00049597981 0.99999982 0.00033414501 -0.014325776 0.0012379182 -0.00033475878 0.99999918 0.93131717
27 0.99999942 -0.00056332327 -0.00092166981 -0.00011215123 0.00056367739 0.99999977 0.00038400449 -0.014264626 0.00092145327 -0.00038452379 0.9999995 0.94388943
28 0.99999953 -0.00046916504 -0.00085243213 0.0001110929 0.00046947008 0.99999983 0.00035768851 -0.014039002 0.00085226417 -0.00035808853 0.99999957 0.93604294
29 0.99999984 -0.00011242019 -0.00055743351 -0.0011696187 0.00011252845 0.99999997 0.00019417577 -0.016652048 0.00055741167 -0.00019423847 0.99999983 0.94266868
30 0.9999997 -0.00020698785 -0.00074934923 -0.0011839045 0.0002071588 0.99999995 0.00022806412 -0.016501501 0.00074930198 -0.00022821929 0.99999969 0.95803483
31 0.99999956 -0.00012064939 -0.00093407998 -0.0019932557 0.00012085176 0.99999997 0.00021660018 -0.016999801 0.00093405382 -0.00021671297 0.99999954 0.96367888
32 0.99999967 -0.00012014371 -0.00080184218 -0.0018515481 0.00012031404 0.99999997 0.00021237842 -0.017086655 0.00080181664 -0.00021247482 0.99999966 0.96646377
33 0.99999969 -0.00021975739 -0.00076256137 -0.0012855794 0.00021995205 0.99999994 0.00025520214 -0.016864169 0.00076250525 -0.00025536979 0.99999968 0.98797585
34 0.9999996 -0.00021970835 -0.00087251756 -0.0015071588 0.00021991954 0.99999995 0.00024195839 -0.017099795 0.00087246436 -0.00024215017 0.99999959 0.99490982
35 0.99999966 -0.00011970333 -0.00081023035 -0.0020544547 0.00011988059 0.99999997 0.00021873249 -0.017752774 0.00081020414 -0.00021882955 0.99999965 0.99267519
36 0.99999974 -9.4985477e-05 -0.00070819868 -0.0016963176 9.5135022e-05 0.99999997 0.00021113231 -0.017617314 0.00070817861 -0.00021119963 0.99999973 0.99397633
37 0.9999998 3.0596356e-06 -0.00062926369 -0.0020086811 -2.9457386e-06 0.99999998 0.00018100127 -0.018472937 0.00062926423 -0.00018099938 0.99999979 1.0049898
38 0.99999979 -9.1281907e-07 -0.00065418699 -0.0024005102 1.0287701e-06 0.99999998 0.00017724418 -0.019155253 0.00065418681 -0.00017724482 0.99999977 1.0213621
39 0.9999997 0.0001261892 -0.00076581204 -0.0030857974 -0.00012607234 0.99999998 0.00015264257 -0.019972753 0.00076583128 -0.00015254597 0.9999997 1.0464095
40 0.99999974 0.00017101574 -0.00069898125 -0.003126758 -0.00017092639 0.99999998 0.00012789532 -0.020492 0.0006990031 -0.00012777581 0.99999975 1.0544253
41 0.99999972 0.00033688026 -0.00067070768 -0.0039874332 -0.000336846 0.99999994 5.1194961e-05 -0.021890675 0.00067072489 -5.0969021e-05 0.99999977 1.0684043
42 0.99999967 0.00035589939 -0.00073415994 -0.003976882 -0.00035583697 0.99999993 8.5154316e-05 -0.022124102 0.0007341902 -8.4893046e-05 0.99999973 1.099682
43 0.99999985 0.00018020836 -0.00052542476 -0.002748785 -0.00018012905 0.99999997 0.00015099269 -0.021926782 0.00052545196 -0.00015089803 0.99999985 1.1287403
44 0.99999966 0.00024244977 -0.0007870843 -0.0039640975 -0.0002423137 0.99999996 0.00017297078 -0.022789891 0.0007871262 -0.00017278 0.99999968 1.1616702
45 0.9999996 0.00020563633 -0.00087230737 -0.0037848227 -0.00020544654 0.99999996 0.00021765805 -0.022430924 0.00087235209 -0.00021747875 0.9999996 1.1759217
46 0.99999965 0.00017918032 -0.00082322502 -0.0033788511 -0.00017904492 0.99999997 0.00016454954 -0.022227369 0.00082325448 -0.00016440208 0.99999965 1.1561128
47 0.99999974 0.00039686325 -0.00060069601 -0.0040581072 -0.00039680997 0.99999992 8.8806794e-05 -0.023344132 0.00060073121 -8.8568409e-05 0.99999982 1.1438877
48 0.99999961 0.00058580711 -0.00065848613 -0.0050915273 -0.00058579172 0.99999983 2.3562766e-05 -0.024446074 0.00065849982 -2.3177021e-05 0.99999978 1.1464046
49 0.99999983 0.00044168861 -0.00038461395 -0.0041431066 -0.00044165959 0.9999999 7.5542059e-05 -0.02427124 0.00038464728 -7.5372177e-05 0.99999992 1.1567029
50 0.99999978 0.0004410501 -0.0004974825 -0.0046811009 -0.00044100272 0.9999999 9.5346142e-05 -0.024818433 0.0004975245 -9.512673e-05 0.99999987 1.1812555
51 0.99999983 0.00040918831 -0.00042206576 -0.0043110318 -0.0004091445 0.99999991 0.00010387127 -0.024504195 0.00042210822 -0.00010369857 0.99999991 1.1751903
52 0.99999978 0.00055600813 -0.00037250026 -0.0050262776 -0.00055600859 0.99999985 -1.1341409e-06 -0.025274857 0.00037249957 1.341254e-06 0.99999993 1.1503807
53 0.99999979 0.00051326223 -0.00040090812 -0.0046941633 -0.00051325585 0.99999987 1.6007118e-05 -0.024560993 0.00040091628 -1.5801346e-05 0.99999992 1.1356597
54 0.99999984 0.00045172066 -0.00034999024 -0.0045423344 -0.0004517195 0.9999999 3.4108398e-06 -0.024461261 0.00034999175 -3.2527418e-06 0.99999994 1.1244355
55 0.99999985 0.00040379546 -0.00035819619 -0.0037568693 -0.00040378052 0.99999992 4.1762685e-05 -0.023720086 0.00035821302 -4.1618047e-05 0.99999993 1.1302884
56 0.99999984 0.00044700729 -0.00034967715 -0.0043021301 -0.00044699246 0.9999999 4.2490716e-05 -0.024572246 0.00034969611 -4.2334406e-05 0.99999994 1.1517873
57 0.9999998 0.00042365673 -0.00046132949 -0.0042456264 -0.00042362827 0.99999991 6.1770075e-05 -0.024174532 0.00046135562 -6.1574631e-05 0.99999989 1.15161
58 0.99999983 0.00042674376 -0.00039977897 -0.004223866 -0.00042672272 0.99999991 5.2705946e-05 -0.024133509 0.00039980142 -5.2535342e-05 0.99999992 1.1432056
59 0.99999985 0.00045560761 -0.00031564429 -0.0039430801 -0.00045560058 0.9999999 2.2345257e-05 -0.023566257 0.00031565443 -2.2201446e-05 0.99999995 1.1095109
60 0.9999999 0.000378034 -0.00022100415 -0.0035143478 -0.000378027 0.99999993 3.1714564e-05 -0.022954805 0.00022101613 -3.1631015e-05 0.99999998 1.088777
61 0.99999988 0.00042436968 -0.00023790815 -0.0036976712 -0.00042436448 0.99999991 2.1897251e-05 -0.023291817 0.00023791742 -2.1796289e-05 0.99999997 1.0978448
62 0.99999989 0.00037218634 -0.00028770206 -0.0039045406 -0.0003721786 0.99999993 2.6959591e-05 -0.023481571 0.00028771207 -2.6852512e-05 0.99999996 1.102293
63 0.9999999 0.00036700385 -0.00024838457 -0.0035865706 -0.00036699191 0.99999993 4.8142083e-05 -0.023228555 0.00024840222 -4.8050923e-05 0.99999997 1.1045373
64 0.99999993 0.00029991542 -0.00021818108 -0.0030460714 -0.00029989227 0.99999995 0.00010614709 -0.022889694 0.00021821291 -0.00010608165 0.99999997 1.1195234
65 0.99999991 0.00038458219 -0.00018179221 -0.0033260628 -0.00038456857 0.99999992 7.4922982e-05 -0.023607332 0.00018182101 -7.4853064e-05 0.99999998 1.1320751
66 0.99999992 0.00031272868 -0.00024181076 -0.0030767715 -0.00031270079 0.99999994 0.00011535631 -0.023349489 0.00024184683 -0.00011528069 0.99999996 1.1462557
67 0.99999984 0.00049770955 -0.00028254286 -0.0043220243 -0.00049770208 0.99999988 2.6506117e-05 -0.02455558 0.00028255602 -2.636549e-05 0.99999996 1.1437863
68 0.9999999 0.00035366155 -0.00027565217 -0.0031164624 -0.0003536382 0.99999993 8.4742005e-05 -0.023171298 0.00027568212 -8.4644516e-05 0.99999996 1.1337418
69 0.9999999 0.00033857426 -0.00030507225 -0.003893881 -0.00033856288 0.99999994 3.7344557e-05 -0.023712622 0.00030508487 -3.7241267e-05 0.99999995 1.1172786
70 0.99999988 0.00040506442 -0.00028059427 -0.0035530954 -0.00040505023 0.99999992 5.0619467e-05 -0.023330912 0.00028061475 -5.0505806e-05 0.99999996 1.1144329
71 0.99999988 0.00034663964 -0.00033523212 -0.0030572023 -0.00034660846 0.99999994 9.3050274e-05 -0.023061573 0.00033526435 -9.2934069e-05 0.99999994 1.1361289
72 0.99999986 0.00033752521 -0.00041937179 -0.0032915837 -0.00033748842 0.99999994 8.7812323e-05 -0.02340147 0.0004194014 -8.7670777e-05 0.99999991 1.1502684
73 0.99999968 0.00049767895 -0.00062631378 -0.0052077753 -0.00049761886 0.99999987 9.6100363e-05 -0.024805278 0.00062636152 -9.5788666e-05 0.9999998 1.1848397
74 0.99999965 0.00035138193 -0.00076396424 -0.0041603711 -0.00035128177 0.99999993 0.00013123813 -0.023527315 0.0007640103 -0.00013096972 0.9999997 1.1756223
75 0.99999987 0.00032070548 -0.00039987197 -0.0035412721 -0.00032065586 0.99999994 0.00012412871 -0.024002844 0.00039991176 -0.00012400047 0.99999991 1.1832107
76 0.99999981 0.00041480181 -0.00044620863 -0.0040831273 -0.00041475867 0.99999991 9.6769456e-05 -0.024124942 0.00044624873 -9.6584369e-05 0.9999999 1.1666248
77 0.99999989 0.0003733078 -0.00029872248 -0.0036124786 -0.00037328223 0.99999993 8.5644354e-05 -0.023895479 0.00029875443 -8.5532837e-05 0.99999995 1.1527888
78 0.99999996 0.00023164504 -0.00017969321 -0.0024371867 -0.00023162387 0.99999997 0.00011778166 -0.022892196 0.00017972049 -0.00011774003 0.99999998 1.1411431
79 0.99999994 0.0002628531 -0.0002401019 -0.003320444 -0.0002628348 0.99999996 7.6258172e-05 -0.023594878 0.00024012194 -7.619506e-05 0.99999997 1.1362783
80 0.99999991 0.00031020407 -0.00028892925 -0.0035915958 -0.0003101859 0.99999995 6.2914709e-05 -0.023653695 0.00028894875 -6.2825081e-05 0.99999996 1.1314333
81 0.99999984 0.00040100048 -0.00040371737 -0.0033131772 -0.00040096987 0.99999992 7.5902301e-05 -0.023183815 0.00040374778 -7.574041e-05 0.99999992 1.1353496
82 0.9999999 0.00030456421 -0.00033215011 -0.002999023 -0.00030453853 0.99999995 7.7375408e-05 -0.022942679 0.00033217366 -7.7274248e-05 0.99999994 1.1244528
83 0.99999979 0.00042417231 -0.0004978849 -0.0042361684 -0.00042415384 0.99999991 3.7190963e-05 -0.023825095 0.00049790063 -3.6979775e-05 0.99999988 1.1312598
84 0.9999998 0.00034689911 -0.00052928388 -0.0039836271 -0.00034685715 0.99999994 7.9352837e-05 -0.023399164 0.00052931138 -7.9169235e-05 0.99999986 1.1385398
85 0.99999988 0.0002947259 -0.00039719062 -0.0038480073 -0.00029469567 0.99999995 7.6170848e-05 -0.023670158 0.00039721305 -7.6053788e-05 0.99999992 1.1402214
86 0.99999985 0.0003720475 -0.00041268737 -0.0037438249 -0.00037202247 0.99999993 6.072767e-05 -0.023555906 0.00041270994 -6.0574132e-05 0.99999991 1.1345157
87 0.99999983 0.00039925044 -0.00042941126 -0.0040118583 -0.00039923659 0.99999992 3.2329128e-05 -0.023703835 0.00042942413 -3.2157686e-05 0.99999991 1.1232924
88 0.99999983 0.00036568778 -0.00044730166 -0.0036669182 -0.00036566318 0.99999993 5.5074232e-05 -0.023173571 0.00044732177 -5.4910661e-05 0.9999999 1.1190942
89 0.99999981 0.00033389401 -0.00052521537 -0.0037236303 -0.00033385936 0.99999994 6.6074312e-05 -0.022955125 0.0005252374 -6.5898952e-05 0.99999986 1.1174394
90 0.9999998 0.00033602562 -0.00053653436 -0.0035722792 -0.0003359916 0.99999994 6.3503388e-05 -0.022516104 0.00053655566 -6.3323104e-05 0.99999985 1.1015915
91 0.99999987 0.00023583746 -0.00045647908 -0.00340225 -0.00023580847 0.99999997 6.3558092e-05 -0.022080771 0.00045649405 -6.3450442e-05 0.99999989 1.0776614
92 0.99999979 0.00040788898 -0.00049821207 -0.004505885 -0.00040789589 0.99999992 -1.3761458e-05 -0.022950426 0.00049820642 1.3964674e-05 0.99999988 1.0649751
93 0.99999991 0.00029846288 -0.00031380008 -0.0034797486 -0.00029845048 0.99999995 3.9579069e-05 -0.022358675 0.00031381188 -3.9485412e-05 0.99999995 1.071123
94 0.99999989 0.00024988701 -0.0003889245 -0.0037550594 -0.0002498801 0.99999997 1.7834732e-05 -0.02246818 0.00038892894 -1.7737546e-05 0.99999992 1.062724
95 0.99999984 0.00025477864 -0.00050234591 -0.0041037924 -0.00025477974 0.99999997 -2.1131724e-06 -0.02203792 0.00050234536 2.2411596e-06 0.99999987 1.0362762
96 0.99999984 0.00028883747 -0.00049439462 -0.0045339206 -0.00028886031 0.99999996 -4.6122936e-05 -0.021853777 0.00049438128 4.626574e-05 0.99999988 1.0036608
97 0.9999999 0.0002721697 -0.00034990784 -0.0040601169 -0.0002721851 0.99999996 -4.3964265e-05 -0.021159635 0.00034989586 4.40595e-05 0.99999994 0.97892765
98 0.9999999 0.00025606242 -0.00036737684 -0.0037729939 -0.0002560767 0.99999997 -3.8821548e-05 -0.020261212 0.00036736689 3.8915621e-05 0.99999993 0.95197713
99 0.99999983 0.00026917837 -0.00052528811 -0.0034875495 -0.0002691841 0.99999996 -1.0841348e-05 -0.019255291 0.00052528517 1.0982746e-05 0.99999986 0.9364839
100 0.9999998 0.00024322322 -0.00057834563 -0.0036045316 -0.00024323614 0.99999997 -2.2271032e-05 -0.018720833 0.0005783402 2.2411702e-05 0.99999983 0.91099648
101 0.99999974 0.00034020443 -0.00062838991 -0.0041117357 -0.0003402404 0.99999994 -5.7131208e-05 -0.018887582 0.00062837044 5.7344997e-05 0.9999998 0.90010344
102 0.99999974 0.00030100333 -0.00065214417 -0.0040345845 -0.00030103619 0.99999995 -5.0293383e-05 -0.018596145 0.000652129 5.0489689e-05 0.99999979 0.89266707
103 0.99999978 0.00036268804 -0.00056323454 -0.0045031755 -0.00036275498 0.99999993 -0.00011875046 -0.018669787 0.00056319143 0.00011895475 0.99999983 0.8618234
104 0.99999988 0.00030613418 -0.00038188752 -0.0049061863 -0.00030619621 0.99999994 -0.00016237746 -0.018654187 0.00038183779 0.00016249437 0.99999991 0.83125187
105 0.99999941 0.00064667683 -0.00087432864 -0.0056170841 -0.00064688605 0.99999976 -0.00023902493 -0.018508166 0.00087417386 0.00023959038 0.99999959 0.81657828
106 0.99999919 0.0004806242 -0.0011807129 -0.0050751655 -0.00048082131 0.99999987 -0.00016667024 -0.016912587 0.0011806326 0.00016723782 0.99999929 0.79626794
107 0.99999827 0.00038555009 -0.0018219206 -0.0056845859 -0.00038576476 0.99999992 -0.00011747924 -0.015878509 0.0018218752 0.00011818187 0.99999833 0.78203036
108 0.99999792 0.00038030222 -0.0020049627 -0.0056490081 -0.00038051466 0.99999992 -0.00010557683 -0.014972058 0.0020049224 0.00010633953 0.99999798 0.75744762
109 0.99999883 0.00039236577 -0.0014794192 -0.0044306746 -0.00039255883 0.99999991 -0.00013020644 -0.014363509 0.001479368 0.00013078705 0.9999989 0.73084804
110 0.9999994 0.00026081342 -0.0010658289 -0.002764265 -0.00026092818 0.99999996 -0.00010753332 -0.013476124 0.0010658009 0.00010781136 0.99999943 0.719665
111 0.99999954 0.00032338929 -0.00089897913 -0.0028813767 -0.00032352146 0.99999994 -0.00014688238 -0.013423192 0.00089893157 0.00014717315 0.99999959 0.69713137
112 0.99999996 0.00025416125 -0.00014628197 -0.0010139953 -0.00025418996 0.99999995 -0.0001962301 -0.012761419 0.00014623209 0.00019626728 0.99999997 0.67858488
113 0.99999966 -0.00019506324 0.00080668924 0.0022950578 0.00019511429 0.99999998 -6.3208694e-05 -0.010906626 -0.0008066769 6.3366069e-05 0.99999967 0.67185385
114 0.99999775 -0.00027483504 0.0021031244 0.0040621982 0.0002752284 0.99999994 -0.00018675167 -0.0099788743 -0.002103073 0.00018733009 0.99999777 0.61456436
115 0.99998486 -0.00080653915 0.0054430356 0.0066473507 0.00080881803 0.99999959 -0.0004164896 -0.0092377466 -0.0054426975 0.00042088572 0.9999851 0.54542974
116 0.99995808 -0.0012246975 0.0090743335 0.009724858 0.0012271192 0.99999921 -0.00026130243 -0.0085418685 -0.0090740064 0.00027242677 0.99995879 0.47725508
117 0.99993154 -0.0018303541 0.011556723 0.013575524 0.0018252741 0.99999823 0.00045010539 -0.0084115914 -0.011557526 -0.00042898039 0.99993312 0.43930533
118 0.99992382 -0.0015434299 0.012246408 0.014294049 0.0015345914 0.99999856 0.00073108477 -0.0088862372 -0.012247519 -0.00071223584 0.99992474 0.42627344
119 0.99987451 -0.0017178516 0.015748387 0.01896292 0.0016918923 0.99999719 0.0016615541 -0.0087608848 -0.015751197 -0.001634701 0.99987461 0.39727242
120 0.99976801 -0.0026004032 0.021381411 0.025333126 0.0025667176 0.99999542 0.0016027569 -0.0055625571 -0.021385481 -0.001547505 0.99977011 0.37952357
121 0.99966334 -0.0032784068 0.025738414 0.03344129 0.0032498115 0.99999405 0.0011527464 -0.0076490819 -0.02574204 -0.0010687133 0.99966805 0.36067051
122 0.9994763 -0.0026515905 0.032250403 0.038497055 0.0026474371 0.99999648 0.00017148757 -0.0088927398 -0.032250744 -8.601685e-05 0.99947981 0.35987857
123 0.9993301 -0.0020030239 0.036542262 0.041626934 0.0019966392 0.99999798 0.0002112157 -0.0090598266 -0.036542612 -0.00013811249 0.99933209 0.37521828
124 0.99919593 -0.0016412769 0.040059989 0.044427761 0.0016402245 0.99999865 5.9139068e-05 -0.009236558 -0.040060032 6.6158578e-06 0.99919727 0.39722038
125 0.99897454 -0.0021863041 0.04522261 0.052597 0.0021750707 0.99999759 0.00029760573 -0.010164554 -0.045223152 -0.00019893817 0.99897689 0.42478915
126 0.99898067 -0.0012522433 0.045122679 0.051015451 0.0012440963 0.9999992 0.00020863479 -0.010271895 -0.045122904 -0.00015228517 0.99898143 0.44351376
127 0.99897481 0.0003458706 0.045268219 0.047538108 -0.00034306031 0.99999994 -6.9849579e-05 -0.010219211 -0.045268241 5.424824e-05 0.99897487 0.44596123
128 0.99884678 -2.9817107e-05 0.048011604 0.05183395 2.7301906e-05 1 5.3043126e-05 -0.011001759 -0.048011605 -5.1671148e-05 0.99884678 0.45711417
129 0.99895051 0.00040198337 0.045800837 0.048895421 -0.00040795843 0.99999991 0.00012111018 -0.010239054 -0.045800785 -0.00013966791 0.99895058 0.46211232
130 0.99880812 -0.00079322159 0.048802801 0.05251273 0.00076640264 0.99999954 0.00056824705 -0.0072277472 -0.048803229 -0.00053016717 0.99880827 0.43173956
131 0.99886655 -0.0017636326 0.047565881 0.052806217 0.0017840161 0.99999833 -0.0003860838 -0.0076671118 -0.047565121 0.00047050449 0.99886803 0.41424609
132 0.99880559 0.00016549141 0.048860774 0.052617655 -0.00011087676 0.99999937 -0.0011204689 -0.011979152 -0.048860928 0.001113713 0.99880497 0.43356877
133 0.99872154 0.00039915841 0.05054834 0.053924621 -0.00035656194 0.99999957 -0.0008517024 -0.012171559 -0.050548658 0.00083258991 0.99872125 0.43826889
134 0.99871173 0.0012096404 0.050728923 0.05315551 -0.0011996045 0.99999925 -0.0002282806 -0.011807075 -0.050729161 0.00016713186 0.99871243 0.46034091
135 0.9988465 0.0020317167 0.047974476 0.048477074 -0.002030546 0.99999794 -7.3138147e-05 -0.009015085 -0.047974526 -2.4360599e-05 0.99884856 0.47359841
136 0.99857875 0.0023421376 0.053244693 0.053049445 -0.002320625 0.9999972 -0.00046585437 -0.011632526 -0.053245635 0.00034163131 0.99858139 0.46117999
137 0.9985307 -0.00064617574 0.054185015 0.059869832 0.00066996499 0.99999969 -0.00042087422 -0.0073270088 -0.054184726 0.0004565579 0.99853082 0.44457283
138 0.99879222 -0.00030149945 0.04913258 0.054887316 0.00031897841 0.99999989 -0.00034791037 -0.0089507924 -0.049132469 0.00036316241 0.9987922 0.44577983
139 0.99876851 -0.0004666245 0.049610967 0.056975455 0.00051172715 0.99999947 -0.00089642921 -0.013049104 -0.049610522 0.00092071254 0.99876822 0.45784933
140 0.99883217 0.0013265577 0.04829634 0.050589679 -0.0012998785 0.99999898 -0.00058380975 -0.014555524 -0.048297065 0.00052034859 0.99883288 0.47740409
141 0.99864814 0.00073621386 0.051974572 0.053787634 -0.00077243583 0.99999947 0.00067683343 -0.014119212 -0.051974047 -0.00071606547 0.99864818 0.50972789
142 0.99884406 0.0014193803 0.04804717 0.049747973 -0.0014597132 0.99999861 0.00080436604 -0.0090029356 -0.048045961 -0.00087357133 0.99884474 0.51012055
143 0.99884748 0.0013529782 0.047977918 0.049243884 -0.0013851557 0.99999884 0.00063743329 -0.0089754161 -0.047977 -0.00070315552 0.99884819 0.49337589
144 0.99885441 0.00087225042 0.047844679 0.049593785 -0.00087533149 0.99999962 4.3445419e-05 -0.0087468627 -0.047844623 -8.5275602e-05 0.99885479 0.48364307
145 0.9988312 0.00077401497 0.048328361 0.050905347 -0.00077646324 0.9999997 3.1885389e-05 -0.0075988291 -0.048328322 -6.9373317e-05 0.9988315 0.47630706
146 0.99897847 0.00035157079 0.045187247 0.048833105 -0.00034005732 0.99999991 -0.00026248138 -0.0093910709 -0.045187335 0.00024684699 0.9989785 0.48632689
147 0.99904046 -0.00093599441 0.0437867 0.048471745 0.00090762753 0.99999937 0.00066771834 -0.0066282026 -0.043787297 -0.00062733563 0.99904068 0.48110317
148 0.99930266 -0.00082304691 0.037329831 0.041066037 0.00080228653 0.99999952 0.00057111015 -0.0060485471 -0.037330283 -0.00054076267 0.99930284 0.47956975
149 0.99951699 7.1934365e-05 0.031077169 0.034262013 -5.8996252e-05 0.99999991 -0.00041723887 -0.0067191046 -0.031077196 0.0004152039 0.9995169 0.49795558
150 0.99956472 0.00039191793 0.029499557 0.032331915 -0.00039043774 0.99999992 -5.5936965e-05 -0.0059696597 -0.029499577 4.4394876e-05 0.99956479 0.52432952
151 0.99958663 -6.7671782e-05 0.028749896 0.032226784 5.6721049e-05 0.99999993 0.00038171179 -0.0041882424 -0.028749919 -0.00037992328 0.99958656 0.54113868
152 0.9996631 -0.0017281642 0.025897719 0.032417161 0.0017110114 0.9999983 0.00068447632 -0.0043140219 -0.025898858 -0.00063993443 0.99966436 0.5606473
153 0.99972528 -0.0013306972 0.023400615 0.0293269 0.0013235352 0.99999907 0.00032154394 -0.0060664406 -0.023401021 -0.00029048407 0.99972612 0.54937673
154 0.99981615 -0.00099826831 0.01914846 0.022728143 0.00100248 0.99999948 -0.00021034975 -0.009447089 -0.01914824 0.00022950703 0.99981663 0.55294076
155 0.99990788 0.00010275315 0.013572974 0.015786593 -9.7346991e-05 0.99999992 -0.00039896294 -0.010504183 -0.013573014 0.00039760489 0.9999078 0.5883621
156 0.99989017 0.00089567589 0.014793698 0.01679273 -0.00089747424 0.99999959 0.00011492337 -0.0092635115 -0.014793589 -0.00012818771 0.99989056 0.63376387
157 0.99995477 -0.00084997409 0.0094731616 0.018221658 0.00084286659 0.99999936 0.0007542441 -0.0037390427 -0.0094737966 -0.00074622537 0.99995484 0.71213851
158 0.99998845 -0.0014200737 0.0045925899 0.010450235 0.0014161087 0.99999862 0.00086649171 -0.0068178286 -0.0045938141 -0.00085997809 0.99998908 0.78203037
159 0.99999934 -0.00099731941 0.00057645734 0.0037433256 0.00099703819 0.99999938 0.00048791571 -0.0098982209 -0.00057694359 -0.00048734064 0.99999971 0.79964828
160 0.99999994 -5.9809619e-05 -0.00035188364 -0.0011396229 5.9844947e-05 0.99999999 0.00010038688 -0.014060118 0.00035187763 -0.00010040793 0.99999993 0.80127481
161 0.99999835 8.0244109e-05 -0.0018136204 -0.0043568882 -8.0208401e-05 1 1.9761311e-05 -0.014522717 0.001813622 -1.961581e-05 0.99999836 0.79620408
162 0.99999759 -0.00065291685 -0.002096966 -0.0021950857 0.00065369761 0.99999972 0.00037166093 -0.011309371 0.0020967228 -0.00037303081 0.99999773 0.81770555
163 0.99999637 -0.00077091538 -0.0025802162 -0.003815323 0.00077214269 0.99999959 0.0004746983 -0.011222798 0.0025798491 -0.00047668887 0.99999656 0.84538764
164 0.99999695 -0.00097215288 -0.00226942 -0.0021716121 0.00097338793 0.99999938 0.00054317257 -0.011035876 0.0022688905 -0.00054537994 0.99999728 0.87963904
165 0.99999827 -0.00021205074 -0.0018471867 -0.0039994519 0.00021242604 0.99999996 0.00020297944 -0.014949902 0.0018471436 -0.00020337148 0.99999827 0.88119974
166 0.99999954 -7.3931508e-05 -0.000959378 -0.0028755971 7.4080195e-05 0.99999999 0.00015494801 -0.015784313 0.00095936653 -0.00015501901 0.99999953 0.87671597
167 0.99999989 2.5651119e-05 -0.00046599444 -0.002221606 -2.5604565e-05 0.99999999 9.9909177e-05 -0.016292544 0.000465997 -9.9897234e-05 0.99999989 0.87295066
168 0.99999998 0.00015473306 -8.4335839e-05 -0.0025664866 -0.00015473163 0.99999999 1.6971975e-05 -0.016949619 8.4338465e-05 -1.6958925e-05 1 0.85136753
169 0.99999998 0.00019920914 -2.2805545e-05 -0.0026459875 -0.00019920935 0.99999998 -9.3308385e-06 -0.01727812 2.2803686e-05 9.3353814e-06 1 0.85166196
170 0.99999999 5.8057314e-05 0.00010343612 -0.0017757919 -5.8062422e-05 1 4.9379627e-05 -0.016961684 -0.00010343325 -4.9385633e-05 0.99999999 0.86430768
171 0.99999999 0.00010716391 9.8622102e-05 -0.0020353317 -0.00010716722 0.99999999 3.361741e-05 -0.01721379 -9.8618499e-05 -3.3627979e-05 0.99999999 0.86656253
172 0.99999997 0.0002256574 -6.8185329e-05 -0.0028687669 -0.00022565831 0.99999997 -1.330269e-05 -0.017823077 6.8182326e-05 1.3318076e-05 1 0.87059612
173 0.99999994 0.00034012149 4.2084314e-05 -0.003353709 -0.00034011831 0.99999994 -7.5552559e-05 -0.018174396 -4.2110009e-05 7.5538241e-05 1 0.85337576
174 0.99999986 0.0003461537 0.000395335 -0.0032667379 -0.00034612082 0.99999994 -8.3236595e-05 -0.018541465 -0.00039536379 8.309975e-05 0.99999992 0.85156534
175 0.99999969 0.00014327344 0.00077550767 -0.0022026618 -0.00014327444 0.99999999 1.2398438e-06 -0.018439694 -0.00077550748 -1.3509539e-06 0.9999997 0.87324917
176 0.99999994 0.00034890714 -3.8237155e-05 -0.0035389653 -0.0003489096 0.99999994 -6.4199599e-05 -0.019805627 3.8214753e-05 6.4212936e-05 1 0.91828293
177 0.99999987 0.0005030169 1.8576975e-05 -0.0035335011 -0.00050301578 0.99999987 -6.0451778e-05 -0.019576702 -1.8607381e-05 6.0442426e-05 1 0.91697386
178 1 9.2384563e-05 9.7969821e-06 -0.002778338 -9.2384724e-05 1 1.642171e-05 -0.01937362 -9.7954649e-06 -1.6422615e-05 1 0.93649126
179 0.99999984 0.00011979005 -0.00054733479 -0.0034167111 -0.00011977774 0.99999999 2.2526369e-05 -0.019460278 0.00054733749 -2.2460807e-05 0.99999985 0.95586647
180 0.99999986 0.00023475314 -0.00047389109 -0.0035086315 -0.00023475031 0.99999997 6.0159851e-06 -0.019860131 0.00047389249 -5.9047382e-06 0.99999989 0.96162574
181 0.99999991 0.00013867039 -0.00039995549 -0.0027846517 -0.000138644 0.99999999 6.6014575e-05 -0.019045194 0.00039996464 -6.5959118e-05 0.99999992 0.95487704
182 0.99999983 0.00015329658 -0.00056312658 -0.002910129 -0.00015326543 0.99999999 5.5357057e-05 -0.018722813 0.00056313505 -5.527074e-05 0.99999984 0.95022822
183 0.99999989 5.9353671e-05 -0.00047506903 -0.0022966836 -5.93115e-05 0.99999999 8.8782385e-05 -0.017871978 0.0004750743 -8.8754197e-05 0.99999988 0.93392021
184 0.99999992 5.9234682e-05 -0.00040683355 -0.002072852 -5.9198803e-05 0.99999999 8.8202642e-05 -0.01771399 0.00040683878 -8.817855e-05 0.99999991 0.92840415
185 0.99999993 7.2346718e-05 -0.00036435241 -0.0022043653 -7.2310411e-05 0.99999999 9.9659689e-05 -0.017962925 0.00036435962 -9.9633335e-05 0.99999993 0.93478281
186 0.99999986 0.00021350354 -0.00049050543 -0.0030221594 -0.000213489 0.99999998 2.968735e-05 -0.018314999 0.00049051175 -2.9582629e-05 0.99999988 0.91977409
187 0.99999977 0.00041124424 -0.00054729075 -0.0042676217 -0.00041129428 0.99999991 -9.1324023e-05 -0.018755948 0.00054725314 9.1549099e-05 0.99999985 0.87998219
188 0.99999993 0.00027856821 -0.00022959276 -0.0036540776 -0.00027858252 0.99999996 -6.2294571e-05 -0.018734384 0.00022957539 6.2358528e-05 0.99999997 0.88186875
189 0.99999989 0.00025679316 -0.00039055013 -0.0038136701 -0.00025682248 0.99999996 -7.5009108e-05 -0.018647924 0.00039053086 7.5109402e-05 0.99999992 0.87811846
190 0.99999989 0.00032162367 -0.00034972075 -0.0040149593 -0.00032165527 0.99999994 -9.0300713e-05 -0.018702328 0.00034969168 9.0413192e-05 0.99999993 0.87098651
191 0.99999992 0.00033247182 -0.00023695093 -0.0044423172 -0.00033250106 0.99999994 -0.00012335294 -0.01893578 0.0002369099 0.00012343171 0.99999996 0.85742288
192 0.99999976 0.00057713052 -0.00038125731 -0.0059505043 -0.00057722975 0.9999998 -0.00026021856 -0.019994751 0.00038110705 0.00026043857 0.99999989 0.83819096
193 0.99999987 0.0004585235 -0.00022515216 -0.0052515661 -0.00045857107 0.99999987 -0.00021128266 -0.019756461 0.00022505525 0.00021138588 0.99999995 0.84762636
194 0.99999982 -6.4150242e-05 0.00059262288 -0.0033609558 6.4198403e-05 0.99999999 -8.1249645e-05 -0.018815997 -0.00059261766 8.1287676e-05 0.99999982 0.84210422
195 0.99999989 0.00043993684 0.00016451911 -0.004781409 -0.00043990752 0.99999989 -0.0001781746 -0.020045819 -0.00016459748 0.00017810221 0.99999997 0.86019026
196 0.99999992 0.00024678998 0.00032965072 -0.0028367216 -0.00024677692 0.99999997 -3.9662786e-05 -0.018527459 -0.0003296605 3.9581433e-05 0.99999994 0.87278311
197 0.9999999 0.00010897792 0.00042826936 -0.001904255 -0.00010898525 0.99999999 1.7099329e-05 -0.017892622 -0.0004282675 -1.7146003e-05 0.99999991 0.87664309
198 0.99999998 0.00010478582 0.00018960713 -0.0017251667 -0.00010479497 0.99999999 4.8266175e-05 -0.01786755 -0.00018960207 -4.8286044e-05 0.99999998 0.8985473
199 0.99999993 0.00030722808 -0.00021557584 -0.0031005873 -0.00030723734 0.99999995 -4.2913409e-05 -0.018342111 0.00021556264 4.2979639e-05 0.99999998 0.88522786
200 0.99999996 0.00027842107 -1.5539603e-05 -0.003038597 -0.00027842169 0.99999996 -3.9474578e-05 -0.018139643 1.5528612e-05 3.9478903e-05 1 0.87024502
201 0.99999999 0.00016458572 -2.750717e-05 -0.002644184 -0.0001645857 0.99999999 4.9230439e-07 -0.01759853 2.7507251e-05 -4.877771e-07 1 0.86639118
202 0.99999997 0.00012997481 0.00019537823 -0.0020553968 -0.00012997587 0.99999999 5.389959e-06 -0.017108531 -0.00019537753 -5.4153533e-06 0.99999998 0.8513052
203 0.99999997 7.7288045e-05 0.00022129103 -0.0019933359 -7.7291215e-05 1 1.4318088e-05 -0.016891092 -0.00022128992 -1.4335191e-05 0.99999998 0.84313726
204 0.99999996 0.00016798716 0.00021786484 -0.0021319944 -0.00016798279 0.99999999 -2.0085315e-05 -0.016934526 -0.00021786821 2.0048717e-05 0.99999998 0.83533534
205 0.99999999 0.00012008472 8.980023e-05 -0.0021463391 -0.00012008328 0.99999999 -1.603073e-05 -0.016576797 -8.9802155e-05 1.6019947e-05 1 0.82617865
206 0.99999989 0.00032265351 -0.00033888133 -0.0027714556 -0.0003226705 0.99999995 -5.0061965e-05 -0.017015188 0.00033886516 5.0171307e-05 0.99999994 0.84133809
207 0.99999992 3.5498378e-05 -0.00040667349 -0.0014208605 -3.5467279e-05 1 7.6480153e-05 -0.015928955 0.00040667621 -7.6465723e-05 0.99999991 0.86343749
208 0.99999964 1.4560074e-05 -0.00084428697 -0.0020573782 -1.4489487e-05 1 8.3612526e-05 -0.015677381 0.00084428818 -8.3600263e-05 0.99999964 0.86513615
209 0.9999998 3.1440453e-05 -0.00063079847 -0.0021394862 -3.139299e-05 1 7.5252388e-05 -0.015717447 0.00063080084 -7.523257e-05 0.9999998 0.85247799
210 0.99999967 6.7392284e-06 -0.00081181153 -0.002155273 -6.6614086e-06 1 9.5862111e-05 -0.015549132 0.00081181217 -9.5856671e-05 0.99999967 0.85949382
211 0.99999967 -8.819974e-06 -0.00080949752 -0.0021865067 8.8963325e-06 1 9.4324726e-05 -0.015668202 0.00080949669 -9.4331897e-05 0.99999967 0.85929437
212 0.99999972 0.00015568838 -0.00073430444 -0.0029385903 -0.00015568195 0.99999999 8.8135662e-06 -0.016059609 0.00073430581 -8.6992458e-06 0.99999973 0.83746506
213 0.99999985 7.8808956e-05 -0.00053672183 -0.0024587425 -7.8793814e-05 1 2.8233602e-05 -0.015459131 0.00053672405 -2.8191307e-05 0.99999986 0.81729004
214 0.99999987 0.00027325301 -0.00043732039 -0.0036106189 -0.00027329952 0.99999996 -0.00010629327 -0.016147855 0.00043729133 0.00010641277 0.9999999 0.78123393
215 0.99999958 0.00045598513 -0.00079441841 -0.0039305001 -0.0004561088 0.99999988 -0.00015550111 -0.016135133 0.00079434741 0.00015586339 0.99999967 0.77747688
216 0.99999993 0.00025634966 -0.00025756305 -0.0023649667 -0.00025637486 0.99999996 -9.778644e-05 -0.015482691 0.00025753797 9.7852467e-05 0.99999996 0.77679025
217 0.9999998 3.8073489e-05 0.00062983042 -0.00044582205 -3.8053572e-05 1 -3.1635829e-05 -0.014905932 -0.00062983162 3.1611856e-05 0.9999998 0.77581449
218 0.99999936 0.00016233275 0.0011238076 -0.00052522267 -0.00016225897 0.99999998 -6.5743614e-05 -0.015408645 -0.0011238183 6.5561223e-05 0.99999937 0.77077587
219 0.99999811 0.00043515884 0.0018938964 -0.0016301703 -0.00043477624 0.99999988 -0.00020242043 -0.016527177 -0.0018939842 0.00020159663 0.99999819 0.73519691
220 0.99999801 0.00038561121 0.001956068 -0.00099904428 -0.00038524756 0.99999991 -0.00018627721 -0.016189666 -0.0019561397 0.00018552327 0.99999807 0.73729459
221 0.99999857 0.00036984395 0.0016504288 -0.0011551287 -0.00036955792 0.99999992 -0.00017360828 -0.016198636 -0.0016504929 0.0001729981 0.99999862 0.74678608
222 0.9999994 0.00036685389 0.0010355909 -0.0013173853 -0.00036669533 0.99999992 -0.00015328803 -0.016208164 -0.0010356471 0.00015290819 0.99999945 0.76937355
223 0.99999953 8.7279371e-05 0.00096729647 -0.0010630513 -8.7272592e-05 1 -7.0504716e-06 -0.015842558 -0.00096729708 6.9660498e-06 0.99999953 0.79250464
224 0.99999993 4.2374864e-05 0.00036663193 -0.0013226424 -4.2378245e-05 1 9.2135945e-06 -0.015743857 -0.00036663154 -9.2291311e-06 0.99999993 0.80947526
225 0.99999999 7.7864288e-05 0.00010585523 -0.0014293727 -7.7867203e-05 1 2.7527442e-05 -0.015760491 -0.00010585309 -2.7535684e-05 0.99999999 0.82061611
226 0.99999978 0.00011843271 -0.00064905941 -0.0026131339 -0.00011843295 0.99999999 -3.2043061e-07 -0.015891608 0.00064905937 3.9730056e-07 0.99999979 0.82781331
227 0.99999987 -5.3879304e-05 -0.00050535552 -0.0015404176 5.3923809e-05 0.99999999 8.8053501e-05 -0.01536974 0.00050535077 -8.808074e-05 0.99999987 0.84727083
228 0.99999987 -0.00019307953 -0.00047469928 -0.00099696756 0.00019315713 0.99999997 0.00016343677 -0.014908264 0.00047466771 -0.00016352844 0.99999987 0.85539746
229 0.99999983 -9.4527786e-06 -0.00058514178 -0.0018450705 9.5043326e-06 1 8.8102459e-05 -0.015337949 0.00058514095 -8.8108006e-05 0.99999982 0.8443823
230 1 -9.5457615e-05 -1.6931037e-05 -0.00072586321 9.545983e-05 0.99999999 0.00013091026 -0.015495205 1.691854e-05 -0.00013091187 0.99999999 0.85789318
231 0.99999991 8.3710783e-05 -0.00042734176 -0.0017567631 -8.3676844e-05 0.99999999 7.9436795e-05 -0.016103376 0.0004273484 -7.9401029e-05 0.99999991 0.86563738
232 0.99999978 -6.0600569e-06 -0.00066658838 -0.0017860443 6.1304794e-06 0.99999999 0.00010564418 -0.01622502 0.00066658774 -0.00010564824 0.99999977 0.89227774
233 0.99999988 -0.00021988294 -0.00043354898 -0.0011696953 0.00021995908 0.99999996 0.00017556829 -0.015527481 0.00043351036 -0.00017566363 0.99999989 0.88461938
234 0.99999965 0.00024619044 -0.00079500607 -0.0037412862 -0.00024620362 0.99999997 -1.6487639e-05 -0.017205249 0.00079500199 1.6683366e-05 0.99999968 0.86127896
235 0.99999987 0.00023471134 -0.00044264947 -0.0029763907 -0.00023471167 0.99999997 -6.8748806e-07 -0.017002492 0.0004426493 7.9138297e-07 0.9999999 0.85596212
236 0.99999987 0.00023260829 -0.00046005446 -0.0032321151 -0.00023262336 0.99999997 -3.2700134e-05 -0.01701455 0.00046004684 3.2807149e-05 0.99999989 0.840782
237 0.99999975 0.00037051204 -0.00059444118 -0.0040392458 -0.0003705687 0.99999993 -9.5209697e-05 -0.017624462 0.00059440586 9.5429955e-05 0.99999982 0.84083894
238 0.99999988 0.00033028939 -0.00035853817 -0.0039015495 -0.00033032356 0.99999994 -9.5257551e-05 -0.017733632 0.00035850669 9.5375973e-05 0.99999993 0.83695678
239 0.99999991 0.000214818 -0.00036990022 -0.0031778914 -0.00021483307 0.99999998 -4.0712694e-05 -0.017317198 0.00036989147 4.0792157e-05 0.99999993 0.84877723
240 0.9999998 9.7679882e-05 -0.00063202277 -0.0027932954 -9.7659548e-05 0.99999999 3.2204966e-05 -0.016917718 0.00063202591 -3.2143236e-05 0.9999998 0.87183635
241 0.99999984 5.9905632e-05 -0.00056808524 -0.0025322269 -5.9874563e-05 1 5.4707066e-05 -0.016494554 0.00056808851 -5.4673043e-05 0.99999984 0.8672249
242 0.9999999 8.463215e-05 -0.00044452039 -0.0024138916 -8.4603429e-05 0.99999999 6.4629948e-05 -0.016695658 0.00044452586 -6.4592333e-05 0.9999999 0.87465239
243 0.99999989 0.00012214486 -0.00044650432 -0.0027418945 -0.00012213049 0.99999999 3.219866e-05 -0.01680934 0.00044650825 -3.2144125e-05 0.9999999 0.86377271
244 0.99999978 0.00024027032 -0.00061450789 -0.0035559346 -0.00024029254 0.99999997 -3.6073627e-05 -0.017369673 0.0006144992 3.6221281e-05 0.99999981 0.85629261
245 0.99999982 0.00019142132 -0.00056752579 -0.0037297796 -0.00019144324 0.99999998 -3.8566107e-05 -0.017653661 0.00056751839 3.8674749e-05 0.99999984 0.86009329
246 0.99999983 0.00029428375 -0.00051248456 -0.0045452574 -0.00029434081 0.99999995 -0.00011126633 -0.018378372 0.00051245179 0.00011141716 0.99999986 0.84878785
247 0.99999996 0.00029245051 -3.6569158e-05 -0.0044988116 -0.00029245527 0.99999995 -0.00013037955 -0.018957286 3.6531026e-05 0.00013039024 0.99999999 0.84547282
248 0.99999994 0.00031265903 -0.00017821392 -0.0036091474 -0.0003126722 0.99999995 -7.3871508e-05 -0.018741386 0.00017819082 7.3927226e-05 0.99999998 0.87788216
249 0.99999994 0.00020631832 -0.00027310221 -0.0029785695 -0.00020632515 0.99999998 -2.4996716e-05 -0.018781687 0.00027309705 2.5053063e-05 0.99999996 0.90991353
250 0.99999994 0.00023377776 -0.00027268442 -0.0031233136 -0.00023378507 0.99999997 -2.6768589e-05 -0.01909804 0.00027267815 2.6832337e-05 0.99999996 0.91942903
251 0.99999987 0.00012907579 -0.00049790054 -0.0028547731 -0.00012904983 0.99999999 5.2170416e-05 -0.018455919 0.00049790727 -5.2106155e-05 0.99999987 0.93625648
252 0.9999999 0.00010789708 -0.00043991436 -0.002049733 -0.00010785225 0.99999999 0.00010194614 -0.018057367 0.00043992535 -0.00010189869 0.9999999 0.95232765
253 0.99999972 0.00027428743 -0.00069915985 -0.0033227232 -0.00027426755 0.99999996 2.8534884e-05 -0.018938698 0.00069916765 -2.8343119e-05 0.99999976 0.94774041
254 0.99999977 0.0001197813 -0.0006643822 -0.0030747981 -0.00011973259 0.99999999 7.3344901e-05 -0.018713993 0.00066439098 -7.3265337e-05 0.99999978 0.95816925
255 0.99999982 -6.4488336e-05 -0.00059845875 -0.0017830554 6.4601044e-05 0.99999998 0.00018831448 -0.017640414 0.00059844659 -0.0001883531 0.9999998 0.97832502
