3 0.9997562 0.0017414759 -0.022011545 -0.050093523 -0.0017491534 0.99999837 -0.0003295419 -0.032674733 0.022010938 0.00036796379 0.99975768 1.455311
4 0.99974616 0.0021561328 -0.022426821 -0.080008618 -0.0021618597 0.99999759 -0.00023111632 -0.057394254 0.022426272 0.00027954196 0.99974848 2.6442082
5 0.99973509 0.0025385499 -0.022875878 -0.11012116 -0.0025416671 0.99999672 -0.0001071901 -0.081578817 0.022875534 0.00016530523 0.99973833 3.8365353
6 0.99972754 0.0028977211 -0.023161562 -0.14055373 -0.002898117 0.99999576 1.6473199e-05 -0.10578751 0.023161514 5.0656852e-05 0.99973176 5.031228
7 0.99971571 0.0032981665 -0.023613931 -0.17207631 -0.0032961913 0.99999452 0.00012256919 -0.13013946 0.023614208 -4.4697668e-05 0.99972117 6.2224214
8 0.99970536 0.0037406011 -0.023983511 -0.20407911 -0.003736189 0.99999295 0.0002287701 -0.15446523 0.0239842 -0.00013909513 0.99971235 7.4132372
9 0.99969507 0.0041577315 -0.024341182 -0.23606348 -0.0041510602 0.99999129 0.00032459442 -0.17845993 0.024342323 -0.0002234531 0.99970368 8.5966144
10 0.99968478 0.0044442184 -0.024710277 -0.26770331 -0.0044348897 0.99999003 0.00043230678 -0.20168769 0.024711954 -0.00032258253 0.99969458 9.7599943
11 0.99967393 0.0048351957 -0.025072989 -0.30002791 -0.0048237526 0.99998819 0.00051685182 -0.22499224 0.025075195 -0.00039573677 0.99968551 10.91605
12 0.99966216 0.0053048745 -0.02544456 -0.33313867 -0.0052919216 0.99998579 0.00057636809 -0.24859243 0.025447259 -0.00044152213 0.99967609 12.073222
13 0.99965051 0.0058173278 -0.025788052 -0.36712053 -0.0058034413 0.99998293 0.00061329278 -0.27263941 0.025791182 -0.00046341838 0.99966727 13.235345
14 0.99963896 0.0062327002 -0.026136513 -0.40161365 -0.0062172756 0.9999804 0.00067137125 -0.29662534 0.026140188 -0.00050863033 0.99965818 14.405903
15 0.99962696 0.0066619837 -0.026487207 -0.43612517 -0.0066447631 0.99997761 0.00073810635 -0.3201575 0.026491534 -0.00056182917 0.9996489 15.56986
16 0.99961609 0.0070926327 -0.026783754 -0.47101363 -0.0070737623 0.99997462 0.00079922391 -0.34371266 0.026788746 -0.00060945457 0.99964095 16.73046
17 0.99960676 0.0075834235 -0.02699672 -0.50640767 -0.0075640096 0.99997101 0.00082116039 -0.36771368 0.027002168 -0.00061663341 0.99963521 17.882724
18 0.9995949 0.007991827 -0.027316295 -0.54131203 -0.0079704694 0.99996779 0.00089064828 -0.39069079 0.027322536 -0.00067256317 0.99962647 19.035944
19 0.99958461 0.0083106902 -0.027595968 -0.57575357 -0.0082868588 0.99996514 0.00097782711 -0.41304243 0.027603135 -0.00074873644 0.9996187 20.181477
20 0.99957549 0.0085299388 -0.027858437 -0.61017817 -0.0085027555 0.99996321 0.0010940751 -0.43489467 0.027866748 -0.00085673659 0.9996113 21.323849
21 0.99956056 0.0088230316 -0.02829938 -0.64527668 -0.0087923994 0.99996057 0.0012066784 -0.45646116 0.028308914 -0.00095732813 0.99959879 22.46001
22 0.99954648 0.0092100713 -0.028670718 -0.68096123 -0.0091767487 0.99995701 0.0012936073 -0.47824745 0.028681403 -0.0010299161 0.9995881 23.598526
23 0.99953423 0.0095754332 -0.028976639 -0.71735179 -0.0095392312 0.99995349 0.0013873244 -0.50017986 0.028988578 -0.0011102628 0.99957915 24.74511
24 0.99951712 0.0099271115 -0.029444541 -0.75458023 -0.0098876029 0.99994997 0.0014870844 -0.52198762 0.029457833 -0.0011952298 0.99956533 25.895895
25 0.99950159 0.010366028 -0.029818292 -0.79306053 -0.010324311 0.99994545 0.0015526567 -0.54453192 0.029832764 -0.0012440289 0.99955415 27.054521
26 0.99948617 0.010784479 -0.030184463 -0.83126125 -0.010740301 0.99994096 0.0016253294 -0.56654302 0.030200212 -0.0013003034 0.99954305 28.206708
27 0.999473 0.011155385 -0.030484182 -0.87036179 -0.011107799 0.99993677 0.0017298762 -0.58874687 0.030501555 -0.0013903518 0.99953377 29.378181
28 0.99945513 0.011576666 -0.030909994 -0.91042047 -0.011525561 0.99993186 0.0018309968 -0.61090782 0.030929088 -0.0014737435 0.99952052 30.560128
29 0.99943344 0.011948836 -0.031464745 -0.95090733 -0.011893205 0.99992732 0.0019546086 -0.63245593 0.031485816 -0.0015792839 0.99950297 31.74381
30 0.99941577 0.012285974 -0.031893385 -0.99142169 -0.012225786 0.99992305 0.002081479 -0.65372787 0.031916508 -0.0016903406 0.99948913 32.918562
31 0.99939975 0.012641446 -0.032254311 -1.0323239 -0.012576911 0.99991844 0.0022029081 -0.67489927 0.032279532 -0.0017959257 0.99947729 34.092988
32 0.999383 0.013057483 -0.032605646 -1.0742339 -0.012989407 0.99991295 0.0022988146 -0.69646511 0.032632828 -0.0018738677 0.99946567 35.270427
33 0.99936406 0.013501781 -0.033002652 -1.1171268 -0.013431423 0.99990698 0.0023526527 -0.71854926 0.03303135 -0.0019078835 0.99945252 36.439537
34 0.99934696 0.014001999 -0.033310662 -1.1605225 -0.013929701 0.99990005 0.0024015054 -0.74071254 0.033340962 -0.001935929 0.99944218 37.611506
35 0.99933083 0.014457189 -0.033598841 -1.2041962 -0.014383275 0.99989353 0.0024405312 -0.76295241 0.033630551 -0.0019556361 0.99943244 38.781238
36 0.99931314 0.014887183 -0.033935602 -1.2478582 -0.014811227 0.99988717 0.002488519 -0.7848101 0.033968824 -0.0019841813 0.99942095 39.947401
37 0.99928936 0.015493884 -0.034361577 -1.2937812 -0.015416314 0.99987794 0.0025212617 -0.80752085 0.03439645 -0.0019897406 0.99940631 41.138567
38 0.99927039 0.01600288 -0.03467845 -1.3400038 -0.015922277 0.99986981 0.0025992327 -0.82983397 0.034715534 -0.0020451759 0.99939516 42.348357
39 0.99924908 0.01651659 -0.035049663 -1.3871298 -0.016432267 0.99986131 0.0026925219 -0.85216601 0.035089276 -0.0021145541 0.99938197 43.569288
40 0.99923027 0.016934028 -0.035385288 -1.4334353 -0.016844937 0.99985411 0.0028143548 -0.87355022 0.035427787 -0.002216125 0.9993698 44.776842
41 0.99921593 0.017285948 -0.035619276 -1.479426 -0.017191971 0.99984783 0.0029429694 -0.89452969 0.035664732 -0.0023282958 0.99936112 45.978
42 0.99919144 0.017760891 -0.03606982 -1.5264066 -0.017663697 0.9998394 0.003011488 -0.91587653 0.036117518 -0.0023719262 0.99934476 47.170748
43 0.99917519 0.018085344 -0.036357538 -1.573348 -0.017981848 0.99983324 0.0031716135 -0.93627495 0.036408838 -0.0025152213 0.99933384 48.372718
44 0.99914149 0.018450886 -0.037092427 -1.621915 -0.018341095 0.9998263 0.0032980503 -0.95671786 0.03714684 -0.0026149027 0.99930642 49.574375
45 0.99911609 0.018752803 -0.037621414 -1.6701279 -0.018634781 0.99982024 0.0034853114 -0.97611736 0.037680014 -0.0027811634 0.99928601 50.775201
46 0.99909248 0.019024527 -0.038108817 -1.7186675 -0.01889956 0.99981473 0.0036367746 -0.99559171 0.038170948 -0.0029132338 0.999267 51.96525
47 0.99904558 0.019503201 -0.039084035 -1.7684797 -0.019372915 0.9998054 0.0037094679 -1.0152566 0.039148779 -0.0029487554 0.99922906 53.121958
48 0.99901465 0.019848136 -0.03969606 -1.8168703 -0.019712622 0.99979841 0.0038023102 -1.0339453 0.03976353 -0.0030160497 0.99920459 54.253139
49 0.99898752 0.020148679 -0.040223915 -1.8663694 -0.020006785 0.99979209 0.0039270521 -1.0525758 0.04029468 -0.0031183244 0.999183 55.397513
50 0.99895401 0.020539539 -0.040853596 -1.9174197 -0.020391204 0.99978385 0.0040443124 -1.0713143 0.040927837 -0.0032070276 0.99915698 56.554249
51 0.99892489 0.02098724 -0.041335306 -1.9704448 -0.020833141 0.99977429 0.0041552913 -1.0907275 0.041413188 -0.0032896792 0.99913671 57.741655
52 0.99889248 0.021450335 -0.041877193 -2.024491 -0.02129066 0.99976423 0.0042552368 -1.110231 0.0419586 -0.0033589305 0.99911373 58.936701
53 0.99886676 0.021857567 -0.042278104 -2.0791581 -0.021691549 0.99975506 0.0043815954 -1.1294904 0.042363524 -0.003459552 0.9990963 60.143658
54 0.99883455 0.022312437 -0.042798318 -2.1352259 -0.022140235 0.99974473 0.0044933913 -1.1489953 0.042887655 -0.0035405893 0.99907365 61.3546
55 0.99880706 0.022760852 -0.04320199 -2.1922671 -0.022582291 0.99973428 0.0046167524 -1.1685177 0.043295595 -0.0036356446 0.99905571 62.575689
56 0.99877753 0.023361779 -0.043562376 -2.2510788 -0.023179539 0.9997203 0.0046839132 -1.1890743 0.04365962 -0.003668431 0.99903975 63.807459
57 0.99873787 0.024019584 -0.044110474 -2.3106724 -0.023833624 0.99970467 0.0047369181 -1.2095819 0.04421123 -0.0036796266 0.99901545 65.038147
58 0.99870113 0.024729199 -0.044548076 -2.3720079 -0.024540054 0.99968734 0.0047878108 -1.230914 0.04465255 -0.0036883795 0.99899579 66.271924
59 0.99866649 0.025235359 -0.045038026 -2.4314334 -0.025040177 0.99967443 0.0048927068 -1.2503414 0.045146837 -0.0037584218 0.99897331 67.488839
60 0.99863464 0.025661639 -0.045501005 -2.4907721 -0.025459475 0.99966322 0.0050171034 -1.2691666 0.045614433 -0.0038518211 0.99895172 68.700786
61 0.99861148 0.026136111 -0.045738542 -2.5504459 -0.025928723 0.99965063 0.0051217094 -1.2882279 0.045856428 -0.0039286554 0.99894034 69.911776
62 0.99858082 0.026617863 -0.046128461 -2.6109283 -0.026403963 0.99963757 0.0052402471 -1.3070865 0.046251231 -0.0040148357 0.99892179 71.129382
63 0.99856184 0.026978938 -0.046329227 -2.6712364 -0.026757171 0.99962733 0.0054003477 -1.3252233 0.046457661 -0.0041529417 0.99891165 72.356647
64 0.99854122 0.027302303 -0.046583385 -2.7313502 -0.027072694 0.999618 0.0055528759 -1.3429568 0.0467172 -0.0042836374 0.99889899 73.577989
65 0.99851093 0.027733971 -0.046976054 -2.7923125 -0.027496977 0.99960568 0.0056838044 -1.3607354 0.047115169 -0.0043836409 0.99887987 74.79555
66 0.99848994 0.028104986 -0.047201218 -2.8536184 -0.027860368 0.99959476 0.005832469 -1.3784466 0.047346016 -0.0045086179 0.9988684 76.016511
67 0.9984698 0.028415517 -0.047440814 -2.9146487 -0.028163078 0.9995854 0.0059812103 -1.3956836 0.047591108 -0.0046359781 0.99885617 77.229122
68 0.99843881 0.028860739 -0.047822705 -2.9771276 -0.028600785 0.99957219 0.0061112744 -1.4133524 0.047978626 -0.0047339662 0.99883717 78.441708
69 0.99841628 0.029157869 -0.048111949 -3.0377341 -0.028888931 0.99956288 0.0062758843 -1.4298407 0.048273914 -0.0048760419 0.99882226 79.630975
70 0.99840007 0.029466459 -0.048260085 -3.0985203 -0.029192183 0.99955342 0.0063784109 -1.4467593 0.048426487 -0.0049593882 0.99881446 80.809184
71 0.99837271 0.029797329 -0.048621565 -3.1593274 -0.029514509 0.99954301 0.0065244976 -1.4629681 0.048793763 -0.0050788384 0.99879598 81.978619
72 0.99835791 0.030324794 -0.048599343 -3.2215976 -0.030041008 0.9995271 0.0065592531 -1.4807839 0.048775273 -0.0050885086 0.99879684 83.153906
73 0.99833501 0.030927455 -0.048689885 -3.2873778 -0.030643141 0.99950872 0.006575073 -1.499935 0.048869319 -0.0050721142 0.99879232 84.370798
74 0.99830712 0.031646199 -0.048799837 -3.354845 -0.031359998 0.99948619 0.0066194851 -1.519205 0.048984249 -0.0050779159 0.99878667 85.616232
75 0.99828157 0.032409415 -0.048821447 -3.4228484 -0.032121844 0.9994617 0.0066635501 -1.5385904 0.049011133 -0.005083864 0.99878532 86.875645
76 0.99825643 0.033028005 -0.048920988 -3.4901664 -0.032736323 0.99944117 0.0067517689 -1.5571324 0.049116651 -0.0051385031 0.99877985 88.14109
77 0.99822839 0.033397225 -0.049241369 -3.555371 -0.03309814 0.9994284 0.0068769824 -1.5742422 0.0494429 -0.005235001 0.99876325 89.381755
78 0.99819358 0.033959355 -0.049561479 -3.6211662 -0.033655624 0.99940928 0.0069502946 -1.5921097 0.049768234 -0.0052697166 0.99874691 90.597509
79 0.99815839 0.034535996 -0.049870834 -3.6868038 -0.034227582 0.99938933 0.0070253199 -1.6095553 0.05008301 -0.0053054236 0.99873099 91.804109
80 0.99812919 0.034856061 -0.050231315 -3.7500902 -0.034539128 0.99937762 0.0071639614 -1.625008 0.050449764 -0.0054156128 0.99871194 92.994902
81 0.99810277 0.035435378 -0.050350756 -3.8170661 -0.035115906 0.99935715 0.007215683 -1.6427429 0.050574083 -0.0054338805 0.99870555 94.209082
82 0.99805926 0.036026568 -0.050791746 -3.8845882 -0.035701104 0.9993358 0.0073008163 -1.659664 0.051021038 -0.0054733256 0.9986826 95.43325
83 0.99802527 0.036602907 -0.051046988 -3.9544211 -0.03626984 0.99931432 0.0074361379 -1.6768473 0.051284175 -0.0055699871 0.99866859 96.691112
84 0.99798775 0.037173271 -0.051367401 -4.0242774 -0.036832784 0.9992928 0.0075595614 -1.6937671 0.051612093 -0.0056523449 0.99865123 97.948187
85 0.99794626 0.037665595 -0.051812889 -4.0942014 -0.03731591 0.99927381 0.0077002148 -1.7100842 0.052065301 -0.0057509551 0.99862715 99.202009
86 0.99790993 0.038163277 -0.05214722 -4.1637098 -0.037805486 0.99925439 0.0078307655 -1.7260158 0.05240719 -0.0058429474 0.99860873 100.44612
87 0.99786823 0.038597739 -0.052623352 -4.2325105 -0.038230413 0.99923713 0.0079694493 -1.7410994 0.052890814 -0.0059406475 0.99858265 101.67412
88 0.99781221 0.039132213 -0.053286653 -4.3021172 -0.03875642 0.99921607 0.0080678254 -1.7565359 0.053560596 -0.0059849745 0.99854669 102.88401
89 0.99776931 0.039566171 -0.053767383 -4.3707782 -0.039181583 0.99919851 0.0081885806 -1.7711486 0.054048284 -0.006063623 0.99851993 104.08207
90 0.99772412 0.039897176 -0.054358163 -4.4393783 -0.039501583 0.99918472 0.008333011 -1.7850941 0.054646314 -0.0061668122 0.99848675 105.27042
91 0.99766139 0.040277327 -0.05522227 -4.5090297 -0.039867915 0.99916879 0.0084960173 -1.7985682 0.055518571 -0.0062745514 0.99843796 106.45124
92 0.99761563 0.040559183 -0.055839103 -4.5777089 -0.040136856 0.99915658 0.0086645462 -1.8113873 0.056143439 -0.0064026805 0.99840221 107.61718
93 0.99756748 0.040796267 -0.056522424 -4.6470509 -0.040359853 0.99914604 0.0088416585 -1.823902 0.056834867 -0.006538914 0.9983622 108.77971
94 0.99751605 0.041058481 -0.057235759 -4.7174034 -0.040606855 0.99913433 0.0090319093 -1.8360596 0.057557053 -0.0066853101 0.99831986 109.94492
95 0.99746372 0.041298995 -0.057970062 -4.7877274 -0.040833064 0.99912359 0.0091995913 -1.8480744 0.058299195 -0.0068091631 0.99827596 111.09424
96 0.99740523 0.04159936 -0.058756341 -4.8589306 -0.041118927 0.99911035 0.0093627134 -1.8599224 0.059093556 -0.0069224214 0.99822847 112.23925
97 0.99734373 0.042010098 -0.059503347 -4.9320357 -0.041518728 0.99909279 0.0094707919 -1.8725474 0.059847239 -0.0069751314 0.9981832 113.38723
98 0.99728389 0.042301218 -0.060294768 -5.0052038 -0.04179495 0.99907972 0.0096336456 -1.8841238 0.0606468 -0.0070874625 0.99813415 114.53546
99 0.99722611 0.042539437 -0.061077646 -5.0793367 -0.042017494 0.99906872 0.0098052022 -1.8954707 0.061437878 -0.0072116738 0.99808488 115.68537
100 0.99716668 0.042828854 -0.061840947 -5.1530569 -0.042292173 0.99905557 0.0099620022 -1.9064398 0.062209209 -0.0073183884 0.99803632 116.8162
101 0.99711812 0.04302001 -0.062487927 -5.2274094 -0.042466678 0.99904621 0.010156902 -1.9167854 0.062865282 -0.007473976 0.99799406 117.95473
102 0.99706489 0.043305293 -0.063136795 -5.3042033 -0.042737422 0.99903302 0.010317823 -1.9277753 0.063522564 -0.0075892346 0.99795157 119.1061
103 0.99700792 0.043574058 -0.063847576 -5.3819881 -0.042989588 0.9990203 0.010500145 -1.9382572 0.064242563 -0.0077239468 0.99790444 120.26472
104 0.99695547 0.044003605 -0.064369826 -5.4614217 -0.043407494 0.99900084 0.010630757 -1.9494529 0.064773307 -0.0078042583 0.99786951 121.43178
105 0.9969114 0.044405123 -0.064775444 -5.5417164 -0.04380013 0.99898264 0.010730891 -1.9609887 0.065186056 -0.0078605748 0.99784219 122.60119
106 0.99685356 0.044915563 -0.065311326 -5.6247824 -0.044301577 0.99895957 0.010819658 -1.9729983 0.06572935 -0.0078922202 0.9978063 123.78956
107 0.99679163 0.045564275 -0.065805355 -5.7102861 -0.044942269 0.99893005 0.010902546 -1.9853871 0.066231718 -0.0079101244 0.99777294 124.9979
108 0.99676108 0.045923807 -0.06601782 -5.7941858 -0.045292095 0.9989128 0.011034608 -1.9965641 0.066452802 -0.0080087826 0.99775745 126.20826
109 0.99672704 0.046232028 -0.066315989 -5.8790318 -0.045590129 0.99889783 0.011161085 -2.0079057 0.066758903 -0.0081012006 0.99773627 127.42015
110 0.99669405 0.046509195 -0.066617366 -5.961598 -0.045854169 0.99888386 0.011328984 -2.0178671 0.067069919 -0.0082368464 0.9977143 128.60957
111 0.99667594 0.046743676 -0.066724135 -6.0445308 -0.046076837 0.99887167 0.01149898 -2.0277773 0.067186358 -0.0083863197 0.99770522 129.80325
112 0.99664503 0.047070276 -0.06695581 -6.1284933 -0.046392988 0.99885545 0.011635461 -2.0380399 0.067426866 -0.0084901441 0.99768812 130.99805
113 0.99661375 0.047369549 -0.067209894 -6.2129859 -0.046679251 0.99884013 0.011805146 -2.0476748 0.067691149 -0.0086278628 0.99766904 132.20226
114 0.99658225 0.047585127 -0.067523971 -6.2972577 -0.046880218 0.99882855 0.011986725 -2.0569115 0.068015266 -0.0087802187 0.99764567 133.39866
115 0.99655143 0.047847007 -0.06779325 -6.3813587 -0.047128288 0.99881475 0.012162471 -2.0659065 0.068294842 -0.0089255476 0.99762528 134.58707
116 0.99652362 0.048183945 -0.067963109 -6.466359 -0.047454966 0.99879759 0.012300997 -2.0753575 0.068474105 -0.0090330469 0.99761202 135.77775
117 0.99648553 0.048595835 -0.06822778 -6.5519861 -0.047857324 0.99877694 0.012418228 -2.0849006 0.068747813 -0.009109385 0.9975925 136.96815
118 0.9964504 0.049018299 -0.068438307 -6.6388781 -0.048270497 0.99875555 0.012538904 -2.0944275 0.068967781 -0.0091908447 0.99757657 138.17309
119 0.99640917 0.04977177 -0.068494862 -6.7313397 -0.049021684 0.99871832 0.012589606 -2.1061504 0.069033686 -0.0091866656 0.99757205 139.41728
120 0.99636102 0.050418457 -0.068721967 -6.8240252 -0.049658579 0.99868518 0.012722172 -2.1165387 0.069273048 -0.0092632406 0.99755475 140.67794
121 0.9963101 0.050894427 -0.069108282 -6.9160189 -0.050124217 0.99866047 0.012834778 -2.1266053 0.069668934 -0.0093234206 0.99752662 141.93051
122 0.99627043 0.051298807 -0.069380621 -7.0073242 -0.050518132 0.99863899 0.012961369 -2.1361838 0.069951102 -0.0094080492 0.99750608 143.17266
123 0.99623054 0.051842329 -0.069549254 -7.099383 -0.051054794 0.99861048 0.013054754 -2.1461069 0.070129409 -0.0094547219 0.99749312 144.41615
124 0.99617392 0.052347972 -0.069980115 -7.1914327 -0.051549743 0.9985836 0.013165406 -2.1554796 0.070570183 -0.0095075768 0.99746153 145.65586
125 0.99614788 0.052780804 -0.070025625 -7.2839442 -0.051973009 0.99855975 0.013309175 -2.1643931 0.070627245 -0.0096184636 0.99745643 146.91088
126 0.99609906 0.05329587 -0.070329397 -7.3781268 -0.052477393 0.99853168 0.013435815 -2.1735235 0.07094221 -0.0096926994 0.99743336 148.17328
127 0.99604086 0.053798388 -0.070769712 -7.4720919 -0.052966466 0.99850389 0.013581175 -2.1820318 0.071394484 -0.0097789838 0.99740024 149.42866
128 0.99600099 0.054134561 -0.071073755 -7.563822 -0.05328953 0.99848461 0.013733633 -2.1899039 0.071709521 -0.0098912245 0.99737654 150.65952
129 0.99595649 0.054442613 -0.071460995 -7.6545607 -0.053582401 0.99846662 0.013901174 -2.1971924 0.072108241 -0.010015913 0.99734654 151.87098
130 0.99591678 0.054861521 -0.071693651 -7.7461354 -0.053990156 0.99844275 0.014037303 -2.2048087 0.072352119 -0.010109235 0.99732794 153.08384
131 0.99585771 0.055426471 -0.072078689 -7.8396999 -0.054545321 0.99841116 0.014137729 -2.2130592 0.072747777 -0.010147611 0.99729877 154.3022
132 0.9958172 0.055780067 -0.072364979 -7.932468 -0.054885 0.99839023 0.014300375 -2.2199966 0.073046169 -0.010268807 0.99727572 155.52617
133 0.99576505 0.056193959 -0.072761336 -8.0258223 -0.055287155 0.99836633 0.014418922 -2.2274607 0.073452731 -0.010335091 0.99724517 156.74003
134 0.99570251 0.056717399 -0.07320965 -8.1202669 -0.055799662 0.99833632 0.014522354 -2.2351472 0.073911529 -0.01037487 0.99721086 157.95039
135 0.995637 0.057307233 -0.073639959 -8.2154774 -0.056380689 0.99830252 0.014601516 -2.2430526 0.074351735 -0.010385938 0.99717802 159.16129
136 0.99558416 0.057731057 -0.074022322 -8.3096029 -0.056792004 0.99827731 0.014730483 -2.2498858 0.074745217 -0.01046156 0.99714781 160.36778
137 0.99553986 0.058151159 -0.074288885 -8.4045492 -0.057202734 0.99825234 0.014833032 -2.2570196 0.075021617 -0.010517347 0.99712646 161.57665
138 0.99547876 0.058668394 -0.074699769 -8.4996611 -0.057709027 0.99822162 0.014939113 -2.2638481 0.075443385 -0.010560719 0.99709418 162.77941
139 0.99542564 0.05914284 -0.075032824 -8.5960485 -0.058173221 0.99819309 0.015044856 -2.2707797 0.075787048 -0.010611135 0.99706759 163.99062
140 0.99538241 0.059638936 -0.075213369 -8.693476 -0.05866271 0.99816324 0.015124487 -2.2780729 0.075977234 -0.010642429 0.99705278 165.20964
141 0.99532789 0.060208987 -0.075480242 -8.792788 -0.059223051 0.99812846 0.015235097 -2.2850742 0.076256274 -0.010693747 0.99703093 166.44798
142 0.99527611 0.060767087 -0.075715411 -8.892867 -0.05977122 0.99809399 0.015352179 -2.2918403 0.07650401 -0.010754055 0.9970113 167.69527
143 0.99521823 0.061328489 -0.076023031 -8.9938922 -0.060322032 0.99805908 0.015467276 -2.2984681 0.076824067 -0.010807452 0.99698611 168.94885
144 0.99517199 0.061750195 -0.076286541 -9.0943504 -0.060730508 0.99803198 0.015617016 -2.304312 0.077100767 -0.010908696 0.99696365 170.20012
145 0.99511475 0.06222882 -0.076643401 -9.1949664 -0.06119584 0.99800137 0.015755627 -2.3101335 0.077470679 -0.010988399 0.9969341 171.44317
146 0.99505216 0.062775406 -0.077009461 -9.2964668 -0.061729094 0.99796632 0.015895094 -2.3158729 0.077850676 -0.011062724 0.99690367 172.68808
147 0.99500259 0.063338765 -0.077188396 -9.3996469 -0.062284474 0.99793025 0.015992783 -2.3221992 0.078041605 -0.011105222 0.99688827 173.94606
148 0.99494478 0.063887351 -0.07748089 -9.5029976 -0.062820259 0.99789438 0.016134812 -2.3277774 0.078348561 -0.011185878 0.99686329 175.20581
149 0.99489945 0.064350127 -0.077679763 -9.6064064 -0.063269632 0.9978634 0.016294014 -2.3327145 0.07856232 -0.011296135 0.99684523 176.47163
150 0.99485621 0.064844958 -0.077821951 -9.7108052 -0.06375437 0.99783048 0.016420113 -2.3381517 0.078717883 -0.011374162 0.99683207 177.73992
151 0.99480665 0.065283957 -0.078087968 -9.8140704 -0.064179932 0.99780076 0.01656796 -2.3428327 0.078997862 -0.011470236 0.99680882 178.99797
152 0.99476177 0.065755698 -0.078263734 -9.9187612 -0.064643496 0.99776924 0.016663339 -2.3484483 0.079184862 -0.011516811 0.99679344 180.25633
153 0.9947167 0.066357828 -0.078328355 -10.023977 -0.065239582 0.99772895 0.016752865 -2.3539514 0.079262157 -0.011554246 0.99678686 181.5187
154 0.99467298 0.066894712 -0.078426798 -10.129521 -0.065769761 0.99769262 0.016843172 -2.3594132 0.079372563 -0.011595336 0.9967776 182.78216
155 0.99462694 0.067528433 -0.078467572 -10.235484 -0.066399244 0.99764971 0.016914564 -2.3650576 0.07942537 -0.011613494 0.99677318 184.04742
156 0.99457537 0.068154148 -0.078580167 -10.341652 -0.067017647 0.99760668 0.017013612 -2.3702799 0.079551653 -0.011655061 0.99676263 185.31593
157 0.99452094 0.068723227 -0.078773221 -10.447065 -0.067579392 0.99756733 0.017098772 -2.3752907 0.079756681 -0.01168164 0.99674593 186.57648
158 0.994481 0.069097473 -0.078949944 -10.550656 -0.067941391 0.99754031 0.017239939 -2.3791474 0.079946994 -0.011780823 0.99672952 187.82509
159 0.99443406 0.0696027 -0.079097181 -10.65465 -0.06843667 0.99750434 0.017361426 -2.3831333 0.08010819 -0.011851646 0.99671574 189.07036
160 0.99438026 0.070206495 -0.079239883 -10.760013 -0.069031118 0.99746132 0.01747961 -2.3873258 0.080265907 -0.011911361 0.99670234 190.32234
161 0.99433283 0.070745656 -0.079355382 -10.865048 -0.069561229 0.99742245 0.017595428 -2.3914007 0.080395646 -0.011975654 0.99669111 191.5714
162 0.99429093 0.071138831 -0.079528672 -10.968862 -0.069941306 0.99739319 0.017746804 -2.3946598 0.080583849 -0.012083147 0.99667461 192.8117
163 0.99424326 0.071650439 -0.079665281 -11.073964 -0.070446292 0.9973562 0.017827832 -2.3987755 0.080732041 -0.012113079 0.99666226 194.05126
164 0.99418525 0.072211306 -0.0798825 -11.178671 -0.070998662 0.99731535 0.017921597 -2.4025007 0.080962192 -0.012145837 0.99664319 195.28352
165 0.99412938 0.07287112 -0.079978611 -11.286515 -0.071657035 0.99726775 0.017950474 -2.4075687 0.081068167 -0.012114063 0.99663496 196.53306
166 0.99406214 0.07351424 -0.08022551 -11.392893 -0.072295458 0.99722084 0.017996212 -2.4120048 0.081325535 -0.012089413 0.99661429 197.77019
167 0.99401081 0.073966065 -0.080445896 -11.49817 -0.072739457 0.9971871 0.018076745 -2.4157253 0.081556682 -0.012116889 0.99659507 199.00087
168 0.99396437 0.074563979 -0.080467722 -11.604307 -0.073339253 0.99714322 0.018073852 -2.4208005 0.081585508 -0.012063322 0.99659336 200.22361
169 0.99389073 0.075255582 -0.080732974 -11.71092 -0.074026268 0.99709166 0.018117641 -2.4251482 0.081861634 -0.012030595 0.99657111 201.4513
170 0.9938467 0.075590087 -0.080962219 -11.813716 -0.074349637 0.99706551 0.018232293 -2.4278644 0.082102823 -0.012100592 0.99655042 202.65753
171 0.9938122 0.07586967 -0.081123985 -11.91522 -0.074617911 0.99704319 0.018356428 -2.4301095 0.082276819 -0.01218954 0.99653499 203.85244
172 0.99375482 0.076174804 -0.081539977 -12.016524 -0.074905058 0.99701856 0.018523815 -2.431614 0.082707925 -0.012300374 0.99649794 205.03838
173 0.99368201 0.076556447 -0.082068086 -12.118141 -0.075269167 0.9969884 0.018670751 -2.4332728 0.083250302 -0.012375593 0.99645184 206.21276
174 0.99361132 0.076949544 -0.082554969 -12.218999 -0.075646994 0.99695745 0.018796095 -2.4349378 0.083750148 -0.012430978 0.99640927 207.37101
175 0.99353726 0.077387367 -0.083035592 -12.319809 -0.076075477 0.99692376 0.018853168 -2.4375826 0.084239158 -0.012414352 0.99636825 208.50779
176 0.99343316 0.078018521 -0.083687949 -12.421644 -0.076701504 0.99687598 0.018843488 -2.4411059 0.084896653 -0.012300755 0.99631385 209.63396
177 0.99334964 0.078400742 -0.084319814 -12.521836 -0.077077717 0.99684706 0.018838117 -2.4445368 0.085530888 -0.012213658 0.99626068 210.73707
178 0.99330755 0.078583817 -0.084644512 -12.619579 -0.077250597 0.99683217 0.018917647 -2.4463485 0.085863 -0.012252203 0.99623164 211.83242
179 0.99324329 0.078880109 -0.085121709 -12.718617 -0.077536103 0.9968087 0.018986522 -2.448295 0.086347725 -0.01225823 0.99618967 212.93087
180 0.9931684 0.079237981 -0.085661439 -12.817958 -0.077886863 0.99678097 0.019006685 -2.4509299 0.08689175 -0.012204938 0.99614302 214.01552
181 0.99308858 0.079663351 -0.086190626 -12.920238 -0.078303399 0.99674748 0.019051177 -2.4533042 0.087427977 -0.012170487 0.99609652 215.12846
182 0.99301953 0.079990437 -0.086681842 -13.022209 -0.078619552 0.99672126 0.019120711 -2.4551812 0.087927116 -0.012172352 0.99605256 216.23839
183 0.99294126 0.080343186 -0.087250449 -13.123036 -0.078962087 0.99669319 0.01917232 -2.4571192 0.088502301 -0.01214751 0.99600192 217.32603
184 0.99284717 0.080783755 -0.087911781 -13.223673 -0.079393887 0.99665838 0.019198902 -2.4592728 0.089168979 -0.012081918 0.99594325 218.39869
185 0.99276956 0.081095456 -0.088499309 -13.321488 -0.079693687 0.99663317 0.019265183 -2.4605342 0.089763672 -0.012073051 0.99588994 219.44409
186 0.99269651 0.081308859 -0.089120751 -13.417635 -0.079894417 0.99661583 0.019330935 -2.4616901 0.090390934 -0.012069501 0.99583324 220.46392
187 0.99259233 0.081658378 -0.089957711 -13.511663 -0.080231267 0.99658794 0.019373703 -2.4628801 0.091232801 -0.012012768 0.99575716 221.44556
188 0.99251163 0.082021242 -0.090516252 -13.602581 -0.080588351 0.99655902 0.019379212 -2.4640995 0.091794301 -0.011939538 0.99570643 222.3883
189 0.99241767 0.082287458 -0.091301396 -13.694366 -0.080842542 0.99653765 0.01941901 -2.4650726 0.092583227 -0.011890732 0.99563397 223.3326
190 0.99236943 0.082406786 -0.091717193 -13.783915 -0.080955403 0.99652808 0.019440292 -2.465951 0.093000777 -0.011866949 0.99559534 224.25351
191 0.99228979 0.082696716 -0.092315882 -13.872981 -0.081242654 0.99650537 0.019405826 -2.4674112 0.093598078 -0.011756216 0.99554068 225.15346
192 0.99220303 0.083016269 -0.092959364 -13.961888 -0.081560345 0.99648032 0.019359605 -2.468971 0.094239346 -0.011626861 0.9954817 226.04451
193 0.99211468 0.083333826 -0.093615947 -14.046897 -0.081877785 0.99645554 0.019294793 -2.4703663 0.094892045 -0.011477581 0.99542142 226.89053
194 0.99204284 0.083552588 -0.094180541 -14.129892 -0.082092397 0.99643817 0.019280137 -2.4710511 0.095455998 -0.011395215 0.99536845 227.71884
195 0.99197771 0.083731769 -0.094705944 -14.212745 -0.082262274 0.99642334 0.019322409 -2.4710418 0.09598512 -0.011376672 0.99531777 228.55002
196 0.99191455 0.083975358 -0.095150809 -14.294922 -0.082500426 0.99640336 0.01933727 -2.4711643 0.096432448 -0.011330937 0.99527506 229.36896
197 0.99185657 0.084168967 -0.095583082 -14.376915 -0.082688847 0.99638752 0.019348945 -2.4711002 0.096866378 -0.011287724 0.99523341 230.18539
198 0.99186105 0.08428086 -0.095437952 -14.456775 -0.082807805 0.99637862 0.019298507 -2.4715496 0.096718836 -0.01123843 0.99524832 230.9776
199 0.99179027 0.084750904 -0.095756745 -14.537044 -0.083295021 0.99634169 0.019107453 -2.4735533 0.097025818 -0.010974526 0.99522138 231.75046
200 0.99175798 0.085062958 -0.095814482 -14.617448 -0.083623071 0.99631718 0.018951618 -2.4753677 0.097073703 -0.010783117 0.9952188 232.53071
201 0.9916564 0.085647699 -0.096343417 -14.699159 -0.084226906 0.99627058 0.018726051 -2.4780334 0.097587963 -0.0104551 0.99517201 233.30976
202 0.9915426 0.086274531 -0.096953514 -14.780564 -0.084874892 0.99622025 0.018476521 -2.4810175 0.098181114 -0.010091338 0.99511742 234.07824
203 0.99133395 0.086899131 -0.098516738 -14.863285 -0.085504409 0.99616967 0.018299989 -2.4838905 0.099729647 -0.0097177844 0.99496714 234.83899
204 0.99123506 0.087353221 -0.099108399 -14.944716 -0.085981957 0.99613345 0.018032127 -2.4873833 0.10030036 -0.0093525428 0.99491327 235.58591
205 0.99123872 0.087339715 -0.099083692 -15.027512 -0.085967828 0.99613453 0.01803996 -2.4883331 0.1002763 -0.0093638973 0.99491559 236.38359
206 0.99125751 0.087383685 -0.098856662 -15.110871 -0.08601893 0.99613098 0.017992569 -2.4898464 0.10004645 -0.0093317244 0.99493903 237.18409
207 0.99121045 0.087781785 -0.098975767 -15.194981 -0.086432504 0.99609779 0.017847203 -2.4924831 0.10015621 -0.0091356107 0.99492981 237.97577
208 0.99119095 0.088048399 -0.098934246 -15.279791 -0.08670919 0.99607523 0.017763974 -2.4946149 0.10011005 -0.0090289814 0.99493543 238.7835
209 0.99116203 0.088337875 -0.098965943 -15.364563 -0.087011881 0.99605097 0.017643983 -2.4972098 0.10013376 -0.0088768329 0.99493441 239.58658
210 0.99110253 0.088661858 -0.099271619 -15.449354 -0.08734326 0.99602346 0.017559546 -2.49952 0.10043373 -0.0087326037 0.99490545 240.38889
211 0.99101751 0.089061507 -0.099761494 -15.533964 -0.087750438 0.99598937 0.01746259 -2.5019362 0.10091664 -0.008551617 0.99485815 241.1835
212 0.99095827 0.089360295 -0.10008219 -15.618414 -0.08805847 0.99596399 0.017359397 -2.5045521 0.1012295 -0.0083893533 0.99482775 241.97242
213 0.99089954 0.089571392 -0.10047425 -15.704639 -0.088268964 0.99594563 0.017343367 -2.5065243 0.10162037 -0.0083167762 0.99478851 242.78344
214 0.99089669 0.089467619 -0.1005947 -15.790398 -0.088153686 0.99595414 0.017440773 -2.5070978 0.1017481 -0.0084142104 0.99477463 243.60924
215 0.99086045 0.089507055 -0.10091614 -15.877052 -0.088183291 0.99595027 0.01751198 -2.5080056 0.10207491 -0.008452811 0.99474082 244.4351
216 0.99083856 0.089490025 -0.10114589 -15.963914 -0.088153509 0.99595108 0.01761605 -2.5085757 0.10231282 -0.0085382966 0.99471565 245.26358
217 0.99083578 0.089738849 -0.10095243 -16.05338 -0.088410862 0.99592922 0.017561697 -2.510797 0.10211744 -0.0084754663 0.99473627 246.10255
218 0.99087033 0.089583918 -0.10075079 -16.14524 -0.088243046 0.99594172 0.017696592 -2.5113918 0.10192725 -0.0086444715 0.99475432 246.98646
219 0.99085512 0.089582814 -0.10090119 -16.238965 -0.088231678 0.99594117 0.017783754 -2.5123637 0.10208478 -0.0087184419 0.99473752 247.88369
220 0.99079206 0.089696024 -0.10141857 -16.333657 -0.088332117 0.99593074 0.017869187 -2.5134722 0.10260868 -0.0087461315 0.99468337 248.77854
221 0.99069118 0.089739292 -0.10236134 -16.429115 -0.08834792 0.99592598 0.018055519 -2.513535 0.10356462 -0.0088440317 0.99458343 249.6763
222 0.99058372 0.089739969 -0.10339551 -16.524047 -0.088318889 0.995925 0.018250546 -2.5133156 0.10461199 -0.0089469169 0.99447289 250.55968
223 0.99049238 0.089730957 -0.10427471 -16.617743 -0.088282689 0.99592487 0.018431711 -2.5130267 0.10550368 -0.0090508177 0.99437775 251.42153
224 0.99040403 0.089834764 -0.10502178 -16.711541 -0.088367778 0.99591516 0.018548525 -2.5131852 0.1062591 -0.0090899918 0.99429695 252.27434
225 0.99032918 0.089934938 -0.10564004 -16.807064 -0.088450097 0.99590563 0.018667155 -2.5133426 0.10688635 -0.0091427558 0.99422923 253.13866
226 0.99020266 0.08985096 -0.10689011 -16.905663 -0.088326918 0.99591184 0.018917425 -2.5122894 0.10815288 -0.0092908108 0.99409088 254.02464
227 0.99013724 0.089936944 -0.1074225 -17.002907 -0.088400394 0.99590393 0.018990744 -2.5125297 0.10869047 -0.0093072519 0.99403209 254.88524
228 0.99017515 0.089751142 -0.10722831 -17.101598 -0.088224748 0.99592114 0.018904586 -2.5150904 0.10848766 -0.0092586599 0.9940547 255.73936
229 0.99011954 0.090138094 -0.10741702 -17.204664 -0.088623654 0.99588771 0.018799708 -2.5178641 0.10866987 -0.0090942697 0.99403632 256.63202
230 0.9901584 0.090204831 -0.10700203 -17.306687 -0.088696012 0.99588151 0.018786761 -2.5193519 0.10825601 -0.0091112159 0.99408132 257.53992
231 0.99012621 0.090335858 -0.10718924 -17.413177 -0.088820655 0.99586946 0.018836451 -2.5207879 0.10844811 -0.0091298449 0.99406021 258.4847
232 0.99008666 0.090661697 -0.10727941 -17.521733 -0.089147189 0.99584022 0.018839793 -2.5225234 0.10854121 -0.0090893697 0.99405042 259.44397
233 0.99004441 0.090742546 -0.10760045 -17.632567 -0.089212467 0.99583211 0.018959365 -2.5230704 0.10887242 -0.0091713113 0.99401344 260.43171
234 0.98999476 0.090825373 -0.10798671 -17.742452 -0.089279783 0.99582392 0.019072362 -2.5235649 0.10926801 -0.0092405086 0.9939694 261.40667
235 0.98993721 0.091034772 -0.1083374 -17.852024 -0.089478119 0.99580455 0.019154229 -2.5244315 0.10962658 -0.0092676572 0.99392966 262.37
236 0.98985101 0.091204451 -0.10898046 -17.964768 -0.089624413 0.99578819 0.01931997 -2.5241566 0.11028353 -0.0093565818 0.99385615 263.36271
237 0.98979129 0.091214708 -0.10951293 -18.077225 -0.089610544 0.99578609 0.019491771 -2.5234842 0.1108294 -0.0094792716 0.99379426 264.35422
238 0.98971076 0.091188141 -0.11026037 -18.190845 -0.089549824 0.99578684 0.019730813 -2.5219947 0.11159505 -0.0096540017 0.99370689 265.35027
239 0.98960923 0.091213986 -0.11114671 -18.306065 -0.089537981 0.99578276 0.01998892 -2.5205267 0.11250126 -0.0098293677 0.99360299 266.34733
240 0.98952622 0.091367813 -0.11175771 -18.422917 -0.089667994 0.99576775 0.020153331 -2.5199646 0.1131261 -0.0099211591 0.99353113 267.3463
241 0.98944946 0.091419729 -0.11239306 -18.539186 -0.089689433 0.99576147 0.020366765 -2.5186788 0.11377862 -0.010071415 0.9934551 268.33922
242 0.98939705 0.091454164 -0.11282564 -18.652275 -0.089699865 0.99575699 0.020539136 -2.5172349 0.11422532 -0.010200916 0.99340252 269.30434
243 0.98936965 0.091468205 -0.11305431 -18.762446 -0.089693291 0.99575429 0.020698354 -2.5155753 0.11446757 -0.01033811 0.99337321 270.24417
244 0.98934042 0.091506331 -0.11327903 -18.871053 -0.089712669 0.99574954 0.020842492 -2.5139341 0.11470477 -0.010457756 0.9933446 271.1672
245 0.98935618 0.091371253 -0.11325042 -18.978449 -0.089556627 0.99575987 0.021019132 -2.5115567 0.11469077 -0.010653083 0.99334414 272.08895
246 0.98935845 0.091256678 -0.11332294 -19.085318 -0.089419443 0.99576833 0.021201613 -2.5089157 0.11477819 -0.010842721 0.99333199 273.00499
247 0.98934537 0.091082138 -0.11357726 -19.191614 -0.089215138 0.99578188 0.021424711 -2.5055212 0.11504959 -0.011063628 0.99329816 273.9179
248 0.98930015 0.09100366 -0.1140331 -19.298285 -0.089110161 0.9957874 0.021604273 -2.5022469 0.1155188 -0.011211603 0.99324204 274.82659
249 0.98924751 0.090974156 -0.11451229 -19.405612 -0.089055792 0.99578868 0.021768965 -2.4990772 0.11601047 -0.011336912 0.99318331 275.73364
250 0.98915886 0.091044961 -0.11521967 -19.512186 -0.089103819 0.99578155 0.021897834 -2.4963265 0.11672732 -0.011393923 0.99309866 276.6208
251 0.98904586 0.091246011 -0.1160278 -19.617037 -0.089287499 0.99576335 0.021977509 -2.4939318 0.1175416 -0.011376932 0.99300281 277.48285
252 0.98895517 0.091398929 -0.11667865 -19.721988 -0.089424195 0.99574926 0.022059702 -2.4913911 0.11819892 -0.011382162 0.99292472 278.34259
253 0.98886389 0.09150475 -0.11736736 -19.828393 -0.089508834 0.99573906 0.022176535 -2.4883628 0.11889653 -0.01142416 0.99284095 279.21337
254 0.98877948 0.091509718 -0.11807249 -19.93538 -0.089488806 0.99573773 0.022316659 -2.4850583 0.11961144 -0.011500088 0.9927542 280.0846
255 0.98870396 0.091553016 -0.11866987 -20.042777 -0.089510247 0.99573298 0.022442285 -2.4816861 0.12021817 -0.011566606 0.99268013 280.95569
256 0.98856397 0.091700678 -0.11971744 -20.150383 -0.089632087 0.99571931 0.022562159 -2.4785166 0.12127394 -0.011573614 0.99255162 281.81351
257 0.98841334 0.09183194 -0.12085515 -20.258866 -0.089734609 0.99570706 0.022695154 -2.4752673 0.12242047 -0.011587304 0.9924107 282.66795
258 0.9882784 0.092078376 -0.12176771 -20.367667 -0.089967773 0.9956852 0.022730732 -2.472867 0.12333532 -0.011509123 0.99229833 283.51283
259 0.98812437 0.092257344 -0.12287727 -20.477449 -0.090121297 0.99566878 0.022841556 -2.4696974 0.12445238 -0.011496439 0.992159 284.36194
260 0.98790206 0.092600536 -0.12439722 -20.587065 -0.090445507 0.99563866 0.022873267 -2.467482 0.12597276 -0.011345378 0.99196885 285.18721
261 0.98768731 0.092888026 -0.12587933 -20.696708 -0.090710604 0.99561316 0.022933307 -2.4649276 0.12745736 -0.011232345 0.99178047 286.00531
262 0.98752962 0.09310475 -0.12695183 -20.806546 -0.090909335 0.99559368 0.022991719 -2.4620657 0.12853309 -0.011163897 0.9916424 286.82418
263 0.987363 0.093255771 -0.12813144 -20.916322 -0.091034316 0.99557979 0.023098515 -2.4586117 0.12971915 -0.011142262 0.99148819 287.63932
264 0.98711202 0.093473726 -0.12989433 -21.027224 -0.091215521 0.99555991 0.023240107 -2.454975 0.13148993 -0.01109221 0.99125547 288.44717
265 0.9867245 0.093763009 -0.13260193 -21.138757 -0.091449861 0.99553369 0.023441714 -2.4511833 0.13420766 -0.011004086 0.99089215 289.23349
266 0.9863612 0.093967458 -0.13513585 -21.249868 -0.091597725 0.99551488 0.023661827 -2.4469888 0.1367532 -0.010960971 0.99054453 290.00475
267 0.98595211 0.094275641 -0.1378787 -21.361873 -0.091854285 0.99548713 0.02383443 -2.4432764 0.13950349 -0.010834857 0.99016232 290.76052
268 0.98538719 0.094732992 -0.14155473 -21.475218 -0.092245355 0.99544582 0.024048431 -2.4397903 0.14318826 -0.010639249 0.9896383 291.49552
269 0.98466571 0.095156724 -0.14621435 -21.590717 -0.092565592 0.99540656 0.024439889 -2.436065 0.14786835 -0.010530702 0.98895101 292.21102
270 0.98352532 0.095381588 -0.15355879 -21.71242 -0.092611354 0.99538562 0.025109928 -2.4300062 0.15524525 -0.010474962 0.98782045 292.92593
271 0.9824743 0.095429118 -0.16011724 -21.834392 -0.092468954 0.99537979 0.025855081 -2.4232943 0.1618448 -0.010596079 0.98675936 293.61861
272 0.98099659 0.09578319 -0.16873433 -21.957043 -0.092554912 0.99534375 0.026912996 -2.4168878 0.17052649 -0.010784366 0.9852941 294.26041
273 0.9787397 0.096174095 -0.18116053 -22.084581 -0.092485588 0.99529973 0.028718912 -2.4088789 0.18307106 -0.011353601 0.98303414 294.86299
274 0.9753815 0.09716605 -0.19796387 -22.219777 -0.092891325 0.99520004 0.030789344 -2.4013719 0.20000535 -0.01164223 0.97972566 295.42442
275 0.97059039 0.097231888 -0.22022776 -22.356495 -0.091944118 0.99517802 0.034159909 -2.3892338 0.22248727 -0.012906632 0.97485018 295.93103
276 0.96398523 0.098402441 -0.24708186 -22.498183 -0.091833409 0.995049 0.038000367 -2.3788031 0.24959791 -0.013941423 0.96824923 296.37737
277 0.95403028 0.10131325 -0.28206709 -22.644453 -0.093108769 0.99475367 0.042376949 -2.3707357 0.28488064 -0.014165973 0.95845834 296.75675
278 0.94039601 0.10632607 -0.32303268 -22.794927 -0.096556131 0.99425609 0.046169774 -2.3655431 0.32608629 -0.012227085 0.94526096 297.07905
279 0.92657264 0.11028466 -0.35958372 -22.958042 -0.099266111 0.99385234 0.049027256 -2.3582711 0.3627801 -0.0097328372 0.93182397 297.39966
280 0.90960175 0.11430981 -0.39944702 -23.131145 -0.10193424 0.99342228 0.052167996 -2.3497622 0.40278291 -0.0067347726 0.91527079 297.70029
281 0.88748907 0.11817315 -0.4454192 -23.320959 -0.10370414 0.99298394 0.056817822 -2.3381925 0.44900848 -0.0042333813 0.89351749 297.99501
