3 0.99896256 0.00020346158 -0.04553861 -0.044238427 -0.00012787672 0.99999856 0.0016627071 -0.0090756123 0.045538887 -0.0016551583 0.99896122 0.58377587
4 0.99850836 0.0014782724 -0.054579015 -0.065607584 -0.0014401641 0.99999865 0.00073754765 -0.014199692 0.054580036 -0.00065784416 0.9985092 0.8328104
5 0.99788907 0.0021958727 -0.064904465 -0.089273241 -0.0022053521 0.99999752 -7.4407491e-05 -0.019002071 0.064904146 0.00021738828 0.9978915 1.0740813
6 0.99698283 0.0030824203 -0.077561206 -0.11819055 -0.0031676811 0.99999446 -0.00097626481 -0.024717192 0.077557774 0.0012190091 0.99698714 1.3210408
7 0.99564929 0.003910938 -0.09309783 -0.15165514 -0.0040663323 0.99999059 -0.0014795136 -0.030186939 0.093091175 0.0018516442 0.99565589 1.5682333
8 0.99367733 0.0031934894 -0.11222818 -0.1870023 -0.0032909468 0.99999431 -0.0006831431 -0.032688945 0.11222536 0.0010481615 0.99368225 1.8040393
9 0.99070396 0.0026531153 -0.13600964 -0.23137523 -0.0026373113 0.99999643 0.00029638523 -0.035030434 0.13600996 6.5070393e-05 0.99070749 2.0509863
10 0.9866452 0.0021246079 -0.16287029 -0.28738736 -0.0019187859 0.9999971 0.0014210141 -0.037500416 0.16287285 -0.001089523 0.98664649 2.3126294
11 0.98105774 0.001963393 -0.19370559 -0.3545931 -0.0013894363 0.99999419 0.0030988499 -0.040000419 0.19371056 -0.0027710086 0.98105483 2.5737204
12 0.97391703 0.0030117448 -0.22688445 -0.43895808 -0.0019313412 0.99998567 0.0049837515 -0.044373036 0.22689622 -0.0044155689 0.97390895 2.8468704
13 0.96507103 0.0043882082 -0.26195162 -0.53818599 -0.0027542943 0.99997435 0.0066042968 -0.049235669 0.2619739 -0.0056521234 0.96505843 3.1259954
14 0.95417614 0.0054562309 -0.2991958 -0.6522444 -0.0029362207 0.99995629 0.0088715178 -0.05325203 0.29923114 -0.0075864856 0.95415052 3.4067787
15 0.94110832 0.0080878431 -0.33800846 -0.7839436 -0.0048815004 0.99993463 0.01033493 -0.05969634 0.33806998 -0.0080763001 0.94108634 3.6888592
16 0.92556398 0.0099080521 -0.37846156 -0.91745784 -0.0052816886 0.99989808 0.013260268 -0.062724174 0.3785544 -0.010274311 0.92552204 3.9447795
17 0.90748421 0.012168835 -0.41990991 -1.0717749 -0.006020768 0.9998544 0.015963689 -0.065435807 0.42004306 -0.011958616 0.9074254 4.2090892
18 0.88681075 0.015084319 -0.46188653 -1.2384223 -0.007241896 0.99979798 0.018747204 -0.068165425 0.46207604 -0.013280288 0.88674089 4.4619534
19 0.863397 0.017352106 -0.50422667 -1.4203814 -0.007731227 0.99974603 0.021166237 -0.069080969 0.50446593 -0.014376575 0.86331193 4.7138393
20 0.83892994 0.019907196 -0.54387522 -1.6315313 -0.0088640182 0.99969799 0.022918664 -0.07017706 0.54416725 -0.014406234 0.83885309 4.9813296
21 0.81409045 0.021660596 -0.580334 -1.8636016 -0.0088104892 0.99964978 0.024951968 -0.068641445 0.58067127 -0.015200133 0.81399624 5.2548526
22 0.78288331 0.02409776 -0.62170172 -2.123005 -0.008473409 0.99956989 0.028074082 -0.066009134 0.62211088 -0.016710797 0.78275082 5.5215146
23 0.74701181 0.026273504 -0.6642914 -2.4145423 -0.0071649871 0.99947886 0.031473359 -0.06011115 0.66477218 -0.018751332 0.74681081 5.7888754
24 0.70745049 0.028752259 -0.70617783 -2.734592 -0.0066662355 0.99939913 0.034012611 -0.054775435 0.70673149 -0.019354691 0.70721711 6.0473183
25 0.66154213 0.03095675 -0.74926877 -3.0635269 -0.0057934888 0.9993287 0.036173044 -0.048288347 0.74988564 -0.019589113 0.66127743 6.2779494
26 0.61466849 0.033399627 -0.78807812 -3.4146817 -0.0061803912 0.99927634 0.037529992 -0.043353512 0.78876136 -0.018197873 0.61443014 6.4937363
27 0.56329964 0.03541935 -0.82549318 -3.7846913 -0.004545581 0.99919845 0.039770693 -0.033598783 0.82624021 -0.018650471 0.56300916 6.6917219
28 0.511355 0.037069131 -0.85856971 -4.1977138 -0.0028834807 0.99913758 0.041420841 -0.022049059 0.85936475 -0.018705086 0.51102092 6.8845224
29 0.4581082 0.038635536 -0.8880564 -4.6533181 -0.00034740045 0.99906263 0.043285734 -0.0068895109 0.88889639 -0.019521039 0.45769223 7.0668118
30 0.40356797 0.039885622 -0.91407988 -5.1681339 0.0023342238 0.99900118 0.044621704 0.010780637 0.91494671 -0.020141558 0.40307181 7.2396853
31 0.34857815 0.040976693 -0.93638357 -5.7314052 0.0050578805 0.99894705 0.045597354 0.030881794 0.9372661 -0.020630358 0.34800388 7.3944495
32 0.29032031 0.042418703 -0.9559889 -6.2819429 0.0070657733 0.99889473 0.046468276 0.047731509 0.95690346 -0.020245486 0.28969973 7.5042701
33 0.23109741 0.043816242 -0.97194348 -6.8322749 0.0090925527 0.99884446 0.047190888 0.06461364 0.97288815 -0.01974314 0.23043198 7.5793901
34 0.17255654 0.045052672 -0.98396875 -7.388552 0.011366926 0.99879579 0.047724947 0.082581383 0.98493405 -0.019419952 0.17183665 7.6242438
35 0.11279212 0.046347968 -0.99253706 -7.9561361 0.01432345 0.99873182 0.048264961 0.10314412 0.99351539 -0.019660462 0.11198522 7.6370377
36 0.053101027 0.047615863 -0.99745326 -8.5161925 0.016937403 0.99867583 0.048575915 0.12249607 0.99844552 -0.019473699 0.052224225 7.6152639
37 -0.0058495288 0.049049829 -0.99877921 -9.0442915 0.019541771 0.99861112 0.048927124 0.14061114 0.99979195 -0.019231715 -0.0067999266 7.5632561
38 -0.064624021 0.0503841 -0.99663694 -9.5826611 0.022483245 0.99854454 0.049022677 0.16029036 0.9976564 -0.019239591 -0.065662766 7.4799048
39 -0.11693514 0.051128497 -0.99182259 -10.146125 0.024351102 0.99852126 0.048602836 0.17880628 0.99284099 -0.018468594 -0.11800727 7.3664606
40 -0.16593817 0.05211735 -0.984758 -10.717852 0.026903145 0.99846998 0.048309688 0.19998398 0.98576913 -0.018476666 -0.16708642 7.226605
41 -0.21212103 0.053084755 -0.97580053 -11.265439 0.029210405 0.99842174 0.047965574 0.21978573 0.97680677 -0.018329022 -0.21333689 7.0662611
42 -0.25437462 0.054191673 -0.96558626 -11.747859 0.031060993 0.99837148 0.047848954 0.23587506 0.96660685 -0.017820509 -0.25564363 6.9021603
43 -0.29052644 0.055334078 -0.95526569 -12.190507 0.032970752 0.99831257 0.047800137 0.25156041 0.95629878 -0.017608625 -0.29186062 6.7379037
44 -0.32340403 0.056493916 -0.94457307 -12.622906 0.035214273 0.99824326 0.04764717 0.26866348 0.94560554 -0.017853168 -0.3248253 6.5647442
45 -0.35207897 0.057347358 -0.9342118 -13.08233 0.03726446 0.99818863 0.047230669 0.28738477 0.93522821 -0.018183974 -0.35357827 6.3691921
46 -0.37625607 0.058668945 -0.92465633 -13.587535 0.039942489 0.9980924 0.047075246 0.30987604 0.92565437 -0.019220729 -0.37788173 6.1442383
47 -0.39532866 0.059989632 -0.91657869 -14.109897 0.042387615 0.99799339 0.047036024 0.33283769 0.91756121 -0.020256897 -0.39707824 5.9029773
48 -0.41133651 0.060745223 -0.90945715 -14.604891 0.043625046 0.99794532 0.046924516 0.35119389 0.910439 -0.020373343 -0.41314138 5.6624509
49 -0.41893348 0.059934489 -0.90603675 -15.126837 0.042583537 0.99801811 0.046329286 0.36419543 0.90701787 -0.019173361 -0.42065545 5.4070147
50 -0.4242713 0.060977918 -0.9034797 -15.721077 0.044172876 0.99793598 0.046609542 0.38911844 0.90445711 -0.020134207 -0.42608919 5.1256113
51 -0.42778308 0.061578667 -0.90178141 -16.358094 0.045090163 0.9978883 0.04675171 0.41343501 0.90275608 -0.020661881 -0.42965636 4.8214266
52 -0.42858904 0.061927487 -0.90137474 -17.017355 0.045583316 0.99785977 0.046882209 0.43657105 0.90234895 -0.020994449 -0.43049465 4.5074421
53 -0.42970945 0.061996011 -0.90083644 -17.708147 0.045659693 0.99785579 0.046892727 0.4594158 0.90181208 -0.020981668 -0.43161881 4.1759378
54 -0.42997192 0.062291713 -0.90069079 -18.419565 0.045988571 0.997833 0.047056031 0.48385708 0.90167025 -0.021188711 -0.43190491 3.8362315
55 -0.43042412 0.062289797 -0.90047491 -19.129513 0.045945295 0.99783467 0.047062895 0.50653077 0.90145668 -0.021115581 -0.43235406 3.494822
56 -0.43073843 0.062203309 -0.90033058 -19.852792 0.045782522 0.99784337 0.047037021 0.52879146 0.90131482 -0.020958753 -0.43265734 3.1459207
57 -0.4311178 0.062102577 -0.90015594 -20.587753 0.045610817 0.99785307 0.046998093 0.55105472 0.90114213 -0.020795135 -0.43302479 2.7905749
58 -0.43126812 0.061997846 -0.90009115 -21.320087 0.045451856 0.99786237 0.046954556 0.57274555 0.90107823 -0.020660811 -0.43316417 2.4360304
59 -0.43127121 0.061772035 -0.9001052 -22.040089 0.045170445 0.99788056 0.046839415 0.59297355 0.9010909 -0.020457662 -0.43314745 2.0864402
60 -0.43146578 0.061236134 -0.90004856 -22.738494 0.044517831 0.99792323 0.046554199 0.61098486 0.90103023 -0.019981666 -0.43329586 1.7455674
61 -0.43142297 0.061003631 -0.90008488 -23.456127 0.044209918 0.99794199 0.046445521 0.63123355 0.90106589 -0.019755015 -0.43323209 1.3976909
62 -0.4313068 0.061188751 -0.90012798 -24.211536 0.044411471 0.99792786 0.046556701 0.65495893 0.90111159 -0.019895786 -0.43313059 1.0343412
63 -0.43147357 0.061255591 -0.90004351 -24.9751 0.04446537 0.9979234 0.04660081 0.67825918 0.90102909 -0.019913751 -0.43330135 0.66579001
64 -0.43181495 0.061330401 -0.89987468 -25.752113 0.044493937 0.99791928 0.046661655 0.70213784 0.90086413 -0.019889767 -0.43364533 0.29018967
65 -0.43232486 0.061235277 -0.8996363 -26.529964 0.044314861 0.99792873 0.046629985 0.72509758 0.90062836 -0.019707956 -0.43414306 -0.08738291
66 -0.43276442 0.061031018 -0.89943881 -27.288144 0.044017957 0.99794626 0.046535985 0.74674115 0.90043179 -0.019452341 -0.43456212 -0.45650941
67 -0.43304281 0.060911063 -0.89931295 -28.050938 0.043814437 0.99795715 0.046494498 0.76893033 0.90030787 -0.019268783 -0.43482698 -0.82749043
68 -0.43310587 0.06086222 -0.89928588 -28.831564 0.043678333 0.99796265 0.046504544 0.79180414 0.90028414 -0.019137918 -0.43488187 -1.2067335
69 -0.43324578 0.060840401 -0.89921996 -29.632961 0.043560732 0.99796642 0.046533858 0.81539551 0.90022252 -0.019010083 -0.43501502 -1.5961397
70 -0.43369155 0.060603425 -0.89902106 -30.438425 0.043169455 0.99798734 0.046449661 0.83823568 0.90002671 -0.018665424 -0.43543492 -1.9889989
71 -0.433856 0.06053969 -0.898946 -31.257437 0.04302546 0.99799379 0.046444815 0.86171195 0.89995434 -0.018527204 -0.43559037 -2.3881481
72 -0.43397017 0.060469998 -0.89889559 -32.071405 0.042884206 0.99800041 0.046433219 0.88488204 0.89990604 -0.018397792 -0.43569564 -2.7851202
73 -0.43399104 0.060302779 -0.89889674 -32.861555 0.042666149 0.9980135 0.046352666 0.90634345 0.89990633 -0.018235821 -0.43570183 -3.1715549
74 -0.43417535 0.059997526 -0.89882816 -33.655159 0.042267874 0.99803741 0.046202498 0.92718807 0.89983622 -0.017931571 -0.43585923 -3.5604378
75 -0.43447653 0.059892648 -0.89868961 -34.462742 0.042082868 0.99804677 0.046169051 0.95010105 0.89969951 -0.017760068 -0.43614838 -3.9547161
76 -0.43501101 0.059724099 -0.89844224 -35.267415 0.041856015 0.99806042 0.046080237 0.97245708 0.89945179 -0.017559801 -0.43666712 -4.3487465
77 -0.43545773 0.059614478 -0.89823309 -36.066325 0.041683859 0.99806983 0.046032432 0.99495166 0.8992436 -0.017396643 -0.43710221 -4.7402338
78 -0.43550784 0.059496654 -0.89821661 -36.864043 0.041458565 0.99808025 0.046009955 1.0171418 0.89922975 -0.017201076 -0.43713845 -5.1312259
79 -0.43593461 0.059220561 -0.89802781 -37.653257 0.041059294 0.99810235 0.045888349 1.0384599 0.89904126 -0.016868069 -0.43753894 -5.5192439
80 -0.43618573 0.059091429 -0.89791437 -38.456615 0.04081765 0.99811369 0.045857255 1.0611384 0.89893045 -0.016648474 -0.43777495 -5.9130293
81 -0.43631892 0.059067623 -0.89785122 -39.263525 0.040727352 0.9981167 0.045872039 1.0842846 0.89886991 -0.016552265 -0.4379029 -6.3082195
82 -0.43680086 0.059018779 -0.89762007 -40.085315 0.040593934 0.99812209 0.045872952 1.1079303 0.89864185 -0.016400586 -0.43837643 -6.7115677
83 -0.4372949 0.059016223 -0.89737966 -40.913838 0.040503575 0.99812433 0.045904228 1.1321376 0.89840563 -0.0162734 -0.43886507 -7.1184952
84 -0.43796124 0.058862563 -0.89706475 -41.726581 0.040259795 0.99813718 0.045839147 1.1548983 0.89809194 -0.016039874 -0.43951522 -7.5195887
85 -0.43848206 0.058652446 -0.89682405 -42.516472 0.039964011 0.99815362 0.045739908 1.176402 0.89785099 -0.015784557 -0.44001647 -7.9105722
86 -0.43884865 0.058465826 -0.89665691 -43.291826 0.039722652 0.99816767 0.045643395 1.1973535 0.89768258 -0.015587048 -0.44036698 -8.2947012
87 -0.4393088 0.058174922 -0.89645048 -44.047855 0.039385932 0.99818866 0.045475977 1.2171034 0.89747232 -0.015329541 -0.44080437 -8.6703791
88 -0.43993357 0.057724198 -0.89617319 -44.794275 0.038844774 0.99822111 0.045228305 1.2358238 0.89718982 -0.014914196 -0.44139329 -9.0426191
89 -0.44051275 0.057321692 -0.89591447 -45.542974 0.038360407 0.99824981 0.045007778 1.2546797 0.89692644 -0.014541144 -0.44194068 -9.4162534
90 -0.44125625 0.057094928 -0.89556301 -46.300308 0.038067552 0.9982665 0.044886188 1.2748707 0.89657338 -0.014285581 -0.44266482 -9.7940125
91 -0.44171398 0.056900093 -0.89534973 -47.062377 0.03780945 0.9982807 0.044788423 1.2951048 0.89635888 -0.014069008 -0.44310593 -10.174206
92 -0.44234735 0.0567685 -0.89504534 -47.832554 0.037610117 0.99829088 0.044729288 1.3160594 0.89605487 -0.013876878 -0.44372642 -10.558786
93 -0.44350865 0.05674239 -0.89447212 -48.622071 0.03752766 0.99829435 0.044721087 1.3385156 0.89548411 -0.013733256 -0.44488162 -10.953959
94 -0.44462949 0.056907844 -0.89390498 -49.423224 0.037688366 0.99828446 0.044806616 1.3622892 0.89492136 -0.013767476 -0.4460115 -11.355349
95 -0.44576885 0.057077409 -0.89332654 -50.229919 0.037845483 0.99827441 0.044898005 1.3863877 0.89434775 -0.013794243 -0.44715978 -11.760751
96 -0.44662264 0.057046047 -0.892902 -51.010527 0.037753542 0.99827806 0.044894323 1.4084294 0.89392557 -0.013659392 -0.4480073 -12.155202
97 -0.44795836 0.056739034 -0.89225221 -51.773332 0.037377057 0.99830016 0.044717427 1.4283329 0.8932728 -0.013318216 -0.44931767 -12.54413
98 -0.44875821 0.056492318 -0.89186585 -52.527885 0.037063353 0.99831773 0.044586076 1.4481754 0.89288432 -0.013047171 -0.45009711 -12.928651
99 -0.44963789 0.056426878 -0.89142682 -53.291174 0.036973073 0.99832296 0.044544041 1.4692627 0.8924454 -0.012930101 -0.45097013 -13.317546
100 -0.45038672 0.056432676 -0.89104835 -54.0763 0.036930797 0.99832382 0.044559809 1.4914306 0.89206948 -0.01283798 -0.45171592 -13.717676
101 -0.45115466 0.056382808 -0.89066293 -54.866494 0.036821295 0.99832843 0.044547112 1.5133785 0.89168588 -0.012697725 -0.45247664 -14.121556
102 -0.4520908 0.056272358 -0.89019511 -55.646754 0.036642916 0.99833714 0.044499076 1.5348718 0.89121896 -0.012501722 -0.45340105 -14.521762
103 -0.45282699 0.05623654 -0.88982311 -56.412851 0.036560758 0.99834059 0.044489205 1.5563325 0.89084851 -0.012386695 -0.45413165 -14.915
104 -0.45360019 0.056308366 -0.88942467 -57.176951 0.036590915 0.99833711 0.044542373 1.5787091 0.89045382 -0.012340433 -0.45490631 -15.307165
105 -0.45416708 0.056301421 -0.88913577 -57.959817 0.036505572 0.99833903 0.044569433 1.6008277 0.89016832 -0.01221644 -0.45546807 -15.71014
106 -0.45477761 0.056271949 -0.88882552 -58.764808 0.036352639 0.99834301 0.044605314 1.6233829 0.88986283 -0.012025655 -0.45606971 -16.125382
107 -0.45511395 0.056201059 -0.88865783 -59.564472 0.036148928 0.99834952 0.044625072 1.6455356 0.88969915 -0.011814536 -0.45639443 -16.538285
108 -0.45519438 0.056049435 -0.88862621 -60.334921 0.035918598 0.99836022 0.044571702 1.6658106 0.88966733 -0.011629419 -0.45646121 -16.93716
109 -0.45543552 0.055704907 -0.88852431 -61.078035 0.035509122 0.99838291 0.044391258 1.6840896 0.88956035 -0.011333362 -0.4566771 -17.323501
110 -0.45571013 0.055257674 -0.88841143 -61.790612 0.035015647 0.99841155 0.044138238 1.7009503 0.88943927 -0.010994059 -0.45692117 -17.694775
111 -0.45723196 0.054804723 -0.88765724 -62.483699 0.034542481 0.99844066 0.043851766 1.7180097 0.88867642 -0.010611454 -0.4584121 -18.058045
112 -0.45815604 0.054243447 -0.88721514 -63.167879 0.033946329 0.9984758 0.043516 1.7337335 0.88822335 -0.010180579 -0.45929911 -18.417677
113 -0.45890958 0.053807319 -0.88685217 -63.848407 0.033481034 0.99850279 0.043256354 1.749881 0.88785193 -0.0098419725 -0.46002405 -18.77529
114 -0.45928528 0.053484955 -0.88667717 -64.533059 0.033106727 0.99852277 0.043082775 1.7665573 0.88767168 -0.0095676938 -0.46037756 -19.134532
115 -0.45978954 0.05298452 -0.88644584 -65.211078 0.032536448 0.99855329 0.042809099 1.7821114 0.88743168 -0.009158623 -0.46084832 -19.49152
116 -0.45938107 0.052313237 -0.88669745 -65.876522 0.031652545 0.99859421 0.042516324 1.796301 0.88767516 -0.0085350361 -0.46039116 -19.842116
117 -0.45847793 0.051943297 -0.8871865 -66.537109 0.031194016 0.99861583 0.042346937 1.8108777 0.88815818 -0.0082597741 -0.45946367 -20.188386
118 -0.45756898 0.051603943 -0.88767543 -67.190613 0.030825732 0.99863498 0.04216474 1.8254056 0.88863966 -0.0080699675 -0.45853515 -20.529427
119 -0.45598155 0.051068199 -0.88852286 -67.811289 0.030240687 0.99866487 0.041879419 1.8387543 0.88947533 -0.0077732997 -0.45691712 -20.851226
120 -0.45291874 0.050861461 -0.89009984 -68.40239 0.030231172 0.99867339 0.041682653 1.852092 0.89103913 -0.0080299068 -0.45385552 -21.153012
121 -0.44754299 0.050616893 -0.89282877 -68.981079 0.030262507 0.99868219 0.041448504 1.8641857 0.89375024 -0.0084692497 -0.44848504 -21.442953
122 -0.43822135 0.049876939 -0.89748222 -69.526624 0.029733978 0.99871721 0.040984537 1.8734342 0.89837519 -0.0087254176 -0.43914227 -21.70657
123 -0.41932798 0.048611721 -0.90653238 -70.063491 0.02814256 0.99878143 0.040540771 1.8792626 0.90739852 -0.0085122623 -0.42018509 -21.945618
124 -0.39463805 0.048092091 -0.91757723 -70.577634 0.027444064 0.99880066 0.040545842 1.8867413 0.91842674 -0.0091811159 -0.39548462 -22.149683
125 -0.36347427 0.048832324 -0.93032352 -71.063867 0.027602368 0.99875129 0.041639919 1.8976677 0.93119525 -0.010544093 -0.36436831 -22.31619
126 -0.32782431 0.050591553 -0.94338313 -71.532304 0.029348531 0.99862849 0.043355667 1.9100652 0.94428276 -0.013473867 -0.32885951 -22.448928
127 -0.28733592 0.051851073 -0.9564254 -71.982164 0.030250364 0.99852678 0.045045509 1.9214616 0.95735209 -0.015989024 -0.28848114 -22.55334
128 -0.24462971 0.052598335 -0.96818889 -72.432668 0.030464289 0.9984515 0.046545066 1.9330565 0.9691379 -0.018108881 -0.24585329 -22.636176
129 -0.19947076 0.052659454 -0.97848781 -72.888008 0.030727811 0.99840002 0.04746702 1.9422192 0.9794219 -0.020598507 -0.20076974 -22.695227
130 -0.14894574 0.052956784 -0.98742633 -73.342251 0.030910053 0.99832627 0.048878815 1.9530438 0.98836217 -0.02324111 -0.15033335 -22.725961
131 -0.099505193 0.053293923 -0.99360882 -73.795456 0.030529257 0.99825801 0.050485931 1.9658543 0.99456861 -0.025310528 -0.10095889 -22.737774
132 -0.051436789 0.053266512 -0.9972547 -74.247057 0.030029676 0.99820747 0.05176852 1.9800038 0.99822468 -0.027284431 -0.052944168 -22.729776
133 -0.0028504774 0.052620762 -0.9986105 -74.690931 0.028928218 0.99820092 0.052516606 1.9936372 0.99957745 -0.028738326 -0.0043675755 -22.69948
134 0.046536315 0.05163073 -0.9975814 -75.139388 0.028064544 0.99820151 0.052972012 2.0070204 0.99852231 -0.030461791 0.045003629 -22.644006
135 0.098646136 0.049525722 -0.9938894 -75.567865 0.028666559 0.99820481 0.052585991 2.0194626 0.99470961 -0.033678795 0.097049321 -22.557114
136 0.14980851 0.047257171 -0.98758502 -75.981594 0.029564067 0.9981963 0.052249559 2.0322647 0.98827295 -0.037024461 0.1481412 -22.450762
137 0.19828233 0.045346457 -0.97909541 -76.39454 0.029818439 0.9981877 0.052269416 2.0446913 0.97969129 -0.0395592 0.19657083 -22.32964
138 0.24690894 0.043523412 -0.96806079 -76.805789 0.02961764 0.99818515 0.052431918 2.0564467 0.96858599 -0.041617587 0.24517179 -22.187316
139 0.29597757 0.043083915 -0.95422275 -77.220829 0.027908987 0.99816565 0.053724687 2.0717908 0.9547871 -0.042532695 0.29423223 -22.024592
140 0.34275282 0.042535666 -0.93846216 -77.641903 0.02628366 0.99814909 0.054840501 2.0891626 0.93905788 -0.043462959 0.34100045 -21.836755
141 0.38925327 0.041148644 -0.92021122 -78.048533 0.024253073 0.99819749 0.054895072 2.1046391 0.92081145 -0.043686038 0.38755368 -21.629307
142 0.43516499 0.039831766 -0.89946922 -78.449247 0.021694611 0.99826693 0.054702784 2.1184414 0.90008934 -0.043318373 0.43354671 -21.400123
143 0.48001699 0.038915351 -0.87639562 -78.849938 0.018894455 0.99832519 0.054678314 2.1320696 0.87705571 -0.042805539 0.4784778 -21.145922
144 0.52086674 0.038676065 -0.8527614 -79.266915 0.016066193 0.99835195 0.055092398 2.1496304 0.85348682 -0.042396429 0.51938698 -20.859868
145 0.56054534 0.039139296 -0.82719831 -79.682157 0.012388953 0.99837433 0.055633864 2.1663396 0.82803108 -0.041433426 0.55914922 -20.549143
146 0.59764488 0.039724802 -0.80077622 -80.104465 0.0094487535 0.99835342 0.056578093 2.1869137 0.80170528 -0.041379947 0.59628549 -20.20496
147 0.62918834 0.040553397 -0.77619421 -80.542308 0.0063014811 0.99833893 0.057267695 2.2105799 0.77722735 -0.040923341 0.62788771 -19.827002
148 0.65434003 0.040750791 -0.75510165 -80.991487 0.0050545439 0.99828889 0.058255008 2.239313 0.75618358 -0.04193528 0.65301445 -19.415574
149 0.67304746 0.040440017 -0.73849288 -81.449189 0.0046646903 0.99825201 0.058915783 2.2689604 0.73958461 -0.04309796 0.67168238 -18.979301
150 0.6866327 0.040072631 -0.72589925 -81.909129 0.0042957947 0.99823861 0.059170306 2.2978831 0.72699182 -0.043746583 0.68525118 -18.529159
151 0.69811593 0.039851127 -0.71487484 -82.358304 0.0032878522 0.99826082 0.058859423 2.3232049 0.71597721 -0.043441106 0.6967708 -18.079932
152 0.70635952 0.039960347 -0.70672442 -82.822664 0.002290535 0.99827096 0.058734628 2.34943 0.70784957 -0.043106542 0.70504671 -17.608879
153 0.71314722 0.039804035 -0.69988334 -83.279298 0.0016904189 0.99828609 0.058497366 2.374498 0.70101228 -0.042900332 0.71185771 -17.138814
154 0.71842553 0.039477336 -0.69448276 -83.732761 0.0014757726 0.99829948 0.058274214 2.3994766 0.69560233 -0.042890584 0.71714562 -16.666612
155 0.7233916 0.039148616 -0.6893272 -84.195373 0.0013429295 0.99830948 0.058105786 2.4246953 0.69043669 -0.042958957 0.72211616 -16.178324
156 0.72791928 0.038948023 -0.68455575 -84.665994 0.001001443 0.99832388 0.057864843 2.449985 0.68566212 -0.04280648 0.72666024 -15.675471
157 0.73293251 0.038660702 -0.67920196 -85.137889 0.00077925233 0.99833553 0.05766693 2.4752042 0.68030093 -0.042795239 0.73168248 -15.163855
158 0.73779734 0.038498492 -0.67392356 -85.61073 0.00040841112 0.99834661 0.057478573 2.4999371 0.67502218 -0.042682778 0.7365618 -14.645436
159 0.74170666 0.038463342 -0.66962064 -86.07981 -1.8346895e-05 0.99835548 0.057325713 2.5242763 0.67072442 -0.04250658 0.74048767 -14.127091
160 0.74494165 0.03843364 -0.66602161 -86.548871 -0.00046661594 0.99836887 0.057090261 2.5483437 0.66712948 -0.042218139 0.74374454 -13.604665
161 0.74725452 0.038379622 -0.66342874 -87.04309 -0.00064193377 0.99837203 0.057033184 2.5751991 0.66453766 -0.042192429 0.74606269 -13.04983
162 0.74864633 0.038486509 -0.66185155 -87.569166 -0.00096889642 0.99837598 0.056959368 2.6036725 0.6629689 -0.042001158 0.74746785 -12.458103
163 0.74970089 0.038509608 -0.66065543 -88.115887 -0.0010232258 0.99837167 0.057033949 2.6349637 0.66177606 -0.042082405 0.74851958 -11.839431
164 0.75018045 0.038586687 -0.66010633 -88.67249 -0.0011099679 0.99836789 0.057098427 2.6666569 0.66123225 -0.042101429 0.74899895 -11.209947
165 0.7504185 0.038704456 -0.6598288 -89.226315 -0.0012621022 0.99836607 0.057127107 2.6980576 0.6609618 -0.042036469 0.74924127 -10.58378
166 0.75061799 0.0387456 -0.65959943 -89.788694 -0.0012726238 0.99836208 0.057196659 2.7304251 0.66073522 -0.042093422 0.74943789 -9.9466223
167 0.75084984 0.03879821 -0.65933241 -90.349773 -0.0013167463 0.99835904 0.057248611 2.7627198 0.66047166 -0.042116939 0.74966886 -9.3105922
168 0.75103451 0.038827498 -0.65912032 -90.92047 -0.0012778252 0.99835298 0.057355018 2.7959143 0.66026173 -0.04223336 0.74984721 -8.6630598
169 0.75122684 0.038960141 -0.65889327 -91.483593 -0.001449192 0.99835132 0.057379909 2.8280618 0.66004254 -0.042150467 0.75004482 -8.0247404
170 0.75103173 0.039239921 -0.65909906 -92.032375 -0.001921086 0.99835804 0.057248896 2.8578181 0.66026334 -0.041729554 0.749874 -7.4058944
171 0.7510966 0.039415546 -0.65901465 -92.574509 -0.0022210941 0.99836135 0.057180369 2.887805 0.66018859 -0.04148425 0.74995341 -6.7931515
172 0.75094124 0.039564074 -0.65918279 -93.121326 -0.0024648942 0.99836459 0.057113718 2.9180975 0.66036445 -0.041264232 0.74981071 -6.1754131
173 0.75083735 0.039674271 -0.6592945 -93.677638 -0.0026149527 0.99836497 0.057100429 2.9493546 0.66048199 -0.041149112 0.7497135 -5.546365
174 0.75043184 0.039850793 -0.65974538 -94.233442 -0.0029114883 0.99837028 0.056993159 2.9794464 0.66094145 -0.040848643 0.74932492 -4.920877
175 0.74925777 0.039990343 -0.66107002 -94.789092 -0.0030275256 0.99837163 0.056963447 3.0103607 0.66227158 -0.040678901 0.74815882 -4.2986331
176 0.74837947 0.040016692 -0.66206256 -95.339243 -0.0029727829 0.99837064 0.05698362 3.0414196 0.66326416 -0.040677205 0.7472791 -3.6828965
177 0.74772633 0.040064045 -0.66279726 -95.887487 -0.0030508227 0.99837478 0.056906921 3.0709521 0.66400004 -0.040528728 0.74663339 -3.0719157
178 0.74700846 0.04036303 -0.66358812 -96.441351 -0.0035541255 0.9983834 0.056726178 3.0997917 0.66480505 -0.040016461 0.74594435 -2.4568209
179 0.74627312 0.040613224 -0.66439973 -97.000472 -0.0039310945 0.99838838 0.056613661 3.1296847 0.66562827 -0.039637438 0.74523011 -1.8357685
180 0.74573967 0.040788342 -0.66498772 -97.559536 -0.0041854363 0.99839126 0.056544621 3.1599219 0.66622433 -0.039384305 0.74471073 -1.2146735
181 0.74514398 0.040913419 -0.66564746 -98.128384 -0.0042906497 0.99838982 0.056562057 3.1916752 0.66688984 -0.039290818 0.74411976 -0.58253482
182 0.74424855 0.041078543 -0.66663832 -98.704863 -0.0044385872 0.99838896 0.056565833 3.2236532 0.66788803 -0.039140109 0.74323191 0.055475189
183 0.74334727 0.04121294 -0.66763488 -99.290793 -0.0045046634 0.9983859 0.05661461 3.2565461 0.66889055 -0.039076847 0.74233313 0.70271296
184 0.74265701 0.041317248 -0.66839618 -99.88232 -0.0045303022 0.99838197 0.056681854 3.2898817 0.66965668 -0.039067141 0.74164259 1.3555088
185 0.74211906 0.041427869 -0.66898657 -100.46756 -0.0046080305 0.99837978 0.056714202 3.3223864 0.67025226 -0.039005982 0.74110761 1.9999152
186 0.74145957 0.041597166 -0.66970694 -101.04334 -0.0048164402 0.99838077 0.056679442 3.3536995 0.67098027 -0.038799913 0.74045937 2.6315682
187 0.74045076 0.041776401 -0.67081101 -101.61787 -0.0050138225 0.9983819 0.056642352 3.3849085 0.67209193 -0.038577547 0.73946214 3.2591055
188 0.73937231 0.041880816 -0.671993 -102.19576 -0.0050440705 0.99838004 0.056672502 3.4169648 0.67327793 -0.038512501 0.73838585 3.8889609
189 0.73851366 0.041953521 -0.67293201 -102.78375 -0.0050134776 0.9983763 0.056741066 3.4499601 0.67421989 -0.038530324 0.73752491 4.5293529
190 0.73771714 0.042077268 -0.6737974 -103.37783 -0.0050966187 0.99837444 0.056766331 3.4827675 0.67509072 -0.038443409 0.73673243 5.1745018
191 0.73660456 0.042228275 -0.67500408 -103.99756 -0.0050925464 0.99836682 0.056900568 3.5181007 0.67630453 -0.03847573 0.73561664 5.8456479
192 0.73572282 0.042122763 -0.67597161 -104.64956 -0.0045682592 0.99834998 0.057239515 3.5578764 0.67726737 -0.039024406 0.73470133 6.5538587
193 0.73462376 0.042165335 -0.67716322 -105.31293 -0.0043487441 0.99833907 0.057446432 3.59664 0.67846079 -0.039256706 0.73358702 7.2692759
194 0.73382025 0.042298252 -0.6780256 -105.97381 -0.0043044997 0.99832918 0.057621498 3.6348937 0.67933007 -0.039365263 0.73277628 7.9802804
195 0.73351146 0.042397263 -0.67835345 -106.631 -0.0043152843 0.9983229 0.057729268 3.6721431 0.6796634 -0.039417793 0.7324643 8.6872556
196 0.73304267 0.04256237 -0.67884968 -107.28728 -0.004491462 0.99832136 0.057742518 3.7081045 0.68016784 -0.039278704 0.73200337 9.3903032
197 0.73264949 0.042793908 -0.67925945 -107.95465 -0.0047556395 0.99831881 0.057765477 3.7446831 0.68058954 -0.039091536 0.73162133 10.104649
198 0.73229255 0.043077552 -0.67962634 -108.62836 -0.0050881199 0.99831546 0.057794985 3.7814598 0.68097119 -0.038864819 0.7312782 10.825158
199 0.73185941 0.043281377 -0.68007979 -109.2992 -0.0052764454 0.99831095 0.057855941 3.8184692 0.68143524 -0.038754013 0.73085169 11.541811
200 0.73155866 0.043424193 -0.6803942 -109.96681 -0.0053294814 0.99830327 0.057983572 3.8561114 0.68175769 -0.038792238 0.73054888 12.255371
201 0.73127815 0.043590029 -0.68068508 -110.62692 -0.0054359482 0.99829654 0.058089395 3.8933111 0.68205773 -0.038779338 0.73026945 12.960177
202 0.73115033 0.0437329 -0.68081322 -111.29065 -0.0055015891 0.99828869 0.058217981 3.9309939 0.68219422 -0.038820543 0.73013975 13.66932
203 0.73100582 0.043828666 -0.68096222 -111.95648 -0.0054837746 0.99828018 0.058365378 3.969194 0.68234921 -0.038931189 0.72998901 14.380822
204 0.730681 0.04396496 -0.68130196 -112.6127 -0.0055564136 0.99827423 0.058460306 4.0066811 0.68269643 -0.038930242 0.72966435 15.080481
205 0.73039451 0.044205554 -0.68159353 -113.24299 -0.0058697899 0.9982728 0.058454105 4.0416096 0.68300032 -0.038693748 0.72939249 15.750197
206 0.73012917 0.044485151 -0.68185957 -113.85549 -0.0063248118 0.99827576 0.058355885 4.0745397 0.6832799 -0.038294702 0.72915166 16.399373
207 0.73000932 0.04466237 -0.6819763 -114.48146 -0.0065785393 0.99827536 0.058334796 4.1087997 0.68340555 -0.038098539 0.72904417 17.063962
208 0.72980061 0.044844519 -0.68218769 -115.1189 -0.0068080735 0.99827354 0.058339605 4.1438833 0.68362617 -0.037931897 0.72884599 17.740567
209 0.7295454 0.044990344 -0.68245101 -115.78187 -0.0069361719 0.99826937 0.058395737 4.1810934 0.68389723 -0.037868746 0.72859493 18.444763
210 0.72930105 0.045099879 -0.6827049 -116.45171 -0.0069822468 0.9982637 0.058487075 4.2190502 0.68415733 -0.037887873 0.72834971 19.15611
211 0.72899339 0.045233008 -0.68302461 -117.11915 -0.0070938021 0.99825993 0.058538102 4.2563377 0.684484 -0.03782865 0.7280458 19.863282
212 0.728687 0.045402325 -0.68334025 -117.78159 -0.0072667713 0.9982564 0.05857691 4.2934592 0.68480835 -0.037718557 0.72774644 20.564837
213 0.72839295 0.045522812 -0.68364566 -118.41801 -0.0074174133 0.99825575 0.058569255 4.3286116 0.68511949 -0.037590552 0.72746016 21.237378
214 0.72810776 0.045612243 -0.68394343 -119.04699 -0.0074498389 0.9982512 0.058642556 4.3645536 0.68542221 -0.037602834 0.7271743 21.902883
215 0.72785447 0.045741813 -0.68420433 -119.67514 -0.0075753478 0.99824816 0.058678275 4.4001556 0.68568981 -0.037526161 0.72692594 22.56689
216 0.72724724 0.046020231 -0.68483107 -120.30302 -0.0079874882 0.99824957 0.058599556 4.4343888 0.68632914 -0.037146287 0.72634187 23.22706
217 0.72613519 0.046269104 -0.68599333 -120.91162 -0.0083357404 0.99825216 0.058506922 4.4674919 0.68750143 -0.036765675 0.72525176 23.863453
218 0.7254431 0.04643643 -0.68671389 -121.52367 -0.0086431091 0.99825739 0.058372819 4.4996187 0.68822789 -0.036410818 0.72458034 24.501601
219 0.72513389 0.046396978 -0.68704306 -122.12077 -0.008661665 0.99826311 0.058272221 4.5310352 0.68855344 -0.036304227 0.72427633 25.124467
220 0.72395213 0.046612036 -0.68827367 -122.72012 -0.0090487416 0.9982704 0.058088174 4.5617618 0.68979088 -0.035825048 0.72312181 25.744838
221 0.72332279 0.046808649 -0.68892169 -123.32776 -0.0093886962 0.99827413 0.057970022 4.5935635 0.69044624 -0.035462963 0.72251395 26.375201
222 0.72275371 0.046975926 -0.68950732 -123.94192 -0.0096275998 0.99827474 0.057920338 4.6264887 0.69103865 -0.03522384 0.72195908 27.012702
223 0.72222247 0.047163302 -0.69005097 -124.55202 -0.0099295411 0.9982766 0.057837298 4.6587132 0.69158957 -0.034919508 0.72144614 27.644513
224 0.72185606 0.047331334 -0.69042276 -125.15048 -0.010259464 0.99828064 0.057709713 4.6896402 0.6919672 -0.03457474 0.72110057 28.263088
225 0.72105649 0.047483629 -0.69124732 -125.74971 -0.010471098 0.99828178 0.057651997 4.7214675 0.69279718 -0.03433223 0.7203148 28.881308
226 0.720584 0.047534958 -0.69173632 -126.34385 -0.010508792 0.99828132 0.057653173 4.7536539 0.69328803 -0.034274642 0.71984512 29.494974
227 0.71997135 0.047677948 -0.69236411 -126.93759 -0.010675798 0.99828015 0.057642618 4.785923 0.69392168 -0.034109496 0.71924216 30.107227
228 0.71855643 0.047947221 -0.6938139 -127.54307 -0.011020219 0.99828033 0.057574688 4.8180346 0.69538136 -0.033724683 0.71784919 30.726368
229 0.71703248 0.048077547 -0.69537973 -128.15207 -0.011024855 0.99827586 0.057651199 4.8518781 0.69695258 -0.033671323 0.71632632 31.347956
230 0.71624424 0.048094208 -0.69619045 -128.76885 -0.010841296 0.99826876 0.057808794 4.8870503 0.69776549 -0.033857611 0.7155257 31.978923
231 0.71570951 0.048137229 -0.69673719 -129.3905 -0.01074003 0.99826242 0.057936976 4.9222385 0.69831553 -0.033983068 0.71498295 32.614177
232 0.71515801 0.048234716 -0.69729652 -130.01287 -0.010752969 0.99825718 0.058024926 4.9571091 0.69888012 -0.033998984 0.71443033 33.248678
233 0.71439263 0.048391091 -0.69806982 -130.63448 -0.010886334 0.99825373 0.058059336 4.9913481 0.6996604 -0.033877743 0.71367196 33.879825
234 0.71389608 0.048522586 -0.69856851 -131.23881 -0.011077726 0.99825403 0.058017963 5.0235661 0.70016405 -0.033680247 0.7131872 34.491412
235 0.71333974 0.048667595 -0.69912651 -131.83401 -0.011266968 0.99825328 0.057994383 5.0557023 0.70072783 -0.033492664 0.71264212 35.09336
236 0.71282567 0.048809526 -0.69964077 -132.41714 -0.011515517 0.99825538 0.057909455 5.0865607 0.70124674 -0.033222623 0.71214417 35.681651
237 0.71185167 0.048987945 -0.70061928 -133.00267 -0.011706659 0.99825344 0.057904458 5.1186382 0.70223228 -0.033017475 0.71118192 36.271323
238 0.71024686 0.049229529 -0.7022292 -133.5928 -0.011977731 0.99825236 0.057867642 5.1504277 0.7038508 -0.032689199 0.70959531 36.860852
239 0.70802635 0.049428017 -0.70445409 -134.1723 -0.012105883 0.99825039 0.057874961 5.1820574 0.70608226 -0.03244896 0.707386 37.435106
240 0.70568622 0.04960477 -0.70678592 -134.74462 -0.012211574 0.9982495 0.057868155 5.2130269 0.70841927 -0.032205792 0.70505671 37.997873
241 0.70345922 0.049758253 -0.70899171 -135.30329 -0.012386195 0.99825306 0.057769568 5.2422257 0.71062771 -0.031856827 0.70284668 38.54286
242 0.70025467 0.050166074 -0.71212834 -135.85418 -0.013028266 0.99825978 0.057511642 5.269398 0.71377426 -0.030995 0.69968969 39.071865
243 0.69676191 0.050453456 -0.71552589 -136.39245 -0.013434256 0.9982661 0.057308195 5.296147 0.71717668 -0.030317611 0.69623164 39.583412
244 0.69189963 0.05077982 -0.72020575 -136.92727 -0.013728121 0.99826849 0.05719673 5.3234961 0.72186319 -0.029687326 0.69139876 40.083418
245 0.68727769 0.051316384 -0.72457988 -137.46159 -0.014399647 0.99826793 0.057041253 5.3487789 0.72625206 -0.028769487 0.68682626 40.574392
246 0.68231418 0.051635385 -0.72923326 -137.99765 -0.014464616 0.99826073 0.057150664 5.3759513 0.73091598 -0.028446631 0.68187438 41.061547
247 0.67806345 0.05175819 -0.73317873 -138.55048 -0.014265618 0.9982563 0.05727791 5.4060035 0.73486493 -0.02837881 0.67761952 41.563118
248 0.67408516 0.05195546 -0.73682416 -139.0932 -0.014398104 0.99825785 0.05721772 5.4337183 0.73851332 -0.027960745 0.6736589 42.048851
249 0.66865695 0.052446535 -0.74171912 -139.64234 -0.015121332 0.9982622 0.056954728 5.4594852 0.74341728 -0.026867395 0.66828806 42.528339
250 0.66622671 0.052678332 -0.7438864 -140.2183 -0.015541821 0.99826609 0.056772939 5.486687 0.74558732 -0.0262623 0.66589029 43.034431
251 0.66227572 0.052979794 -0.74738478 -140.81278 -0.015811661 0.99826301 0.05675268 5.5162795 0.74909338 -0.025768528 0.6619631 43.550472
252 0.65873161 0.0532239 -0.75049309 -141.41936 -0.015944999 0.99825822 0.056799619 5.5469366 0.75220904 -0.025449094 0.65843294 44.073501
253 0.65478536 0.053356479 -0.75392919 -142.02605 -0.015730271 0.99825102 0.056985734 5.578909 0.75565119 -0.025453915 0.65447951 44.591645
254 0.65068716 0.053466672 -0.75746125 -142.63062 -0.015391664 0.99824172 0.057240558 5.6115968 0.75918993 -0.025587107 0.65036605 45.10288
255 0.64749963 0.053617859 -0.76017719 -143.2373 -0.015301245 0.99823535 0.057375691 5.6433324 0.76191215 -0.025519082 0.64717748 45.61231
256 0.64434268 0.053771291 -0.76284412 -143.85304 -0.015185149 0.99822785 0.057536736 5.67582 0.76458613 -0.025489474 0.64401738 46.125506
257 0.64127245 0.053948363 -0.76541442 -144.49539 -0.015101811 0.99821943 0.057704594 5.7096018 0.76716466 -0.025445223 0.64094537 46.656782
258 0.63791429 0.054106385 -0.76820431 -145.13826 -0.014990364 0.9982122 0.057858419 5.7431008 0.76996147 -0.025393051 0.63758495 47.182678
259 0.63487762 0.054190968 -0.7707099 -145.78363 -0.014695852 0.99820366 0.05808094 5.7775067 0.77247295 -0.025548052 0.63453359 47.707744
260 0.63304993 0.054220494 -0.77220977 -146.4374 -0.014374697 0.99819535 0.058303774 5.8124962 0.77397751 -0.025808919 0.63268694 48.239662
261 0.6307148 0.05423072 -0.77411748 -147.10007 -0.013896095 0.99818444 0.058605818 5.8488719 0.77589031 -0.026206347 0.63032333 48.775244
262 0.6283762 0.054195836 -0.77601943 -147.77925 -0.013269947 0.99817178 0.058965321 5.8869936 0.77779643 -0.026754669 0.62794661 49.321679
263 0.62610984 0.054155669 -0.77785194 -148.47587 -0.01262846 0.99815856 0.059328953 5.9263447 0.77963262 -0.02732337 0.62564084 49.879192
264 0.62438256 0.054245737 -0.77923284 -149.1565 -0.012407982 0.99814857 0.05954315 5.9633105 0.78102016 -0.027508999 0.62389968 50.420338
265 0.62314184 0.054425261 -0.78021288 -149.81596 -0.012642766 0.9981464 0.059530088 5.9967768 0.78200667 -0.027231641 0.62267491 50.941331
266 0.62159663 0.054545485 -0.78143613 -150.47272 -0.012692108 0.99814304 0.059575982 6.0307671 0.78323468 -0.027114159 0.62113468 51.458361
267 0.61941858 0.054620535 -0.78315849 -151.13538 -0.012525946 0.99813731 0.059706931 6.0659553 0.78496099 -0.027173782 0.61894901 51.9768
268 0.61726781 0.054642502 -0.78485327 -151.81733 -0.012131966 0.99812764 0.059949447 6.1034174 0.78665958 -0.027483052 0.61677502 52.508718
269 0.61544103 0.054684643 -0.78628363 -152.50153 -0.011818811 0.99811834 0.060166539 6.1408152 0.78809434 -0.02773602 0.61492932 53.040041
270 0.61378071 0.054736627 -0.78757675 -153.18029 -0.011551356 0.9981094 0.060366361 6.1779546 0.78939207 -0.02795413 0.61325262 53.565148
271 0.61202875 0.054793994 -0.788935 -153.85173 -0.011319848 0.99810156 0.060539713 6.2145538 0.79075452 -0.028121422 0.61148714 54.081738
272 0.60935457 0.054874253 -0.79099673 -154.51629 -0.0110473 0.998093 0.060730826 6.2511202 0.79282091 -0.02826823 0.60879878 54.587937
273 0.60617427 0.054897259 -0.79343497 -155.18442 -0.010459271 0.9980789 0.061065691 6.2895926 0.79526309 -0.028717701 0.60558398 55.093276
274 0.60297177 0.054951711 -0.79586768 -155.84737 -0.010046174 0.99806868 0.061301676 6.3268454 0.79769929 -0.028967756 0.60235933 55.589356
275 0.59991018 0.055020924 -0.79817322 -156.5025 -0.0096599934 0.99805788 0.061539197 6.36392 0.80000906 -0.029207644 0.59927662 56.07607
276 0.59723816 0.055143 -0.80016613 -157.14336 -0.0095432454 0.99805172 0.061657165 6.399155 0.80200719 -0.029187832 0.59660085 56.548371
277 0.59474331 0.055263193 -0.80201395 -157.78318 -0.0094498185 0.99804605 0.061763259 6.4343338 0.80386014 -0.0291544 0.59410348 57.017283
278 0.59217695 0.055406055 -0.80390089 -158.42389 -0.0094553812 0.99804239 0.061821469 6.4690484 0.8057525 -0.029008061 0.59154162 57.483086
279 0.58938975 0.05553 -0.80593805 -159.06719 -0.0093819069 0.99803792 0.061904815 6.5040413 0.80779436 -0.028924829 0.58875434 57.947068
280 0.58684607 0.055631177 -0.80778516 -159.71783 -0.0092348456 0.99803187 0.062024233 6.5396987 0.80964587 -0.028938907 0.58620487 58.413882
281 0.58380192 0.055772313 -0.80997825 -160.35269 -0.009310944 0.99803205 0.062010071 6.5730191 0.81184275 -0.028659938 0.58317236 58.862958
282 0.58156371 0.055846587 -0.81158167 -160.98921 -0.0092656978 0.9980308 0.062036911 6.6067508 0.81344811 -0.028558547 0.58093599 59.312514
283 0.57933327 0.05589544 -0.81317198 -161.63178 -0.0090993683 0.99802721 0.062119213 6.6414608 0.81504 -0.028588377 0.57869902 59.764729
284 0.5767772 0.055995658 -0.8149801 -162.2774 -0.0089791013 0.99802218 0.062217432 6.6767361 0.81685217 -0.028567808 0.57613926 60.216194
285 0.5740203 0.056165492 -0.81691257 -162.93602 -0.0090755985 0.9980199 0.062240077 6.7117787 0.8187908 -0.028313098 0.57339345 60.672268
