3 0.99969603 -0.0012267274 -0.024623984 -0.020410689 0.0012771406 0.99999712 0.0020316958 -0.0021230672 0.024621421 -0.0020625265 0.99969472 0.30080266
4 0.99995816 0.0013189049 -0.0090514924 -0.010005578 -0.0013273426 0.99999869 -0.00092624943 -0.0055406123 0.0090502589 0.00093822512 0.99995861 0.24974043
5 0.99994622 0.00076430172 -0.010342593 -0.010454867 -0.00077289417 0.99999936 -0.0008268116 -0.0049960759 0.010341954 0.00083476086 0.99994617 0.2421993
6 0.99991907 0.00094969226 -0.012686732 -0.012814971 -0.00096156592 0.99999911 -0.00092984435 -0.0057249203 0.012685838 0.00094196823 0.99991909 0.24831605
7 0.99987806 0.00087509592 -0.015591402 -0.01417459 -0.0008838215 0.99999946 -0.00055275931 -0.0052715391 0.01559091 0.00056647192 0.99987829 0.24904863
8 0.9998147 -0.00078913944 -0.019234082 -0.013231745 0.00080309577 0.99999942 0.00071789105 -0.0022035947 0.019233504 -0.00073320483 0.99981475 0.2380761
9 0.99971251 -0.00064729221 -0.023968172 -0.016370951 0.00066906651 0.99999937 0.00090045895 -0.0022243399 0.023967574 -0.00091623638 0.99971232 0.25036837
10 0.9996307 -0.00068063237 -0.027166253 -0.019898865 0.00070950252 0.99999919 0.0010530963 -0.0026015552 0.027165514 -0.001071982 0.99963037 0.26682919
11 0.99950877 -0.00043292464 -0.031337447 -0.02377879 0.00048387857 0.99999857 0.0016184103 -0.0029272466 0.031336702 -0.0016327788 0.99950755 0.26854678
12 0.99942371 0.00070993678 -0.033937224 -0.029848808 -0.0006478796 0.9999981 0.001839549 -0.0052951347 0.033938465 -0.0018165017 0.99942227 0.28430349
13 0.99934531 0.0010600135 -0.036163794 -0.033297944 -0.0010044712 0.99999829 0.0015539889 -0.0063939088 0.036165379 -0.001516646 0.99934467 0.29433141
14 0.99924658 0.00052401515 -0.038807113 -0.036505527 -0.00044031343 0.99999756 0.0021653807 -0.0061037925 0.038808153 -0.002146662 0.99924437 0.30082349
15 0.9991585 0.0023645173 -0.040947626 -0.041238052 -0.0023111462 0.99999642 0.0013506887 -0.0093026091 0.040950673 -0.0012549161 0.99916038 0.3084939
16 0.99905961 0.00097011101 -0.043346847 -0.039117603 -0.00085284652 0.99999593 0.0027236708 -0.0061743689 0.043349313 -0.0026841413 0.99905637 0.28594076
17 0.99897563 0.0014551285 -0.04522794 -0.042760429 -0.0013444068 0.99999603 0.0024784036 -0.0069559381 0.045231367 -0.00241506 0.99897362 0.3029916
18 0.99890217 0.0020909367 -0.046798265 -0.044999537 -0.0019751786 0.99999487 0.0025196613 -0.0077810298 0.046803294 -0.0024244602 0.99890118 0.29938863
19 0.99882733 0.001504906 -0.048391171 -0.044966225 -0.0014053625 0.99999683 0.0020910159 -0.0070052077 0.048394164 -0.0020205567 0.99882627 0.30738489
20 0.99891194 0.0021914661 -0.04658464 -0.047357956 -0.0021278276 0.99999673 0.0014156304 -0.0086053018 0.04658759 -0.0013149661 0.99891334 0.33737176
21 0.99902523 0.0010393939 -0.044130671 -0.045862087 -0.00096685726 0.99999815 0.0016649916 -0.0070251541 0.044132319 -0.0016207005 0.99902438 0.35569807
22 0.99865438 0.001107576 -0.051847888 -0.056358084 -0.00096889078 0.99999589 0.0026999057 -0.0070407411 0.051850665 -0.0026460377 0.99865134 0.36766819
23 0.99844577 0.00043468589 -0.055730222 -0.061961592 -0.00026946777 0.99999555 0.0029720856 -0.005597759 0.055731266 -0.0029524488 0.99844144 0.39069166
24 0.99833703 0.0014511348 -0.057628632 -0.067313469 -0.0013277157 0.99999674 0.0021798602 -0.0079220412 0.057631608 -0.0020997207 0.99833571 0.40578215
25 0.99801469 0.0013943643 -0.062966136 -0.069754203 -0.001282982 0.99999754 0.0018093218 -0.0074382262 0.062968504 -0.0017249453 0.99801402 0.39561346
26 0.9981457 0.0026596401 -0.060811986 -0.070516822 -0.0025992393 0.99999605 0.0010723224 -0.01016616 0.060814598 -0.00091226909 0.99814866 0.40598277
27 0.99797695 0.00088494938 -0.063570584 -0.071330139 -0.0007641083 0.99999785 0.0019251829 -0.0062134293 0.063572151 -0.0018727134 0.99797549 0.41361091
28 0.99810088 0.00088447289 -0.06159427 -0.073408382 -0.00079686538 0.99999864 0.0014468821 -0.0066843429 0.061595466 -0.001395052 0.99810022 0.44995508
29 0.99814311 0.00010000378 -0.060912341 -0.076366193 7.6888242e-06 0.99999844 0.0017677561 -0.0051521181 0.060912423 -0.001764942 0.99814155 0.48494966
30 0.99816978 2.1118773e-05 -0.06047393 -0.082180853 6.3390713e-05 0.99999902 0.0013955344 -0.0056112657 0.0604739 -0.0013968137 0.9981688 0.53707311
31 0.99823527 -7.0308363e-06 -0.059382994 -0.085670267 7.8085774e-05 0.99999928 0.0011942332 -0.0055025383 0.059382944 -0.0011967627 0.99823456 0.57815302
32 0.99810818 0.00086311593 -0.061476083 -0.088889166 -0.00078656038 0.99999888 0.0012694793 -0.0079928776 0.061477111 -0.001218723 0.99810775 0.55450076
33 0.99811651 0.00088607567 -0.061340348 -0.087770673 -0.00081123729 0.9999989 0.0012449449 -0.0080017384 0.061341383 -0.0011928384 0.99811613 0.54865802
34 0.99821135 0.00059971877 -0.059780851 -0.084753194 -0.00053111947 0.99999918 0.0011633959 -0.0073125402 0.0597815 -0.0011295642 0.99821085 0.55185348
35 0.99817292 -1.4102257e-05 -0.060422088 -0.085105415 9.37679e-05 0.99999913 0.0013156502 -0.0052816626 0.060422017 -0.0013189121 0.99817205 0.56166485
36 0.99820292 0.00032775866 -0.059923518 -0.084525393 -0.00025285105 0.99999918 0.001257632 -0.0062019814 0.059923881 -0.0012402202 0.99820218 0.55437238
37 0.99825812 0.00031665743 -0.058996858 -0.079662756 -0.00023228162 0.99999894 0.0014370271 -0.0060420257 0.05899725 -0.0014208201 0.99825713 0.52491802
38 0.99826617 -1.6980426e-05 -0.058861255 -0.079800108 9.558058e-05 0.99999911 0.001332531 -0.005152057 0.05886118 -0.0013358466 0.99826528 0.53924198
39 0.99861843 0.00072056023 -0.052542386 -0.076348758 -0.00067786387 0.99999943 0.00083042389 -0.0077180325 0.052542954 -0.00079366002 0.99861835 0.56992578
40 0.99877109 -0.00012489418 -0.049561029 -0.071483752 0.00017342479 0.99999951 0.00097491005 -0.0055022056 0.049560883 -0.00098230708 0.99877062 0.58458471
41 0.99889075 -1.6284381e-05 -0.047087928 -0.066663632 6.2396441e-05 0.99999952 0.00097780591 -0.00580474 0.047087889 -0.0009796594 0.99889027 0.56698919
42 0.99905359 0.00026044997 -0.043495578 -0.05749339 -0.00020839889 0.99999926 0.0012012281 -0.0065373819 0.043495859 -0.0011910268 0.9990529 0.50652585
43 0.99929157 -8.761976e-05 -0.037634395 -0.045685986 0.00013121638 0.99999932 0.0011559564 -0.0054008809 0.037634268 -0.0011600758 0.99929091 0.47015624
44 0.99939984 -0.00057310499 -0.03463562 -0.039404874 0.0006087782 0.9999993 0.0010194202 -0.0038031013 0.034635011 -0.0010398938 0.99939949 0.46441223
45 0.99953293 -0.00059074222 -0.030554503 -0.035676388 0.00061189376 0.99999958 0.00068291072 -0.0037750328 0.030554087 -0.00070128786 0.99953287 0.49837177
46 0.99965832 -0.0014384919 -0.026099349 -0.031673013 0.001460776 0.99999858 0.00083477261 -0.0024310697 0.026098111 -0.00087261269 0.99965901 0.55256928
47 0.99978238 -0.0014600043 -0.020810161 -0.025865303 0.0014770494 0.99999859 0.00080373029 -0.0030913666 0.020808958 -0.00083429302 0.99978312 0.57525431
48 0.99984575 -0.00040759097 -0.017558998 -0.024234275 0.00041891649 0.99999971 0.00064132467 -0.006502817 0.017558731 -0.00064858149 0.99984562 0.55007211
49 0.99996475 0.0014291709 -0.008273999 -0.017296174 -0.001431149 0.99999895 -0.00023314802 -0.013526849 0.0082736571 0.00024498112 0.99996574 0.58082937
50 0.99998121 -0.0013121293 -0.0059878006 -0.0052295212 0.001315369 0.99999899 0.00053713926 -0.0053464085 0.0059870897 -0.00054500534 0.99998193 0.65793196
51 0.99999197 -0.00073424505 -0.0039406048 -0.0037799488 0.0007355009 0.99999968 0.00031725466 -0.0084530525 0.0039403706 -0.00032015043 0.99999219 0.70627494
52 0.99999947 -0.0004507342 -0.00092485767 -0.00038753684 0.000450894 0.99999988 0.00017258635 -0.011021712 0.00092477977 -0.00017300327 0.99999956 0.73049621
53 0.99999923 -1.8017233e-05 -0.0012446109 -0.0020254835 1.8101174e-05 1 6.7431884e-05 -0.013023381 0.0012446097 -6.7454361e-05 0.99999922 0.76644397
54 0.9999999 -0.00031482004 -0.00031313699 0.00046767872 0.00031487579 0.99999993 0.00017798636 -0.012588589 0.00031308094 -0.00017808495 0.99999994 0.78864089
55 0.99999987 6.6839905e-05 -0.00049749231 -0.0015379915 -6.6825082e-05 1 2.981357e-05 -0.014365335 0.0004974943 -2.9780321e-05 0.99999988 0.78796756
56 0.99999993 0.0001789998 -0.00033670477 -0.0021800429 -0.00017900332 0.99999998 -1.0423736e-05 -0.015473143 0.0003367029 1.0484006e-05 0.99999994 0.80319099
57 0.9999999 0.00019130449 -0.00040819941 -0.0026829871 -0.00019131278 0.99999998 -2.027968e-05 -0.016054179 0.00040819553 2.0357771e-05 0.99999992 0.81649831
58 0.99999997 0.00016662092 -0.00015552178 -0.0027835653 -0.0001666266 0.99999999 -3.652055e-05 -0.016462756 0.00015551569 3.6546463e-05 0.99999999 0.81376063
59 0.99999996 0.00028126455 1.5891892e-05 -0.0035749447 -0.00028126271 0.99999995 -0.00011611195 -0.017230972 -1.5924549e-05 0.00011610748 0.99999999 0.80044683
60 0.99999977 0.00066196172 -0.00017103561 -0.005141625 -0.00066200926 0.99999974 -0.00027807701 -0.018195328 0.00017085149 0.00027819017 0.99999995 0.77713024
61 0.99999995 0.00030537221 6.8291641e-05 -0.0029116437 -0.00030536456 0.99999995 -0.00011195051 -0.016787278 -6.8325824e-05 0.00011192965 0.99999999 0.79758069
62 0.99999997 -0.00020733392 0.00011496931 -0.00045253831 0.0002073217 0.99999997 0.00010631719 -0.015228128 -0.00011499135 -0.00010629336 0.99999999 0.83844844
63 0.99999998 -4.5215469e-05 -0.00018834955 -0.0017404576 4.5225374e-05 1 5.2583001e-05 -0.016136958 0.00018834717 -5.2591518e-05 0.99999998 0.84802117
64 0.99999993 -1.085137e-05 -0.00038007618 -0.0021047025 1.0880983e-05 1 7.7911265e-05 -0.016287676 0.00038007533 -7.7915395e-05 0.99999992 0.86320591
65 0.99999983 0.00020528339 -0.00055273272 -0.0032322531 -0.00020528734 0.99999998 -7.0847025e-06 -0.017284117 0.00055273125 7.1981703e-06 0.99999985 0.86477247
66 0.99999984 0.00031929723 -0.00046696447 -0.0037064528 -0.00031933156 0.99999995 -7.3453534e-05 -0.017553916 0.00046694099 7.3602638e-05 0.99999989 0.84334946
67 0.99999993 0.00021767342 -0.00029478291 -0.0029563182 -0.00021768185 0.99999998 -2.8567349e-05 -0.017194027 0.00029477668 2.8631516e-05 0.99999996 0.84833331
68 0.99999999 0.00013921088 -6.0702043e-05 -0.0023887354 -0.0001392101 0.99999999 1.2731074e-05 -0.017414133 6.0703814e-05 -1.2722623e-05 1 0.86799591
69 0.99999998 0.00012470224 -0.00014714065 -0.0024561119 -0.00012469698 0.99999999 3.5814496e-05 -0.01777906 0.00014714512 -3.5796147e-05 0.99999999 0.89112762
70 0.9999998 0.00041385003 -0.00046784654 -0.0037018432 -0.00041387999 0.99999991 -6.3941801e-05 -0.018742741 0.00046782004 6.4135421e-05 0.99999989 0.89625181
71 0.99999997 0.00015232106 -0.0001726676 -0.003032896 -0.00015232061 0.99999999 2.6134456e-06 -0.018755625 0.000172668 -2.5871447e-06 0.99999999 0.91120294
72 0.99999998 0.00014698606 -0.00011711234 -0.0031148484 -0.00014698683 0.99999999 -6.5693526e-06 -0.018798994 0.00011711137 6.5865664e-06 0.99999999 0.90570691
73 0.99999998 0.00021888833 -8.523112e-06 -0.0039332861 -0.00021888901 0.99999997 -8.0348398e-05 -0.019252281 8.5055244e-06 8.0350262e-05 1 0.87962616
74 0.9999999 0.00040729421 -0.00017781582 -0.0046515926 -0.00040731962 0.99999991 -0.00014286423 -0.019961739 0.00017775761 0.00014293664 0.99999997 0.88377162
75 0.99999993 0.00020025557 -0.00032175382 -0.0031848598 -0.00020026198 0.99999998 -1.9883894e-05 -0.018514934 0.00032174983 1.9948327e-05 0.99999995 0.8987866
76 0.9999998 0.00025398443 -0.0005779219 -0.0039565787 -0.00025402181 0.99999997 -6.461108e-05 -0.018883627 0.00057790547 6.4757872e-05 0.99999983 0.89603929
77 0.99999986 0.00019483266 -0.00048432838 -0.0036479131 -0.00019484604 0.99999998 -2.7580978e-05 -0.01838877 0.00048432299 2.7675343e-05 0.99999988 0.88976029
78 0.99999997 0.00022760445 -4.0699292e-05 -0.0032993526 -0.0002276053 0.99999997 -2.0820942e-05 -0.018606361 4.0694552e-05 2.0830204e-05 1 0.88846246
79 0.99999981 0.00042060728 -0.00044740292 -0.0043246349 -0.00042065352 0.99999991 -0.00010325037 -0.019004052 0.00044735945 0.00010343855 0.99999989 0.87948351
80 0.99999993 0.0002541833 -0.00026291323 -0.0028865829 -0.00025418866 0.99999997 -2.0335787e-05 -0.018297448 0.00026290805 2.0402615e-05 0.99999997 0.89477487
81 0.99999999 9.6992531e-05 -0.00014195351 -0.002341105 -9.6989605e-05 1 2.0617227e-05 -0.017999622 0.00014195551 -2.0603459e-05 0.99999999 0.89860192
82 0.99999985 0.00015787033 -0.00052645762 -0.0030323023 -0.00015785856 0.99999999 2.2402199e-05 -0.018263652 0.00052646115 -2.2319089e-05 0.99999986 0.91555633
83 0.99999985 0.00011550213 -0.00054285966 -0.0027995923 -0.00011547315 0.99999999 5.3420686e-05 -0.018062726 0.00054286582 -5.3357992e-05 0.99999985 0.92319741
84 0.9999997 0.00027751631 -0.00072444458 -0.0040146493 -0.00027754232 0.99999996 -3.5793645e-05 -0.018719874 0.00072443462 3.5994698e-05 0.99999974 0.9064092
85 0.99999979 0.00032198249 -0.00055958312 -0.0043314268 -0.00032202554 0.99999995 -7.6845992e-05 -0.018760025 0.00055955835 7.7026176e-05 0.99999984 0.88141282
86 0.99999989 0.00025972482 -0.00039184867 -0.0040746768 -0.00025975658 0.99999996 -8.0998939e-05 -0.018500308 0.00039182762 8.1100715e-05 0.99999992 0.8653371
87 0.99999982 0.00035965627 -0.00048987509 -0.0046725379 -0.00035972892 0.99999992 -0.00014822515 -0.0186324 0.00048982174 0.00014840134 0.99999987 0.84423644
88 0.99999962 0.00057204551 -0.00066011052 -0.0054289369 -0.00057219221 0.99999981 -0.0002220643 -0.019030144 0.00065998336 0.00022244193 0.99999976 0.83406493
89 0.99999968 0.00051288955 -0.00061350102 -0.0051106677 -0.00051301052 0.99999985 -0.0001970364 -0.018823196 0.00061339987 0.00019735107 0.99999979 0.83673612
90 0.99999962 0.00032975406 -0.00080898814 -0.0044322483 -0.00032982754 0.99999994 -9.0701015e-05 -0.017763018 0.00080895819 9.0967807e-05 0.99999967 0.84636265
91 0.99999984 0.00028068555 -0.00049331908 -0.0038329841 -0.00028072461 0.99999996 -7.9116873e-05 -0.017879962 0.00049329685 7.9255347e-05 0.99999988 0.85168741
92 0.99999973 0.00023072908 -0.00069287303 -0.0037321312 -0.00023075199 0.99999997 -3.2983837e-05 -0.017493883 0.0006928654 3.314371e-05 0.99999976 0.86092545
93 0.99999916 0.00014037308 -0.0012889919 -0.0040110085 -0.00014032114 0.99999999 4.0384474e-05 -0.016918105 0.0012889975 -4.0203567e-05 0.99999917 0.88300693
94 0.9999992 -0.0001043942 -0.0012601089 -0.0032277681 0.00010456197 0.99999999 0.00013308073 -0.016213931 0.001260095 -0.00013321238 0.9999992 0.8962432
95 0.99999917 -9.9726762e-05 -0.0012813719 -0.0032142129 9.9906183e-05 0.99999999 0.00013995892 -0.016268707 0.001281358 -0.00014008682 0.99999917 0.9030024
96 0.99999954 0.0001347216 -0.00094736018 -0.0039713349 -0.00013469111 0.99999999 3.2247482e-05 -0.017110272 0.00094736452 -3.2119866e-05 0.99999955 0.87471027
97 0.99999882 0.00044293907 -0.0014682634 -0.006235121 -0.00044311812 0.99999989 -0.00012162476 -0.018333314 0.0014682093 0.00012227523 0.99999891 0.85624635
98 0.99999956 0.0003532926 -0.00087423389 -0.0047323893 -0.00035337913 0.99999993 -9.88249e-05 -0.017882655 0.00087419892 9.9133792e-05 0.99999961 0.84691056
99 0.99999951 0.00013409098 -0.00097808542 -0.0039243973 -0.00013409669 0.99999999 -5.7723503e-06 -0.016994172 0.00097808464 5.9035055e-06 0.99999952 0.856732
100 0.99999965 7.96372e-05 -0.00083516738 -0.0032526232 -7.9598191e-05 1 4.674052e-05 -0.016997782 0.0008351711 -4.6674026e-05 0.99999965 0.88131719
101 0.99999963 0.00014774703 -0.0008526706 -0.0035857829 -0.00014773102 0.99999999 1.8841052e-05 -0.017496631 0.00085267337 -1.8715079e-05 0.99999964 0.88751735
102 0.99999944 0.00022492383 -0.0010371065 -0.0040479667 -0.00022493415 0.99999997 -9.8417048e-06 -0.017454121 0.0010371043 1.007498e-05 0.99999946 0.87699006
103 0.99999966 0.00011883435 -0.0008196653 -0.0033293611 -0.00011881782 0.99999999 2.0212845e-05 -0.016769005 0.0008196677 -2.0115447e-05 0.99999966 0.86122572
104 0.99999962 8.5603461e-06 -0.00086858949 -0.0025364499 -8.4864473e-06 1 8.5082743e-05 -0.015773219 0.00086859022 -8.507534e-05 0.99999962 0.859004
105 0.99999979 0.00011363045 -0.00063027724 -0.0029135153 -0.00011359883 0.99999999 5.0214761e-05 -0.017027211 0.00063028294 -5.0143151e-05 0.9999998 0.88060169
106 0.99999976 0.00018336112 -0.00067515327 -0.0032109304 -0.00018332022 0.99999998 6.0638765e-05 -0.017731567 0.00067516438 -6.0514981e-05 0.99999977 0.90588057
107 0.99999991 0.00022034332 -0.00036450004 -0.002953223 -0.00022033128 0.99999998 3.3065789e-05 -0.017917226 0.00036450731 -3.2985475e-05 0.99999993 0.90006245
108 0.99999997 0.00023409104 -7.5735948e-05 -0.003503499 -0.00023409488 0.99999997 -5.0715713e-05 -0.018345998 7.5724074e-05 5.0733441e-05 1 0.8676145
109 0.99999988 0.00042103389 -0.00024493702 -0.004796656 -0.00042107601 0.9999999 -0.00017192596 -0.018909224 0.00024486461 0.00017202907 0.99999996 0.83751507
110 0.99999983 0.00050653436 -0.00027750962 -0.0051393302 -0.00050660195 0.99999984 -0.00024355694 -0.018652802 0.0002773862 0.00024369748 0.99999993 0.80344258
111 0.99999844 0.00054773663 -0.0016798122 -0.0066620897 -0.00054812031 0.99999982 -0.00022795041 -0.017272194 0.0016796871 0.00022887079 0.99999856 0.7824851
112 0.99999929 0.0006407555 -0.0010020078 -0.0062245004 -0.000641058 0.99999975 -0.00030160077 -0.01798086 0.0010018143 0.0003022429 0.99999945 0.77286617
113 0.99999954 0.00050148925 -0.00081901016 -0.0053037547 -0.00050167956 0.99999985 -0.0002321816 -0.017150542 0.00081889359 0.00023259237 0.99999964 0.76872937
114 0.99999984 0.00039212428 -0.00039998898 -0.0042022804 -0.00039218847 0.99999991 -0.00016042275 -0.016652318 0.00039992604 0.00016057959 0.99999991 0.77316652
115 0.99999968 0.00059397318 -0.00053318786 -0.0049693527 -0.00059410995 0.99999979 -0.00025639511 -0.017317109 0.00053303545 0.0002567118 0.99999982 0.76620337
116 0.9999995 0.00086337092 0.00051185995 -0.0047041417 -0.00086321238 0.99999958 -0.00030987056 -0.017878197 -0.00051212726 0.00030942856 0.99999982 0.75205863
117 0.99999937 0.0004149712 0.00104261 -0.0034526619 -0.00041476014 0.99999989 -0.00020264883 -0.017045858 -0.001042694 0.00020221627 0.99999944 0.7457803
118 0.9999994 0.00032476177 0.0010431492 -0.0028280496 -0.00032453765 0.99999992 -0.00021501035 -0.016620347 -0.001043219 0.00021467168 0.99999943 0.73709073
119 0.99999822 0.0005096921 0.0018168091 -0.0015491532 -0.00050907207 0.99999981 -0.00034172015 -0.016102045 -0.001816983 0.00034079466 0.99999829 0.6990784
120 0.99999409 -0.00013371916 0.0034363383 0.0015029042 0.00013475373 0.99999995 -0.00030083535 -0.014520636 -0.0034362979 0.00030129663 0.99999405 0.66365657
121 0.99998188 -0.00028043647 0.0060142164 0.0041156501 0.00028294203 0.99999987 -0.00041576042 -0.015027122 -0.0060140991 0.00041745456 0.99998183 0.64718592
122 0.99994572 0.00010327114 0.010418676 0.0088269189 -9.5170281e-05 0.99999969 -0.00077802546 -0.01614484 -0.010418754 0.00077699168 0.99994542 0.60569004
123 0.99977954 0.0007478482 0.020983441 0.020685219 -0.00072576515 0.99999917 -0.0010599992 -0.018870567 -0.020984216 0.0010445365 0.99977926 0.58704389
124 0.99963415 -0.00038848009 0.027044727 0.030636919 0.00040869941 0.99999964 -0.00074210186 -0.015786677 -0.027044429 0.00075288352 0.99963395 0.55213486
125 0.99943288 -0.0015452741 0.033638245 0.039261578 0.0015396167 0.9999988 0.00019408664 -0.01094202 -0.033638505 -0.00014218657 0.99943406 0.51245055
126 0.99927737 -0.0033710153 0.037859817 0.047001473 0.0033468567 0.99999415 0.00070146634 -0.0090931991 -0.03786196 -0.00057424806 0.99928281 0.48467951
127 0.99909453 -0.0027909057 0.042453759 0.049214907 0.0027728729 0.99999604 0.00048364368 -0.009971527 -0.042454941 -0.00036548688 0.99909832 0.45922144
128 0.99901861 -0.0022464416 0.044235304 0.050494009 0.0022395293 0.99999747 0.00020582028 -0.010456811 -0.044235654 -0.00010655204 0.99902112 0.45529216
129 0.99892742 -0.0024293104 0.046239685 0.054440756 0.0024521672 0.9999969 -0.00043759294 -0.013732309 -0.046238478 0.00055051103 0.99893028 0.45580025
130 0.99868363 -0.0026497979 0.051224848 0.060838976 0.0026584143 0.99999646 -0.000100075 -0.012479809 -0.051224402 0.00023612013 0.99868714 0.45115479
131 0.99875848 -0.0020976596 0.049770384 0.056222746 0.002093809 0.9999978 0.00012950402 -0.010936703 -0.049770546 -2.5133559e-05 0.99876068 0.44990906
132 0.99883791 -0.0019619973 0.048155872 0.053323701 0.0019705064 0.99999805 -0.00012922619 -0.010145176 -0.048155525 0.00022396747 0.99883982 0.44862185
133 0.99881816 -0.001418296 0.048582554 0.053482833 0.0014516302 0.99999873 -0.00065085841 -0.010861265 -0.048581569 0.0007206131 0.99881896 0.44175708
134 0.99877954 -0.0017198967 0.049360581 0.057115813 0.0017669732 0.99999802 -0.00091010659 -0.011833181 -0.049358918 0.00099621466 0.99878061 0.44829418
135 0.99863483 -0.0033101173 0.052129761 0.067173778 0.0034075415 0.99999261 -0.0017801113 -0.012349759 -0.052123483 0.0019553154 0.99863873 0.43201077
136 0.99867009 -0.0035519931 0.051433838 0.065343275 0.0036465303 0.99999183 -0.0017443117 -0.011292834 -0.051427222 0.0019295469 0.99867488 0.42219539
137 0.99878829 -0.0027915104 0.0491341 0.058206391 0.0028623799 0.99999496 -0.0013720656 -0.011595032 -0.049130022 0.0015110435 0.99879125 0.42641173
138 0.99875604 -0.002378137 0.049806746 0.058240643 0.002443926 0.99999622 -0.0012600257 -0.01254474 -0.049803561 0.0013801823 0.99875808 0.43124311
139 0.99869947 -0.00099545352 0.050974274 0.055589769 0.0010043582 0.99999948 -0.00014907599 -0.0095199521 -0.0509741 0.00020007855 0.99869996 0.44248396
140 0.99878101 -0.0010509363 0.049349613 0.05520065 0.0010619216 0.99999942 -0.00019638293 -0.0087907429 -0.049349378 0.00024854896 0.99878155 0.45799889
141 0.99875033 -0.00068361756 0.049973173 0.055838743 0.00074414256 0.99999901 -0.0011925549 -0.010864739 -0.049972308 0.0012282517 0.99874985 0.45319565
142 0.99872808 -0.00017236495 0.050420135 0.055390792 0.00024062152 0.99999906 -0.0013476894 -0.012723603 -0.050419856 0.0013581074 0.99872719 0.45832066
143 0.99872495 6.4068727e-05 0.050482285 0.054732613 -1.0990085e-05 0.99999945 -0.001051708 -0.013367147 -0.050482324 0.0010498122 0.9987244 0.47136255
144 0.9988839 0.00024445699 0.047232275 0.051061207 -0.00022496425 0.99999989 -0.00041801484 -0.010940088 -0.047232372 0.00040692272 0.99888385 0.5032672
145 0.99888205 0.0010635512 0.047260215 0.049182306 -0.0010573353 0.99999943 -0.00015652333 -0.01255194 -0.047260354 0.00010637845 0.9988826 0.51640977
146 0.99896097 0.00037222649 0.045572465 0.048526095 -0.0003926021 0.99999983 0.00043815381 -0.010248811 -0.045572294 -0.0004555904 0.99896094 0.54292575
147 0.99919797 0.00086113124 0.040033489 0.041559831 -0.00087613684 0.99999955 0.00035728332 -0.0094059294 -0.040033163 -0.00039207158 0.99919827 0.57732427
148 0.9994615 -0.00066262386 0.032806605 0.037336439 0.00063630167 0.99999947 0.000812778 -0.0063672962 -0.032807126 -0.00079146542 0.99946139 0.6086263
149 0.99968718 -0.001082738 0.024987503 0.030558944 0.0010692382 0.99999928 0.00055362007 -0.0073502821 -0.024988084 -0.0005267293 0.99968761 0.6322315
150 0.99982836 -0.00072704215 0.01851257 0.023491415 0.00072386027 0.99999972 0.00017857713 -0.0091281166 -0.018512695 -0.00016514597 0.99982861 0.64371885
151 0.9998729 7.0083163e-05 0.015943056 0.018274881 -6.4152485e-05 0.99999993 -0.00037250243 -0.012374533 -0.015943081 0.0003714323 0.99987283 0.63538729
152 0.9999325 0.0003158217 0.011614889 0.013172394 -0.00031399275 0.99999994 -0.00015928935 -0.012788827 -0.011614939 0.00015563161 0.99993253 0.66171917
153 0.99995341 3.5587845e-05 0.0096528798 0.010245699 -3.3107841e-05 0.99999997 -0.00025707823 -0.013485488 -0.0096528886 0.00025674666 0.99995338 0.65560411
154 0.99997141 -0.00022612819 0.0075579245 0.0076750196 0.00022790822 0.99999995 -0.00023465804 -0.013371512 -0.007557871 0.00023637384 0.99997141 0.65497277
155 0.99997432 -0.00028370675 0.0071611586 0.0073396878 0.00028498733 0.99999994 -0.00017780311 -0.014029752 -0.0071611078 0.00017983938 0.99997434 0.67291919
156 0.99997829 -3.9812397e-05 0.0065886973 0.0067787294 4.1453543e-05 0.99999997 -0.00024894871 -0.014779322 -0.0065886872 0.00024921643 0.99997826 0.68899976
157 0.99997304 -0.00020142736 0.0073404936 0.0073196391 0.00020293062 0.99999996 -0.00020404584 -0.015102877 -0.0073404522 0.00020552995 0.99997304 0.69626873
158 0.99997417 -4.2372468e-05 0.0071879685 0.0061398973 4.3759359e-05 0.99999998 -0.00019278889 -0.015774539 -0.0071879602 0.00019309845 0.99997415 0.70189905
159 0.99998303 9.3007651e-05 0.0058246639 0.0038178493 -9.2109195e-05 0.99999998 -0.00015451829 -0.015884269 -0.0058246781 0.00015397916 0.99998302 0.6993162
160 0.99998821 0.0001714333 0.0048538905 0.0024981407 -0.00017029429 0.99999996 -0.00023507271 -0.016220414 -0.0048539306 0.00023424334 0.99998819 0.70232264
161 0.99999395 -2.3089372e-05 0.0034780755 0.001969316 2.3281496e-05 1 -5.519813e-05 -0.015607151 -0.0034780743 5.5278771e-05 0.99999395 0.74334899
162 0.99999775 0.00020697607 0.0021123924 9.4061586e-05 -0.00020682349 0.99999998 -7.2451155e-05 -0.016729968 -0.0021124073 7.20141e-05 0.99999777 0.79210359
163 0.99999873 -3.6567466e-05 0.0015926658 0.00082916826 3.6445958e-05 1 7.6320932e-05 -0.015785905 -0.0015926686 -7.6262789e-05 0.99999873 0.82606799
164 0.99999973 4.5200671e-05 0.00072882758 -0.00074088619 -4.5248308e-05 1 6.5345523e-05 -0.016283174 -0.00072882462 -6.5378484e-05 0.99999973 0.8407109
165 0.99999992 0.00013130334 0.00036839545 -0.0014616287 -0.00013131408 0.99999999 2.9140362e-05 -0.016383295 -0.00036839162 -2.9188736e-05 0.99999993 0.8363754
166 0.99999995 -6.7625648e-06 0.00030199344 -0.0009234667 6.7414103e-06 1 7.0050205e-05 -0.016235821 -0.00030199391 -7.0048166e-05 0.99999995 0.85030734
167 0.99999994 2.3954536e-05 0.00035297379 -0.00094985937 -2.3973065e-05 1 5.2490981e-05 -0.016270267 -0.00035297254 -5.249944e-05 0.99999994 0.84859979
168 0.99999996 -5.489341e-05 0.00027690342 -0.00087478854 5.4863797e-05 0.99999999 0.00010694975 -0.016274055 -0.00027690929 -0.00010693456 0.99999996 0.86361436
169 0.99999994 0.0001543523 0.00030095753 -0.001507695 -0.00015435993 0.99999999 2.5319798e-05 -0.016728435 -0.00030095362 -2.5366253e-05 0.99999995 0.85165128
170 0.99999985 0.0004879892 -0.00026715322 -0.0038383819 -0.00048802438 0.99999987 -0.00013161453 -0.017758088 0.00026708896 0.00013174489 0.99999996 0.8274586
171 0.99999995 0.00029385864 0.00011596411 -0.0026457408 -0.00029385071 0.99999995 -6.841614e-05 -0.01690506 -0.00011598421 6.838206e-05 0.99999999 0.81851662
172 0.99999994 0.00025680478 -0.00022034686 -0.0029554447 -0.0002568196 0.99999996 -6.7249189e-05 -0.016936676 0.00022032959 6.7305775e-05 0.99999997 0.82536709
173 0.99999998 0.00015877193 -0.00014805441 -0.0024336282 -0.00015877396 0.99999999 -1.3676284e-05 -0.016761128 0.00014805224 1.3699791e-05 0.99999999 0.84016355
174 0.99999977 0.00033097989 -0.00059490561 -0.0042742407 -0.00033104479 0.99999994 -0.00010899285 -0.017746882 0.0005948695 0.00010918976 0.99999982 0.83709414
175 0.99999842 0.00021690836 -0.0017646854 -0.0058006814 -0.00021697014 0.99999998 -3.4817723e-05 -0.016696925 0.0017646778 3.5200552e-05 0.99999844 0.83461225
176 0.99999912 2.0868639e-05 -0.0013263451 -0.0045138354 -2.0847126e-05 1 1.6233635e-05 -0.016039881 0.0013263454 -1.620597e-05 0.99999912 0.82612601
177 0.99999951 0.00013390458 -0.00097788973 -0.005140839 -0.00013398259 0.99999999 -7.9708426e-05 -0.01730755 0.00097787905 7.9839407e-05 0.99999952 0.82122795
178 0.99999929 0.00056367841 -0.0010483148 -0.0058034684 -0.00056387181 0.99999982 -0.00018420882 -0.018326303 0.0010482108 0.00018479981 0.99999943 0.82799084
179 0.99999932 0.00043885611 -0.0010807022 -0.0048955698 -0.00043898227 0.9999999 -0.00011651194 -0.017575401 0.001080651 0.00011698627 0.99999941 0.83599231
180 0.99999965 0.00029916694 -0.0007842526 -0.0039148897 -0.00029922367 0.99999995 -7.2222174e-05 -0.017135529 0.00078423096 7.2456815e-05 0.99999969 0.83601241
181 0.9999996 0.00015556395 -0.00088578634 -0.0031994635 -0.00015555182 0.99999999 1.3772812e-05 -0.016396503 0.00088578848 -1.3635021e-05 0.99999961 0.85083301
182 0.99999909 0.00022355141 -0.0013304452 -0.0042144799 -0.00022355411 0.99999998 -1.8850635e-06 -0.016727145 0.0013304448 2.1824883e-06 0.99999911 0.86029617
183 0.99999909 0.00014228953 -0.0013421938 -0.0039415365 -0.00014223203 0.99999999 4.2939617e-05 -0.016562294 0.0013421999 -4.2748675e-05 0.9999991 0.87351204
184 0.99999947 8.4047323e-05 -0.0010281057 -0.0032112212 -8.398286e-05 0.99999999 6.2743693e-05 -0.016605943 0.001028111 -6.2657316e-05 0.99999947 0.88140338
185 0.99999967 0.00012311923 -0.00079685461 -0.0032496466 -0.00012309632 0.99999999 2.8802911e-05 -0.016903523 0.00079685815 -2.8704811e-05 0.99999968 0.8709345
186 0.9999995 0.00026375227 -0.00096892036 -0.0040764819 -0.00026379044 0.99999996 -3.9262257e-05 -0.017229349 0.00096890997 3.9517829e-05 0.99999953 0.85508942
187 0.99999885 0.00028209228 -0.001487567 -0.0050706511 -0.00028215843 0.99999996 -4.4262915e-05 -0.017088391 0.0014875545 4.4682594e-05 0.99999889 0.85119663
188 0.99999871 0.00012104124 -0.0015987224 -0.0047394313 -0.00012100583 0.99999999 2.2242535e-05 -0.016436053 0.0015987251 -2.2049052e-05 0.99999872 0.85522521
189 0.99999919 4.1774557e-05 -0.0012742755 -0.0037494187 -4.1695225e-05 1 6.228309e-05 -0.016346873 0.0012742781 -6.2229908e-05 0.99999919 0.86985261
190 0.9999993 0.00014999886 -0.0011735384 -0.0039312372 -0.00014997613 0.99999999 1.9452377e-05 -0.017027478 0.0011735413 -1.927636e-05 0.99999931 0.87745291
191 0.99999864 8.9619108e-05 -0.0016441301 -0.0042794473 -8.9411839e-05 0.99999999 0.0001261395 -0.016601834 0.0016441414 -0.00012599232 0.99999864 0.91403174
192 0.99999901 -0.00044870672 -0.0013334384 -0.0014990215 0.0004491508 0.99999984 0.00033275388 -0.015070901 0.0013332889 -0.00033335246 0.99999906 0.96333439
193 0.99999866 -0.00012595868 -0.0016323285 -0.0037063937 0.0001262851 0.99999997 0.00019986741 -0.017162136 0.0016323033 -0.00020007328 0.99999865 0.97625746
194 0.9999993 2.4036067e-05 -0.0011843395 -0.003279357 -2.3834462e-05 0.99999999 0.00017023939 -0.01758793 0.0011843436 -0.00017021104 0.99999928 0.97130808
195 0.9999999 3.6997267e-05 -0.00045299346 -0.0021461664 -3.6949252e-05 0.99999999 0.00010600281 -0.018440807 0.00045299738 -0.00010598606 0.99999989 0.96578891
196 0.99999975 0.00021564845 -0.00067731617 -0.0037126233 -0.00021564148 0.99999998 1.035816e-05 -0.019636301 0.00067731839 -1.02121e-05 0.99999977 0.962227
197 0.9999998 0.00029704423 -0.00056033969 -0.0034996455 -0.0002970328 0.99999996 2.0485641e-05 -0.019946146 0.00056034575 -2.0319197e-05 0.99999984 0.97805886
198 0.99999981 0.00036212949 -0.00050246581 -0.0033986774 -0.00036211588 0.99999993 2.7172066e-05 -0.020281729 0.00050247562 -2.699011e-05 0.99999987 0.98688969
199 0.99999978 0.00022473765 -0.00062281899 -0.0034181493 -0.00022470163 0.99999997 5.7895349e-05 -0.019803629 0.00062283199 -5.7755388e-05 0.9999998 0.98213108
200 0.9999999 7.8514325e-05 -0.00043711622 -0.0025513869 -7.8459455e-05 0.99999999 0.00012554238 -0.018969828 0.00043712607 -0.00012550807 0.9999999 0.9777138
201 0.99999991 0.00013014836 -0.0004038674 -0.0025964258 -0.00013010643 0.99999999 0.00010385227 -0.018868882 0.00040388091 -0.00010379971 0.99999991 0.96618257
202 0.99999998 7.6417243e-05 -0.00018285927 -0.0019019285 -7.6393872e-05 0.99999999 0.0001278112 -0.018813632 0.00018286903 -0.00012779723 0.99999998 0.97184761
203 0.99999998 -5.4158241e-06 -0.00021259372 -0.0016465543 5.4469649e-06 0.99999999 0.00014647996 -0.018604656 0.00021259292 -0.00014648111 0.99999997 0.97502374
204 0.99999988 0.00010031131 -0.00047040156 -0.0024981055 -0.0001002678 0.99999999 9.2514456e-05 -0.018577353 0.00047041084 -9.2467279e-05 0.99999989 0.95979473
205 0.99999986 0.00033725824 -0.00039860694 -0.0035217767 -0.00033726163 0.99999994 -8.4260015e-06 -0.018914644 0.00039860408 8.5604352e-06 0.99999992 0.92012704
206 0.99999982 0.0004767475 -0.00035822861 -0.0041738944 -0.00047678353 0.99999988 -0.00010049263 -0.019321779 0.00035818065 0.00010066341 0.99999993 0.89290667
207 0.99999995 0.00026342973 -0.00015853558 -0.0031536597 -0.00026343324 0.99999997 -2.212833e-05 -0.019095591 0.00015852975 2.2170093e-05 0.99999999 0.91340716
208 0.99999993 0.00024686608 -0.00028978898 -0.0031733973 -0.00024686525 0.99999997 2.9090956e-06 -0.0192242 0.00028978969 -2.8375565e-06 0.99999996 0.93004188
209 0.99999992 0.00014962342 -0.00036418081 -0.0026815664 -0.00014960385 0.99999999 5.3750206e-05 -0.019296171 0.00036418885 -5.3695719e-05 0.99999993 0.96769099
210 0.99999994 6.6869484e-05 -0.00035356452 -0.0024493204 -6.6838005e-05 0.99999999 8.904303e-05 -0.019182833 0.00035357047 -8.9019393e-05 0.99999993 0.97762913
211 0.99999989 0.00013763538 -0.00044144558 -0.0032154141 -0.00013761419 0.99999999 4.8034611e-05 -0.019672259 0.00044145219 -4.7973857e-05 0.9999999 0.9729196
212 0.99999989 0.00019881258 -0.00043528256 -0.0029740279 -0.00019879702 0.99999998 3.5787142e-05 -0.01944618 0.00043528967 -3.5700605e-05 0.9999999 0.96540012
213 0.9999999 0.00017546073 -0.00041853868 -0.0034420227 -0.00017546523 0.99999998 -1.0709778e-05 -0.019170887 0.0004185368 1.0783216e-05 0.99999991 0.92638664
214 0.99999991 5.6760427e-05 -0.00041328626 -0.0024567139 -5.6731351e-05 1 7.0363689e-05 -0.017770165 0.00041329025 -7.0340237e-05 0.99999991 0.91623002
215 0.99999992 0.00014691663 -0.00036045641 -0.0025023214 -0.00014690471 0.99999999 3.3095344e-05 -0.018080149 0.00036046127 -3.3042388e-05 0.99999993 0.9145566
216 0.99999953 0.00046311276 -0.00085607337 -0.0045968832 -0.00046318598 0.99999989 -8.5331432e-05 -0.019321055 0.00085603376 8.5727912e-05 0.99999963 0.91150484
217 0.99999863 0.0004421971 -0.001592689 -0.0060903225 -0.00044236563 0.9999999 -0.0001054658 -0.018602252 0.0015926422 0.00010617021 0.99999873 0.88096573
218 0.99999945 0.00036542205 -0.00098369982 -0.00597111 -0.00036556243 0.99999992 -0.00014252311 -0.019710264 0.00098364767 0.00014288264 0.99999951 0.88455956
219 0.9999999 4.4689319e-05 -0.00044715385 -0.0047560684 -4.4736113e-05 0.99999999 -0.00010463926 -0.019044298 0.00044714917 0.00010465926 0.99999989 0.8631843
220 0.99999846 0.00048582293 -0.0016857141 -0.0077206859 -0.00048615892 0.99999986 -0.00019890978 -0.019657143 0.0016856172 0.000199729 0.99999856 0.86289353
221 0.99999953 0.00039206708 -0.00088735824 -0.0053707787 -0.00039217937 0.99999992 -0.00012637663 -0.01915936 0.00088730861 0.00012672457 0.9999996 0.87589778
222 0.99999963 0.0002860915 -0.00080624404 -0.0043826204 -0.00028613782 0.99999996 -5.7333699e-05 -0.018487098 0.0008062276 5.7564375e-05 0.99999967 0.88561794
223 0.99999966 0.00034571426 -0.00074658567 -0.0046574804 -0.00034578183 0.99999994 -9.0367213e-05 -0.018746065 0.00074655438 9.0625338e-05 0.99999972 0.87867739
224 0.99999981 0.00035975415 -0.00050623898 -0.004729396 -0.00035982144 0.99999993 -0.00013283292 -0.018952026 0.00050619116 0.00013301505 0.99999986 0.86102702
225 0.99999931 0.00027773258 -0.0011383482 -0.005099881 -0.00027781184 0.99999996 -6.9476048e-05 -0.01796488 0.0011383288 6.9792247e-05 0.99999935 0.86136108
226 0.99999977 7.6912218e-05 -0.00067800595 -0.0035932466 -7.691625e-05 1 -5.9208168e-06 -0.017148832 0.0006780055 5.9729651e-06 0.99999977 0.85457938
227 0.9999996 0.00021754239 -0.00087029166 -0.0037157408 -0.00021755963 0.99999998 -1.9712286e-05 -0.016994925 0.00087028735 1.9901618e-05 0.99999962 0.85330441
228 0.99999787 0.0004608972 -0.0020096936 -0.0066368982 -0.00046107784 0.99999989 -8.9422453e-05 -0.017930281 0.0020096522 9.0348888e-05 0.99999798 0.86637672
229 0.9999976 0.00013080091 -0.0021849586 -0.0057341054 -0.00013068616 0.99999999 5.266016e-05 -0.016377392 0.0021849654 -5.237449e-05 0.99999761 0.87068791
230 0.99999934 -0.00011780837 -0.0011410393 -0.0028829645 0.00011797424 0.99999998 0.0001453041 -0.015787207 0.0011410222 -0.00014543861 0.99999934 0.88290123
231 0.9999997 -5.6657592e-05 -0.0007717 -0.0023756736 5.6750245e-05 0.99999999 0.00012004123 -0.016278578 0.00077169319 -0.00012008498 0.9999997 0.88936108
232 0.99999969 5.8713836e-05 -0.00078717227 -0.0027241331 -5.8651154e-05 1 7.9652515e-05 -0.016711181 0.00078717694 -7.9606322e-05 0.99999969 0.88930154
233 0.99999939 0.00019660356 -0.0010834078 -0.0038277839 -0.00019657893 0.99999998 2.2833979e-05 -0.017262517 0.0010834123 -2.262099e-05 0.99999941 0.88634888
234 0.99999973 0.0002321154 -0.0006949725 -0.004175344 -0.00023214951 0.99999997 -4.9010802e-05 -0.017801549 0.00069496111 4.9172126e-05 0.99999976 0.86020619
235 0.99999967 0.00023486898 -0.00077974499 -0.0038060874 -0.00023489421 0.99999997 -3.2256428e-05 -0.017074482 0.00077973739 3.2439575e-05 0.9999997 0.84695626
236 0.9999997 0.0002904464 -0.00071480605 -0.0040801485 -0.00029051304 0.99999995 -9.3129015e-05 -0.017278018 0.00071477897 9.3336648e-05 0.99999974 0.82870604
237 0.99999902 0.00027106292 -0.0013722331 -0.0042457497 -0.00027109169 0.99999996 -2.0781295e-05 -0.01614849 0.0013722274 2.1153275e-05 0.99999906 0.83145172
238 0.99999737 0.00040251076 -0.0022597582 -0.0064715304 -0.00040265468 0.99999992 -6.3232602e-05 -0.016640043 0.0022597326 6.4142338e-05 0.99999744 0.83456037
239 0.99999504 0.00031009164 -0.0031353314 -0.0077757686 -0.00031018723 0.99999995 -3.0002323e-05 -0.015725859 0.0031353219 3.0974714e-05 0.99999508 0.81625748
240 0.99999453 0.0002968529 -0.0032955784 -0.0082378686 -0.00029700766 0.99999995 -4.6469075e-05 -0.015634925 0.0032955645 4.7447633e-05 0.99999457 0.80306488
241 0.99999507 0.00035548097 -0.0031210307 -0.0085237022 -0.00035590921 0.99999993 -0.00013665628 -0.016116734 0.0031209819 0.00013776641 0.99999512 0.78079692
242 0.99998971 0.00089924065 -0.0044467335 -0.011937108 -0.00090064124 0.99999955 -0.00031297745 -0.017138808 0.00444645 0.00031697914 0.99999006 0.763953
243 0.99998803 0.00068466089 -0.0048447658 -0.01214249 -0.00068595933 0.99999973 -0.00026635219 -0.016155581 0.0048445822 0.00026967231 0.99998823 0.74277607
244 0.99997715 0.0006793921 -0.0067252833 -0.014422252 -0.00068075837 0.99999975 -0.00020086587 -0.014841177 0.0067251452 0.00020543957 0.99997736 0.73237005
245 0.99997946 0.0010338096 -0.0063250451 -0.0156234 -0.0010353583 0.99999943 -0.00024158016 -0.016469075 0.0063247918 0.00024812389 0.99997997 0.72572197
246 0.9999768 0.00045382133 -0.0067960529 -0.015014429 -0.00045374421 0.9999999 1.288989e-05 -0.014398438 0.006796058 -9.8059213e-06 0.99997691 0.72455757
247 0.99998315 0.00013342638 -0.0058038307 -0.011036559 -0.0001331713 0.99999999 4.4335299e-05 -0.012813986 0.0058038365 -4.3561648e-05 0.99998316 0.74687236
248 0.99998542 0.00044096116 -0.0053814933 -0.01144123 -0.00044170141 0.99999989 -0.00013636821 -0.014207962 0.0053814326 0.00013874324 0.99998551 0.72863562
249 0.99997298 0.0011384177 -0.007262273 -0.016429126 -0.0011411106 0.99999928 -0.00036668106 -0.016215532 0.0072618503 0.00037495821 0.99997356 0.72910449
250 0.9999946 0.00060477176 -0.0032289602 -0.0092990084 -0.00060551988 0.99999979 -0.0002307178 -0.016650435 0.00322882 0.00023267175 0.99999476 0.76697145
251 0.99998601 0.00056903991 -0.0052584692 -0.011761422 -0.00056958086 0.99999983 -0.0001013757 -0.015327114 0.0052584106 0.0001043694 0.99998617 0.78752787
252 0.99998886 0.00040102711 -0.0047037148 -0.010409883 -0.00040115785 0.99999992 -2.6853127e-05 -0.015010316 0.0047037036 2.873976e-05 0.99998894 0.80131415
253 0.99998627 8.3822072e-05 -0.0052402404 -0.0104022 -8.3280744e-05 0.99999999 0.00010352023 -0.013559948 0.0052402491 -0.0001030824 0.99998626 0.79829491
254 0.99998528 -2.8347507e-05 -0.0054250958 -0.01006743 2.9273584e-05 0.99999999 0.00017062325 -0.012640394 0.0054250909 -0.00017077955 0.99998527 0.79226345
255 0.99999121 0.00015011737 -0.0041900309 -0.0084889069 -0.00014982006 0.99999999 7.1269514e-05 -0.013791905 0.0041900416 -7.0641137e-05 0.99999122 0.79266509
256 0.99999144 0.00012202106 -0.0041370234 -0.0081808386 -0.00012161498 0.99999999 9.840792e-05 -0.013680826 0.0041370354 -9.7903953e-05 0.99999144 0.80206778
