3 0.9996769 0.001738202 -0.025359181 -0.048469637 -0.001748556 0.99999835 -0.00038612149 -0.02533353 0.025358471 0.00043033935 0.99967835 1.1973467
4 0.99965967 0.0017863027 -0.026026143 -0.073036099 -0.001794908 0.9999983 -0.00030728071 -0.042003956 0.026025553 0.00035389134 0.99966124 2.0717043
5 0.99964764 0.00149351 -0.026502152 -0.09628833 -0.0014966316 0.99999883 -9.7949745e-05 -0.057016955 0.026501978 0.00013757984 0.99964877 2.9584872
6 0.99962714 0.0013791972 -0.027270606 -0.12135711 -0.0013794987 0.999999 7.7619811e-06 -0.072845398 0.027270593 2.9861323e-05 0.99962811 3.827319
7 0.99960084 0.001401073 -0.028217017 -0.14759491 -0.0013987433 0.99999897 0.00010230596 -0.088590685 0.028217134 -6.2796123e-05 0.99960184 4.6885175
8 0.99957899 0.001547265 -0.028973357 -0.17418811 -0.0015435576 0.99999875 0.00015032461 -0.10447431 0.028973557 -0.00010553864 0.99958019 5.5428859
9 0.99955844 0.0016685974 -0.029667253 -0.20080804 -0.0016638417 0.99999855 0.00018498965 -0.12007679 0.029667522 -0.00013554572 0.99955984 6.3871747
10 0.99954239 0.0016311528 -0.030205322 -0.22641308 -0.0016244097 0.99999861 0.00024777963 -0.13456758 0.030205687 -0.00019859979 0.99954371 7.1969456
11 0.99951619 0.0019049516 -0.031044463 -0.2531468 -0.0018997824 0.99999813 0.000196007 -0.1496333 0.031044781 -0.00013693381 0.99951801 7.994261
12 0.99949971 0.0021209577 -0.031556873 -0.27867104 -0.0021173036 0.9999977 0.00014921261 -0.16396997 0.03155712 -8.2321841e-05 0.99950197 8.7675898
13 0.99947963 0.0024591053 -0.032162479 -0.30416706 -0.0024601189 0.99999693 8.0552137e-06 -0.17837465 0.032162403 7.107315e-05 0.99948268 9.519088
14 0.99946166 0.0025898669 -0.032706229 -0.32852121 -0.0025929204 0.99999659 -5.0946707e-05 -0.1914321 0.032705988 0.00013572458 0.99946503 10.244495
15 0.99943458 0.0028318931 -0.033503916 -0.35346247 -0.0028393699 0.99999591 -0.00017558387 -0.20458246 0.033503285 0.00027061526 0.99943859 10.957809
16 0.99936625 0.0041966754 -0.035348069 -0.38624251 -0.0042194414 0.99999089 -0.00056948163 -0.22233665 0.03534536 0.00071827052 0.99937492 11.720406
17 0.99928125 0.0057322252 -0.037471625 -0.42166036 -0.0057807259 0.99998254 -0.0011861161 -0.24221253 0.037464176 0.0014018776 0.99929701 12.49854
18 0.99926225 0.006070441 -0.037922539 -0.44977586 -0.0061304321 0.99998009 -0.0014658574 -0.25737851 0.037912889 0.0016972583 0.99927963 13.22838
19 0.99926257 0.006299165 -0.037876585 -0.47488723 -0.0063725166 0.999978 -0.0018161804 -0.27146759 0.037864315 0.0020562111 0.9992808 13.918544
20 0.99931264 0.0053982385 -0.036675765 -0.49131785 -0.005469332 0.99998331 -0.0018383821 -0.27905644 0.036665232 0.0020377112 0.99932555 14.483063
21 0.99931354 0.0057790706 -0.036593135 -0.51049766 -0.0058722502 0.99997974 -0.002439405 -0.29001858 0.0365783 0.0026526153 0.99932729 15.036218
22 0.99936707 0.0053883933 -0.035163012 -0.5253644 -0.0054895738 0.99998102 -0.0027815609 -0.29874455 0.03514736 0.0029728312 0.99937774 15.559931
23 0.99941429 0.0044606524 -0.033929003 -0.53837009 -0.0045634405 0.99998518 -0.0029526712 -0.30629405 0.033915333 0.0031057756 0.99941991 16.065693
24 0.99947522 0.0030654721 -0.032247445 -0.54776947 -0.0031639207 0.99999044 -0.0030023292 -0.31123826 0.032237936 0.0031027829 0.99947543 16.508138
25 0.99948588 0.0028932085 -0.031931185 -0.56086584 -0.0030089565 0.99998903 -0.0035774649 -0.32003601 0.031920487 0.0036717061 0.99948369 16.975485
26 0.99947611 0.0027408012 -0.032248968 -0.57440122 -0.002874009 0.99998748 -0.0040849763 -0.32882069 0.032237372 0.004175521 0.99947154 17.41717
27 0.99943111 0.0028359157 -0.03360679 -0.58816968 -0.0029997193 0.99998382 -0.0048247038 -0.33743282 0.033592567 0.004922771 0.99942351 17.828536
28 0.99947197 0.002596891 -0.032388903 -0.5973166 -0.0027730042 0.99998156 -0.0053937222 -0.34232402 0.032374303 0.0054806897 0.99946081 18.120325
29 0.99946199 0.002845551 -0.032674617 -0.60593443 -0.0030475453 0.9999765 -0.0061338555 -0.34604261 0.032656399 0.0062301339 0.99944724 18.360107
30 0.99939542 0.0034132276 -0.034599821 -0.61680952 -0.0036428698 0.9999717 -0.0065762245 -0.35014943 0.034576399 0.0066982924 0.99937963 18.587292
31 0.99928329 0.0044965393 -0.037585703 -0.63106846 -0.0047691745 0.9999629 -0.0071671885 -0.35620699 0.037552085 0.0073413057 0.99926773 18.839393
32 0.99915293 0.0057190831 -0.040751864 -0.64546088 -0.006050122 0.99994962 -0.008004592 -0.36210753 0.040704035 0.0082443665 0.99913726 19.080965
33 0.99895887 0.0074847911 -0.045001724 -0.66292257 -0.007903295 0.99992705 -0.0091290156 -0.37016549 0.044930116 0.0094751742 0.99894522 19.338336
34 0.99874375 0.0088464076 -0.049322109 -0.67975881 -0.0093549629 0.99990529 -0.010089609 -0.3764017 0.049228186 0.010538342 0.99873198 19.567693
35 0.99846325 0.010533633 -0.054407628 -0.69863178 -0.011136618 0.99987971 -0.01079145 -0.38325507 0.054287415 0.011380785 0.99846051 19.796736
36 0.9982107 0.011988911 -0.058580389 -0.71657656 -0.012682825 0.99985353 -0.011488093 -0.38858227 0.058434084 0.012210503 0.99821661 20.008302
37 0.99803839 0.013918907 -0.061038042 -0.73101885 -0.014657961 0.99982433 -0.011677068 -0.39156672 0.060864793 0.012548857 0.99806716 20.201487
38 0.9977766 0.016263807 -0.064632428 -0.74548003 -0.017070552 0.99978284 -0.011949439 -0.39430282 0.064424054 0.013026183 0.99783761 20.389448
39 0.99752442 0.018109149 -0.067949204 -0.75454142 -0.018807184 0.99977654 -0.009647248 -0.39453192 0.067759322 0.0109013 0.99764216 20.56427
40 0.99717583 0.020220884 -0.072328965 -0.76428674 -0.020796308 0.99975768 -0.0072113753 -0.39432795 0.072165624 0.0086951857 0.99735478 20.738851
41 0.99673574 0.021741883 -0.077750648 -0.77382132 -0.022114682 0.99974764 -0.0039369002 -0.39340642 0.077645438 0.005643481 0.99696509 20.911872
42 0.99629709 0.0230446 -0.082831563 -0.78564859 -0.02324493 0.9997287 -0.0014548604 -0.39203461 0.082775571 0.003374888 0.99656252 21.089551
43 0.99566198 0.025301143 -0.089538117 -0.79948466 -0.025287855 0.99967934 0.0012829611 -0.39006513 0.089541873 0.00098683206 0.99598259 21.267013
44 0.99493432 0.027231971 -0.096768445 -0.81502613 -0.026944697 0.99962774 0.0042744312 -0.38733751 0.096848831 -0.0016453813 0.99529776 21.445699
45 0.99406822 0.029015302 -0.1048165 -0.83312556 -0.028371225 0.99956828 0.0076308893 -0.3841557 0.10499266 -0.0046118518 0.99446232 21.62797
46 0.99286955 0.029304856 -0.11554774 -0.8554373 -0.028329025 0.9995478 0.010078759 -0.38044156 0.11579085 -0.0067335381 0.99325082 21.822101
47 0.99053972 0.02975835 -0.13396082 -0.89126243 -0.028472203 0.99952831 0.011506836 -0.3785353 0.13424006 -0.007583818 0.99091984 22.045274
48 0.98662074 0.030747494 -0.16010657 -0.94579901 -0.029012455 0.99949232 0.013163699 -0.37869457 0.16043005 -0.0083424937 0.98701198 22.299232
49 0.98149835 0.031244371 -0.18890417 -1.0183205 -0.028876403 0.99946622 0.015275214 -0.3785437 0.18928062 -0.0095377243 0.98187674 22.586541
50 0.97471795 0.034656413 -0.22073481 -1.1096698 -0.031473517 0.99934386 0.017921379 -0.38228521 0.22121108 -0.010520989 0.97516922 22.875522
51 0.96389768 0.040113638 -0.26323406 -1.2140976 -0.036128296 0.99914766 0.019965 -0.38743199 0.26381058 -0.0097340188 0.96452541 23.139077
52 0.95186554 0.041400075 -0.30370716 -1.3461242 -0.036422222 0.99909339 0.022039267 -0.38554547 0.30434427 -0.0099167294 0.95251051 23.465223
53 0.93788532 0.041532889 -0.34445051 -1.5108543 -0.035092077 0.99907341 0.024915223 -0.37963679 0.34516618 -0.011280138 0.93847382 23.832302
54 0.91960334 0.041734061 -0.3906251 -1.7032677 -0.033026539 0.99903404 0.02898542 -0.37107321 0.39145748 -0.013754094 0.92009343 24.199857
55 0.89882878 0.042298312 -0.43625415 -1.930703 -0.03165263 0.99899778 0.031645831 -0.36291088 0.43715552 -0.014635592 0.89926686 24.58352
56 0.87453475 0.043664115 -0.48299318 -2.1774155 -0.03054291 0.99892034 0.035002846 -0.35418095 0.48400011 -0.015859188 0.87492424 24.947621
57 0.84694655 0.045970497 -0.52968695 -2.4262113 -0.03044825 0.99881372 0.037999657 -0.34709846 0.53080549 -0.016055638 0.8473416 25.269077
58 0.81602587 0.048012341 -0.57601788 -2.6889531 -0.029431788 0.99870284 0.04154899 -0.33744955 0.57726559 -0.016951815 0.8163805 25.570259
59 0.78025703 0.049921036 -0.6234636 -2.9575894 -0.028524287 0.99861263 0.044261607 -0.32735952 0.62480825 -0.016751576 0.78059854 25.84147
60 0.74052048 0.05135727 -0.67006855 -3.2563742 -0.02654258 0.99853275 0.047199039 -0.31383446 0.67150945 -0.017166508 0.74079715 26.110972
61 0.69717148 0.053360846 -0.71491577 -3.5787022 -0.025034795 0.99842991 0.050108728 -0.3006156 0.71646718 -0.017036607 0.69741278 26.362833
62 0.64955343 0.055242287 -0.75830642 -3.9206673 -0.023702955 0.99834346 0.052425298 -0.28685619 0.7599464 -0.016078929 0.64978687 26.594054
63 0.59839979 0.056916454 -0.79917346 -4.2879356 -0.021666028 0.99825825 0.054872159 -0.27041541 0.80090468 -0.015520574 0.59859072 26.810251
64 0.54561195 0.058851408 -0.83596897 -4.6538606 -0.021695153 0.99818871 0.056111744 -0.25810847 0.83775709 -0.012478763 0.54590052 26.99134
65 0.49007226 0.060473787 -0.86958157 -5.0325114 -0.020056458 0.99810872 0.058108753 -0.24183694 0.87145106 -0.011036761 0.49035831 27.153162
66 0.43220931 0.062112109 -0.89963171 -5.4361302 -0.017821747 0.99801856 0.060342819 -0.22314637 0.90159721 -0.01004772 0.43245988 27.296812
67 0.37498595 0.063592083 -0.92484679 -5.8669621 -0.014873768 0.99792866 0.062586484 -0.20129425 0.92691118 -0.0097130961 0.37515511 27.423574
68 0.31865601 0.065015117 -0.94563808 -6.330102 -0.0107469 0.99782852 0.064981915 -0.17457075 0.94780952 -0.0105442 0.31866279 27.53424
69 0.26128333 0.0665543 -0.96296498 -6.8155412 -0.0076852832 0.99773192 0.066871917 -0.14928559 0.96523158 -0.010071858 0.26120222 27.616622
70 0.20101328 0.068110742 -0.97721778 -7.295804 -0.0049044142 0.99763729 0.068525118 -0.1245323 0.97957626 -0.0089817782 0.2008724 27.665595
71 0.14113524 0.069435539 -0.9875523 -7.7786255 -0.0017211612 0.99755298 0.069892716 -0.098354427 0.98998885 -0.0081645884 0.1409094 27.687345
72 0.082818898 0.070691881 -0.99405417 -8.3066663 0.002730977 0.99746101 0.071161687 -0.065510162 0.99656089 -0.0086082714 0.082415568 27.686039
73 0.022499181 0.072217311 -0.99713512 -8.8374809 0.007333402 0.9973488 0.072398256 -0.031639174 0.99971999 -0.0089412941 0.021909933 27.650804
74 -0.033319904 0.072554585 -0.99680772 -9.4579638 0.010135118 0.99733471 0.072254161 0.0046351149 0.99939337 -0.0076952619 -0.03396645 27.580047
75 -0.085466089 0.073209116 -0.99364781 -10.172918 0.012492087 0.99729714 0.072403513 0.049770471 0.99626279 -0.0062246894 -0.086149628 27.468058
76 -0.13292124 0.073613347 -0.98838911 -10.875468 0.014482083 0.99727574 0.072327616 0.094425698 0.99102082 -0.004700056 -0.13362521 27.32601
77 -0.17324138 0.07441472 -0.98206409 -11.575298 0.017945433 0.99721439 0.072397045 0.14086482 0.98471591 -0.0050814009 -0.17409422 27.162778
78 -0.21689888 0.075816797 -0.97324544 -12.167165 0.022082131 0.99710536 0.072754254 0.18123824 0.97594431 -0.0057110166 -0.21794525 26.991785
79 -0.25712812 0.076283676 -0.96336179 -12.742437 0.024774981 0.9970722 0.072340411 0.21823956 0.96605972 -0.0052665164 -0.25826524 26.801524
80 -0.29546878 0.07633126 -0.95229814 -13.357033 0.027007198 0.99707195 0.071540594 0.25665121 0.9549706 -0.0045808922 -0.29666514 26.572344
81 -0.3260554 0.07756661 -0.9421631 -14.048783 0.030434448 0.99697279 0.071546513 0.3060914 0.94486066 -0.0053460869 -0.32742908 26.302926
82 -0.34589507 0.078696466 -0.9349671 -14.851474 0.033041042 0.99687993 0.071684014 0.36061202 0.93769128 -0.00609714 -0.34741609 25.98247
83 -0.35676904 0.079727223 -0.93078431 -15.685903 0.03492323 0.99679334 0.071995238 0.41596178 0.93353964 -0.0068203214 -0.35840936 25.650349
84 -0.36317207 0.080481789 -0.92823959 -16.538282 0.036130943 0.9967294 0.072283941 0.47062167 0.93102129 -0.0072866629 -0.36489219 25.309607
85 -0.36621556 0.081107527 -0.92698853 -17.418374 0.036928841 0.99667603 0.072615798 0.52608152 0.929797 -0.0076395763 -0.3679935 24.9588
86 -0.36797089 0.081690534 -0.92624192 -18.324009 0.037649286 0.99662533 0.072941004 0.58243726 0.92907481 -0.0080321806 -0.36980472 24.597344
87 -0.36944172 0.082079497 -0.92562183 -19.271118 0.03801204 0.99659249 0.073201144 0.6402469 0.92847614 -0.0081412172 -0.37130288 24.21664
88 -0.37052972 0.082309591 -0.9251664 -20.251201 0.038108804 0.99657417 0.073399951 0.69898619 0.92803852 -0.0080601216 -0.37239709 23.820957
89 -0.37093404 0.082381089 -0.924998 -21.232808 0.038074751 0.99656906 0.073486888 0.75519408 0.92787838 -0.0079602799 -0.37279805 23.423063
90 -0.3722266 0.082220445 -0.92449292 -22.221628 0.037722551 0.99658563 0.073443912 0.81143794 0.92737501 -0.0075364531 -0.37405727 23.018943
91 -0.37327918 0.082085484 -0.92408042 -23.201152 0.037439693 0.99659926 0.073403648 0.86766602 0.9269633 -0.0071972332 -0.37508304 22.618385
92 -0.37388478 0.082345516 -0.92381242 -24.210083 0.037639564 0.99657739 0.073598079 0.92724561 0.92671111 -0.0072546952 -0.37570459 22.206218
93 -0.37534711 0.082973154 -0.92316304 -25.205113 0.038250693 0.99652329 0.074014438 0.99071549 0.92609474 -0.0075305203 -0.37721594 21.799905
94 -0.37735035 0.083831914 -0.92226836 -26.184437 0.039197309 0.99644756 0.07453686 1.0557006 0.92524068 -0.0080239276 -0.37929584 21.397903
95 -0.3792595 0.084516053 -0.92142242 -27.186662 0.039970537 0.9963866 0.074940067 1.1207442 0.92442665 -0.0084080157 -0.38126727 20.982699
96 -0.38124055 0.084801636 -0.92057826 -28.196584 0.04017585 0.99636293 0.075144663 1.1839225 0.9236025 -0.0083368212 -0.38326095 20.559537
97 -0.38209736 0.085101644 -0.92019526 -29.19656 0.040384654 0.99633715 0.075374285 1.2465679 0.92323926 -0.0083614517 -0.38413462 20.141826
98 -0.38252034 0.085222821 -0.9200083 -30.185512 0.040392228 0.99632745 0.075498219 1.3066784 0.92306376 -0.0082815807 -0.38455788 19.727221
99 -0.38366869 0.085127503 -0.91953882 -31.175108 0.040051886 0.99633908 0.075526125 1.3663817 0.92260187 -0.0078522547 -0.38567366 19.309141
100 -0.38448357 0.085147637 -0.91919653 -32.152839 0.039898136 0.99633927 0.075604894 1.4261398 0.92226924 -0.0076053884 -0.38647334 18.896464
101 -0.38536459 0.085314944 -0.918812 -33.125336 0.039998375 0.99632527 0.075736361 1.4862314 0.92189712 -0.0075648757 -0.38736096 18.48495
102 -0.38672174 0.085625271 -0.91821273 -34.090726 0.040216202 0.99629878 0.075969186 1.5480338 0.92131916 -0.0075480926 -0.38873394 18.075287
103 -0.38754834 0.085845971 -0.91784354 -35.0495 0.040343023 0.99628001 0.076147787 1.6086421 0.92096621 -0.007517634 -0.38956998 17.667753
104 -0.38852157 0.086031057 -0.91741466 -36.024949 0.040420765 0.99626466 0.076307221 1.6701257 0.92055265 -0.0074356008 -0.39054778 17.251239
105 -0.38972206 0.086177047 -0.91689162 -36.998756 0.040450783 0.99625307 0.076442606 1.7315247 0.92004374 -0.0072976138 -0.39174775 16.833398
106 -0.39066807 0.086062931 -0.91649966 -37.974344 0.04013562 0.99626563 0.07644502 1.7910128 0.91965625 -0.0069196534 -0.39266339 16.412371
107 -0.39148079 0.086030479 -0.91615586 -38.968374 0.0399299 0.99627035 0.076491163 1.8520192 0.91931955 -0.0066371905 -0.39345592 15.982928
108 -0.39233323 0.085937547 -0.91579986 -39.962713 0.039687098 0.99628033 0.076487585 1.9122411 0.9189666 -0.0063368176 -0.39428452 15.551469
109 -0.39313846 0.085755379 -0.91547156 -40.977468 0.039266996 0.99629879 0.076463997 1.9732609 0.91864046 -0.0058868798 -0.39505075 15.109688
110 -0.39352471 0.085725756 -0.91530836 -41.993006 0.039031112 0.99630294 0.076530619 2.0354974 0.91848512 -0.0056088125 -0.39541583 14.669007
111 -0.39394212 0.085683507 -0.91513275 -43.013577 0.038775848 0.9963082 0.076591884 2.0981445 0.91831698 -0.0053122789 -0.39581025 14.225712
112 -0.3944427 0.085697946 -0.91491575 -44.031868 0.038582137 0.99630832 0.076688083 2.1614304 0.91811024 -0.0050503503 -0.39629298 13.783186
113 -0.39499635 0.085712768 -0.91467547 -45.049051 0.038387057 0.99630837 0.076785269 2.2247915 0.91788036 -0.0047817978 -0.39682846 13.340262
114 -0.3956296 0.085709926 -0.91440201 -46.063105 0.038157986 0.99631003 0.076877817 2.2877735 0.91761714 -0.0044765988 -0.39744029 12.897402
115 -0.39651816 0.085608096 -0.91402659 -47.07528 0.037821014 0.99632052 0.076908466 2.3500916 0.91724749 -0.0040738084 -0.39829699 12.453184
116 -0.39738374 0.085624962 -0.91364902 -48.084559 0.037640046 0.99632018 0.07700149 2.4135712 0.91688027 -0.0037906513 -0.39914439 12.010207
117 -0.39815239 0.085786005 -0.9132992 -49.108922 0.037643413 0.99630684 0.077172265 2.4790505 0.91654661 -0.0036533762 -0.39991126 11.560486
118 -0.39903926 0.085980413 -0.91289378 -50.144079 0.037661343 0.99629061 0.077372774 2.5456277 0.9161601 -0.003506031 -0.40079723 11.104668
119 -0.39989888 0.086132132 -0.91250323 -51.174874 0.037641802 0.99627808 0.077543442 2.6117152 0.91578601 -0.0033387299 -0.40165268 10.649241
120 -0.40060368 0.086122639 -0.91219493 -52.195971 0.03739964 0.99627994 0.077636722 2.6762689 0.91548785 -0.0030142051 -0.40233439 10.196585
121 -0.40101935 0.086020283 -0.91202193 -53.212551 0.037034656 0.99628989 0.077684014 2.7397842 0.91532068 -0.0026236249 -0.40271728 9.7453315
122 -0.40146325 0.085911368 -0.91183688 -54.241734 0.036649064 0.99630029 0.077733496 2.8037391 0.9151416 -0.0022108257 -0.40312655 9.2872906
123 -0.40198705 0.085930782 -0.91160426 -55.282352 0.036424688 0.99629924 0.077852335 2.8696312 0.91492059 -0.0019092699 -0.40362942 8.8243778
124 -0.4024167 0.085914606 -0.9114162 -56.320468 0.036169372 0.99630118 0.077946457 2.9351516 0.91474183 -0.0015983956 -0.40403573 8.361864
125 -0.40276395 0.085891243 -0.911265 -57.356855 0.03588815 0.99630366 0.078044595 3.0008976 0.91460006 -0.001270065 -0.40435771 7.9000185
126 -0.40308571 0.085911702 -0.91112079 -58.386556 0.035674847 0.99630221 0.078160875 3.0663493 0.91446665 -0.00099856169 -0.4046601 7.4407877
127 -0.40337472 0.085914165 -0.91099265 -59.412297 0.035449267 0.99630223 0.078263131 3.1317077 0.91434798 -0.00072465295 -0.40492875 6.9830581
128 -0.40362321 0.085951066 -0.91087909 -60.437368 0.035249424 0.99629921 0.078391846 3.1972999 0.91424604 -0.00046719363 -0.40515924 6.5254216
129 -0.40406921 0.085831622 -0.9106926 -61.467572 0.034853903 0.99630961 0.078436436 3.2623853 0.91406418 -4.7442323e-05 -0.40556963 6.0638053
130 -0.4043639 0.085842792 -0.91056074 -62.497505 0.034618618 0.99630862 0.078553129 3.3283172 0.91394279 0.00024169606 -0.40584303 5.6028699
131 -0.40479003 0.085918181 -0.91036427 -63.536144 0.034471407 0.99630204 0.078701218 3.3954741 0.9137597 0.00047593172 -0.40625488 5.1376521
132 -0.40520818 0.085904213 -0.91017954 -64.587611 0.034191214 0.99630302 0.078810899 3.4631619 0.91358488 0.0008146787 -0.40664733 4.6655333
133 -0.40569222 0.085898221 -0.90996446 -65.635173 0.033946427 0.99630324 0.078913933 3.5308841 0.91337917 0.0011247269 -0.40710843 4.1947987
134 -0.40610966 0.085905997 -0.9097775 -66.683764 0.033700556 0.99630217 0.079032741 3.5990302 0.91320274 0.0014359535 -0.40750305 3.7234944
135 -0.40655349 0.085933343 -0.90957667 -67.728109 0.033514808 0.99629941 0.079146463 3.6669073 0.91301208 0.0016929843 -0.40792907 3.2532685
136 -0.40705491 0.08594292 -0.90935148 -68.795859 0.033246688 0.99629793 0.079277956 3.7365094 0.91279844 0.0020375568 -0.40840531 2.7713942
137 -0.4075856 0.085836736 -0.90912377 -69.875281 0.032807273 0.99630598 0.079359801 3.8059756 0.9125775 0.0025200409 -0.40889607 2.282479
138 -0.40791096 0.085671842 -0.90899339 -70.963668 0.032290982 0.99631872 0.079411595 3.8754484 0.91245053 0.0030405718 -0.40917578 1.7888458
139 -0.40830262 0.085433093 -0.90884001 -72.060178 0.031657553 0.99633713 0.079435655 3.9448596 0.91229754 0.0036621365 -0.40951169 1.2902278
140 -0.40866951 0.085286194 -0.90868889 -73.139407 0.031227286 0.99634801 0.079469542 4.0138868 0.91214808 0.0041008921 -0.40984034 0.80010555
141 -0.4087682 0.085353872 -0.90863815 -74.205477 0.031075741 0.99634135 0.079612349 4.0838151 0.91210904 0.0043063936 -0.40992512 0.31794134
142 -0.40898246 0.085356512 -0.90854148 -75.278089 0.030808487 0.99633972 0.079736538 4.1541521 0.91202205 0.0046200582 -0.4101152 -0.16790724
143 -0.40923986 0.085318446 -0.90842914 -76.359863 0.030476728 0.99634119 0.079845513 4.2249059 0.91191773 0.0049900199 -0.41034278 -0.65872827
144 -0.40950535 0.085097931 -0.90833018 -77.458459 0.029883506 0.99635701 0.079872348 4.2950718 0.91181817 0.0055640642 -0.41055658 -1.1596119
145 -0.4098955 0.084892078 -0.90817345 -78.560485 0.029277454 0.996371 0.079922296 4.3657727 0.91166252 0.0061707846 -0.41089344 -1.662496
146 -0.41014626 0.084833802 -0.90806568 -79.671606 0.028884985 0.99637323 0.080037229 4.4381175 0.91156225 0.0065975078 -0.4111092 -2.1685752
147 -0.41047108 0.084799037 -0.90792215 -80.769329 0.028568933 0.99637373 0.08014433 4.5101808 0.911426 0.0069585639 -0.41140524 -2.6683993
148 -0.41089059 0.084819137 -0.90773049 -81.844282 0.028337862 0.99636986 0.080274346 4.5816981 0.91124417 0.0072608326 -0.41180262 -3.1578177
149 -0.41127518 0.084809174 -0.90755724 -82.897204 0.028076894 0.99636834 0.080384844 4.6517199 0.91107873 0.0075789036 -0.41216277 -3.6378533
150 -0.41158271 0.084864318 -0.90741265 -83.945998 0.027902262 0.99636175 0.080527278 4.7220642 0.91094521 0.0078247706 -0.4124532 -4.1159159
151 -0.41197932 0.084901096 -0.90722922 -85.000801 0.027706125 0.99635646 0.080660327 4.7927498 0.9107719 0.0080945821 -0.41283056 -4.5977718
152 -0.41254871 0.084888108 -0.90697165 -86.053902 0.027442081 0.99635476 0.080771516 4.8631663 0.91052212 0.0084329972 -0.41337441 -5.0804057
153 -0.41300652 0.084860431 -0.90676586 -87.092878 0.027179084 0.99635436 0.08086533 4.9324604 0.91032244 0.008752844 -0.4138073 -5.5572267
154 -0.41332197 0.08478223 -0.90662943 -88.126994 0.026847283 0.9963578 0.080933689 5.0010819 0.91018911 0.0091111362 -0.41409277 -6.0323153
155 -0.41357416 0.084739809 -0.90651839 -89.164756 0.026543988 0.99635827 0.081027923 5.0704343 0.91008344 0.0094484428 -0.41431739 -6.5089105
156 -0.41386612 0.084745477 -0.9063846 -90.201671 0.026319727 0.99635513 0.08113967 5.1402761 0.90995722 0.009725167 -0.41458814 -6.9850022
157 -0.41405739 0.084758911 -0.90629598 -91.24412 0.026098088 0.99635133 0.081257723 5.2103734 0.90987659 0.00999277 -0.41475871 -7.4641742
158 -0.41442706 0.08465559 -0.90613666 -92.290609 0.025714544 0.99635593 0.081323602 5.280301 0.90971919 0.010401811 -0.41509377 -7.9464697
159 -0.41472501 0.084435338 -0.90602088 -93.358039 0.025133202 0.99636856 0.081350607 5.3508083 0.90959965 0.010966927 -0.41534112 -8.4396683
160 -0.41500746 0.084214216 -0.90591212 -94.448385 0.024533348 0.99638068 0.081385262 5.422651 0.90948719 0.011550435 -0.4155715 -8.9440867
161 -0.41533171 0.084028937 -0.90578072 -95.552876 0.023991823 0.99638992 0.081433639 5.4956275 0.90935362 0.012090643 -0.41584836 -9.4553409
162 -0.41566765 0.083977264 -0.9056314 -96.625695 0.023688316 0.99639006 0.081520633 5.5679203 0.90920806 0.012432609 -0.41615642 -9.9507372
163 -0.4157889 0.084109829 -0.90556343 -97.688528 0.023619057 0.99637701 0.081700029 5.6407816 0.90915442 0.012581413 -0.41626913 -10.440576
164 -0.41598043 0.084130604 -0.90547354 -98.741928 0.023415916 0.99637206 0.081818869 5.7123868 0.90907206 0.012832558 -0.4164413 -10.927071
165 -0.4162141 0.084122722 -0.90536688 -99.802589 0.02313316 0.99636843 0.08194344 5.7847922 0.90897234 0.01316202 -0.41664864 -11.417241
166 -0.41642784 0.084149223 -0.90526613 -100.85765 0.022928325 0.99636275 0.082069963 5.8569878 0.90887963 0.013419983 -0.41684261 -11.904949
167 -0.41688729 0.084137429 -0.90505574 -101.9126 0.022668691 0.99635931 0.082183692 5.9293436 0.9086755 0.013744909 -0.41727685 -12.393782
168 -0.41747481 0.084022765 -0.90479554 -102.97424 0.022269662 0.99636278 0.082250773 6.0016786 0.90841559 0.014188136 -0.41782754 -12.887271
169 -0.4180952 0.083953977 -0.90451542 -104.03519 0.021941869 0.99636295 0.082336731 6.0741891 0.9081382 0.014577835 -0.4184167 -13.381353
170 -0.4185824 0.084016832 -0.90428422 -105.12769 0.021715346 0.99635282 0.082519129 6.1500663 0.90791919 0.014904212 -0.41888024 -13.890067
171 -0.41931548 0.083966107 -0.90394924 -106.2297 0.021355943 0.99635035 0.082642675 6.2261409 0.90758938 0.015348666 -0.41957833 -14.405158
172 -0.41971821 0.083961005 -0.90376279 -107.32986 0.021040781 0.99634479 0.082790431 6.3025267 0.90741057 0.015732779 -0.41995069 -14.918819
173 -0.4199732 0.083954051 -0.90364497 -108.42773 0.02073122 0.99633959 0.082931008 6.3785734 0.90729971 0.01609514 -0.42017642 -15.431862
174 -0.42035206 0.083924648 -0.90347153 -109.52277 0.020397022 0.99633566 0.083060935 6.4548692 0.90713182 0.016486709 -0.42052359 -15.943956
175 -0.42064184 0.083931918 -0.90333597 -110.60899 0.020123173 0.99632948 0.083201818 6.5309212 0.9070036 0.016820181 -0.42078687 -16.451846
176 -0.42097856 0.083944004 -0.90317798 -111.68149 0.019900607 0.99632362 0.083325399 6.6059235 0.90685228 0.017104419 -0.42110145 -16.954121
177 -0.42133731 0.083978031 -0.90300751 -112.75792 0.019666427 0.99631539 0.083479267 6.6818434 0.90669076 0.017414 -0.42143642 -17.458575
178 -0.42158292 0.083822281 -0.90290734 -113.85188 0.019158958 0.99631946 0.083548639 6.757152 0.90658745 0.017923917 -0.42163724 -17.97376
179 -0.42194468 0.083648659 -0.90275445 -114.96456 0.018574518 0.99632312 0.083637 6.8343024 0.9064313 0.01852196 -0.421947 -18.497974
180 -0.42220036 0.083531135 -0.90264579 -116.08239 0.018116806 0.99632405 0.083726261 6.9119882 0.90632151 0.018996201 -0.42216171 -19.024396
181 -0.42265489 0.083306424 -0.90245382 -117.18821 0.017545467 0.99633184 0.083755162 6.9880823 0.90612087 0.019565557 -0.4225662 -19.546775
182 -0.42287892 0.083183575 -0.90236019 -118.30771 0.017047679 0.99633191 0.083857141 7.0660016 0.90602584 0.020078273 -0.42274588 -20.075062
183 -0.42335921 0.083099188 -0.90214273 -119.42909 0.016658264 0.99633003 0.083957654 7.1446354 0.90580876 0.020516117 -0.42318981 -20.604826
184 -0.42373881 0.083128016 -0.90196184 -120.5532 0.016359374 0.9963197 0.084138791 7.2248815 0.9056367 0.020897342 -0.42353927 -21.135363
185 -0.42410028 0.083076061 -0.90179672 -121.6782 0.015991018 0.99631518 0.084263054 7.3042347 0.90547406 0.021315339 -0.42386604 -21.667808
186 -0.42423998 0.083071461 -0.90173143 -122.81397 0.01563939 0.99630694 0.084426268 7.3851469 0.90541476 0.021714471 -0.42397245 -22.2044
187 -0.42421739 0.083154817 -0.90173438 -123.96852 0.015416058 0.99629379 0.084622335 7.4676987 0.90542917 0.021997079 -0.4239271 -22.749316
188 -0.4243362 0.083249434 -0.90166974 -125.10259 0.015236095 0.99628023 0.084814357 7.5495547 0.90537654 0.022251879 -0.42402619 -23.28408
189 -0.42448327 0.083303687 -0.9015955 -126.20968 0.015012171 0.99626924 0.084983216 7.6294441 0.90531134 0.02253905 -0.42415022 -23.806813
190 -0.42467151 0.083357711 -0.90150186 -127.30348 0.01482755 0.99625908 0.085134642 7.7083362 0.9052261 0.022787196 -0.42431887 -24.323797
191 -0.42474596 0.083313086 -0.90147091 -128.41092 0.014431011 0.99625304 0.085273302 7.7877869 0.90519758 0.023210355 -0.42435677 -24.848304
192 -0.42503743 0.083248096 -0.90133953 -129.51858 0.014037322 0.99624829 0.085394442 7.8674742 0.90506695 0.023643443 -0.42461142 -25.373427
193 -0.42521122 0.083267286 -0.90125578 -130.61679 0.013769234 0.99623898 0.085546507 7.9471202 0.90498943 0.023965736 -0.42475855 -25.893486
194 -0.4252347 0.083107666 -0.90125943 -131.7196 0.013236779 0.99623983 0.085620662 8.0256576 0.90498634 0.024479107 -0.42473586 -26.417305
195 -0.42537407 0.082944849 -0.90120866 -132.83079 0.012689505 0.99623998 0.085701782 8.1052768 0.90492868 0.025019426 -0.42482722 -26.944909
196 -0.42544949 0.082821128 -0.90118444 -133.95349 0.012195649 0.99623776 0.085799199 8.1859643 0.90490001 0.025512699 -0.42485893 -27.477776
197 -0.42564421 0.082653239 -0.9011079 -135.07352 0.011651706 0.99623772 0.085875169 8.2663066 0.90481561 0.026052826 -0.4250059 -28.01
198 -0.42586788 0.082515371 -0.90101486 -136.19279 0.011143267 0.99623546 0.085968815 8.3469626 0.90471676 0.026571109 -0.4251842 -28.542058
199 -0.42611708 0.082480074 -0.90090026 -137.29746 0.010822096 0.99622863 0.086088921 8.4274986 0.90460331 0.026934333 -0.42540267 -29.066402
200 -0.42630652 0.082492823 -0.90080947 -138.38963 0.010560728 0.99621904 0.086232236 8.5075979 0.90451714 0.027248162 -0.42556588 -29.584743
201 -0.42662948 0.082451577 -0.90066033 -139.47261 0.010232482 0.9962121 0.086351955 8.5869861 0.90436863 0.027624301 -0.42585716 -30.099699
202 -0.42690241 0.082417748 -0.90053409 -140.55331 0.0099052001 0.99620447 0.086477987 8.6665464 0.90424347 0.027997693 -0.42609849 -30.613582
203 -0.42712255 0.082460356 -0.9004258 -141.63252 0.0096962746 0.99619322 0.086631181 8.7463599 0.90414177 0.028271358 -0.42629618 -31.126903
204 -0.42753866 0.082474172 -0.90022703 -142.70118 0.0094626042 0.99618328 0.086771181 8.8256781 0.90394756 0.028579545 -0.42668731 -31.636007
205 -0.42785125 0.082495919 -0.90007652 -143.75984 0.0092427912 0.99617324 0.086910041 8.9045098 0.90380192 0.028865353 -0.42697648 -32.14034
206 -0.42806369 0.082543913 -0.8999711 -144.8101 0.009066398 0.99616229 0.087054059 8.9827909 0.90370311 0.029105188 -0.42716931 -32.640997
207 -0.42848283 0.082552739 -0.89977081 -145.86016 0.0088384051 0.99615274 0.087186682 9.0612265 0.90350671 0.02940546 -0.42756401 -33.142567
208 -0.42887483 0.082408815 -0.89959723 -146.92016 0.0083730666 0.99615017 0.087261894 9.1393884 0.90332514 0.029892045 -0.42791378 -33.650619
209 -0.4292598 0.082337667 -0.89942011 -147.98232 0.0080193612 0.99614405 0.087364944 9.2183185 0.90314548 0.030289486 -0.42826492 -34.159551
210 -0.42974518 0.082209652 -0.89920001 -149.06795 0.0075725277 0.99613979 0.087453345 9.2987867 0.90291847 0.030773439 -0.42870884 -34.681198
211 -0.43026707 0.082080115 -0.89896224 -150.16235 0.0071060606 0.99613462 0.08755133 9.3801195 0.90267369 0.031282376 -0.42918721 -35.208042
212 -0.43089701 0.082005189 -0.8986673 -151.24401 0.0067752525 0.99612824 0.087650067 9.4611168 0.9023757 0.031679456 -0.42978431 -35.728892
213 -0.43127532 0.081984273 -0.89848772 -152.3207 0.0064696684 0.99611819 0.087787307 9.5420798 0.9021972 0.032047584 -0.43013163 -36.247426
214 -0.43172239 0.081855893 -0.8982847 -153.37817 0.0060568032 0.9961144 0.087859647 9.6208669 0.90198621 0.032490246 -0.43054071 -36.758278
215 -0.43204566 0.081976935 -0.89811822 -154.44203 0.0059491113 0.99609752 0.088058266 9.7024152 0.90183213 0.03270219 -0.43084733 -37.270324
216 -0.43243036 0.081977838 -0.89793297 -155.50902 0.0057044671 0.99608714 0.088191755 9.7832347 0.90164931 0.033014566 -0.43120599 -37.785788
217 -0.43288735 0.08200958 -0.89770985 -156.56636 0.0054946726 0.99607465 0.088346017 9.8639961 0.9014313 0.033311255 -0.43163876 -38.296882
218 -0.43323737 0.081960789 -0.89754544 -157.62943 0.0051684932 0.99606605 0.088462568 9.9448313 0.90126506 0.033686336 -0.43195668 -38.811309
219 -0.43355676 0.081907211 -0.89739609 -158.70474 0.0048121965 0.99605675 0.08858727 10.026602 0.90111343 0.034089167 -0.43224132 -39.332234
220 -0.43389963 0.081927558 -0.89722851 -159.79205 0.0045552603 0.99604368 0.088747627 10.109964 0.90094972 0.034420456 -0.43255621 -39.859153
221 -0.43434761 0.081925559 -0.89701191 -160.88793 0.0042597245 0.99603082 0.088906491 10.194266 0.90073528 0.034795302 -0.43297262 -40.391201
222 -0.43496283 0.081816121 -0.89672374 -161.95843 0.0038841351 0.9960247 0.088992206 10.276026 0.90044005 0.035225309 -0.43355154 -40.912506
223 -0.43529597 0.08184388 -0.89655954 -163.01316 0.0036839837 0.99601279 0.08913399 10.357523 0.90027989 0.035496759 -0.43386189 -41.425244
224 -0.43574461 0.081864786 -0.89633967 -164.05856 0.0035179363 0.99600237 0.08925701 10.437902 0.9000635 0.035739998 -0.43429068 -41.935186
225 -0.43628626 0.081819344 -0.8960803 -165.09884 0.0032194539 0.99599283 0.089374666 10.51822 0.89980218 0.036108053 -0.43480143 -42.443425
226 -0.43657327 0.081730651 -0.8959486 -166.1468 0.0028338485 0.99598496 0.089475353 10.598856 0.89966426 0.036523568 -0.43505205 -42.955617
227 -0.43682212 0.081623055 -0.8958371 -167.19295 0.0024478508 0.99597894 0.089553746 10.679305 0.89954459 0.036926185 -0.43526546 -43.467074
228 -0.43717009 0.081605687 -0.89566893 -168.23472 0.0022070308 0.99596931 0.089666962 10.760185 0.89937616 0.037222948 -0.43558813 -43.976348
229 -0.43761295 0.081539101 -0.8954587 -169.26854 0.0019052982 0.99596159 0.089759616 10.840317 0.89916145 0.037573858 -0.43600108 -44.482865
230 -0.43817378 0.081525758 -0.89518562 -170.26763 0.0017301694 0.99595323 0.089855919 10.918134 0.89888864 0.037823688 -0.43654168 -44.97306
231 -0.4387428 0.08150757 -0.89490853 -171.23435 0.0015616208 0.99594553 0.089944332 10.993596 0.89861135 0.038064923 -0.43709124 -45.448353
232 -0.43915286 0.08144981 -0.89471263 -172.17647 0.0013485153 0.99594052 0.090003157 11.066988 0.89841137 0.038318613 -0.43747999 -45.911947
233 -0.43967543 0.081246932 -0.8944744 -173.07109 0.0009973314 0.99594363 0.089973354 11.135889 0.8981562 0.038666989 -0.43797301 -46.353831
234 -0.4398625 0.081196672 -0.89438699 -173.97037 0.00080067947 0.99593938 0.090022301 11.205739 0.89806479 0.038881321 -0.43814143 -46.797583
235 -0.44001932 0.081228649 -0.89430694 -174.86019 0.00073026447 0.99593243 0.090099843 11.275519 0.89798803 0.038992594 -0.43828886 -47.235988
236 -0.44032104 0.081162253 -0.89416446 -175.72982 0.00056786403 0.99593072 0.090119819 11.343358 0.89784024 0.039173891 -0.43857537 -47.665357
237 -0.44105152 0.081117166 -0.89380846 -176.60539 0.0004012219 0.99592475 0.090186699 11.41262 0.89748172 0.039418368 -0.4392867 -48.098333
238 -0.44196854 0.081193712 -0.89334842 -177.48824 0.00040530505 0.99591312 0.090314988 11.483481 0.89703048 0.039554308 -0.44019521 -48.535364
239 -0.44323061 0.08135533 -0.89270821 -178.38214 0.00052426345 0.99589637 0.090498898 11.556026 0.89640749 0.03964387 -0.44145444 -48.979738
240 -0.44431599 0.08161514 -0.89214476 -179.28783 0.00074635662 0.99587494 0.09073287 11.630371 0.89586985 0.03964821 -0.4425441 -49.430379
241 -0.44513632 0.081794531 -0.8917193 -180.19649 0.00085504936 0.99585779 0.090919987 11.704422 0.89546243 0.039709327 -0.44336244 -49.883815
242 -0.44603068 0.081990406 -0.89125429 -181.10338 0.00097217427 0.99583894 0.091125081 11.778949 0.89501717 0.03977813 -0.44425445 -50.337226
243 -0.44683563 0.082065254 -0.89084411 -182.00451 0.00095482905 0.99582683 0.091257415 11.852454 0.89461559 0.039926464 -0.44504929 -50.789003
244 -0.44804368 0.082073985 -0.89023633 -182.88149 0.00091528663 0.99581863 0.091347333 11.923921 0.89401122 0.040112777 -0.44624539 -51.23118
245 -0.44969406 0.082381004 -0.88937542 -183.72991 0.0012648507 0.99579514 0.091598897 11.995205 0.89318178 0.040066556 -0.44790738 -51.660581
246 -0.45141642 0.083043742 -0.88844074 -184.60022 0.0021091018 0.99575645 0.09200305 12.070648 0.89231093 0.039657879 -0.44967599 -52.10134
247 -0.45338012 0.083749657 -0.88737392 -185.48563 0.0029574487 0.99571164 0.092463457 12.148766 0.89131238 0.039296734 -0.45168358 -52.55184
248 -0.45477348 0.084269371 -0.88661139 -186.38768 0.0034812064 0.995674 0.092849767 12.227299 0.89060036 0.039139138 -0.45309952 -53.013023
249 -0.45576789 0.084523447 -0.88607642 -187.29993 0.0036774139 0.99565139 0.093084342 12.304914 0.89009109 0.039166388 -0.45409679 -53.481778
250 -0.4566587 0.084807442 -0.8855905 -188.21738 0.0039093073 0.99562759 0.093329151 12.383496 0.8896334 0.039157527 -0.45499357 -53.953974
251 -0.45752676 0.085057082 -0.88511839 -189.11911 0.0041095474 0.99560603 0.093550329 12.46081 0.88918637 0.039164346 -0.45586598 -54.419379
252 -0.45821703 0.085271407 -0.88474061 -190.01461 0.0042430719 0.99558601 0.093757166 12.537586 0.88883023 0.039207116 -0.45655631 -54.882374
253 -0.45892303 0.085358766 -0.88436618 -190.91789 0.0042255043 0.99557266 0.093899647 12.614365 0.888466 0.039355821 -0.45725194 -55.351147
254 -0.45999307 0.085518985 -0.88379459 -191.82536 0.0043097513 0.99555431 0.094090119 12.692437 0.88791206 0.039471871 -0.45831668 -55.823628
255 -0.46108649 0.085729446 -0.88320423 -192.7322 0.0044641778 0.99553356 0.094302275 12.771026 0.88734399 0.039538728 -0.45940981 -56.296966
256 -0.46214507 0.086127841 -0.882612 -193.64626 0.0048441534 0.99550281 0.094607604 12.85136 0.88679113 0.039446933 -0.46048396 -56.774535
257 -0.46321983 0.08650147 -0.88201184 -194.5656 0.00519493 0.99547315 0.094900649 12.932415 0.88622821 0.039377876 -0.4615723 -57.256575
258 -0.46414561 0.086789336 -0.88149672 -195.48953 0.005403921 0.99544698 0.095163118 13.01391 0.88574245 0.039406008 -0.46250138 -57.742217
259 -0.4646535 0.086989671 -0.88120936 -196.42181 0.005491628 0.99542679 0.095369101 13.095496 0.88547558 0.039474316 -0.46300628 -58.232908
260 -0.46537672 0.087073677 -0.88081933 -197.36346 0.0054477273 0.99541222 0.095523514 13.177419 0.88509596 0.03965596 -0.46371606 -58.730606
261 -0.46624872 0.087117238 -0.88035375 -198.30019 0.0053555218 0.99539909 0.095665424 13.258714 0.88463749 0.039889132 -0.46457015 -59.227622
262 -0.46697304 0.08722344 -0.87995924 -199.24144 0.0053302126 0.99538283 0.095835859 13.340789 0.88425551 0.040062396 -0.4652819 -59.727583
263 -0.46771515 0.087388466 -0.87954863 -200.18312 0.0053780652 0.99536334 0.096035477 13.423461 0.88386291 0.040186981 -0.46601653 -60.228581
264 -0.46858791 0.087557486 -0.87906715 -201.12129 0.0054544797 0.99534399 0.096231459 13.506638 0.88340005 0.040298048 -0.46688378 -60.728471
265 -0.46933475 0.087748021 -0.87864964 -202.06153 0.0055513698 0.99532379 0.096434618 13.590169 0.88300289 0.040382412 -0.4676272 -61.230331
266 -0.47019494 0.087786122 -0.87818581 -203.00216 0.0054637579 0.99531126 0.096568953 13.673107 0.88254569 0.040608042 -0.46846999 -61.734646
267 -0.47091306 0.087860967 -0.87779345 -203.94845 0.0053933953 0.99529612 0.096728745 13.757084 0.88216316 0.040816546 -0.46917184 -62.242249
268 -0.47170151 0.087829525 -0.87737316 -204.89907 0.0052273725 0.99528784 0.096822997 13.840576 0.88174282 0.041085201 -0.46993793 -62.754532
269 -0.47249643 0.087959889 -0.87693226 -205.86408 0.0052224814 0.99526911 0.097015654 13.926529 0.88131713 0.041259791 -0.4707205 -63.274819
270 -0.47317329 0.08804655 -0.87655853 -206.83161 0.0051464282 0.99525242 0.09719076 14.012324 0.88095436 0.041476929 -0.47138001 -63.797939
271 -0.47372774 0.088193904 -0.87624418 -207.80744 0.0051164438 0.99523174 0.097403866 14.099807 0.88065651 0.041659663 -0.47192015 -64.325242
272 -0.47429893 0.088239095 -0.87593058 -208.78349 0.0049908676 0.99521774 0.097553334 14.186645 0.88034973 0.041897792 -0.47247113 -64.854322
273 -0.47509766 0.088227885 -0.87549875 -209.75998 0.0048028924 0.99520575 0.097684955 14.273788 0.87991999 0.04220497 -0.4732437 -65.385118
274 -0.47586713 0.088307831 -0.87507269 -210.72534 0.0047624282 0.99519075 0.097839704 14.360518 0.87950431 0.042391232 -0.47399915 -65.910449
275 -0.47663629 0.088433395 -0.87464129 -211.70086 0.0047430669 0.99517159 0.098035259 14.448854 0.87908782 0.042578683 -0.47475437 -66.442115
276 -0.47734169 0.088436417 -0.87425621 -212.68708 0.0045470246 0.99515787 0.098183704 14.537678 0.87870602 0.042891914 -0.47543249 -66.981095
277 -0.47796667 0.088460173 -0.87391228 -213.6901 0.0043722073 0.9951432 0.098340272 14.628281 0.87836711 0.04318245 -0.47603208 -67.530149
278 -0.47863359 0.088465365 -0.87354666 -214.70307 0.0041592659 0.99512839 0.098499183 14.719733 0.87800491 0.043511708 -0.47666986 -68.086055
279 -0.4790743 0.08851212 -0.87330031 -215.71641 0.0039861168 0.99511203 0.098671475 14.811335 0.87776532 0.043789894 -0.47708545 -68.642401
280 -0.47949522 0.088407627 -0.87307986 -216.7365 0.0036380521 0.99510402 0.098765716 14.902611 0.87753697 0.044181382 -0.47746928 -69.20424
281 -0.47974584 0.088275793 -0.87295551 -217.77289 0.0032065388 0.99509567 0.098864759 14.995064 0.87740166 0.044630795 -0.4776761 -69.775841
282 -0.48001315 0.088110439 -0.87282526 -218.82814 0.0027202966 0.99508798 0.098956646 15.089236 0.8772571 0.045126151 -0.47789503 -70.358086
