3 0.99999012 0.00035132233 -0.0044311271 -0.011777061 -0.00035127631 0.99999994 1.1163396e-05 -0.018121411 0.0044311307 -9.6067353e-06 0.99999018 0.91433411
4 0.99999978 4.614667e-05 -0.00066731847 -0.0023570051 -4.6094847e-05 1 7.7673975e-05 -0.016336831 0.00066732205 -7.7643197e-05 0.99999977 0.87470576
5 0.99999984 -0.00029832372 -0.00047654698 -0.00013835576 0.00029842309 0.99999993 0.00020847592 -0.014740686 0.00047648475 -0.0002086181 0.99999986 0.88709229
6 0.9999997 -0.00011712744 -0.00076888914 -0.002010502 0.00011720787 0.99999999 0.00010456107 -0.015746333 0.00076887688 -0.00010465116 0.9999997 0.86919253
7 0.99999955 1.9340834e-05 -0.00094690452 -0.0027208968 -1.9252556e-05 1 9.3237821e-05 -0.015755745 0.00094690632 -9.3219549e-05 0.99999955 0.86159358
8 0.9999997 0.00014492785 -0.00075671656 -0.0024525468 -0.00014489235 0.99999999 4.6960274e-05 -0.015974517 0.00075672335 -4.6850618e-05 0.99999971 0.85477695
9 0.99999975 0.00012041227 -0.00069424647 -0.0021225914 -0.00012038898 0.99999999 3.359351e-05 -0.015732761 0.00069425051 -3.3509922e-05 0.99999976 0.84470325
10 0.99999985 -3.9298855e-05 -0.00053841497 -0.0015457294 3.9332185e-05 1 6.1894259e-05 -0.014643257 0.00053841254 -6.1915427e-05 0.99999985 0.81017133
11 0.99999961 0.00027553694 -0.00083944853 -0.0026135585 -0.00027558165 0.99999996 -5.3136224e-05 -0.015267647 0.00083943386 5.336754e-05 0.99999965 0.7977553
12 0.99999984 0.00021759786 -0.00051257123 -0.0014768327 -0.00021762238 0.99999998 -4.7768228e-05 -0.014491168 0.00051256083 4.7879768e-05 0.99999987 0.77374564
13 0.99999976 0.0003428207 -0.0006056132 -0.00173765 -0.00034290702 0.99999993 -0.00014243996 -0.014520588 0.00060556432 0.00014264759 0.99999981 0.75192636
14 0.99999984 0.00013277376 -0.00054388905 -0.00097852464 -0.0001328066 0.99999999 -6.0340137e-05 -0.013065741 0.00054388103 6.0412359e-05 0.99999985 0.72581468
15 0.99999965 0.00024630946 -0.00079779941 -0.0015640899 -0.00024641062 0.99999996 -0.00012670624 -0.013118101 0.00079776817 0.00012690278 0.99999967 0.71374902
16 0.99999735 0.0013790227 -0.0018441248 -0.0071615793 -0.001379761 0.99999897 -0.00039913586 -0.017640578 0.0018435725 0.00040167925 0.99999822 0.76327048
17 0.99999653 0.0015587742 -0.0021223627 -0.0078081399 -0.0015601052 0.99999859 -0.00062559679 -0.01946543 0.0021213846 0.00062890573 0.99999755 0.77891035
18 0.99999984 0.00034905303 -0.00044962369 -0.00066474533 -0.00034918 0.9999999 -0.00028234551 -0.014303733 0.00044952509 0.00028250246 0.99999986 0.73039905
19 0.99999997 0.00024217702 4.8111906e-05 0.0011596049 -0.00024216017 0.99999991 -0.00035003516 -0.013069852 -4.8196672e-05 0.0003500235 0.99999994 0.69063882
20 0.99999887 -0.00090099645 0.0012017706 0.0050050105 0.00090101458 0.99999959 -1.4545029e-05 -0.0065314167 -0.001201757 1.5627825e-05 0.99999928 0.56474972
21 0.99999992 0.00040313543 8.5923955e-05 0.0011748716 -0.00040308376 0.99999974 -0.00060056328 -0.0099383214 -8.6166041e-05 0.00060052859 0.99999982 0.55350525
22 0.9999989 -0.00037870366 0.0014329964 0.0043512218 0.00037918229 0.99999987 -0.00033375043 -0.0074225026 -0.0014328698 0.00033429343 0.99999892 0.52392552
23 0.99999881 -0.00092250388 0.0012356486 0.0048202113 0.00092270763 0.99999956 -0.00016433236 -0.006115887 -0.0012354965 0.00016547231 0.99999922 0.50592636
24 0.99999761 -0.0013944887 0.0016826834 0.0056343351 0.0013945613 0.99999903 -4.198399e-05 -0.0036119401 -0.0016826233 4.4330495e-05 0.99999858 0.44252129
25 0.99999994 -0.00015382779 0.00031818009 0.0020046602 0.00015401045 0.99999982 -0.0005741351 -0.0073877291 -0.00031809172 0.00057418406 0.99999978 0.46755109
26 0.99999994 -0.00013624227 -0.00031648094 0.00059679585 0.00013608133 0.99999986 -0.00050846993 -0.0072020135 0.00031655017 0.00050842683 0.99999982 0.44192025
27 0.99999907 0.00011916461 -0.0013565331 -0.00047512766 -0.00012017346 0.99999972 -0.00074364038 -0.0069320864 0.0013564441 0.00074380271 0.9999988 0.41162814
28 0.99999923 -0.00022014008 0.001220154 0.00067489219 0.00022083005 0.99999982 -0.00056537177 -0.0034806598 -0.0012200293 0.00056564078 0.9999991 0.29195153
29 0.99999992 0.00027280551 -0.00028394993 -0.00084019967 -0.00027301584 0.99999969 -0.0007409361 -0.0024267314 0.00028374771 0.00074101357 0.99999969 0.23995163
30 0.99999798 0.00058267421 -0.0019250279 -0.0034376833 -0.00058353814 0.99999973 -0.00044825812 -0.0027222686 0.0019247661 0.00044938054 0.99999805 0.22743994
31 0.99999493 0.0011049218 -0.0029857933 -0.0055115026 -0.0011067237 0.99999921 -0.0006018884 -0.0044174099 0.0029851259 0.0006051898 0.99999536 0.25247802
32 0.9999942 0.0012556428 -0.0031647971 -0.005282427 -0.0012583469 0.99999884 -0.00085256705 -0.0041915912 0.0031637229 0.00085654452 0.99999463 0.24197829
33 0.99998933 0.0018144476 -0.0042472735 -0.0069221308 -0.0018193482 0.99999768 -0.0011502555 -0.006035562 0.0042451766 0.0011579705 0.99999032 0.25792456
34 0.99998969 0.0014081392 -0.0043178764 -0.0064643571 -0.0014124474 0.99999851 -0.00099488135 -0.0041885649 0.004316469 0.0010009699 0.99999018 0.22993036
35 0.99998558 0.0017268175 -0.0050859284 -0.0075097982 -0.0017306519 0.99999822 -0.00074962383 -0.0046059484 0.0050846249 0.00075841499 0.99998679 0.22975216
36 0.99999018 0.0014983757 -0.004171831 -0.0063724911 -0.0015014892 0.9999986 -0.000743289 -0.003107792 0.0041707114 0.00074954566 0.99999102 0.2122744
37 0.99999508 0.0019466845 -0.0024595924 -0.0030900155 -0.0019472321 0.99999808 -0.00022023694 -0.00079828458 0.002459159 0.00022502525 0.99999695 0.1937207
38 0.99999072 0.0023699614 -0.0035973133 -0.002952526 -0.0023711466 0.99999714 -0.00032523361 -0.00057821244 0.0035965322 0.00033376035 0.99999348 0.18851183
39 0.9999929 0.0017044529 -0.0033612928 0.0022254607 -0.0016969114 0.99999604 0.0022452017 0.0019008483 0.0033651063 -0.0022394819 0.99999183 0.17503318
40 0.99998825 0.0019573764 -0.0044342036 0.0021044095 -0.001946957 0.99999534 0.0023528821 0.0019306006 0.0044387884 -0.0023442212 0.9999874 0.17482884
41 0.99998402 0.0012966847 -0.0055025913 0.0029593965 -0.0012793058 0.99999419 0.0031606622 0.0022329616 0.0055066577 -0.0031535722 0.99997987 0.17324698
42 0.99998611 0.0011227369 -0.0051504761 0.0019769581 -0.0011105487 0.99999658 0.0023686731 0.0021170481 0.0051531179 -0.0023629203 0.99998393 0.17805392
43 0.99997482 0.002051662 -0.0067933645 0.00085890843 -0.0020341713 0.9999946 0.002580572 0.0022490131 0.0067986223 -0.0025666881 0.9999736 0.17799526
44 0.99997167 0.0016880633 -0.0073359316 0.00045680738 -0.0016675103 0.99999467 0.0028068997 0.0025098651 0.0073406307 -0.0027945874 0.99996915 0.17936265
45 0.99996545 0.0014886008 -0.0081786309 -0.0004407266 -0.0014629826 0.99999401 0.0031374193 0.0023878325 0.0081832523 -0.0031253457 0.99996163 0.1831792
46 0.99994098 6.5656021e-05 -0.010864233 -0.0019024005 -4.239772e-05 0.99999771 0.0021410303 0.0021698498 0.010864349 -0.0021404433 0.99993869 0.19542321
47 0.99982709 0.00035235775 -0.01859215 -0.0097823549 -0.00033561698 0.99999954 0.00090353393 -0.00064718943 0.018592459 -0.00089713785 0.99982674 0.22582498
48 0.99964922 0.0008789664 -0.026470172 -0.019924811 -0.0008552397 0.99999922 0.00090766406 -0.003708082 0.026470949 -0.00088470733 0.99964919 0.25895572
49 0.99957069 0.00029923536 -0.029297421 -0.025462521 -0.00026220353 0.99999916 0.0012678299 -0.0044759434 0.029297776 -0.0012596037 0.99956993 0.29519126
50 0.99946386 0.0031663341 -0.032587731 -0.034852676 -0.0031121207 0.99999369 0.0017141992 -0.0093498843 0.032592953 -0.0016118632 0.99946741 0.30094243
51 0.99902327 0.0054995169 -0.043843631 -0.043324286 -0.005474906 0.99998478 0.00068139148 -0.011535362 0.043846711 -0.00044068619 0.99903817 0.27996983
52 0.99910608 0.0011937529 -0.042256529 -0.041287585 -0.0011708844 0.99999915 0.00056592987 -0.0065858536 0.042257169 -0.00051594646 0.99910663 0.34936717
53 0.99906818 -0.0002877972 -0.043158925 -0.045297899 0.00034533749 0.99999906 0.001325769 -0.0045567428 0.043158502 -0.001339438 0.99906734 0.39980615
54 0.99875931 -0.00066386696 -0.04979359 -0.053894569 0.00078214875 0.99999692 0.0023559946 -0.0035819025 0.049791872 -0.0023920175 0.99875675 0.41143119
55 0.99873911 0.00017501524 -0.050201202 -0.059231953 -0.00012296059 0.99999945 0.0010400067 -0.006614296 0.050201357 -0.0010325226 0.99873858 0.44208461
56 0.99860708 0.00069517258 -0.052758158 -0.062859993 -0.00060458697 0.99999832 0.0017329375 -0.0070431787 0.052759274 -0.0016986267 0.99860581 0.43532934
57 0.99852407 0.0019251857 -0.054276855 -0.062212269 -0.0018523518 0.99999732 0.0013921722 -0.0088866287 0.054279389 -0.0012895777 0.99852495 0.40166405
58 0.99844217 0.001257013 -0.055782208 -0.06295286 -0.0011521287 0.99999751 0.0019123668 -0.0072765809 0.055784473 -0.0018451194 0.99844113 0.39474175
59 0.99822973 0.0016757906 -0.059452466 -0.062950089 -0.0016169568 0.99999815 0.0010376883 -0.0074184432 0.059454095 -0.0009397192 0.9982306 0.37657042
60 0.99811804 0.00086365743 -0.061315865 -0.06512787 -0.00078705033 0.99999888 0.0012735256 -0.0059239257 0.061316896 -0.0012228702 0.9981176 0.39725259
61 0.9980487 0.0015736487 -0.062420532 -0.069914214 -0.0014924807 0.99999798 0.001346947 -0.0076779972 0.062422525 -0.0012511573 0.99804903 0.40318376
62 0.99792015 0.0019999954 -0.064431115 -0.073090694 -0.0019519288 0.99999777 0.00080895464 -0.008448956 0.06443259 -0.00068150719 0.99792183 0.40642209
63 0.99785079 0.0015138008 -0.065509653 -0.074651617 -0.0014508567 0.99999844 0.0010083992 -0.0073514137 0.065511078 -0.00091118683 0.99785143 0.41984602
64 0.99792767 0.0035955833 -0.064245105 -0.074201325 -0.0036055414 0.9999935 -3.9062369e-05 -0.011352252 0.064244547 0.0002706198 0.99793415 0.40151084
65 0.99788869 0.002094972 -0.064913638 -0.071382073 -0.0020533212 0.99999764 0.00070834168 -0.0080614122 0.064914969 -0.00057355759 0.99789063 0.40579199
66 0.99786905 0.001666606 -0.065227191 -0.072993554 -0.0016014222 0.99999816 0.0010516062 -0.0073385568 0.065228824 -0.00094490905 0.99786989 0.42250541
67 0.998038 0.00094295612 -0.062604003 -0.072309964 -0.00086647271 0.99999884 0.0012488394 -0.006224738 0.062605108 -0.0011921445 0.99803766 0.44372847
68 0.99818658 -0.00023525213 -0.060195434 -0.071491477 0.00033319346 0.99999864 0.0016170235 -0.0038587838 0.060194972 -0.0016341479 0.9981853 0.47152264
69 0.99819774 0.00093919772 -0.060003298 -0.076877534 -0.00085882402 0.9999987 0.0013652633 -0.007199282 0.060004503 -0.0013112705 0.99819725 0.48694493
70 0.99807701 0.0014595794 -0.061968969 -0.078404568 -0.0013811462 0.99999819 0.0013085004 -0.0077596496 0.061970767 -0.001220396 0.99807722 0.47692336
71 0.99814803 0.0010672149 -0.060822418 -0.075876127 -0.0009961294 0.99999879 0.0011990487 -0.0069646612 0.060823624 -0.0011362411 0.99814788 0.47798463
72 0.9982681 -0.00026176872 -0.058828064 -0.0758743 0.00033835941 0.99999911 0.001291984 -0.003890237 0.058827673 -0.0013096515 0.99826729 0.52357946
73 0.99816518 -0.00020584939 -0.060549331 -0.078982928 0.00029943135 0.99999877 0.0015364795 -0.0034359798 0.060548941 -0.0015517908 0.99816402 0.52716491
74 0.99843814 0.0012531682 -0.055854425 -0.084431684 -0.0012338954 0.99999917 0.00037953896 -0.0079988209 0.055854854 -0.00031002765 0.99843885 0.61978116
75 0.99863271 0.0014474907 -0.052255294 -0.087641452 -0.0014086671 0.9999987 0.00077978246 -0.0059963326 0.052256355 -0.00070510596 0.99863345 0.71973659
76 0.99885829 0.00148412 -0.047748544 -0.080914521 -0.0014569025 0.99999876 0.00060481476 -0.006014358 0.047749382 -0.00053455926 0.9988592 0.71355819
77 0.99916127 -0.00048532875 -0.040945348 -0.068071646 0.00051544838 0.9999996 0.00072505194 -0.0044370304 0.040944979 -0.00074554904 0.99916112 0.7168753
78 0.99899998 -0.00086484677 -0.044702151 -0.065119847 0.00092098619 0.99999881 0.0012352751 -0.0029137117 0.044701029 -0.0012752098 0.9989996 0.61394254
79 0.99913833 0.00033180973 -0.041502959 -0.06009094 -0.00030854456 0.99999979 0.00056697086 -0.0056345032 0.041503138 -0.00055367681 0.99913822 0.60403959
80 0.99920102 0.00065011224 -0.039961187 -0.062420039 -0.00064068429 0.99999976 0.00024873353 -0.0073774807 0.039961339 -0.00022293229 0.9992012 0.65404636
81 0.99947525 -0.0010984236 -0.032373084 -0.05155984 0.0011288125 0.99999894 0.0009204483 -0.0022725453 0.032372039 -0.00095650844 0.99947543 0.74221596
82 0.9997741 -0.0010808622 -0.02122705 -0.039405418 0.0010981357 0.99999908 0.00080210669 -0.0061932626 0.021226163 -0.00082523567 0.99977436 0.8650934
83 0.99993049 -0.0010375158 -0.011744819 -0.020973239 0.0010458848 0.9999992 0.00070645184 -0.008464568 0.011744076 -0.00071868646 0.99993078 0.89951568
84 0.9999756 -0.00070678703 -0.0069497718 -0.012085213 0.00071052135 0.9999996 0.0005348753 -0.011149198 0.006949391 -0.00053980021 0.99997571 0.91944115
85 0.9999943 -0.00055774861 -0.0033297463 -0.0049794962 0.00055926355 0.99999974 0.0004540575 -0.012996688 0.0033294922 -0.00045591712 0.99999435 0.94895149
86 0.99999794 -0.00058042106 -0.001945476 -0.0023421181 0.00058119741 0.99999975 0.00039851722 -0.014524037 0.0019452442 -0.0003996471 0.99999803 0.97661932
87 0.99999867 -0.00024566662 -0.0016102776 -0.0030170566 0.00024618536 0.99999992 0.00032195092 -0.016697427 0.0016101983 -0.00032234692 0.99999865 1.022255
88 0.99999931 -1.0407376e-05 -0.0011766501 -0.0030661098 1.069498e-05 0.99999997 0.00024441971 -0.018684177 0.0011766475 -0.00024443212 0.99999928 1.0584036
89 0.9999999 6.5970219e-05 -0.00043119195 -0.0034045734 -6.5925497e-05 0.99999999 0.0001037315 -0.021573261 0.00043119879 -0.00010370306 0.9999999 1.0604501
90 0.99999898 0.00045347891 -0.0013573881 -0.0060456158 -0.00045346738 0.9999999 8.8043469e-06 -0.022192342 0.0013573919 -8.1888067e-06 0.99999908 1.0694458
91 0.99999932 0.00036533436 -0.001106333 -0.0047418547 -0.0003653329 0.99999993 1.5201473e-06 -0.021481935 0.0011063335 -1.1159665e-06 0.99999939 1.0595235
92 0.99999976 -0.00015114851 -0.00066891489 -0.0032201289 0.00015129586 0.99999996 0.00022024164 -0.020475197 0.00066888158 -0.00022034279 0.99999975 1.0913043
93 0.99999855 -0.00049231127 -0.0016277078 -0.0021187964 0.00049309215 0.99999976 0.00047937182 -0.015735899 0.0016274714 -0.00048017373 0.99999856 1.0765454
94 0.99999718 -0.00078217126 -0.0022420196 -0.0022194852 0.00078354185 0.99999951 0.0006105036 -0.013471222 0.002241541 -0.0006122586 0.9999973 1.0605276
95 0.99999755 -0.0006159238 -0.0021274526 -0.0034250732 0.0006169644 0.99999969 0.00048850993 -0.01587427 0.0021271511 -0.00048982129 0.99999762 1.0866535
96 0.99999768 -4.344166e-05 -0.0021549951 -0.005633738 4.4070944e-05 0.99999996 0.0002919652 -0.018846605 0.0021549823 -0.00029205949 0.99999764 1.0966368
97 0.99999955 -0.00013816022 -0.00094370503 -0.0020506161 0.00013841371 0.99999995 0.00026854864 -0.018899703 0.00094366789 -0.00026867914 0.99999952 1.0853561
98 0.9999999 2.7047314e-05 -0.00045720935 -0.0024767718 -2.6981968e-05 0.99999999 0.0001429305 -0.020804377 0.00045721321 -0.00014291815 0.99999989 1.0738242
99 0.99999918 0.00043322579 -0.001208387 -0.0049622813 -0.00043313299 0.9999999 7.7053396e-05 -0.021389822 0.0012084203 -7.652994e-05 0.99999927 1.0757201
100 0.9999996 0.0002200426 -0.00086596543 -0.0032182191 -0.00021994404 0.99999997 0.00011389883 -0.020451971 0.00086599047 -0.00011370832 0.99999962 1.0627329
101 0.99999954 -2.7522123e-05 -0.00096122149 -0.0032196075 2.7686003e-05 0.99999999 0.0001704779 -0.019804481 0.00096121678 -0.00017050443 0.99999952 1.0574987
102 0.99999889 -0.00010517643 -0.0014873745 -0.003168521 0.00010561306 0.99999995 0.00029348294 -0.017687785 0.0014873435 -0.0002936397 0.99999885 1.0503797
103 0.99999959 -5.8041961e-05 -0.00090585075 -0.0022521495 5.8237523e-05 0.99999998 0.00021586273 -0.018635217 0.0009058382 -0.0002159154 0.99999957 1.0433853
104 0.99999944 3.2008509e-06 -0.0010603002 -0.0030816453 -2.9856014e-06 0.99999998 0.00020300954 -0.019352311 0.0010603008 -0.00020300626 0.99999942 1.0622533
105 0.99999915 6.9835215e-05 -0.0013023729 -0.0038177468 -6.9589385e-05 0.99999998 0.00018879968 -0.019501041 0.001302386 -0.00018870889 0.99999913 1.0612564
106 0.99999943 0.00039272179 -0.00099508239 -0.0047484338 -0.00039267933 0.99999992 4.2863546e-05 -0.021735692 0.00099509914 -4.2472773e-05 0.9999995 1.0639926
107 0.99999959 0.0002726364 -0.00086132228 -0.004155717 -0.00027256669 0.99999996 8.1044011e-05 -0.02179896 0.00086134434 -8.080921e-05 0.99999963 1.0843184
108 0.99999954 0.00031291824 -0.00090125181 -0.0049797871 -0.00031288902 0.99999995 3.2562088e-05 -0.022682389 0.00090126195 -3.2280082e-05 0.99999959 1.0853356
109 0.99999953 0.00048568045 -0.00083388802 -0.0054375244 -0.00048567264 0.99999988 9.5681727e-06 -0.02361325 0.00083389257 -9.1631716e-06 0.99999965 1.1081668
110 0.99999989 0.00026725308 -0.00039691046 -0.0031362556 -0.00026722034 0.99999996 8.2519702e-05 -0.022487561 0.0003969325 -8.241363e-05 0.99999992 1.1085469
111 0.99999987 0.00028919289 -0.00042898694 -0.003095092 -0.00028915933 0.99999996 7.8305003e-05 -0.022587324 0.00042900957 -7.8180947e-05 0.9999999 1.1142173
112 0.99999983 0.00023485002 -0.00052505711 -0.0027774724 -0.00023478862 0.99999997 0.0001170016 -0.021847677 0.00052508457 -0.0001168783 0.99999986 1.111875
113 0.9999998 0.00024071622 -0.00058265393 -0.002988027 -0.00024064627 0.99999996 0.00012012308 -0.02180636 0.00058268283 -0.00011998284 0.99999982 1.1110236
114 0.99999974 0.00028132286 -0.00066604965 -0.0035276387 -0.00028124395 0.99999995 0.00011857117 -0.022050154 0.00066608298 -0.00011838382 0.99999977 1.1081055
115 0.99999948 0.00041029439 -0.00093348649 -0.0047971782 -0.00041023245 0.99999991 6.6548342e-05 -0.022676726 0.00093351372 -6.6165361e-05 0.99999956 1.1068759
116 0.99999954 0.00025302465 -0.00092346729 -0.0037213967 -0.00025290613 0.99999996 0.00012845638 -0.021351802 0.00092349976 -0.00012822277 0.99999957 1.1038258
117 0.99999965 6.1367003e-05 -0.00083571109 -0.0028099614 -6.1197368e-05 0.99999998 0.00020300725 -0.020767991 0.00083572353 -0.00020295603 0.99999963 1.1204547
118 0.99999953 5.7033857e-05 -0.00096590675 -0.0031226364 -5.6804204e-05 0.99999997 0.00023778518 -0.020805343 0.00096592028 -0.0002377302 0.99999951 1.1328324
119 0.99999956 9.226062e-05 -0.00093314504 -0.0034272225 -9.2067858e-05 0.99999997 0.000206613 -0.02118908 0.00093316408 -0.000206527 0.99999954 1.1286539
120 0.99999968 0.00030106137 -0.00074407791 -0.003770977 -0.00030097085 0.99999995 0.00012176385 -0.022124475 0.00074411453 -0.00012153987 0.99999972 1.1185702
121 0.99999983 0.00039894759 -0.00041806778 -0.0034957075 -0.00039892122 0.99999992 6.3169855e-05 -0.022911393 0.00041809294 -6.3003068e-05 0.99999991 1.1138048
122 0.99999981 0.00042190568 -0.0004469857 -0.0041632506 -0.00042187609 0.99999991 6.6289446e-05 -0.023611322 0.00044701363 -6.6100861e-05 0.9999999 1.1280672
123 0.99999981 0.00026813379 -0.0005492316 -0.003446166 -0.00026805721 0.99999995 0.00013949637 -0.022729077 0.00054926898 -0.00013934912 0.99999984 1.140608
124 0.99999986 0.00029099872 -0.00044391417 -0.0034676436 -0.0002909496 0.99999995 0.00011070966 -0.023045129 0.00044394636 -0.00011058049 0.9999999 1.138136
125 0.99999989 0.00030982923 -0.00035182244 -0.0030320721 -0.0003097901 0.99999995 0.00011127926 -0.022799707 0.0003518569 -0.00011117026 0.99999993 1.1363064
126 0.99999992 0.00024002453 -0.00033047622 -0.0029369904 -0.00023998204 0.99999996 0.0001286209 -0.022649373 0.00033050708 -0.00012854158 0.99999994 1.1291323
127 0.99999993 0.00024948873 -0.00029367717 -0.0027849819 -0.00024945551 0.99999996 0.00011315479 -0.022549356 0.00029370539 -0.00011308152 0.99999995 1.1249079
128 0.99999994 0.00022041489 -0.00025198951 -0.0026262897 -0.00022038007 0.99999997 0.00013816227 -0.022386841 0.00025201996 -0.00013810673 0.99999996 1.1242752
129 0.99999981 0.00043233311 -0.00044889619 -0.0039224028 -0.00043230592 0.9999999 6.0645454e-05 -0.023486938 0.00044892237 -6.0451382e-05 0.9999999 1.1305216
130 0.99999992 0.00025974299 -0.00029912161 -0.0028622121 -0.00025970483 0.99999996 0.00012759371 -0.022690371 0.00029915474 -0.00012751602 0.99999995 1.1300653
131 0.99999988 0.00018336583 -0.00045072382 -0.0028695298 -0.00018329179 0.99999997 0.00016430814 -0.022363098 0.00045075394 -0.00016422551 0.99999988 1.1398246
132 0.99999986 0.00031522119 -0.00042960329 -0.0034464447 -0.00031516753 0.99999994 0.00012495997 -0.023127327 0.00042964265 -0.00012482455 0.9999999 1.1543456
133 0.99999983 0.00028569078 -0.00050488322 -0.0032598133 -0.00028562985 0.99999995 0.00012075362 -0.022901569 0.00050491769 -0.00012060939 0.99999987 1.1502296
134 0.99999987 0.00028107675 -0.00043224596 -0.0027611092 -0.00028101886 0.99999995 0.00013398502 -0.022707967 0.0004322836 -0.00013386353 0.9999999 1.15143
135 0.99999987 0.00022352257 -0.0004667739 -0.0030053574 -0.00022346194 0.99999997 0.00012994239 -0.022764651 0.00046680293 -0.00012983806 0.99999988 1.1471047
136 0.99999982 0.00031065615 -0.00052195338 -0.0035265735 -0.00031057813 0.99999994 0.00014955052 -0.02322669 0.00052199981 -0.00014938839 0.99999985 1.1732803
137 0.99999974 0.00048390121 -0.00053793965 -0.0045879017 -0.00048384742 0.99999988 0.00010011226 -0.024555709 0.00053798802 -9.9851952e-05 0.99999985 1.186756
138 0.99999981 0.00054265084 -0.00030669858 -0.0045880593 -0.00054263182 0.99999985 6.2089883e-05 -0.025451485 0.00030673223 -6.1923447e-05 0.99999995 1.1968373
139 0.99999971 0.00066513006 -0.00036829098 -0.0054446504 -0.00066511682 0.99999978 3.6090582e-05 -0.026300422 0.0003683149 -3.5845615e-05 0.99999993 1.2062542
140 0.99999983 0.00046059904 -0.00036045348 -0.0043000844 -0.00046058268 0.99999989 4.5470147e-05 -0.025222322 0.00036047438 -4.5304121e-05 0.99999993 1.1870405
141 0.99999998 0.00015958211 -9.3611168e-05 -0.0019512444 -0.00015956842 0.99999998 0.00014626484 -0.023225471 9.3634507e-05 -0.0001462499 0.99999998 1.1718933
142 0.99999994 0.0002849663 -0.00020902772 -0.0025111902 -0.00028493889 0.99999995 0.0001311677 -0.023564168 0.00020906509 -0.00013110813 0.99999997 1.1793779
143 0.99999991 0.00035302686 -0.00025014764 -0.0030331561 -0.00035299757 0.99999993 0.00011711315 -0.024109235 0.00025018897 -0.00011702484 0.99999996 1.1897714
144 0.99999978 0.00061420686 -0.0002346432 -0.0050369835 -0.00061419887 0.99999981 3.4113543e-05 -0.026320741 0.00023466411 -3.3969418e-05 0.99999997 1.2091329
145 0.99999973 0.00063793468 -0.00036985052 -0.0051406847 -0.00063791207 0.99999979 6.1229138e-05 -0.026134888 0.00036988951 -6.0993189e-05 0.99999993 1.2131126
146 0.99999989 0.00041297965 -0.00023751109 -0.0038118985 -0.00041295061 0.99999991 0.00012233332 -0.025366 0.00023756159 -0.00012223523 0.99999996 1.222817
147 0.99999989 0.00034339855 -0.00032563554 -0.003312245 -0.00034336048 0.99999993 0.0001169359 -0.024619689 0.00032567567 -0.00011682407 0.99999994 1.2080546
148 0.99999987 0.00026713442 -0.00043713016 -0.0027879964 -0.00026707192 0.99999995 0.00014303121 -0.023302652 0.00043716834 -0.00014291445 0.99999989 1.1830552
149 0.99999988 0.00029389104 -0.00039624529 -0.0028098257 -0.00029384265 0.99999995 0.00012217708 -0.023025787 0.00039628117 -0.00012206063 0.99999991 1.1590699
150 0.99999993 0.00020113981 -0.00032006916 -0.0022344543 -0.00020109118 0.99999997 0.0001519776 -0.022481661 0.00032009972 -0.00015191323 0.99999994 1.1545352
151 0.99999989 0.00023049838 -0.00041554406 -0.0028336897 -0.00023043807 0.99999996 0.00014518 -0.022857089 0.00041557751 -0.00014508423 0.9999999 1.161576
152 0.99999977 0.00031352296 -0.00059834933 -0.0037623708 -0.00031344627 0.99999994 0.00012824901 -0.023156257 0.00059838951 -0.00012806143 0.99999981 1.1603303
153 0.99999984 0.00030263471 -0.00047648029 -0.0036264455 -0.00030258362 0.99999995 0.00010729074 -0.023176239 0.00047651274 -0.00010714655 0.99999988 1.1450241
154 0.99999989 0.00035855234 -0.00031436147 -0.0035217864 -0.00035852809 0.99999993 7.7188348e-05 -0.023542593 0.00031438913 -7.7075632e-05 0.99999995 1.1398459
155 0.99999992 0.00032455888 -0.00024781247 -0.0030002381 -0.00032453379 0.99999994 0.0001012587 -0.023226234 0.00024784532 -0.00010117827 0.99999996 1.1438326
156 0.99999992 0.00024941455 -0.00029876586 -0.0025879071 -0.00024937867 0.99999996 0.00012011913 -0.022778849 0.00029879581 -0.00012004461 0.99999995 1.1428948
157 0.99999995 0.00023784744 -0.00018878086 -0.0027465556 -0.00023782413 0.99999996 0.00012347417 -0.02316111 0.00018881022 -0.00012342926 0.99999997 1.1492069
158 0.99999985 0.0004150781 -0.00036911137 -0.0036978006 -0.00041505015 0.99999991 7.5793518e-05 -0.023846229 0.0003691428 -7.5640307e-05 0.99999993 1.1541472
159 0.99999978 0.00060569985 -0.00027231203 -0.0044874879 -0.00060569057 0.99999982 3.413548e-05 -0.025243745 0.00027233266 -3.3970536e-05 0.99999996 1.1776948
160 0.99999977 0.00062276815 -0.00025378774 -0.0048194028 -0.00062275772 0.99999981 4.1185944e-05 -0.026013794 0.00025381334 -4.1027886e-05 0.99999997 1.2032263
161 0.99999979 0.00056843071 -0.00030514161 -0.0048166841 -0.00056841363 0.99999984 5.607e-05 -0.02620669 0.00030517343 -5.5896542e-05 0.99999995 1.2189738
162 0.99999989 0.00033243305 -0.00034007337 -0.0031801577 -0.00033240059 0.99999994 9.5502625e-05 -0.024105671 0.0003401051 -9.5389574e-05 0.99999994 1.1836356
163 0.99999999 7.9881726e-05 -0.00012647347 -0.0018543501 -7.9858574e-05 0.99999998 0.00018305459 -0.022745437 0.00012648809 -0.00018304449 0.99999998 1.1723236
164 0.99999996 0.00021957463 -0.00019110396 -0.0026157961 -0.00021955097 0.99999997 0.00012380399 -0.023376335 0.00019113113 -0.00012376203 0.99999997 1.1622839
165 0.99999993 0.00030269831 -0.00022993662 -0.0026903387 -0.00030266832 0.99999995 0.0001304316 -0.023381492 0.00022997609 -0.00013036199 0.99999997 1.170452
166 0.99999995 0.00022331938 -0.00021531624 -0.0025098496 -0.00022329096 0.99999997 0.00013198602 -0.023240825 0.0002153457 -0.00013193793 0.99999997 1.1643401
167 0.99999984 0.00030015176 -0.00047967471 -0.0033210605 -0.00030009174 0.99999995 0.0001251922 -0.023240441 0.00047971226 -0.00012504823 0.99999988 1.1647123
168 0.99999971 0.00045063004 -0.00060735788 -0.004197818 -0.00045058083 0.9999999 8.1160637e-05 -0.024034955 0.00060739439 -8.088695e-05 0.99999981 1.17271
169 0.99999972 0.00038272931 -0.00065023202 -0.0042969577 -0.00038266383 0.99999992 0.00010082206 -0.023907327 0.00065027056 -0.00010057321 0.99999978 1.172348
170 0.99999983 0.00026989422 -0.00051361647 -0.0035478685 -0.00026979441 0.99999994 0.00019438737 -0.023534609 0.00051366891 -0.00019424876 0.99999985 1.2072867
171 0.99999961 0.00042470641 -0.00077133917 -0.0047307506 -0.0004245979 0.9999999 0.00014083497 -0.02446648 0.00077139891 -0.00014050741 0.99999969 1.2185614
172 0.99999985 0.00035063787 -0.00041297691 -0.0032478722 -0.000350573 0.99999993 0.0001571572 -0.0241531 0.00041303199 -0.0001570124 0.9999999 1.2163222
173 0.99999991 0.00033161897 -0.00025132564 -0.0031430254 -0.00033158218 0.99999993 0.00014640354 -0.024481478 0.00025137418 -0.0001463202 0.99999996 1.2139664
174 0.99999986 0.00036753796 -0.00038513559 -0.0031542761 -0.00036748468 0.99999992 0.00013842557 -0.024158585 0.00038518644 -0.00013828402 0.99999992 1.2110222
175 0.99999991 0.00029932123 -0.00029293156 -0.0025769978 -0.00029927806 0.99999994 0.00014740194 -0.023760778 0.00029297567 -0.00014731426 0.99999995 1.2012662
176 0.99999991 0.00025260256 -0.00034930303 -0.0029166787 -0.00025255679 0.99999996 0.000131097 -0.023738424 0.00034933613 -0.00013100877 0.99999993 1.1864201
177 0.9999999 0.00026625627 -0.00037246476 -0.0027989618 -0.00026619598 0.99999995 0.0001618826 -0.023347758 0.00037250785 -0.00016178343 0.99999992 1.1909642
178 0.99999984 0.00052804063 -0.00022292796 -0.00470815 -0.00052802414 0.99999986 7.4031772e-05 -0.025808569 0.00022296702 -7.3914048e-05 0.99999997 1.2112545
179 0.99999975 0.00061544414 -0.00034358651 -0.0046812672 -0.00061541143 0.99999981 9.5298973e-05 -0.025796851 0.00034364509 -9.5087502e-05 0.99999994 1.2321206
180 0.99999986 0.00047947249 -0.000238814 -0.0040606638 -0.00047945005 0.99999988 9.4045835e-05 -0.025854965 0.00023885907 -9.3931322e-05 0.99999997 1.2377431
181 0.99999971 0.00061103371 -0.00044712451 -0.0051838725 -0.00061101717 0.99999981 3.7146347e-05 -0.02648 0.00044714712 -3.6873135e-05 0.9999999 1.2250713
182 0.99999985 0.0005165066 -0.00020059065 -0.0041630832 -0.00051648536 0.99999986 0.00010588901 -0.025964063 0.00020064531 -0.00010578539 0.99999997 1.2400569
183 0.99999979 0.00043235135 -0.00049245774 -0.0044317876 -0.00043229757 0.9999999 0.00010932005 -0.025571757 0.00049250495 -0.00010910714 0.99999987 1.2424383
184 0.99999987 0.00033294034 -0.00039010886 -0.0033268912 -0.00033286689 0.99999993 0.00018833426 -0.024345386 0.00039017153 -0.00018820438 0.99999991 1.2453603
185 0.99999985 0.00040049468 -0.00036386882 -0.0041947828 -0.00040044715 0.99999991 0.00013070332 -0.025584885 0.00036392113 -0.00013055759 0.99999993 1.2468995
186 0.99999993 0.00036322274 -0.0001214332 -0.0028998256 -0.00036320261 0.99999992 0.00016576815 -0.025178143 0.0001214934 -0.00016572403 0.99999998 1.2584865
187 0.99999997 0.00022030913 4.5379736e-05 -0.0022763139 -0.00022031802 0.99999996 0.00019608329 -0.025496107 -4.5336535e-05 -0.00019609328 0.99999998 1.2790964
188 0.99999998 0.00019035564 -0.00011418088 -0.0018352535 -0.00019033342 0.99999996 0.00019450499 -0.024514392 0.0001142179 -0.00019448326 0.99999997 1.2562621
189 0.99999996 0.00023680896 -0.00014122388 -0.0022766462 -0.00023678471 0.99999996 0.00017165184 -0.024203772 0.00014126452 -0.0001716184 0.99999998 1.2266535
190 0.99999996 0.00020156488 -0.00019015302 -0.0025452134 -0.00020153543 0.99999997 0.00015486102 -0.0241725 0.00019018422 -0.00015482269 0.99999997 1.2121521
191 0.99999992 0.0004019167 -4.5397826e-05 -0.0033244041 -0.00040191034 0.99999991 0.00013985691 -0.025111601 4.5454033e-05 -0.00013983866 0.99999999 1.2276755
192 0.99999987 0.00041956508 -0.00028456245 -0.0037152313 -0.00041952931 0.9999999 0.00012572193 -0.025082251 0.00028461517 -0.00012560253 0.99999995 1.2281588
193 0.99999995 0.00028340959 -0.00016662442 -0.0027902707 -0.00028338377 0.99999995 0.00015498723 -0.024372585 0.00016666833 -0.00015494 0.99999997 1.2174829
194 0.99999986 0.00053247979 2.3112861e-05 -0.0040406861 -0.0005324815 0.99999986 7.4116447e-05 -0.026140005 -2.3073393e-05 -7.4128743e-05 1 1.2231332
195 0.99999984 0.00055821879 -0.00010319617 -0.0039027104 -0.00055821024 0.99999984 8.2797312e-05 -0.025944005 0.00010324237 -8.2739694e-05 0.99999999 1.2323816
196 0.99999987 0.00049897585 -3.7769018e-05 -0.0036151568 -0.00049897214 0.99999987 9.826607e-05 -0.026070107 3.7818046e-05 -9.8247212e-05 0.99999999 1.2450789
197 0.99999983 0.0005601895 -0.00016462681 -0.0041150331 -0.00056017662 0.99999984 7.8273835e-05 -0.026300236 0.00016467063 -7.8181601e-05 0.99999998 1.2423626
198 0.99999984 0.00052760682 -0.00019984196 -0.0040631924 -0.00052758757 0.99999986 9.6338889e-05 -0.026020441 0.00019989276 -9.623344e-05 0.99999998 1.2416379
199 0.99999991 0.00034357015 -0.00024512204 -0.0030404705 -0.00034353994 0.99999993 0.00012330569 -0.024852244 0.00024516438 -0.00012322147 0.99999996 1.2251955
200 0.99999994 0.00027835467 -0.00018477856 -0.0026350772 -0.00027832772 0.99999995 0.00014586657 -0.024245942 0.00018481915 -0.00014581513 0.99999997 1.2113323
201 0.99999988 0.00035773368 -0.00032577654 -0.0032664422 -0.00035769342 0.99999993 0.00012363242 -0.024281655 0.00032582074 -0.00012351588 0.99999994 1.2015523
202 0.9999999 0.00035203916 -0.00027081555 -0.0028659338 -0.00035200416 0.99999993 0.00012929678 -0.024042206 0.00027086105 -0.00012920144 0.99999995 1.199056
203 0.99999995 0.00022915821 -0.00022347505 -0.0026592692 -0.00022912335 0.99999996 0.00015600255 -0.023807444 0.00022351079 -0.00015595133 0.99999996 1.1974943
204 0.99999987 0.00027264678 -0.00043717882 -0.0030837957 -0.0002725835 0.99999995 0.00014479963 -0.023498862 0.00043721828 -0.00014468045 0.99999989 1.1861491
205 0.99999992 0.00024896303 -0.00032443346 -0.0025298442 -0.00024891681 0.99999996 0.00014247932 -0.023194295 0.00032446892 -0.00014239855 0.99999994 1.1750614
206 0.99999996 0.00019612792 -0.00021804447 -0.0024156898 -0.00019609596 0.99999997 0.00014659749 -0.023112265 0.00021807322 -0.00014655473 0.99999997 1.1658862
207 0.99999987 0.00026749229 -0.00044122687 -0.0030674337 -0.0002674318 0.99999995 0.00013715924 -0.023139638 0.00044126354 -0.00013704122 0.99999989 1.1661061
208 0.9999998 0.00050127929 -0.00038973784 -0.0041423229 -0.00050124855 0.99999987 7.8966575e-05 -0.024584879 0.00038977737 -7.8771203e-05 0.99999992 1.1778039
209 0.99999985 0.00038948043 -0.00039228462 -0.0035357715 -0.00038943858 0.99999992 0.00010675334 -0.024118233 0.00039232617 -0.00010660055 0.99999992 1.1801833
210 0.99999976 0.00049199781 -0.00049470197 -0.0044621392 -0.00049195199 0.99999987 9.2736372e-05 -0.0250304 0.00049474753 -9.249298e-05 0.99999987 1.2068673
211 0.99999973 0.00051515765 -0.00053336999 -0.0047688521 -0.00051510308 0.99999986 0.00010243262 -0.02516424 0.00053342268 -0.00010215785 0.99999985 1.2170602
212 0.9999997 0.00039062588 -0.00066518354 -0.0041777089 -0.00039055686 0.99999992 0.00010388499 -0.024392178 0.00066522407 -0.00010362517 0.99999977 1.2030069
213 0.99999987 0.00034113429 -0.00038986383 -0.0034232341 -0.00034107957 0.99999993 0.0001404327 -0.024071213 0.00038991171 -0.0001402997 0.99999991 1.1975373
214 0.99999979 0.00045471152 -0.00045616161 -0.0043170605 -0.00045467708 0.99999989 7.5594751e-05 -0.024586515 0.00045619594 -7.5387329e-05 0.99999989 1.1767774
215 0.99999993 0.0001388113 -0.0003472394 -0.0020748437 -0.00013874133 0.99999997 0.0002015122 -0.022487752 0.00034726737 -0.00020146401 0.99999992 1.1832655
216 0.99999988 0.00028125898 -0.00040268547 -0.0033918427 -0.00028120406 0.99999995 0.00013642455 -0.023821511 0.00040272382 -0.0001363113 0.99999991 1.1874889
217 0.99999985 0.00025371127 -0.00048581795 -0.0031413199 -0.0002536347 0.99999996 0.00015766156 -0.023106383 0.00048585793 -0.00015753831 0.99999987 1.1769273
218 0.99999987 0.0003591841 -0.0003571112 -0.0030855972 -0.00035914163 0.99999993 0.00011898676 -0.023800541 0.00035715391 -0.0001188585 0.99999993 1.1835193
219 0.99999987 0.000386221 -0.00032059703 -0.0032036968 -0.00038618035 0.99999992 0.00012686341 -0.0242322 0.000320646 -0.00012673958 0.99999994 1.1973911
220 0.99999989 0.00028964474 -0.00035563914 -0.0030056889 -0.00028958688 0.99999994 0.00016271682 -0.023986729 0.00035568625 -0.00016261381 0.99999992 1.2108831
221 0.99999983 0.00033852602 -0.00046842199 -0.0034589624 -0.00033845034 0.99999993 0.0001616482 -0.024128948 0.00046847668 -0.00016148963 0.99999988 1.2208837
222 0.9999997 0.00043483068 -0.00064625349 -0.0042411552 -0.00043477335 0.9999999 8.8839128e-05 -0.02440455 0.00064629205 -8.8558127e-05 0.99999979 1.1932303
223 0.99999991 0.00023230383 -0.00035032543 -0.0026041318 -0.00023225349 0.99999996 0.00014372213 -0.023182062 0.0003503588 -0.00014364075 0.99999993 1.1753528
224 0.99999986 0.00020984479 -0.00048128473 -0.0037369088 -0.00020978451 0.99999997 0.00012530443 -0.023602286 0.00048131101 -0.00012520344 0.99999988 1.1656711
225 0.99999977 0.00035103993 -0.00057231064 -0.00386669 -0.00035097121 0.99999993 0.0001201642 -0.02333029 0.00057235278 -0.00011996331 0.99999983 1.1603391
226 0.99999987 0.00041255183 -0.00028264419 -0.0034027214 -0.00041252301 0.99999991 0.00010201024 -0.023924568 0.00028268625 -0.00010189363 0.99999995 1.1689627
227 0.99999989 0.00040917666 -0.00024045188 -0.0031915578 -0.00040915757 0.99999991 7.9395951e-05 -0.024056406 0.00024048435 -7.929756e-05 0.99999997 1.1670021
228 0.9999999 0.0002745151 -0.00036343865 -0.0028465144 -0.00027447348 0.99999996 0.00011457317 -0.023283305 0.00036347009 -0.00011447341 0.99999993 1.1621743
229 0.99999983 0.00034469214 -0.00046309404 -0.0034195068 -0.00034464861 0.99999994 9.4065493e-05 -0.023410391 0.00046312644 -9.3905873e-05 0.99999989 1.1537739
230 0.99999979 0.00023046115 -0.00060540713 -0.0034023434 -0.00023040194 0.99999997 9.7868218e-05 -0.02238039 0.00060542967 -9.772871e-05 0.99999981 1.1153509
231 0.99999979 0.00022479964 -0.00061526045 -0.0035104127 -0.00022474439 0.99999997 8.9857909e-05 -0.021633882 0.00061528064 -8.9719613e-05 0.99999981 1.0796668
232 0.99999987 0.00025330253 -0.00043519177 -0.0031290593 -0.00025327655 0.99999997 5.9755992e-05 -0.02134198 0.00043520689 -5.9645761e-05 0.9999999 1.0523422
233 0.99999977 0.00040208343 -0.00054758771 -0.00402609 -0.00040209947 0.99999992 -2.9169219e-05 -0.021177499 0.00054757593 2.9389397e-05 0.99999985 0.99994506
234 0.99999996 0.00021459654 -0.00018965498 -0.0030995902 -0.00021458719 0.99999998 4.9338095e-05 -0.02065556 0.00018966556 -4.9297396e-05 0.99999998 1.0050131
235 0.99999998 8.5860264e-05 -0.00016754762 -0.0022587493 -8.5847197e-05 0.99999999 7.7993685e-05 -0.01979948 0.00016755432 -7.79793e-05 0.99999998 0.99421536
236 0.99999993 0.00019201678 -0.00031996206 -0.002863992 -0.00019201029 0.99999998 2.0297234e-05 -0.019818813 0.00031996595 -2.0235797e-05 0.99999995 0.97201646
237 0.99999966 0.00023935044 -0.00079538075 -0.0031753015 -0.00023929672 0.99999997 6.7635244e-05 -0.019044055 0.00079539691 -6.7444889e-05 0.99999968 0.97903232
238 0.99999948 8.8238399e-05 -0.0010182221 -0.0028144486 -8.8106817e-05 0.99999999 0.00012927201 -0.018268952 0.0010182335 -0.00012918223 0.99999947 0.98747615
239 0.999999 8.9029992e-06 -0.0014124409 -0.0035119611 -8.6412381e-06 0.99999998 0.00018533135 -0.017907199 0.0014124425 -0.00018531896 0.99999899 1.0007265
240 0.99999924 -0.00011127676 -0.0012264008 -0.0024911639 0.00011156585 0.99999997 0.00023565339 -0.017507761 0.0012263745 -0.00023579003 0.99999922 1.0141789
241 0.99999957 -2.4966011e-05 -0.00092201697 -0.0024321508 2.5139935e-05 0.99999998 0.00018862305 -0.018392673 0.00092201225 -0.00018864614 0.99999956 1.018041
242 0.99999949 -2.5596863e-05 -0.0010055857 -0.0022588947 2.5804889e-05 0.99999998 0.00020685821 -0.017965317 0.0010055803 -0.00020688405 0.99999947 1.0164938
243 0.9999996 9.93648e-05 -0.00089422349 -0.0023451033 -9.9245193e-05 0.99999999 0.00013379809 -0.018655494 0.00089423677 -0.00013370928 0.99999959 1.0105383
244 0.99999909 0.00016276944 -0.0013415344 -0.0036428107 -0.00016264662 0.99999998 9.1663426e-05 -0.01845596 0.0013415493 -9.1445146e-05 0.9999991 0.9845664
245 0.99999823 -0.00017890158 -0.0018713384 -0.003696298 0.00017937815 0.99999995 0.00025450376 -0.01587111 0.0018712927 -0.00025483899 0.99999822 0.95342239
246 0.99999778 -0.00066310076 -0.0019994934 -0.0022105679 0.00066391901 0.9999997 0.00040859126 -0.014230939 0.0019992219 -0.00040991785 0.99999792 0.97835885
247 0.99999721 -0.0006410104 -0.0022720024 -0.0021285823 0.00064207399 0.99999968 0.00046743021 -0.013607797 0.002271702 -0.0004688877 0.99999731 0.99640925
248 0.99999864 -0.00037620617 -0.0016066194 -0.0018558603 0.00037683782 0.99999985 0.00039287235 -0.01547264 0.0016064714 -0.00039347725 0.99999863 1.0160224
249 0.99999936 -9.1357254e-05 -0.0011306428 -0.0023361981 9.1628223e-05 0.99999997 0.00023960971 -0.017942921 0.0011306209 -0.00023971316 0.99999933 1.0284105
250 0.99999947 -0.00013740999 -0.0010187831 -0.0018619753 0.00013766444 0.99999996 0.00024969283 -0.017799425 0.0010187487 -0.00024983295 0.99999945 1.0346711
251 0.9999995 -0.0001080179 -0.00099085485 -0.0019590501 0.00010824197 0.99999997 0.00022608748 -0.017720768 0.00099083039 -0.00022619462 0.99999948 1.0175276
252 0.99999969 -6.0111886e-05 -0.00078582401 -0.001657999 6.0277732e-05 0.99999998 0.00021102534 -0.017863089 0.00078581131 -0.00021107265 0.99999967 1.0108708
253 0.99999968 9.2088033e-05 -0.00078926211 -0.002435178 -9.1972429e-05 0.99999999 0.00014650625 -0.018963156 0.00078927559 -0.00014643361 0.99999968 1.0203886
254 0.99999927 2.9501226e-05 -0.0012075008 -0.0029933152 -2.9263955e-05 0.99999998 0.00019651476 -0.018329353 0.0012075066 -0.00019647928 0.99999925 1.025911
255 0.99999923 -3.7537945e-05 -0.0012412505 -0.0028012803 3.7809251e-05 0.99999998 0.00021855198 -0.017996443 0.0012412423 -0.00021859875 0.99999921 1.0257987
