3 0.99924226 0.0071758185 -0.038254778 -0.028404794 -0.0071334319 0.99997374 0.0012443845 -0.0082079736 0.038262706 -0.0009705531 0.99926727 0.49196337
4 0.99925392 0.0055641236 -0.038218412 -0.032503171 -0.0054770394 0.99998212 0.0023829114 -0.007244142 0.038230991 -0.0021718093 0.99926659 0.67148599
5 0.99917713 0.0047601433 -0.040279148 -0.036770412 -0.0046344796 0.99998406 0.0032126183 -0.0059145926 0.040293802 -0.0030233014 0.99918332 0.85189905
6 0.99904429 0.0039069876 -0.043534352 -0.043159479 -0.003745677 0.99998577 0.0037863182 -0.0043313168 0.04354853 -0.0036196336 0.99904478 1.0444662
7 0.99874335 0.0039237753 -0.049963252 -0.054328514 -0.0037438361 0.99998612 0.0036945071 -0.0038760086 0.04997706 -0.0035028098 0.99874425 1.2525132
8 0.99805718 0.0043553038 -0.062152174 -0.072350783 -0.0041098962 0.9999832 0.0040757912 -0.0042852867 0.062168887 -0.0038124333 0.99805838 1.4759534
9 0.99675639 0.0046588716 -0.080342961 -0.09983289 -0.0043012333 0.99998001 0.004623888 -0.0056116321 0.080362903 -0.0042633157 0.99675658 1.7198424
10 0.99451934 0.0057241871 -0.10439597 -0.13936903 -0.0052586831 0.99997492 0.0047337237 -0.0086411662 0.10442045 -0.0041587941 0.99452457 1.981649
11 0.99141062 0.0059837044 -0.13064909 -0.19597183 -0.0054299342 0.99997466 0.0045944329 -0.012475142 0.13067328 -0.0038455532 0.99141805 2.2943767
12 0.98755344 0.0058318731 -0.1571757 -0.26727302 -0.0050427402 0.99997256 0.005419017 -0.01450011 0.15720301 -0.0045589723 0.98755581 2.6445404
13 0.9828448 0.0057834414 -0.18434386 -0.35054296 -0.0046779073 0.99996833 0.0064314671 -0.016421433 0.18437523 -0.0054587903 0.98284079 2.9992563
14 0.97772701 0.0057047362 -0.20980315 -0.43731344 -0.0042577505 0.99996389 0.007347901 -0.017764408 0.20983751 -0.0062909515 0.97771606 3.3336766
15 0.97192788 0.0063245007 -0.23519395 -0.53000687 -0.0045311136 0.99995636 0.0081647898 -0.020168477 0.23523534 -0.0068698962 0.97191419 3.6500284
16 0.96496263 0.0082546503 -0.26225749 -0.63234556 -0.0061692037 0.99994243 0.0087742935 -0.024687193 0.26231484 -0.0068489452 0.96495806 3.954623
17 0.95934042 0.0097901461 -0.28208177 -0.74872487 -0.0075017814 0.99992957 0.0091912874 -0.029074193 0.28215191 -0.0067014574 0.95934636 4.2938546
18 0.95374879 0.011595786 -0.30038107 -0.87089013 -0.0091700618 0.99991293 0.0094840904 -0.033905737 0.30046492 -0.0062909265 0.95377214 4.6296362
19 0.94852879 0.013093491 -0.31642014 -0.99771953 -0.010583489 0.99989739 0.0096498393 -0.038080767 0.31651404 -0.005804321 0.94857009 4.9668181
20 0.94341655 0.01402564 -0.33131331 -1.1331864 -0.011360393 0.99988562 0.0099798383 -0.041229975 0.33141541 -0.005651295 0.94346804 5.3154968
21 0.93821006 0.014961673 -0.34574274 -1.2814383 -0.012202329 0.99987392 0.010156219 -0.044480008 0.34585113 -0.0053098003 0.9382744 5.6821525
22 0.93383523 0.014343756 -0.35741576 -1.454209 -0.011280932 0.99987958 0.010652851 -0.043858054 0.35752554 -0.0059160239 0.93388465 6.1137131
23 0.92849298 0.014317091 -0.37107387 -1.6390962 -0.011023036 0.99987873 0.010996578 -0.044687588 0.37118634 -0.0061198849 0.92853826 6.5485688
24 0.92247494 0.015224926 -0.38575666 -1.8215858 -0.012074156 0.99987099 0.010589202 -0.047569237 0.38586813 -0.0051105866 0.92253981 6.9538206
25 0.91672882 0.015414858 -0.39921254 -2.0084866 -0.012278556 0.99987036 0.010412381 -0.048752652 0.39932132 -0.0046435754 0.9167993 7.3595305
26 0.91103639 0.014389758 -0.4120748 -2.2167153 -0.010772598 0.99988032 0.011099459 -0.046367872 0.41218523 -0.0056728951 0.91108243 7.8025946
27 0.90594371 0.013789069 -0.42317356 -2.4513882 -0.0098377322 0.9998852 0.011520225 -0.045219547 0.42328387 -0.0062736072 0.90597542 8.2875555
28 0.90081266 0.013744299 -0.43399037 -2.7073055 -0.0095808756 0.99988467 0.011779385 -0.046194576 0.43410225 -0.0064530111 0.90084052 8.7962782
29 0.89907457 0.014912019 -0.4375415 -3.006667 -0.011067649 0.99987446 0.011334938 -0.054082451 0.43765562 -0.0053483988 0.89912679 9.3890647
30 0.89645718 0.014723238 -0.44288571 -3.3135327 -0.010677403 0.99987535 0.011627307 -0.056053532 0.44300173 -0.0056945134 0.8965027 9.9966856
31 0.89380317 0.014563789 -0.44822292 -3.6255219 -0.010363027 0.99987636 0.011823319 -0.058468725 0.44833972 -0.0059227738 0.89384364 10.60603
32 0.89213664 0.013986973 -0.45154909 -3.944715 -0.0094819924 0.99988011 0.012238012 -0.058777123 0.45166616 -0.0066363936 0.89216236 11.232603
33 0.88951579 0.013363463 -0.45670896 -4.2753873 -0.0084605122 0.99988251 0.012778672 -0.057570756 0.4568261 -0.0075028389 0.8895244 11.870149
34 0.88708095 0.012397094 -0.4614474 -4.6070387 -0.0068980142 0.99988365 0.013601885 -0.053558603 0.46156237 -0.0088829024 0.88706331 12.505655
35 0.88525145 0.011495721 -0.46497067 -4.9473485 -0.00544821 0.99988218 0.014347853 -0.049443214 0.46508085 -0.0101682 0.88520984 13.153513
36 0.8826678 0.010993098 -0.46986883 -5.2907192 -0.0045238816 0.99987878 0.014894967 -0.046741143 0.46997565 -0.011021677 0.88261059 13.79136
37 0.8798626 0.01090239 -0.47510309 -5.6368586 -0.0041689674 0.99987537 0.015223881 -0.045808365 0.47520989 -0.011414234 0.87979845 14.420167
38 0.87666892 0.011263554 -0.48096231 -5.9862301 -0.0045056223 0.99987423 0.015203267 -0.047951297 0.4810731 -0.011161198 0.87660946 15.038179
39 0.87341453 0.011407489 -0.48684385 -6.3475031 -0.0044909462 0.99987172 0.015371599 -0.048514207 0.48695678 -0.011239389 0.87335377 15.669991
40 0.87072046 0.011049556 -0.49165413 -6.727509 -0.0037594721 0.99986785 0.015813244 -0.046586807 0.49176392 -0.011920556 0.870647 16.333252
41 0.86892248 0.010534366 -0.49483608 -7.1351706 -0.0028316373 0.99986287 0.016313378 -0.044070177 0.49494011 -0.012773865 0.86883322 17.043969
42 0.86734802 0.010139151 -0.49759886 -7.5592772 -0.0020892082 0.99985779 0.016731628 -0.042022704 0.49769777 -0.013472557 0.86724591 17.778561
43 0.86594856 0.0098494387 -0.50003608 -7.9876897 -0.0015305359 0.99985352 0.017044032 -0.04071567 0.50013074 -0.013993932 0.86583685 18.515773
44 0.86436674 0.009759758 -0.50276724 -8.4118335 -0.0012648984 0.99985063 0.017234544 -0.040407806 0.50286038 -0.014261018 0.86425003 19.237384
45 0.86238764 0.0094851099 -0.50615966 -8.8502819 -0.00064805134 0.99984428 0.017632305 -0.037595566 0.50624812 -0.014877865 0.86225955 19.978458
46 0.85986301 0.0090236788 -0.51044507 -9.2997811 0.00027023619 0.99983555 0.018130376 -0.033231409 0.51052477 -0.015727581 0.85971923 20.728962
47 0.85707246 0.0085160791 -0.5151255 -9.7577929 0.0012848386 0.99982489 0.018666884 -0.027919323 0.5151943 -0.016660726 0.85691149 21.483834
48 0.85424104 0.007955079 -0.51981628 -10.224962 0.0024267631 0.99981096 0.019288769 -0.021056561 0.51987149 -0.017738729 0.85406031 22.245628
49 0.85163066 0.0074995446 -0.52408872 -10.694202 0.003384965 0.99979804 0.019807276 -0.014911248 0.52413145 -0.018642506 0.85143333 23.001645
50 0.84910723 0.0069601022 -0.52817467 -11.176729 0.0045040606 0.99978139 0.020415616 -0.0071544422 0.52820133 -0.019713978 0.84889031 23.772843
51 0.84645337 0.0062840967 -0.53242578 -11.67255 0.0058689949 0.99975945 0.021130486 0.0026141346 0.53243053 -0.021010776 0.84621293 24.557919
52 0.84444713 0.005672002 -0.53560889 -12.191296 0.0071230079 0.99973656 0.021817247 0.012787306 0.53559157 -0.022238659 0.84418432 25.375051
53 0.84267426 0.0051845237 -0.53839875 -12.720317 0.0081826397 0.9997148 0.022433828 0.022852643 0.53836154 -0.023309934 0.84239156 26.202507
54 0.84086675 0.0048473424 -0.54122048 -13.248467 0.0090030867 0.99969623 0.022941235 0.032035442 0.54116732 -0.024163178 0.84056774 27.020381
55 0.83929168 0.0045627149 -0.54366227 -13.779773 0.0096932339 0.99968022 0.023354033 0.04049216 0.54359501 -0.024870692 0.83897912 27.837789
56 0.837824 0.0043060256 -0.54592345 -14.32413 0.010371493 0.99966285 0.023801981 0.049759232 0.54584192 -0.025603913 0.83749691 28.670955
57 0.83632143 0.0040647588 -0.54822436 -14.872487 0.011028342 0.9996454 0.024235618 0.059360923 0.54812851 -0.026314773 0.83598009 29.50498
58 0.83491997 0.003801115 -0.55035825 -15.423577 0.011705185 0.99962729 0.024661375 0.069196949 0.5502469 -0.027032321 0.83456435 30.338699
59 0.83376329 0.003564534 -0.55211057 -15.99584 0.012373298 0.99960734 0.025139051 0.080261988 0.55198342 -0.027791447 0.83339185 31.202262
60 0.83261731 0.0034695504 -0.55383787 -16.576388 0.01278933 0.99959325 0.025488971 0.090233728 0.55370107 -0.028305775 0.83223432 32.072639
61 0.83164144 0.0034957061 -0.55530198 -17.168791 0.013009635 0.99958304 0.025776246 0.099676838 0.55516059 -0.028660872 0.83124925 32.956869
62 0.83081172 0.0035667754 -0.55654215 -17.7707 0.013153657 0.99957426 0.026041998 0.10898767 0.55639813 -0.028956563 0.83041115 33.852244
63 0.83007773 0.0036678787 -0.55763564 -18.37614 0.013236462 0.99956699 0.02627806 0.11812617 0.55749061 -0.029193957 0.8296698 34.750189
64 0.82928847 0.0037481125 -0.55880819 -18.987004 0.013366581 0.99955832 0.026540786 0.12789795 0.55866089 -0.029479324 0.82887214 35.653459
65 0.82844304 0.0037574332 -0.56006072 -19.603593 0.013630611 0.999546 0.026868359 0.13899463 0.55990745 -0.029892876 0.82801577 36.563186
66 0.82766028 0.003816815 -0.56121644 -20.231244 0.013820103 0.999535 0.027179158 0.1501602 0.56105925 -0.03025118 0.82722272 37.4861
67 0.82685745 0.0038994811 -0.56239805 -20.863345 0.013974666 0.99952472 0.02747642 0.16166364 0.56223793 -0.030578409 0.82641001 38.412695
68 0.82609521 0.0040211886 -0.56351622 -21.49497 0.014051548 0.9995166 0.027731521 0.17273226 0.56335537 -0.030827153 0.82563942 39.335128
69 0.82542491 0.0041073411 -0.564497 -22.127985 0.014174469 0.99950741 0.02799887 0.18424963 0.56433397 -0.031112411 0.82496014 40.257992
70 0.82470083 0.0042512657 -0.56555325 -22.765267 0.014203878 0.99950061 0.028225622 0.19551769 0.56539085 -0.031310745 0.82422865 41.183549
71 0.823942 0.0044404401 -0.56665674 -23.401966 0.0141594 0.99949572 0.028420601 0.20658478 0.56649723 -0.031440448 0.82346368 42.104929
72 0.82316362 0.0047093634 -0.56778472 -24.035391 0.013960751 0.99949539 0.028530126 0.21646977 0.5676326 -0.031411664 0.82268255 43.017036
73 0.82255503 0.0048657018 -0.56866471 -24.655263 0.013934016 0.9994907 0.028707108 0.22722464 0.5685148 -0.031536961 0.82206836 43.909443
74 0.82192286 0.0049642585 -0.56957718 -25.269686 0.013965688 0.99948573 0.02886426 0.23775624 0.56942759 -0.031678734 0.8214309 44.791442
75 0.82104502 0.0051739464 -0.57084 -25.895545 0.013867125 0.99948305 0.029004285 0.24849652 0.57069501 -0.031729735 0.82054889 45.685538
76 0.8200429 0.005322178 -0.57227731 -26.537754 0.013904701 0.99947625 0.029219824 0.26072418 0.57213313 -0.031918855 0.81953945 46.600327
77 0.81902225 0.0056540965 -0.57373391 -27.180817 0.013642887 0.99947677 0.029325382 0.27152476 0.57359956 -0.031845528 0.81851662 47.510508
78 0.81827962 0.0058534547 -0.57479058 -27.820925 0.013565222 0.99947298 0.029489897 0.28314141 0.57466031 -0.031928145 0.81776902 48.416524
79 0.81742265 0.0061736665 -0.5760053 -28.469062 0.013292488 0.9994741 0.029576118 0.29382474 0.57588501 -0.031832734 0.81691075 49.328777
80 0.81642249 0.0063403517 -0.57742023 -29.130771 0.013348819 0.99946524 0.02984869 0.30768678 0.57730074 -0.032077022 0.81590132 50.259503
81 0.81558556 0.0066325222 -0.57859849 -29.80075 0.013170909 0.9994624 0.030022478 0.32027337 0.5784866 -0.032106569 0.81505979 51.197634
82 0.81487258 0.0068976459 -0.57959909 -30.481073 0.013050366 0.99945736 0.030242091 0.33367323 0.57949322 -0.032207433 0.81434043 52.148716
83 0.81419913 0.0071871008 -0.58054124 -31.162445 0.01285936 0.99945479 0.030408282 0.34653051 0.58044331 -0.032223787 0.81366285 53.098396
84 0.81356187 0.0074546114 -0.58143058 -31.834248 0.012677638 0.99945269 0.030553216 0.35918377 0.58134016 -0.032228099 0.81302214 54.032768
85 0.81302058 0.0078071246 -0.5821826 -32.496504 0.012321538 0.99945541 0.030609876 0.3704998 0.58210457 -0.032059846 0.81248168 54.950919
86 0.81250341 0.008076913 -0.58290048 -33.150352 0.012093274 0.99945526 0.030705653 0.38243912 0.582831 -0.031997625 0.81196319 55.856882
87 0.81197807 0.008370941 -0.58362792 -33.810018 0.011825739 0.99945594 0.030787814 0.39435385 0.58356816 -0.031900863 0.81143736 56.768878
88 0.81140123 0.0086389991 -0.58442572 -34.470871 0.011617325 0.99945482 0.03090316 0.40688481 0.58437412 -0.031864327 0.81085856 57.680975
89 0.81079935 0.0089466827 -0.58525582 -35.129449 0.011350122 0.99945481 0.031002642 0.41927857 0.58521415 -0.031779648 0.81025582 58.587505
90 0.8102713 0.0091635661 -0.58598332 -35.786839 0.011210116 0.99945243 0.031130211 0.4321655 0.58594775 -0.031792859 0.80972495 59.491749
91 0.80962821 0.0094063104 -0.58686769 -36.444949 0.011053291 0.99944987 0.031268022 0.44541911 0.58683899 -0.031802293 0.80907889 60.394571
92 0.8088671 0.0096621571 -0.58791212 -37.103917 0.010896851 0.99944689 0.03141782 0.45904286 0.58789054 -0.031819233 0.80831448 61.295675
93 0.80814779 0.0098498836 -0.58889739 -37.754606 0.010828819 0.99944261 0.031577113 0.47280148 0.58888022 -0.031896039 0.80759072 62.183606
94 0.80734075 0.010009867 -0.59000061 -38.407466 0.010816657 0.99943703 0.031757526 0.48709834 0.58998638 -0.032020981 0.80677802 63.071986
95 0.80645606 0.010191543 -0.59120618 -39.061355 0.01079052 0.99943124 0.031947953 0.50182806 0.59119557 -0.032144044 0.80588746 63.958908
96 0.80578351 0.01031773 -0.59212033 -39.708394 0.010827785 0.99942436 0.032149955 0.51669215 0.59211123 -0.032317257 0.805208 64.835527
97 0.80516999 0.010481708 -0.59295145 -40.357087 0.010792328 0.9994192 0.032321836 0.53132548 0.59294589 -0.0324239 0.80458928 65.712214
98 0.80445901 0.010656961 -0.59391256 -41.008665 0.010752988 0.99941391 0.032498139 0.54628493 0.59391084 -0.032529757 0.80387298 66.590253
99 0.80368933 0.010894768 -0.59494938 -41.669001 0.010622797 0.99941031 0.032651133 0.56126066 0.59495431 -0.032561395 0.80309972 67.477024
100 0.80276535 0.011153848 -0.59619074 -42.334602 0.010471202 0.99940714 0.032796809 0.57637558 0.59620313 -0.032570976 0.80217268 68.36701
101 0.80182273 0.011392508 -0.59745337 -42.997604 0.010357093 0.99940306 0.032956983 0.59177059 0.59747223 -0.032613539 0.80122614 69.250612
102 0.80089564 0.011560958 -0.59869235 -43.664275 0.010361297 0.99939632 0.033159431 0.60798929 0.59871432 -0.032760474 0.80029242 70.137117
103 0.79992458 0.011696959 -0.59998655 -44.334227 0.010442244 0.99938729 0.033405417 0.62513027 0.60000971 -0.032987021 0.79931236 71.025527
104 0.79898748 0.011873623 -0.60123044 -45.012049 0.010462996 0.99937916 0.033641103 0.64256238 0.60125665 -0.033169493 0.79836725 71.921586
105 0.79814133 0.012135409 -0.60234803 -45.698693 0.010329073 0.99937449 0.033820777 0.65942544 0.60238173 -0.033215458 0.79751679 72.825707
106 0.79729315 0.012441929 -0.60346403 -46.392243 0.0101206 0.99937137 0.033975833 0.67624537 0.60350743 -0.033196119 0.79666608 73.735874
107 0.79657269 0.012731612 -0.60440868 -47.08581 0.0099163742 0.99936849 0.03412043 0.69299506 0.60446144 -0.033172947 0.79594344 74.644199
108 0.79592142 0.013001002 -0.60526034 -47.781788 0.0097389732 0.999365 0.034273192 0.71008158 0.60532163 -0.033173383 0.79528944 75.554242
109 0.79527907 0.013237214 -0.60609899 -48.49089 0.0096435745 0.99935883 0.034479614 0.72830664 0.60616683 -0.033265878 0.79464155 76.480061
110 0.79444009 0.013607564 -0.60719007 -49.205398 0.0093369461 0.99935714 0.034612656 0.74577964 0.60727077 -0.033166984 0.79380237 77.408028
111 0.79382773 0.013904878 -0.60798371 -49.919194 0.0091331165 0.9993532 0.034780546 0.76389817 0.60807413 -0.03316255 0.79318733 78.334966
112 0.79312461 0.014242578 -0.60889285 -50.629188 0.0088424764 0.99935186 0.034893714 0.78118397 0.60899522 -0.033059186 0.79248467 79.253151
113 0.79249208 0.014496211 -0.60970991 -51.340848 0.00871828 0.99934602 0.035091933 0.80003418 0.60981991 -0.033125702 0.79184747 80.173606
114 0.79191397 0.014804952 -0.61045318 -52.065997 0.0084993747 0.9993419 0.035262299 0.81861245 0.61057354 -0.033113179 0.79126703 81.108504
115 0.79113805 0.015101989 -0.61145115 -52.785003 0.0083173891 0.99933701 0.035443844 0.83772529 0.61158108 -0.033126653 0.79048798 82.033171
116 0.79064484 0.015304696 -0.61208375 -53.498135 0.0082610709 0.99932984 0.035658539 0.85729462 0.61221934 -0.033249709 0.7899886 82.950605
117 0.79009446 0.015479791 -0.61278962 -54.208526 0.0082440957 0.99932229 0.035873511 0.87698682 0.61292968 -0.03339536 0.78943144 83.86246
118 0.78939617 0.015648738 -0.61368461 -54.922612 0.0082735083 0.999313 0.036124521 0.89770307 0.61382836 -0.033593885 0.78872444 84.777172
119 0.78861135 0.015932693 -0.61468553 -55.633879 0.00809438 0.99930859 0.036286843 0.91724613 0.61483872 -0.033591716 0.78793718 85.683766
120 0.78799835 0.016067741 -0.61546765 -56.337682 0.0081457897 0.99929977 0.036517531 0.93776812 0.61562348 -0.033789226 0.78731574 86.581087
121 0.78726654 0.016311948 -0.61639704 -57.040886 0.0080068416 0.99929527 0.036671121 0.95731512 0.61656087 -0.033805342 0.78658117 87.473297
122 0.78641871 0.016507194 -0.61747318 -57.745956 0.0079980259 0.99928688 0.036900744 0.97836137 0.61764202 -0.033958004 0.78572593 88.366422
123 0.7856616 0.01668891 -0.61843135 -58.457179 0.0079817108 0.9992794 0.037106476 0.99922967 0.61860501 -0.034089275 0.78496229 89.264686
124 0.7845962 0.016860945 -0.61977779 -59.173964 0.0080483496 0.99926891 0.037373593 1.0216195 0.61995487 -0.034311369 0.78388694 90.166846
125 0.78370125 0.016990782 -0.62090553 -59.889927 0.0081715841 0.99925722 0.037658293 1.0444556 0.62108421 -0.034586635 0.78298034 91.066309
126 0.78285578 0.017122345 -0.62196757 -60.612212 0.0082799 0.99924604 0.037930277 1.0674126 0.62214813 -0.034843768 0.78212381 91.970875
127 0.78201027 0.017332942 -0.62302449 -61.344197 0.008271986 0.99923651 0.038182266 1.0906836 0.62321067 -0.035012576 0.78126988 92.88478
128 0.78130871 0.017577439 -0.62389722 -62.074456 0.0081675746 0.99922978 0.038380196 1.1132703 0.62409135 -0.03508251 0.78056342 93.794173
129 0.78073803 0.017862542 -0.62460312 -62.801773 0.0079651284 0.99922556 0.038532288 1.1352583 0.62480773 -0.035058669 0.77999118 94.698022
130 0.78016332 0.018140445 -0.62531282 -63.528705 0.0077631658 0.99922171 0.038673225 1.1571749 0.62552774 -0.03502584 0.77941535 95.59939
131 0.77945143 0.018405414 -0.62619224 -64.260888 0.0076115977 0.99921625 0.038844077 1.1798682 0.62641644 -0.035043396 0.77870048 96.505076
132 0.7787085 0.018659244 -0.62710837 -65.002416 0.0075066792 0.99920893 0.039052259 1.2035344 0.62734101 -0.035117829 0.77795246 97.420464
133 0.77786958 0.01896674 -0.62813946 -65.750729 0.0073243087 0.99920288 0.03924125 1.2273644 0.62838308 -0.035125264 0.77711066 98.341044
134 0.77722209 0.019237012 -0.62893225 -66.498736 0.0071965035 0.99919537 0.039455467 1.2517378 0.62918524 -0.035191775 0.77645832 99.260608
135 0.7766554 0.019532773 -0.6296228 -67.246631 0.006995379 0.99919002 0.039626822 1.2756093 0.62988688 -0.035180837 0.77588973 100.17797
136 0.77607111 0.019900831 -0.63033134 -68.000072 0.0066792936 0.99918649 0.039769954 1.2993602 0.63061006 -0.035074482 0.77530689 101.09965
137 0.77554807 0.0202798 -0.6309627 -68.759018 0.0063338426 0.99918356 0.039900048 1.3231283 0.63125676 -0.034940825 0.77478648 102.02641
138 0.77491418 0.020664387 -0.63172859 -69.521746 0.0059852697 0.99918067 0.040025934 1.3471477 0.63203814 -0.034797731 0.77415563 102.95556
139 0.77434622 0.021024631 -0.63241276 -70.288715 0.0056907698 0.99917598 0.040185672 1.371892 0.63273657 -0.03471654 0.77358854 103.88887
140 0.77382615 0.021381023 -0.63303709 -71.063858 0.0054097665 0.99917051 0.040360205 1.3971483 0.63337497 -0.034656367 0.77306864 104.83066
141 0.77318464 0.021824263 -0.63380535 -71.849125 0.0050063203 0.99916645 0.040512252 1.4223865 0.63416123 -0.034496485 0.77243095 105.78144
142 0.77267901 0.022309177 -0.6344048 -72.639207 0.0045369421 0.99916262 0.040661887 1.4475062 0.63478073 -0.034296846 0.77193082 106.73638
143 0.77226309 0.022746797 -0.63489551 -73.430202 0.0041226656 0.99915829 0.040812123 1.4726536 0.6352895 -0.034135159 0.77151934 107.69161
144 0.77179555 0.023164854 -0.63544868 -74.221844 0.0037300866 0.99915403 0.040953931 1.4984666 0.63585984 -0.033978342 0.77105628 108.64678
145 0.77130183 0.023542575 -0.63603399 -75.004148 0.0033948543 0.99914923 0.04110001 1.5243809 0.63646051 -0.033859757 0.77056575 109.58965
146 0.77084736 0.023902511 -0.6365713 -75.784211 0.0030909583 0.99914363 0.041259634 1.5505436 0.63701242 -0.033772497 0.7701134 110.52868
147 0.77037038 0.024244255 -0.63713555 -76.560385 0.0028115724 0.99913788 0.041418668 1.576867 0.63759046 -0.033699069 0.76963811 111.46184
148 0.76995244 0.024586305 -0.63762744 -77.338508 0.0025367353 0.99913155 0.041588735 1.6035602 0.63809625 -0.033638842 0.76922145 112.39641
149 0.76955469 0.024967953 -0.63809262 -78.116407 0.0021860768 0.99912643 0.041731321 1.6299381 0.63857719 -0.033509454 0.76882789 113.32895
150 0.76914196 0.025324247 -0.63857602 -78.883577 0.0018572562 0.99912173 0.041859542 1.6560873 0.63907529 -0.03338193 0.76841946 114.2477
151 0.76883146 0.025670609 -0.638936 -79.644877 0.0015268028 0.99911729 0.041978858 1.6819935 0.63944967 -0.033250198 0.76811366 115.15868
152 0.76839457 0.026049549 -0.63944602 -80.40088 0.0011347665 0.99911418 0.042065197 1.7073676 0.63997541 -0.033048292 0.7676844 116.06097
153 0.76797587 0.026429215 -0.63993324 -81.159385 0.00076653027 0.99910956 0.042183085 1.7332726 0.64047833 -0.032886121 0.76727183 116.96538
154 0.76754649 0.026820151 -0.64043195 -81.920591 0.00038052874 0.99910497 0.042296796 1.7589792 0.64099319 -0.032708462 0.76684935 117.87111
155 0.76705932 0.027220985 -0.64099845 -82.680825 -6.7990077e-06 0.99909981 0.042420174 1.7848281 0.6415762 -0.032534433 0.76636906 118.77414
156 0.76665262 0.027588375 -0.64146913 -83.441187 -0.00034733257 0.99909406 0.042554033 1.8110707 0.64206204 -0.032401359 0.76596771 119.67673
157 0.76615651 0.028001214 -0.64204372 -84.202331 -0.00075816905 0.99908897 0.042668165 1.8369315 0.6426536 -0.032203716 0.76547979 120.57759
158 0.7657547 0.028414099 -0.64250477 -84.962879 -0.0011700202 0.9990834 0.042788952 1.8627891 0.64313171 -0.032014099 0.76508611 121.47677
159 0.76544127 0.028786908 -0.64286155 -85.723205 -0.0015328239 0.9990776 0.042912923 1.888789 0.64350395 -0.03186193 0.7647794 122.37529
160 0.76515281 0.02911974 -0.64318988 -86.483248 -0.0018163832 0.99907032 0.04307104 1.9154362 0.64384617 -0.03178765 0.7644944 123.27337
161 0.76484511 0.0294468 -0.64354087 -87.235496 -0.0021117812 0.99906396 0.043204795 1.9418886 0.64421077 -0.03168596 0.76419142 124.16152
162 0.76457954 0.029757976 -0.64384205 -87.984229 -0.0023786953 0.99905703 0.043351026 1.9685842 0.64452501 -0.031613805 0.7639294 125.04516
163 0.76429638 0.030092704 -0.64416261 -88.727574 -0.0027467066 0.9990534 0.043412828 1.9945285 0.6448593 -0.031410943 0.7636556 125.92095
164 0.76398467 0.03044295 -0.64451583 -89.4673 -0.003143346 0.99905005 0.043462955 2.0203007 0.64522676 -0.031179097 0.76335466 126.7914
165 0.76378883 0.030718055 -0.64473485 -90.201743 -0.003401849 0.99904459 0.043568938 2.0468022 0.64545726 -0.031084179 0.76316364 127.65662
166 0.76361673 0.03096706 -0.64492677 -90.921603 -0.0036752049 0.99904144 0.043618796 2.0722165 0.64565936 -0.030937805 0.76299862 128.50368
167 0.7635543 0.031166853 -0.64499106 -91.630332 -0.0038576139 0.99903685 0.043708105 2.0978574 0.64573213 -0.030885386 0.76293916 129.33828
168 0.76346624 0.031397358 -0.64508411 -92.336246 -0.004112788 0.99903369 0.043757152 2.1228664 0.64583465 -0.030754016 0.76285768 130.16846
169 0.76345159 0.031622738 -0.64509044 -93.04395 -0.0043493165 0.99902968 0.043825733 2.1481383 0.64585043 -0.030653125 0.76284838 131.0009
170 0.763327 0.031865566 -0.64522591 -93.761441 -0.0045877641 0.99902487 0.043911021 2.1738257 0.64599602 -0.030558325 0.7627289 131.84414
171 0.7631823 0.032114179 -0.64538474 -94.488855 -0.0047838481 0.99901766 0.044053852 2.2004662 0.64616555 -0.030533699 0.76258627 132.69911
172 0.76293962 0.03236796 -0.64565893 -95.22165 -0.0049924715 0.99901095 0.044182758 2.2273142 0.64645048 -0.030485344 0.76234668 133.55938
173 0.76272318 0.032644286 -0.64590069 -95.956075 -0.0052434973 0.99900453 0.044298533 2.2544623 0.64670386 -0.030400741 0.76213513 134.42133
174 0.76258444 0.032926571 -0.64605017 -96.678334 -0.0055577849 0.99900034 0.044354722 2.2805858 0.64686483 -0.030233614 0.76200516 135.26809
175 0.7624767 0.033207268 -0.64616296 -97.387224 -0.0058900305 0.99899689 0.044389648 2.306126 0.64698889 -0.030040154 0.76190748 136.09886
176 0.76254444 0.033484448 -0.64606871 -98.088104 -0.0062486557 0.99899422 0.044400684 2.3309496 0.64690568 -0.029820435 0.76198676 136.92022
177 0.76274927 0.033694979 -0.64581592 -98.775821 -0.0065335419 0.99899219 0.044405172 2.3552373 0.64666134 -0.029650548 0.76220076 137.72693
178 0.76299294 0.033796965 -0.64552269 -99.460735 -0.0066035206 0.99898761 0.044497755 2.3808422 0.64637311 -0.029688752 0.76244372 138.53302
179 0.76342203 0.033990277 -0.64500502 -100.13895 -0.0068545811 0.99898443 0.044531157 2.4051293 0.64586364 -0.029574828 0.76287976 139.33069
180 0.7647718 0.03420888 -0.64339245 -100.7864 -0.0071794533 0.99897991 0.044581406 2.4282119 0.64426126 -0.029475398 0.76423732 140.09599
181 0.76598545 0.03434196 -0.64193997 -101.42165 -0.0073408909 0.99897421 0.044682864 2.4522697 0.64281601 -0.029514013 0.76545185 140.85181
182 0.76816518 0.034662164 -0.63931275 -102.02954 -0.0078747288 0.99896937 0.044700106 2.474009 0.6402033 -0.029302652 0.76764649 141.57888
183 0.76923474 0.034738399 -0.63802129 -102.66315 -0.0079606838 0.99896453 0.044792853 2.4982415 0.63891671 -0.029377134 0.76871481 142.34071
184 0.77014761 0.034928654 -0.63690866 -103.30679 -0.0082339934 0.99896077 0.044827408 2.5221027 0.63781257 -0.029279421 0.7696349 143.11519
185 0.77069391 0.035068465 -0.63623982 -103.95122 -0.0084106252 0.99895726 0.044872829 2.5463382 0.63715004 -0.029232042 0.77018527 143.89165
186 0.77113597 0.035292885 -0.63569154 -104.58859 -0.0087617555 0.99895606 0.044832335 2.5692995 0.63661022 -0.029002054 0.77064022 144.65913
187 0.77144845 0.035497573 -0.63530088 -105.21804 -0.009048772 0.99895366 0.04482879 2.5926948 0.6362275 -0.028834409 0.77096251 145.4186
188 0.77165899 0.035685126 -0.63503462 -105.84552 -0.0092852341 0.99895044 0.044852102 2.6163296 0.63596871 -0.028714084 0.77118049 146.17649
189 0.77237767 0.035879029 -0.63414938 -106.46236 -0.009581224 0.99894779 0.04484898 2.6392601 0.6350913 -0.028564425 0.77190878 146.92341
190 0.77364258 0.036137639 -0.63259089 -107.06262 -0.010010366 0.99894471 0.04482369 2.6611398 0.63354319 -0.028345049 0.77318796 147.65306
191 0.77512677 0.036383382 -0.63075727 -107.6416 -0.010438356 0.99894169 0.044793502 2.6827073 0.63171951 -0.028136575 0.77468628 148.36154
192 0.77734564 0.036603952 -0.62800789 -108.20452 -0.010836579 0.99893669 0.044810367 2.7042908 0.6289804 -0.028027687 0.77691579 149.05704
193 0.77976965 0.036887192 -0.6249789 -108.76554 -0.011316157 0.99893007 0.04483948 2.7260265 0.62596426 -0.027892108 0.77935282 149.75586
194 0.78327063 0.037513856 -0.62054801 -109.32235 -0.012303655 0.99891759 0.044857382 2.747662 0.62155914 -0.027500462 0.78288442 150.4581
195 0.78704726 0.038014474 -0.61572033 -109.89323 -0.013091559 0.99890396 0.044937826 2.7700787 0.6167538 -0.027307454 0.78668234 151.18788
196 0.79032753 0.038386119 -0.61148091 -110.47709 -0.013662192 0.99889135 0.04504794 2.793621 0.61253225 -0.027248459 0.78997583 151.943
197 0.79345726 0.038662561 -0.60739673 -111.04757 -0.014091049 0.9988797 0.045174104 2.8172658 0.60846285 -0.027284865 0.7931132 152.68925
198 0.79570976 0.038818741 -0.60443287 -111.60589 -0.014327504 0.99887112 0.045289372 2.8412349 0.60550865 -0.027377182 0.79536772 153.42518
199 0.79743275 0.038858796 -0.6021553 -112.15781 -0.014368322 0.99886407 0.04543161 2.8654005 0.60323675 -0.027576693 0.79708531 154.15637
200 0.79915001 0.038912348 -0.5998709 -112.70452 -0.014457323 0.99885814 0.045533707 2.8886634 0.60095779 -0.027715736 0.79880011 154.88342
201 0.80008916 0.038921745 -0.5986171 -113.25483 -0.01444491 0.99885354 0.045638367 2.9127928 0.59970718 -0.027867794 0.79973416 155.61769
202 0.80131937 0.039129212 -0.59695575 -113.79666 -0.014760732 0.998848 0.045658451 2.9358783 0.59805468 -0.027775498 0.80097388 156.34278
203 0.80285444 0.039375909 -0.59487334 -114.33335 -0.015121017 0.99884036 0.045707666 2.9590825 0.59598333 -0.027701514 0.80251887 157.06506
204 0.8042445 0.039599866 -0.59297777 -114.86366 -0.015445648 0.99883324 0.045754809 2.9821863 0.59409783 -0.027639128 0.80391784 157.78212
205 0.80552758 0.039774689 -0.59122187 -115.38375 -0.015719654 0.99882786 0.045778843 3.004836 0.59234975 -0.027582319 0.80520869 158.48849
206 0.80684702 0.03993145 -0.58940935 -115.8975 -0.01598205 0.99882316 0.045790566 3.0272865 0.59054423 -0.027526013 0.80653573 159.18979
207 0.80770526 0.040199661 -0.58821441 -116.4214 -0.016372189 0.99881735 0.045779591 3.0497609 0.58935912 -0.027346061 0.80740824 159.90542
208 0.8086763 0.040407124 -0.58686447 -116.9556 -0.016690822 0.99881244 0.045771498 3.0724357 0.58801707 -0.027219076 0.80839043 160.63748
209 0.80908234 0.040398628 -0.58630514 -117.51189 -0.016627171 0.99880868 0.045876708 3.098081 0.58746006 -0.027369439 0.80879023 161.40335
210 0.80940252 0.040425186 -0.58586122 -118.08583 -0.016585186 0.99880346 0.046005305 3.1243945 0.58702003 -0.027520193 0.80910455 162.19403
211 0.80957183 0.040386678 -0.58562989 -118.67187 -0.016428386 0.99879848 0.046169424 3.1515888 0.58679091 -0.027756513 0.80926266 163.00173
212 0.80953019 0.040226242 -0.5856985 -119.26987 -0.016018305 0.99879176 0.046457926 3.1813689 0.5868597 -0.028227198 0.80919649 163.82769
213 0.80950559 0.04020538 -0.58573393 -119.86381 -0.015884731 0.99878707 0.046604498 3.2091911 0.58689726 -0.028422377 0.80916242 164.64563
214 0.8094572 0.040231427 -0.58579901 -120.45069 -0.015829369 0.99878249 0.046721227 3.2362847 0.58696549 -0.028546006 0.80910857 165.45298
215 0.80940293 0.040362371 -0.58586499 -121.03365 -0.015937646 0.99877752 0.046790732 3.2624472 0.5870374 -0.028535247 0.80905678 166.25316
216 0.80922888 0.040500535 -0.58609584 -121.62278 -0.01603577 0.99877192 0.046876615 3.2895852 0.58727464 -0.028535414 0.80888459 167.06202
217 0.80932289 0.040547016 -0.5859628 -122.21126 -0.015993509 0.99876577 0.047021858 3.3169923 0.58714622 -0.028684266 0.80897254 167.87128
218 0.80915087 0.040659914 -0.5861925 -122.80865 -0.016034324 0.99875937 0.047143699 3.3450321 0.58738215 -0.028747166 0.80879902 168.69172
219 0.80915638 0.040701323 -0.58618201 -123.40952 -0.015955107 0.99875212 0.047323792 3.3738756 0.58737671 -0.028939753 0.8087961 169.51826
220 0.8090717 0.040816443 -0.58629089 -124.01574 -0.016013825 0.99874605 0.047431964 3.4022802 0.58749175 -0.028987101 0.80871085 170.35052
221 0.80897262 0.040856587 -0.58642479 -124.63017 -0.015912156 0.99873816 0.047631912 3.4325449 0.58763093 -0.029201632 0.808602 171.19566
222 0.80896744 0.040982559 -0.58642315 -125.25301 -0.015977363 0.99873118 0.047756289 3.4621353 0.5876363 -0.029263789 0.80859586 172.0507
223 0.80913631 0.041161761 -0.58617757 -125.8896 -0.016137405 0.99872385 0.047855588 3.4918694 0.58739938 -0.029262311 0.80876803 172.92429
224 0.80931858 0.04135215 -0.58591249 -126.51717 -0.016409418 0.99872109 0.047820825 3.5199101 0.58714069 -0.0290878 0.80896215 173.78541
225 0.80985916 0.041574377 -0.58514932 -127.13263 -0.016744637 0.99871733 0.047783108 3.5474773 0.58638536 -0.028899476 0.80951657 174.63237
226 0.81101787 0.041738381 -0.58353057 -127.73578 -0.01698265 0.99871098 0.04783185 3.5752947 0.58477485 -0.02888259 0.81068133 175.4676
227 0.81217091 0.042072919 -0.58190058 -128.34782 -0.017485223 0.99870362 0.047804363 3.6021765 0.58315752 -0.028650653 0.81185374 176.31613
228 0.81351697 0.042484463 -0.57998726 -128.96298 -0.018115953 0.99869523 0.047744833 3.6286813 0.58125896 -0.028334211 0.81322521 177.17281
229 0.81451749 0.042934993 -0.57854805 -129.58426 -0.018778365 0.99868624 0.047676731 3.6557759 0.57983502 -0.027969346 0.81425372 178.04114
230 0.81533665 0.043165973 -0.57737583 -130.22237 -0.01911365 0.99868009 0.047672481 3.6838263 0.57867161 -0.027833362 0.81508558 178.93602
231 0.81664236 0.043571253 -0.575497 -130.84916 -0.019725536 0.99867074 0.047619062 3.7108585 0.57680688 -0.027535758 0.81641635 179.81893
232 0.81777987 0.043986687 -0.57384776 -131.47521 -0.020324941 0.99866035 0.047584802 3.7383034 0.57517214 -0.027250473 0.81757841 180.70448
233 0.81886106 0.044321032 -0.57227809 -132.10142 -0.020796257 0.99865063 0.047585226 3.7660317 0.57361494 -0.027064448 0.81867788 181.59403
234 0.81907717 0.044651807 -0.57194302 -132.74129 -0.021251702 0.99864367 0.047530016 3.7939828 0.57328961 -0.026775989 0.8189152 182.50217
235 0.81951642 0.044979768 -0.57128772 -133.38665 -0.021662711 0.99863383 0.047551119 3.8230325 0.57264612 -0.026593283 0.81937126 183.42078
236 0.8194624 0.045271265 -0.57134219 -134.04355 -0.022021099 0.99862635 0.047543515 3.8522044 0.57270976 -0.026378541 0.81933372 184.35427
237 0.81933127 0.045647095 -0.57150033 -134.7078 -0.022472743 0.99861628 0.047543823 3.8818409 0.5728798 -0.026110962 0.81922341 185.29769
238 0.81904384 0.046111609 -0.57187491 -135.378 -0.023075618 0.998606 0.047470847 3.9106273 0.57326671 -0.025684339 0.8189662 186.24676
239 0.81879145 0.046606214 -0.57219615 -136.06119 -0.02371514 0.99859431 0.047401484 3.939885 0.57360106 -0.025242219 0.81874581 187.21364
240 0.81878484 0.047032958 -0.57217068 -136.75685 -0.024231092 0.99858156 0.047409269 3.9704498 0.57358893 -0.024953671 0.81876315 188.19968
241 0.81858557 0.047634283 -0.57240602 -137.46162 -0.025006128 0.99856585 0.047337575 4.0000989 0.57384003 -0.024436198 0.81860279 189.19546
242 0.81825696 0.048181409 -0.57282991 -138.16366 -0.025693986 0.99855079 0.047286814 4.0303256 0.57427815 -0.023974482 0.81830916 190.18776
243 0.81834662 0.048664407 -0.57266098 -138.87476 -0.026279945 0.99853491 0.047300245 4.0612726 0.57412385 -0.023658497 0.81842661 191.19426
244 0.81817187 0.049242685 -0.57286121 -139.59192 -0.027005878 0.99851738 0.047261407 4.0916766 0.57433918 -0.023197335 0.81828872 192.20674
245 0.81818023 0.049787411 -0.57280218 -140.30783 -0.027672512 0.99849911 0.047261663 4.1226186 0.57429554 -0.022817683 0.81833003 193.21906
246 0.81793728 0.050379631 -0.57309729 -141.02505 -0.028413782 0.99848021 0.047221254 4.1531667 0.57460533 -0.022340163 0.81812571 194.23144
247 0.81787251 0.050922774 -0.57314172 -141.74735 -0.029049295 0.99846016 0.047258366 4.1851785 0.57466574 -0.022001957 0.81809245 195.25304
248 0.81793312 0.05163054 -0.57299188 -142.48694 -0.029921184 0.99843462 0.047254057 4.2166185 0.57453472 -0.021506063 0.81819764 196.29659
249 0.81779236 0.052249376 -0.57313669 -143.22435 -0.030655178 0.99841122 0.047278063 4.2490537 0.57469639 -0.021094032 0.81809483 197.3388
250 0.81774295 0.052614567 -0.57317378 -143.95683 -0.031033474 0.99839505 0.047372576 4.2824247 0.57474639 -0.020951017 0.81806338 198.37628
251 0.81771951 0.053050465 -0.57316704 -144.68319 -0.031482554 0.99837535 0.047491178 4.3160429 0.57475532 -0.020789701 0.81806122 199.40531
252 0.81761999 0.053555409 -0.57326204 -145.41141 -0.032032378 0.99835354 0.047581939 4.3494268 0.5748665 -0.020540999 0.81798938 200.43566
253 0.8173057 0.054189224 -0.57365052 -146.14459 -0.032776938 0.99832817 0.047607124 4.3820768 0.57527131 -0.020107067 0.81771552 201.46972
254 0.81720478 0.054683905 -0.57374736 -146.88554 -0.033294092 0.99830535 0.047726832 4.416595 0.57538498 -0.019900198 0.8176406 202.51705
255 0.81698853 0.055353337 -0.57399107 -147.63898 -0.03404741 0.99827604 0.047808351 4.4509447 0.57564792 -0.019515966 0.81746476 203.57884
256 0.81682213 0.055977364 -0.57416735 -148.38899 -0.034727338 0.99824734 0.047918428 4.4861686 0.57584341 -0.01920153 0.81733452 204.63761
257 0.81661869 0.05657571 -0.57439805 -149.14387 -0.035407519 0.9982204 0.047981685 4.5206048 0.57609049 -0.018844732 0.81716869 205.70077
258 0.81651901 0.057081991 -0.57448966 -149.89075 -0.035908951 0.99819465 0.048144638 4.5567933 0.57620073 -0.018681692 0.81709471 206.75595
259 0.81651503 0.057488394 -0.57445479 -150.63489 -0.036279671 0.99817253 0.048324847 4.593155 0.57618314 -0.018616933 0.81710858 207.80763
260 0.81629461 0.058029805 -0.57471355 -151.37054 -0.036865395 0.99814633 0.048422756 4.6279977 0.57645822 -0.018340193 0.81692081 208.84399
261 0.81597901 0.058602204 -0.57510351 -152.09948 -0.037534424 0.99811999 0.048451677 4.6614343 0.57686172 -0.017949373 0.81664461 209.86787
262 0.81555043 0.0591582 -0.57565424 -152.82463 -0.038240058 0.99809595 0.048395133 4.6930877 0.57742117 -0.017455621 0.81625985 210.88216
263 0.81516317 0.059724187 -0.57614411 -153.54516 -0.038941477 0.99807028 0.048365118 4.7250208 0.57792092 -0.016989561 0.81591593 211.88961
264 0.81466854 0.060342262 -0.57677897 -154.26278 -0.039732454 0.99804252 0.048294692 4.7560817 0.57856419 -0.016427322 0.81547144 212.88996
265 0.81449572 0.060805334 -0.57697439 -154.98072 -0.04028593 0.99801971 0.048307525 4.7881898 0.5787692 -0.016102323 0.81533243 213.89261
266 0.81447174 0.061358922 -0.57694963 -155.71292 -0.040958558 0.9979919 0.048316384 4.8206406 0.57875574 -0.015721304 0.81534942 214.91471
267 0.81453509 0.062067407 -0.57678439 -156.45557 -0.04186252 0.99795658 0.048271219 4.8526386 0.57860188 -0.015172953 0.815469 215.95069
268 0.8142904 0.062729583 -0.57705818 -157.1984 -0.042731437 0.99792408 0.048181557 4.8840721 0.5788827 -0.014575254 0.81528058 216.98531
269 0.81423637 0.063300845 -0.57707204 -157.94824 -0.043430947 0.99789386 0.048181971 4.9172138 0.57890664 -0.014168729 0.81527075 218.03225
270 0.81437207 0.063910533 -0.57681329 -158.70224 -0.044151547 0.99786006 0.048227012 4.9512389 0.5786612 -0.013807532 0.81545117 219.08674
271 0.81427993 0.064506981 -0.57687698 -159.45082 -0.044870616 0.99782727 0.048241797 4.9846854 0.57873556 -0.013397501 0.81540524 220.13267
272 0.81405122 0.065062331 -0.57713734 -160.19747 -0.045530563 0.99779632 0.048263633 5.0182951 0.5790057 -0.013011681 0.81521969 221.17537
273 0.81392832 0.065568333 -0.5772534 -160.94532 -0.046089885 0.99776664 0.048346243 5.0531168 0.5791342 -0.012744834 0.81513262 222.22148
274 0.81397765 0.065963353 -0.57713883 -161.69316 -0.046455471 0.99774143 0.048516325 5.0895383 0.57903567 -0.012679948 0.81520363 223.2703
275 0.81388862 0.066447661 -0.57720882 -162.44177 -0.046945028 0.99771147 0.048661019 5.1257631 0.57912131 -0.012507566 0.81514546 224.31876
276 0.8136766 0.067014045 -0.57744221 -163.19011 -0.047571092 0.99767742 0.048751052 5.1611739 0.5793681 -0.012198034 0.81497476 225.36435
277 0.81382872 0.067525176 -0.57716823 -163.95334 -0.048070906 0.99764438 0.04893656 5.1991114 0.57911313 -0.012080979 0.8151577 226.43465
278 0.81386395 0.068166237 -0.57704319 -164.7296 -0.048764322 0.99760418 0.049069809 5.236772 0.57900564 -0.011797029 0.81523821 227.52097
279 0.81391985 0.068740622 -0.57689619 -165.50756 -0.049344778 0.99756689 0.049247464 5.2756805 0.57887788 -0.011616674 0.81533153 228.61193
280 0.81408042 0.069218558 -0.5766124 -166.28965 -0.049813026 0.99753508 0.049419906 5.314697 0.57861192 -0.011508969 0.81552182 229.70925
281 0.8143504 0.069659549 -0.57617791 -167.07295 -0.050194116 0.99750431 0.049654979 5.3552482 0.57819893 -0.011515811 0.81581458 230.81141
282 0.81455932 0.070011871 -0.57583978 -167.8608 -0.050484227 0.9974793 0.049862818 5.3956456 0.57787929 -0.011545397 0.81604061 231.9201
283 0.81487233 0.070387563 -0.57535091 -168.65651 -0.050786435 0.99745219 0.050097719 5.4373327 0.57741132 -0.011603223 0.81637098 233.04231
284 0.81521198 0.070794477 -0.5748196 -169.45204 -0.051134884 0.99742308 0.050322353 5.4792015 0.57690092 -0.011630052 0.81673136 234.16553
285 0.81548962 0.071372422 -0.57435413 -170.24979 -0.051728873 0.99738378 0.050493827 5.5205108 0.5764554 -0.0114665 0.81704818 235.29107
