3 0.99983316 0.0057584581 -0.017334765 -0.0065032638 -0.0057311673 0.99998226 0.0016236068 -0.0012731893 0.017343807 -0.0015239875 0.99984842 0.20867855
4 0.99999863 -0.0016564968 2.8190864e-05 0.0027668743 0.0016564636 0.99999798 0.0011387588 0.00076016086 -3.0077157e-05 -0.0011387105 0.99999935 0.17954905
5 0.99999751 -0.0008359444 -0.0020669261 0.00262603 0.00083763749 0.99999931 0.00081840673 0.00091395936 0.0020662406 -0.00082013603 0.99999753 0.180447
6 0.9999943 -0.00087649019 -0.0032607674 0.001368113 0.00087831623 0.99999946 0.00055861447 0.00097064934 0.003260276 -0.00056147527 0.99999453 0.19267226
7 0.99997929 2.1857891e-05 -0.0064354997 -0.0020999215 -2.2603845e-05 0.99999999 -0.00011583963 -0.00034138988 0.0064354971 0.00011598269 0.99997929 0.20833632
8 0.99992538 0.00041552305 -0.01220931 -0.0068312101 -0.00041145314 0.99999986 0.00033585465 -0.0012626561 0.012209447 -0.00033080603 0.99992541 0.22405846
9 0.99983362 0.00027496028 -0.018238629 -0.012260951 -0.00026636265 0.99999985 0.00047382431 -0.0023758272 0.018238757 -0.00046888738 0.99983355 0.2451182
10 0.99970766 0.0010702816 -0.02415483 -0.01835534 -0.0010704178 0.99999943 7.2894571e-06 -0.0043298316 0.024154824 1.8568434e-05 0.99970823 0.2641198
11 0.99965055 0.00029080512 -0.026432887 -0.023617244 -0.00029822186 0.99999992 -0.00027664578 -0.0054584556 0.026432804 0.00028443197 0.99965055 0.31690636
12 0.99964057 -0.00024374051 -0.026807941 -0.024920725 0.0002620825 0.99999973 0.00068068832 -0.0037981351 0.026807768 -0.00068746956 0.99964037 0.35646474
13 0.99961968 -0.00018926172 -0.027576321 -0.026461419 0.00021348526 0.99999959 0.00087547686 -0.0040240307 0.027576144 -0.00088103103 0.99961932 0.36337936
14 0.99966265 -0.00023076406 -0.0259717 -0.023616824 0.00025155185 0.99999965 0.00079713737 -0.0036702949 0.025971507 -0.00080340168 0.99966236 0.34466884
15 0.99966062 0.0004845082 -0.026046195 -0.024236172 -0.00046621223 0.99999964 0.00070851096 -0.004922927 0.026046529 -0.00069612745 0.99966049 0.32873187
16 0.99960775 0.0018809578 -0.027942898 -0.027793934 -0.001868104 0.99999814 0.00048610155 -0.0072582941 0.02794376 -0.00043371064 0.9996094 0.32007237
17 0.99978655 0.0015204635 -0.020604295 -0.023289146 -0.0015147735 0.99999881 0.00029176169 -0.0076707975 0.020604714 -0.00026048858 0.99978767 0.35782712
18 0.99981529 0.0018481804 -0.019130231 -0.022420395 -0.0018456297 0.99999829 0.00015098496 -0.0082774466 0.019130478 -0.00011564975 0.99981699 0.35654705
19 0.99985659 0.0015747849 -0.016861795 -0.019613797 -0.0015747984 0.99999876 1.247465e-05 -0.0077665391 0.016861793 1.4081066e-05 0.99985783 0.35965218
20 0.99987561 0.00093272896 -0.015744962 -0.018099124 -0.00093025303 0.99999955 0.00016457552 -0.0069464626 0.015745108 -0.00014990825 0.99987603 0.37358029
21 0.9998819 0.00099637855 -0.015336224 -0.018311064 -0.00099644467 0.9999995 3.3296247e-06 -0.0074010695 0.015336219 1.1952467e-05 0.99988239 0.39501331
22 0.99992186 -0.00078946772 -0.012476002 -0.012847106 0.00079383654 0.99999963 0.00034522959 -0.0042545642 0.012475725 -0.00035510652 0.99992211 0.4646628
23 0.99989239 -9.7776969e-05 -0.014669778 -0.017172838 0.00010041964 0.99999998 0.00017940713 -0.0060540292 0.01466976 -0.00018086096 0.99989238 0.47217782
24 0.99987356 0.0012176416 -0.015854909 -0.018984556 -0.0012270046 0.99999908 -0.00058083234 -0.0079741122 0.015854187 0.00060021295 0.99987413 0.44397714
25 0.99989298 0.00035541978 -0.014625665 -0.015846555 -0.00036061133 0.99999987 -0.00035232575 -0.0061022298 0.014625537 0.00035756223 0.99989298 0.4463692
26 0.99989992 -0.0013508901 -0.014082506 -0.013993604 0.0013582808 0.99999894 0.00051526671 -0.0028827472 0.014081795 -0.00053434314 0.9999007 0.48935319
27 0.99992501 -0.00079490654 -0.012220948 -0.013914219 0.00079850995 0.99999964 0.00028997858 -0.0049798308 0.012220713 -0.00029971538 0.99992528 0.5385549
28 0.99992828 -0.0001164933 -0.011975487 -0.01650291 0.00011820457 0.99999998 0.00014219043 -0.0076953044 0.01197547 -0.00014359579 0.99992828 0.56917641
29 0.99999107 0.0015315101 -0.0039385724 -0.012263148 -0.0015334208 0.99999871 -0.00048214438 -0.015826738 0.0039378289 0.00048817956 0.99999213 0.66383314
30 0.99998221 -0.00032121693 -0.005956537 -0.009944669 0.00032257283 0.99999992 0.00022667396 -0.0097966216 0.0059564638 -0.00022859134 0.99998223 0.68057243
31 0.99998218 -0.0002440697 -0.0059646369 -0.0097184515 0.00024486465 0.99999996 0.00013254847 -0.010478304 0.0059646044 -0.00013400664 0.9999822 0.68442654
32 0.99999269 -0.00083554347 -0.0037310204 -0.0043753267 0.00083695268 0.99999958 0.00037615772 -0.0086680675 0.0037307046 -0.00037927766 0.99999297 0.7031237
33 0.99998273 -0.00094762242 -0.0057999159 -0.0070583188 0.00095045666 0.99999943 0.00048593115 -0.0076498891 0.0057994522 -0.00049143532 0.99998306 0.71812409
34 0.9999846 -0.0014900596 -0.0053461698 -0.0047270296 0.0014942413 0.99999858 0.00077825947 -0.0051884338 0.0053450026 -0.00078623595 0.99998541 0.71681816
35 0.99999109 -0.0013928254 -0.0039860614 -0.002883935 0.0013957008 0.99999877 0.00071866724 -0.0058588029 0.0039850555 -0.00072422418 0.9999918 0.73178214
36 0.99998426 -0.00084186529 -0.0055479446 -0.0073337646 0.00084474742 0.99999951 0.00051717129 -0.0077312931 0.0055475065 -0.00052184976 0.99998448 0.72432421
37 0.9999823 -0.00026454162 -0.0059432445 -0.010006234 0.00026634312 0.99999992 0.00030232767 -0.0098029899 0.0059431641 -0.00030390526 0.99998229 0.71764597
38 0.99997765 0.00043802512 -0.0066706624 -0.013704657 -0.00043835566 0.9999999 -4.8090567e-05 -0.013005783 0.0066706407 5.1013615e-05 0.99997775 0.70968081
39 0.9999774 8.8579264e-05 -0.0067231415 -0.012766565 -8.7650754e-05 0.99999999 0.00013840101 -0.011683835 0.0067231537 -0.00013780859 0.99997739 0.72760242
40 0.99998455 -0.0006443056 -0.0055214362 -0.0089318591 0.0006466186 0.9999997 0.00041713792 -0.0098624089 0.0055211658 -0.00042070174 0.99998467 0.76429466
41 0.99999291 -0.00086819485 -0.0036644212 -0.0054639751 0.00086998343 0.9999995 0.00048652933 -0.010460319 0.003663997 -0.00048971387 0.99999317 0.81925154
42 0.99999468 -0.00068920708 -0.0031874443 -0.0049425072 0.00069051536 0.99999968 0.000409365 -0.011804081 0.0031871611 -0.0004115638 0.99999484 0.84813455
43 0.99999591 -0.00051075989 -0.0028158526 -0.0046769213 0.00051162533 0.99999982 0.00030663171 -0.012969017 0.0028156955 -0.00030807112 0.99999599 0.85254321
44 0.99999499 -0.00021123215 -0.0031589576 -0.006387215 0.0002118201 0.99999996 0.00018579006 -0.013967938 0.0031589182 -0.00018645826 0.99999499 0.83689001
45 0.99999211 -0.00054757675 -0.0039337287 -0.0063268839 0.00054912683 0.99999977 0.00039297865 -0.012035803 0.0039335126 -0.00039513566 0.99999219 0.86095938
46 0.99998725 -0.00082809383 -0.0049820493 -0.0077041873 0.00083057085 0.99999953 0.0004951401 -0.01106597 0.0049816369 -0.00049927173 0.99998747 0.87472459
47 0.99998469 -0.00091286259 -0.0054577967 -0.0084453629 0.00091581426 0.99999944 0.00053834392 -0.010694042 0.0054573022 -0.00054333401 0.99998496 0.88286376
48 0.9999844 -0.001036217 -0.005488452 -0.0079167072 0.0010396865 0.99999926 0.00062933179 -0.0098089292 0.0054877958 -0.00063502824 0.99998474 0.89356878
49 0.99998706 -0.00085901546 -0.0050141255 -0.0077975355 0.00086168877 0.99999949 0.00053102135 -0.010999482 0.0050136667 -0.00053533509 0.99998729 0.88972183
50 0.99998791 -0.0010210541 -0.0048105418 -0.0066996244 0.0010240722 0.99999928 0.0006249822 -0.010240542 0.0048099002 -0.00062990099 0.99998823 0.90966358
51 0.9999866 -0.0012590704 -0.0050206242 -0.0062833183 0.0012627907 0.99999893 0.00073790789 -0.009161503 0.0050196897 -0.000744238 0.99998712 0.92852342
52 0.99999221 -0.0011720062 -0.0037704136 -0.0039675312 0.0011746883 0.99999906 0.00070921559 -0.010257708 0.0037695789 -0.00071363912 0.99999264 0.96787631
53 0.99999403 -0.00098557024 -0.0033116824 -0.0034811768 0.00098769646 0.99999931 0.00064046301 -0.011339418 0.0033110489 -0.00064373012 0.99999431 0.98209291
54 0.99999409 -0.00074363978 -0.0033555306 -0.0046709097 0.00074543956 0.99999958 0.00053514605 -0.012622612 0.0033551313 -0.00053764424 0.99999423 0.97353115
55 0.99999557 -0.00062236157 -0.0029092076 -0.0043266044 0.00062364193 0.99999971 0.00043922243 -0.013872457 0.0029089334 -0.00044103479 0.99999567 0.97483478
56 0.99999617 -0.00061418101 -0.0026991704 -0.0038801571 0.00061546354 0.9999997 0.00047435125 -0.01394104 0.0026988782 -0.00047601067 0.99999624 0.99517136
57 0.99999604 -0.00059033702 -0.0027512014 -0.0040812912 0.0005916114 0.99999972 0.00046241896 -0.014117092 0.0027509276 -0.00046404477 0.99999611 0.99808302
58 0.99999655 -0.00061399921 -0.0025559316 -0.0037944308 0.00061516203 0.99999971 0.00045418815 -0.014346642 0.002555652 -0.00045575889 0.99999663 0.99933191
59 0.9999976 -0.00061546645 -0.0021026193 -0.0024914912 0.00061652437 0.99999968 0.00050253199 -0.014458438 0.0021023093 -0.0005038271 0.99999766 1.0359216
60 0.99999778 -0.00036326855 -0.0020747701 -0.003483273 0.00036404899 0.99999986 0.00037579497 -0.01629058 0.0020746333 -0.00037654946 0.99999778 1.0461423
61 0.99999843 -0.00017497031 -0.0017608024 -0.003524308 0.00017551635 0.99999994 0.00030996136 -0.017644934 0.0017607481 -0.00031026993 0.9999984 1.0642227
62 0.99999888 -0.00010516648 -0.0014931961 -0.0033742788 0.00010559264 0.99999995 0.00028532735 -0.01845937 0.001493166 -0.0002854847 0.99999884 1.0787609
63 0.99999913 -4.8183278e-05 -0.0013178697 -0.0032720858 4.8517436e-05 0.99999997 0.00025352836 -0.019026263 0.0013178575 -0.00025359208 0.9999991 1.0828549
64 0.999999 -9.2603976e-05 -0.0014145156 -0.003370619 9.3002391e-05 0.99999996 0.0002815983 -0.01884304 0.0014144895 -0.00028172957 0.99999896 1.0903115
65 0.99999883 -0.00022347039 -0.0015127525 -0.0029531588 0.00022399704 0.99999991 0.00034797865 -0.018037419 0.0015126746 -0.0003483171 0.9999988 1.0988974
66 0.99999901 -0.00015157267 -0.0013972428 -0.0030742412 0.00015203393 0.99999993 0.00033002228 -0.018786379 0.0013971927 -0.00033023438 0.99999897 1.1160089
67 0.99999897 -0.00011531706 -0.0014298395 -0.0031317328 0.00011577072 0.99999994 0.0003171984 -0.018945122 0.0014298028 -0.00031736361 0.99999893 1.1215592
68 0.99999908 -3.9332302e-05 -0.0013542631 -0.0034819311 3.9703652e-05 0.99999996 0.00027418273 -0.019606198 0.0013542522 -0.00027423624 0.99999905 1.1178369
69 0.99999929 -8.9660543e-05 -0.0011891332 -0.0028687073 8.9998575e-05 0.99999996 0.00028421651 -0.019482937 0.0011891077 -0.00028432333 0.99999925 1.1189866
70 0.99999918 6.7761724e-06 -0.0012814449 -0.0035456978 -6.4621452e-06 0.99999997 0.00024506108 -0.020151321 0.0012814465 -0.0002450526 0.99999915 1.1236065
71 0.9999991 8.2609742e-05 -0.0013397923 -0.003988633 -8.2322909e-05 0.99999997 0.00021414201 -0.020494307 0.00133981 -0.00021403152 0.99999908 1.1198273
72 0.99999903 0.00023787844 -0.001370342 -0.005059741 -0.00023770186 0.99999996 0.00012901994 -0.021609736 0.0013703726 -0.00012869408 0.99999905 1.1103025
73 0.99999943 5.7504115e-05 -0.0010705412 -0.0035460198 -5.7298558e-05 0.99999998 0.00019204128 -0.020201755 0.0010705522 -0.00019197983 0.99999941 1.0864282
74 0.99999938 3.987326e-07 -0.0011107768 -0.0038211466 -2.0686136e-07 0.99999999 0.00017273619 -0.020278915 0.0011107769 -0.00017273586 0.99999937 1.0747663
75 0.99999881 0.00014326903 -0.0015382252 -0.0051346682 -0.00014302058 0.99999998 0.00016162411 -0.020695985 0.0015382483 -0.00016140392 0.9999988 1.0912227
76 0.99999846 1.3680188e-05 -0.0017531816 -0.0050471088 -1.3259409e-05 0.99999997 0.0002400203 -0.020127449 0.0017531849 -0.00023999668 0.99999843 1.1175829
77 0.99999837 0.00031414748 -0.0017782043 -0.006444287 -0.0003139161 0.99999994 0.00013039827 -0.02167951 0.0017782451 -0.00012983985 0.99999841 1.1142552
78 0.99999916 0.00011583819 -0.0012920183 -0.004414172 -0.00011560279 0.99999998 0.00018226224 -0.020861209 0.0012920393 -0.00018211273 0.99999915 1.1091813
79 0.99999885 0.00031686711 -0.0014860217 -0.0059771934 -0.00031670925 0.99999994 0.00010646806 -0.022242695 0.0014860553 -0.0001059973 0.99999889 1.1188706
80 0.9999985 -4.5471522e-06 -0.0017342926 -0.0047205557 5.0602092e-06 0.99999996 0.00029582643 -0.01985796 0.0017342912 -0.00029583476 0.99999845 1.1418775
81 0.99999893 0.00022143895 -0.0014454536 -0.005234299 -0.00022115989 0.99999996 0.00019321765 -0.021760497 0.0014454963 -0.00019289777 0.99999894 1.1526577
82 0.99999923 0.00015781608 -0.001229321 -0.0044966146 -0.00015752613 0.99999996 0.00023595559 -0.021655596 0.0012293582 -0.00023576176 0.99999922 1.1692252
83 0.9999993 0.00022635841 -0.0011582177 -0.0047302938 -0.00022614843 0.99999996 0.00018142509 -0.022436273 0.0011582587 -0.00018116304 0.99999931 1.1686731
84 0.99999938 0.00021527706 -0.0010941301 -0.0044689021 -0.0002151031 0.99999996 0.00015910863 -0.022290986 0.0010941643 -0.00015887318 0.99999939 1.1506589
85 0.9999995 0.0003846381 -0.00092528995 -0.0048848467 -0.00038457493 0.99999992 6.8441342e-05 -0.023217284 0.00092531621 -6.8085465e-05 0.99999957 1.1318787
86 0.99999958 0.00025556074 -0.00088428907 -0.0040795418 -0.00025546645 0.99999996 0.00010674319 -0.022216863 0.00088431631 -0.00010651724 0.9999996 1.1171018
87 0.99999955 0.00029530288 -0.00089652381 -0.0042967927 -0.00029521956 0.99999995 9.3065805e-05 -0.022601542 0.00089655125 -9.2801092e-05 0.99999959 1.125393
88 0.99999949 0.00023896516 -0.00098419772 -0.0041792618 -0.00023884021 0.99999996 0.00012706932 -0.022104505 0.00098422805 -0.00012683419 0.99999951 1.1261879
89 0.99999943 0.00029913881 -0.0010246118 -0.0044749814 -0.00029902476 0.99999995 0.0001114624 -0.022188401 0.0010246451 -0.00011115596 0.99999947 1.1203401
90 0.99999958 0.00016809084 -0.0008990836 -0.0036884711 -0.00016796696 0.99999998 0.00013786134 -0.021738109 0.00089910675 -0.00013771026 0.99999959 1.1178095
91 0.99999938 0.00019113218 -0.0010935914 -0.0040929996 -0.00019096806 0.99999997 0.00015017164 -0.021487594 0.0010936201 -0.00014996271 0.99999939 1.1170923
92 0.99999915 0.00019716662 -0.0012925302 -0.0045647687 -0.00019695455 0.99999997 0.00016420196 -0.021239371 0.0012925625 -0.00016394725 0.99999915 1.1162169
93 0.99999925 0.0001066457 -0.0012207082 -0.0041646697 -0.00010643494 0.99999998 0.00017271441 -0.020789333 0.0012207266 -0.00017258435 0.99999924 1.1007077
94 0.99999906 5.5654131e-05 -0.0013681907 -0.0043040551 -5.5386881e-05 0.99999998 0.00019536824 -0.020477498 0.0013682016 -0.00019529227 0.99999904 1.1023664
95 0.99999888 7.4006305e-05 -0.0014966682 -0.004479512 -7.3696924e-05 0.99999998 0.0002067677 -0.020224028 0.0014966835 -0.00020665717 0.99999886 1.1018119
96 0.99999935 -7.1252529e-07 -0.0011367288 -0.0033952678 9.5625374e-07 0.99999998 0.00021441162 -0.019916773 0.0011367286 -0.00021441256 0.99999933 1.0894648
97 0.99999946 6.8930238e-05 -0.0010341993 -0.0034510389 -6.8740806e-05 0.99999998 0.00018320196 -0.020400246 0.0010342119 -0.00018313077 0.99999945 1.0904898
98 0.99999928 7.8283512e-05 -0.0011966787 -0.0038403924 -7.8056973e-05 0.99999998 0.00018935192 -0.020348333 0.0011966935 -0.00018925838 0.99999927 1.0932985
99 0.99999915 0.00017247689 -0.0012916828 -0.004389458 -0.00017226131 0.99999997 0.00016700915 -0.020916646 0.0012917116 -0.0001667865 0.99999915 1.1055192
100 0.99999878 0.00020248595 -0.0015476646 -0.0052747842 -0.00020223508 0.99999997 0.00016225125 -0.02112477 0.0015476974 -0.00016193806 0.99999879 1.1112404
101 0.99999874 0.00016616911 -0.0015762506 -0.0052669407 -0.0001658906 0.99999997 0.00017682522 -0.020788917 0.0015762799 -0.00017656352 0.99999874 1.1045818
102 0.9999988 4.7208024e-05 -0.0015492165 -0.0047226135 -4.6869321e-05 0.99999997 0.00021866428 -0.020298076 0.0015492268 -0.00021859141 0.99999878 1.1091299
103 0.99999869 -2.6807933e-05 -0.0016207443 -0.0044801838 2.7234196e-05 0.99999997 0.00026298253 -0.019719409 0.0016207371 -0.00026302632 0.99999865 1.1126519
104 0.99999878 3.1748102e-05 -0.0015596309 -0.0043800918 -3.135485e-05 0.99999997 0.00025216816 -0.020065328 0.0015596388 -0.00025211895 0.99999875 1.123497
105 0.999999 0.00018147776 -0.0014024107 -0.0048353038 -0.00018120516 0.99999996 0.00019450227 -0.021289595 0.0014024459 -0.00019424795 0.999999 1.1352192
106 0.99999898 0.00025626392 -0.001401575 -0.0051084284 -0.00025602636 0.99999995 0.00016967274 -0.02183872 0.0014016185 -0.00016931373 0.999999 1.1442005
107 0.99999926 0.00024491681 -0.0011878187 -0.0046263475 -0.0002447308 0.99999996 0.00015674192 -0.022043004 0.001187857 -0.00015645111 0.99999928 1.1427434
108 0.9999994 0.00021429099 -0.0010722108 -0.0041412778 -0.00021411579 0.99999996 0.00016351706 -0.021974009 0.0010722458 -0.00016328739 0.99999941 1.1455812
109 0.99999943 0.0001319568 -0.0010576702 -0.0037941351 -0.00013172748 0.99999997 0.0002168809 -0.021718086 0.0010576988 -0.00021674145 0.99999942 1.1661097
110 0.99999899 0.00035446208 -0.0013751154 -0.0055617221 -0.00035426105 0.99999993 0.0001464294 -0.022865936 0.0013751672 -0.0001459421 0.99999904 1.1710662
111 0.99999947 0.00023885394 -0.0010024271 -0.0039966919 -0.00023867625 0.99999996 0.0001773822 -0.022349879 0.0010024694 -0.00017714285 0.99999948 1.1698425
112 0.99999929 0.00033091657 -0.0011479347 -0.0051302031 -0.00033077473 0.99999994 0.00012375522 -0.023047132 0.0011479755 -0.00012337543 0.99999933 1.1605592
113 0.99999945 0.00016060299 -0.0010343331 -0.0037160234 -0.00016038843 0.99999997 0.00020751839 -0.02172735 0.0010343664 -0.00020735238 0.99999944 1.1634284
114 0.99999952 0.00025227509 -0.0009415095 -0.0043935954 -0.00025210694 0.99999995 0.00017870765 -0.022914952 0.00094155454 -0.00017847021 0.99999954 1.1830793
115 0.99999917 0.00022695943 -0.0012644358 -0.004650868 -0.00022671627 0.99999996 0.00019244755 -0.022163237 0.0012644794 -0.00019216072 0.99999918 1.1712516
116 0.99999967 8.5050762e-05 -0.00080409522 -0.0029379914 -8.4872646e-05 0.99999997 0.00022154215 -0.021604876 0.00080411404 -0.00022147383 0.99999965 1.1619595
117 0.9999996 4.9205697e-05 -0.00089742527 -0.0032495141 -4.9005994e-05 0.99999997 0.0002225496 -0.021512249 0.0008974362 -0.00022250553 0.99999957 1.1558768
118 0.99999935 1.1724918e-05 -0.001138398 -0.0033702531 -1.1428262e-05 0.99999997 0.00026059701 -0.020898828 0.001138401 -0.00026058383 0.99999932 1.16043
119 0.99999917 0.0002254486 -0.0012720221 -0.0048167642 -0.00022522873 0.99999996 0.00017299432 -0.022056812 0.0012720611 -0.00017270768 0.99999918 1.1522526
120 0.9999995 -1.5007924e-05 -0.00099700827 -0.0031527461 1.5246159e-05 0.99999997 0.00023894279 -0.020848213 0.00099700465 -0.00023895787 0.99999947 1.1403942
121 0.99999928 0.00018247623 -0.0011833234 -0.0046989294 -0.00018228304 0.99999997 0.00016336909 -0.021912665 0.0011833532 -0.00016315328 0.99999929 1.135964
122 0.99999906 5.9518535e-05 -0.0013726774 -0.0042439679 -5.9188022e-05 0.99999997 0.00024081936 -0.020662048 0.0013726916 -0.00024073789 0.99999903 1.1378905
123 0.99999925 6.1766425e-05 -0.0012235301 -0.0043473026 -6.1502554e-05 0.99999997 0.00021569979 -0.021390104 0.0012235434 -0.00021562438 0.99999923 1.1457199
124 0.99999852 -2.3110128e-06 -0.001720936 -0.0048904873 2.7947921e-06 0.99999996 0.00028111169 -0.02034262 0.0017209352 -0.00028111608 0.99999848 1.1522747
125 0.99999895 -6.8876887e-05 -0.0014445747 -0.0039310042 6.9305395e-05 0.99999995 0.00029658431 -0.020114294 0.0014445542 -0.00029668411 0.99999891 1.1496688
126 0.99999907 -5.6686796e-05 -0.0013620809 -0.0040569701 5.7072809e-05 0.99999996 0.0002833618 -0.020618076 0.0013620648 -0.00028343927 0.99999903 1.1575926
127 0.99999908 5.9765156e-05 -0.0013565952 -0.0042619837 -5.9407805e-05 0.99999996 0.00026345616 -0.0211237 0.0013566109 -0.00026337532 0.99999905 1.1709403
128 0.99999936 0.00014755919 -0.0011211235 -0.0041395786 -0.00014732678 0.99999997 0.00020738676 -0.021928365 0.0011211541 -0.00020722146 0.99999935 1.1663135
129 0.99999956 0.00023759857 -0.00090741639 -0.0039954088 -0.0002374538 0.99999996 0.00015964302 -0.022522562 0.00090745428 -0.00015942748 0.99999958 1.1601263
130 0.99999956 0.00023744984 -0.00091275019 -0.0041869222 -0.00023731454 0.99999996 0.00014833799 -0.022685978 0.00091278538 -0.00014812131 0.99999957 1.1579477
131 0.99999934 0.00019569522 -0.0011319299 -0.0045148241 -0.00019549181 0.99999996 0.00017980449 -0.022328935 0.0011319651 -0.00017958309 0.99999934 1.1646265
132 0.99999929 0.00015116688 -0.0011810702 -0.0043903786 -0.00015091025 0.99999996 0.00021737052 -0.022078749 0.0011811031 -0.00021719213 0.99999928 1.1780705
133 0.99999909 0.00023473941 -0.0013295976 -0.0050215786 -0.0002344748 0.99999995 0.00019916521 -0.022480598 0.0013296443 -0.00019885327 0.9999991 1.186372
134 0.99999946 0.00016838762 -0.0010250321 -0.0038345571 -0.00016816022 0.99999996 0.00022192254 -0.02213318 0.0010250694 -0.00022175005 0.99999945 1.1854124
135 0.99999957 0.00023671504 -0.00089322688 -0.0039213405 -0.00023655618 0.99999996 0.00017794257 -0.0228184 0.00089326896 -0.0001777312 0.99999959 1.1836062
136 0.99999952 0.00035282125 -0.00091641117 -0.0044373967 -0.00035268422 0.99999993 0.00014968071 -0.023410881 0.00091646391 -0.00014935743 0.99999957 1.1904543
137 0.99999959 0.00037837252 -0.00081729315 -0.0044139932 -0.00037826175 0.99999992 0.00013567748 -0.023860548 0.00081734442 -0.00013536827 0.99999966 1.1978556
138 0.99999943 0.00038857666 -0.00099140768 -0.004848837 -0.00038844569 0.99999992 0.0001322931 -0.023933416 0.00099145901 -0.00013190791 0.9999995 1.2021035
139 0.99999955 0.00033044549 -0.00088764668 -0.0042987707 -0.00033029897 0.99999993 0.00016520312 -0.023601999 0.00088770121 -0.00016490986 0.99999959 1.2080336
140 0.99999962 0.00031401435 -0.00081140668 -0.0041793238 -0.00031386896 0.99999993 0.00017931219 -0.023757259 0.00081146294 -0.00017905745 0.99999965 1.2197845
141 0.9999994 0.00044423366 -0.00099757927 -0.0053260583 -0.00044407666 0.99999989 0.00015759418 -0.024523054 0.00099764917 -0.00015715108 0.99999949 1.2331373
142 0.99999957 0.00050151217 -0.00077989735 -0.0051666619 -0.00050139246 0.99999986 0.00015368051 -0.025086283 0.00077997432 -0.00015328941 0.99999968 1.2394017
143 0.9999997 0.00044075564 -0.00063968416 -0.004710439 -0.00044065768 0.99999989 0.00015327524 -0.025281463 0.00063975165 -0.00015299331 0.99999978 1.2402053
144 0.99999965 0.00042245647 -0.00072078175 -0.0044383726 -0.00042235213 0.9999999 0.00014491281 -0.024821042 0.0007208429 -0.00014460834 0.99999973 1.2405968
145 0.99999964 0.00036690933 -0.00076310621 -0.0041533272 -0.00036679568 0.99999992 0.00014906388 -0.024266489 0.00076316084 -0.00014878392 0.9999997 1.2251756
146 0.9999997 0.00033313793 -0.00070179224 -0.0039176655 -0.00033302421 0.99999993 0.00016215523 -0.024019709 0.00070184621 -0.00016192147 0.99999974 1.2208085
147 0.99999968 0.00031018879 -0.00073721722 -0.0037983286 -0.00031006984 0.99999994 0.0001614627 -0.023766597 0.00073726725 -0.00016123406 0.99999972 1.2138127
148 0.99999975 0.00030188812 -0.00064412088 -0.0034947774 -0.00030177737 0.99999994 0.00017203562 -0.023688963 0.00064417277 -0.00017184119 0.99999978 1.2161557
149 0.99999974 0.00037639935 -0.00060893113 -0.0038267557 -0.00037631157 0.99999992 0.00014426382 -0.024140369 0.00060898538 -0.00014403463 0.9999998 1.2144389
150 0.99999974 0.00035561138 -0.00063254269 -0.0036267883 -0.00035552939 0.99999993 0.00012972571 -0.02381517 0.00063258878 -0.00012950079 0.99999979 1.1969795
151 0.99999983 0.00035058043 -0.00047207907 -0.0033152049 -0.00035052367 0.99999993 0.000120304 -0.023806168 0.00047212122 -0.00012013851 0.99999988 1.1872465
152 0.99999969 0.00042044471 -0.00066647996 -0.0042348847 -0.00042038652 0.99999991 8.7442498e-05 -0.024056456 0.00066651667 -8.7162292e-05 0.99999977 1.17716
153 0.99999972 0.0003955133 -0.00063828137 -0.0039983243 -0.0003954376 0.99999991 0.0001187264 -0.023766073 0.00063832828 -0.00011847396 0.99999979 1.1804177
154 0.9999997 0.00041401263 -0.00065348768 -0.0044696377 -0.00041393801 0.99999991 0.0001143238 -0.024220207 0.00065353495 -0.00011405326 0.99999978 1.183144
155 0.99999964 0.00041920798 -0.00074263883 -0.0046659838 -0.00041911616 0.9999999 0.00012378305 -0.024100681 0.00074269065 -0.00012347175 0.99999972 1.1804633
156 0.99999974 0.00036718747 -0.0006185395 -0.0041676544 -0.00036710466 0.99999992 0.00013398344 -0.023843897 0.00061858865 -0.00013375634 0.9999998 1.1802155
157 0.99999962 0.00044340439 -0.00075382312 -0.0051314588 -0.00044331859 0.9999999 0.0001139861 -0.024350495 0.00075387358 -0.00011365187 0.99999971 1.1793833
158 0.99999972 0.00043819658 -0.00060632824 -0.0048550247 -0.00043812363 0.9999999 0.00012044571 -0.024419297 0.00060638096 -0.00012018003 0.99999981 1.1777153
159 0.99999982 0.00038335215 -0.00047060511 -0.0043910636 -0.00038329405 0.99999992 0.00012353828 -0.024392978 0.00047065243 -0.00012335788 0.99999988 1.1770653
160 0.99999986 0.00030257414 -0.00043495209 -0.0038885012 -0.00030250562 0.99999994 0.00015760047 -0.023871468 0.00043499975 -0.00015746887 0.99999989 1.1765834
161 0.99999984 0.00031573513 -0.00046388163 -0.0037981422 -0.00031567345 0.99999994 0.00013304074 -0.023709734 0.00046392361 -0.00013289428 0.99999988 1.1639657
162 0.99999988 0.00028449931 -0.00039946444 -0.0034763536 -0.0002844412 0.99999995 0.00014552781 -0.023375854 0.00039950583 -0.00014541417 0.99999991 1.1582573
163 0.99999984 0.00038668435 -0.00042170848 -0.0039356703 -0.00038665872 0.99999992 6.0860215e-05 -0.023887855 0.00042173198 -6.0697147e-05 0.99999991 1.1487681
164 0.99999981 0.00041720931 -0.00046416863 -0.0041245506 -0.00041718665 0.99999991 4.8903334e-05 -0.023854089 0.00046418899 -4.870968e-05 0.99999989 1.142344
165 0.99999992 0.00027143686 -0.00029091255 -0.0029214677 -0.00027140628 0.99999996 0.00010516983 -0.022859164 0.00029094108 -0.00010509087 0.99999995 1.1349839
166 0.99999993 0.00028467568 -0.00025326718 -0.0031652945 -0.00028466327 0.99999996 4.9044734e-05 -0.023052944 0.00025328113 -4.8972634e-05 0.99999997 1.111673
167 0.99999998 0.00018642666 -8.7814594e-05 -0.0024244619 -0.00018641884 0.99999998 8.9072491e-05 -0.022151607 8.7831197e-05 -8.9056119e-05 0.99999999 1.0949948
168 0.99999996 0.00026084521 -0.00012384852 -0.0030311502 -0.00026083919 0.99999996 4.8616329e-05 -0.022656458 0.00012386119 -4.8584023e-05 0.99999999 1.0897734
169 0.99999997 0.00023724578 -1.1116792e-05 -0.0027885756 -0.00023724502 0.99999997 6.8601863e-05 -0.02257363 1.1133068e-05 -6.8599223e-05 1 1.0926727
170 0.99999995 0.00024663436 -0.0001809659 -0.0032760113 -0.00024661906 0.99999997 8.458347e-05 -0.022874373 0.00018098675 -8.4538836e-05 0.99999998 1.1072351
171 0.99999996 0.00020571457 -0.00021402829 -0.0030725693 -0.00020568418 0.99999997 0.00014198955 -0.022691269 0.00021405749 -0.00014194552 0.99999997 1.1226225
172 0.99999991 0.00022495861 -0.00036469182 -0.0035083594 -0.0002249122 0.99999997 0.00012728959 -0.022978633 0.00036472044 -0.00012720755 0.99999993 1.1301471
173 0.99999991 0.00026554424 -0.00032178537 -0.0032445289 -0.00026550748 0.99999996 0.00011428377 -0.022927703 0.0003218157 -0.00011419833 0.99999994 1.132498
174 0.99999993 0.0003234088 -0.00019836093 -0.0034225378 -0.00032339785 0.99999995 5.5204443e-05 -0.023222013 0.00019837877 -5.5140289e-05 0.99999998 1.1130054
175 0.99999993 0.00033921661 -0.00014938505 -0.0033312426 -0.00033921152 0.99999994 3.4131068e-05 -0.022943982 0.00014939661 -3.4080392e-05 0.99999999 1.0921664
176 0.99999993 0.00035351507 0.00012308833 -0.0031388644 -0.00035351652 0.99999994 1.1772628e-05 -0.02314949 -0.00012308416 -1.181614e-05 0.99999999 1.0797855
177 0.99999991 0.00027045245 0.0003311726 -0.0027054828 -0.00027045464 0.99999996 6.5663329e-06 -0.022820787 -0.00033117081 -6.6558995e-06 0.99999995 1.0600879
178 0.99999993 5.3115184e-05 0.00038017037 -0.0013135959 -5.3151367e-05 0.99999999 9.5166269e-05 -0.021400291 -0.00038016531 -9.5186468e-05 0.99999992 1.0578738
179 0.99999975 0.00022115354 0.00067660048 -0.0020377808 -0.00022117925 0.99999997 3.7918363e-05 -0.022340782 -0.00067659208 -3.8068003e-05 0.99999977 1.0470606
180 0.99999775 0.00023113546 0.0021075257 -0.00016318044 -0.00023127267 0.99999997 6.4860804e-05 -0.021581408 -0.0021075107 -6.5348071e-05 0.99999778 1.0024643
181 0.99999821 7.6938166e-05 0.0018925636 0.0009523791 -7.7156408e-05 0.99999999 0.00011524263 -0.019976044 -0.0018925547 -0.00011538845 0.9999982 0.98741616
182 0.99999407 0.00038117402 0.0034230346 0.0015741288 -0.00038132234 0.99999993 4.2676292e-05 -0.02061783 -0.0034230181 -4.3981319e-05 0.99999414 0.94773494
183 0.9999986 1.0914967e-05 0.0016752713 0.00082372071 -1.1092749e-05 0.99999999 0.00010611156 -0.020078685 -0.0016752701 -0.00010613 0.99999859 0.99098135
184 0.99999894 0.0002088115 0.0014434536 -0.00047743482 -0.00020887832 0.99999998 4.6140457e-05 -0.021274478 -0.0014434439 -4.6441914e-05 0.99999896 1.0070762
185 0.99999962 0.00013792284 0.00086577024 -0.0012640278 -0.00013796845 0.99999999 5.2620616e-05 -0.021032761 -0.00086576297 -5.2740045e-05 0.99999962 1.0091149
186 0.99999969 0.00031950628 0.00071276407 -0.0024092684 -0.00031948176 0.99999995 -3.4523191e-05 -0.021849545 -0.00071277506 3.4295465e-05 0.99999975 0.99765915
187 0.99999984 0.00026458823 0.00050645368 -0.0021122273 -0.00026458872 0.99999996 8.9845238e-07 -0.020870046 -0.00050645343 -1.0324542e-06 0.99999987 0.98645551
188 0.99999992 0.00022127 0.00034387643 -0.0020938376 -0.00022127911 0.99999998 2.6454223e-05 -0.020517238 -0.00034387057 -2.6530313e-05 0.99999994 0.98400207
189 0.99999931 0.0002448302 0.0011463068 -0.0011845966 -0.00024483902 0.99999997 7.5595991e-06 -0.020552909 -0.0011463049 -7.8402546e-06 0.99999934 0.96875761
190 0.99999791 0.00033909767 0.0020163817 -0.00044132423 -0.00033908649 0.99999994 -5.8859973e-06 -0.020522103 -0.0020163836 5.2022572e-06 0.99999797 0.9448586
191 0.99999714 0.00032222498 0.0023681163 0.00071468824 -0.00032221082 0.99999995 -6.3631877e-06 -0.019460145 -0.0023681183 5.6001368e-06 0.9999972 0.91501272
192 0.99999371 0.00023980887 0.0035393673 0.0028044632 -0.00024000202 0.99999997 5.4147755e-05 -0.018489224 -0.0035393542 -5.4996869e-05 0.99999373 0.89482843
193 0.9999924 0.00030552359 0.0038871048 0.0031928989 -0.00030580441 0.99999995 7.1651326e-05 -0.018409378 -0.0038870827 -7.2839475e-05 0.99999244 0.89622345
194 0.99998368 0.00073395118 0.005665522 0.0051500438 -0.0007344322 0.99999973 8.2822314e-05 -0.018513731 -0.0056654597 -8.6981905e-05 0.99998395 0.89625694
195 0.99998101 0.00051225262 0.0061410231 0.006175156 -0.00051322653 0.99999986 0.00015701715 -0.019092627 -0.0061409418 -0.00016016591 0.99998113 0.92659458
196 0.99998555 0.00032905258 0.0053664534 0.0058873301 -0.00033002981 0.99999993 0.00018121626 -0.019298971 -0.0053663934 -0.00018298473 0.99998558 0.95459096
197 0.99998673 0.00019633948 0.0051478591 0.0059197891 -0.00019735782 0.99999996 0.00019731107 -0.018614242 -0.0051478202 -0.00019832442 0.99998673 0.9394258
198 0.99999307 6.7871448e-05 0.0037218648 0.0044375636 -6.8497993e-05 0.99999998 0.00016821451 -0.017723429 -0.0037218534 -0.00016846829 0.99999306 0.92387624
199 0.99999593 -8.8832737e-05 0.002850263 0.0032291271 8.8310165e-05 0.99999998 0.00018346703 -0.017304491 -0.0028502793 -0.00018321458 0.99999592 0.9162596
200 0.99999592 -4.1086173e-05 0.0028546196 0.0022844569 4.0676807e-05 0.99999999 0.00014346241 -0.018057812 -0.0028546255 -0.00014334571 0.99999592 0.9097847
201 0.99999878 -8.3804341e-05 0.0015617802 0.0011366843 8.3605408e-05 0.99999999 0.00012744017 -0.017662512 -0.0015617909 -0.00012730944 0.99999877 0.91774134
202 0.99999783 0.0002214224 0.0020724103 0.00099821105 -0.00022152686 0.99999997 5.0175206e-05 -0.018236589 -0.0020723992 -5.0634192e-05 0.99999785 0.9052832
203 0.99999661 0.00024204251 0.0025919353 0.0015590975 -0.00024227071 0.99999997 8.7728888e-05 -0.017884535 -0.0025919139 -8.8356541e-05 0.99999664 0.89996733
204 0.9999972 0.000217093 0.002354915 0.0012429451 -0.000217289 0.99999997 8.2974297e-05 -0.017668336 -0.0023548969 -8.3485762e-05 0.99999722 0.89198284
205 0.99999761 0.00017443416 0.0021786956 0.0010183046 -0.00017456064 0.99999998 5.7862265e-05 -0.017495678 -0.0021786854 -5.8242442e-05 0.99999762 0.87730068
206 0.99999747 0.00015970148 0.0022459238 0.0012308739 -0.00015980789 0.99999999 4.7199004e-05 -0.017353404 -0.0022459162 -4.7557801e-05 0.99999748 0.86946079
207 0.99999885 0.00032276827 0.0014795579 -0.00045411843 -0.00032278747 0.99999995 1.273637e-05 -0.018170669 -0.0014795537 -1.3213939e-05 0.99999891 0.88700451
208 0.99999858 0.00024248877 0.0016693571 -0.00040465138 -0.00024252136 0.99999997 1.9323934e-05 -0.018845446 -0.0016693524 -1.9728761e-05 0.99999861 0.90632624
209 0.99999976 -9.5223551e-05 0.00068564403 5.3539836e-05 9.5143486e-05 0.99999999 0.00011680383 -0.017709676 -0.00068565515 -0.00011673857 0.99999976 0.94676484
210 0.99999985 -6.6987841e-05 0.00054167942 -0.0003007446 6.691322e-05 0.99999999 0.00013777529 -0.018544759 -0.00054168864 -0.00013773902 0.99999984 0.97720944
211 0.99999995 -0.00016980982 0.0002773347 -0.00065982339 0.00016976297 0.99999997 0.00016892315 -0.018756719 -0.00027736337 -0.00016887606 0.99999995 0.99809644
212 0.99999991 -0.00040596771 -9.9109223e-05 5.3984925e-05 0.00040599616 0.99999988 0.00028722132 -0.017332841 9.8992608e-05 -0.00028726154 0.99999995 1.0200031
213 0.99999999 -0.00013135612 -5.1026638e-05 -0.0012396218 0.00013136357 0.99999998 0.00014593133 -0.019191618 5.1007468e-05 -0.00014593803 0.99999999 1.0110381
214 0.99999999 -5.1399877e-05 -8.613948e-05 -0.0016870468 5.1409826e-05 0.99999999 0.0001155012 -0.019481847 8.6133542e-05 -0.00011550562 0.99999999 0.99829469
215 0.99999999 0.00011238773 -8.4910199e-05 -0.0026162193 -0.00011238194 0.99999999 6.8244173e-05 -0.020164407 8.4917868e-05 -6.823463e-05 0.99999999 0.99014937
216 0.99999995 0.00011182139 -0.00028930268 -0.0024485234 -0.00011179785 0.99999999 8.1374103e-05 -0.019755118 0.00028931178 -8.1341756e-05 0.99999995 1.0008378
217 0.99999999 -4.9704118e-05 0.00015698404 -0.0013941046 4.9680893e-05 0.99999999 0.00014794255 -0.019553017 -0.00015699139 -0.00014793475 0.99999998 1.0007925
218 0.99999996 5.4541439e-05 -0.00028973378 -0.0022093348 -5.4507439e-05 0.99999999 0.00011735495 -0.019750584 0.00028974018 -0.00011733915 0.99999995 1.0150729
219 1 -7.9500272e-05 3.8839797e-06 -0.0011663452 7.949957e-05 0.99999998 0.00018037996 -0.019384478 -3.8983199e-06 -0.00018037965 0.99999998 1.0220934
220 0.99999999 6.5435882e-05 -0.00013989516 -0.0021268146 -6.5421043e-05 0.99999999 0.00010607294 -0.020390066 0.0001399021 -0.00010606379 0.99999998 1.029826
221 0.99999998 -9.342903e-05 -0.00017548942 -0.0010938886 9.3463669e-05 0.99999998 0.00019738682 -0.019350343 0.00017547098 -0.00019740322 0.99999997 1.0451453
222 1 6.5494063e-05 -4.2591682e-06 -0.0018841275 -6.5493532e-05 0.99999999 0.0001244665 -0.020862716 4.26732e-06 -0.00012446622 0.99999999 1.0580474
223 0.99999994 0.00014595373 0.00029825801 -0.0020993948 -0.00014598481 0.99999998 0.00010419909 -0.021956953 -0.00029824279 -0.00010424263 0.99999995 1.0811059
224 0.99999991 0.0002566029 0.00032906931 -0.0024236583 -0.00025659321 0.99999997 -2.9488412e-05 -0.023025639 -0.00032907687 2.9403972e-05 0.99999995 1.0656614
225 0.99999951 0.00029048642 0.00094379088 -0.0012676893 -0.00029046557 0.99999996 -2.223661e-05 -0.022554553 -0.0009437973 2.196246e-05 0.99999955 1.0470778
226 0.999998 0.00014282849 0.0019931369 0.0008299001 -0.00014299284 0.99999999 8.2316685e-05 -0.02143197 -0.0019931251 -8.2601525e-05 0.99999801 1.0304002
227 0.9999979 0.00040707195 0.0020080175 -0.00062342833 -0.00040708627 0.99999992 6.7197851e-06 -0.023205922 -0.0020080146 -7.5372073e-06 0.99999798 1.046317
228 0.99999709 0.0005189264 0.0023547659 -0.00050624855 -0.00051888487 0.99999987 -1.8247114e-05 -0.023955532 -0.002354775 1.7025209e-05 0.99999723 1.0547234
229 0.99999827 0.00057875721 0.0017698826 -0.0011918842 -0.00057869438 0.99999983 -3.6011159e-05 -0.023939034 -0.0017699032 3.4986876e-05 0.99999843 1.0677767
230 0.99999893 0.00026710195 0.0014372173 -0.0013892541 -0.00026713502 0.99999996 2.2817768e-05 -0.024413017 -0.0014372112 -2.3201675e-05 0.99999897 1.0991797
231 0.99999722 0.00050283325 0.0023029763 -0.00065307147 -0.0005028132 0.99999987 -9.2865801e-06 -0.024633672 -0.0023029807 8.1285874e-06 0.99999735 1.0828237
232 0.99999784 0.0005040202 0.0020177999 -0.0010035779 -0.00050403262 0.99999987 5.6468479e-06 -0.024253807 -0.0020177968 -6.6638727e-06 0.99999796 1.0845781
233 0.99999809 0.00038061496 0.0019160201 -0.0010182108 -0.00038069135 0.99999993 3.950676e-05 -0.024094332 -0.0019160049 -4.0236097e-05 0.99999816 1.0879453
234 0.99999982 0.00043646756 0.00041165782 -0.0036310668 -0.00043644837 0.9999999 -4.6708203e-05 -0.025024585 -0.00041167817 4.6528527e-05 0.99999991 1.1109835
235 0.99999961 0.0003735771 0.00079774937 -0.0025814127 -0.00037360763 0.99999993 3.8123978e-05 -0.024402954 -0.00079773507 -3.8422008e-05 0.99999968 1.1227586
236 0.99999993 0.00036201996 -6.596866e-05 -0.0044132886 -0.00036202056 0.99999993 -9.0450733e-06 -0.025239473 6.5965381e-05 9.0689547e-06 1 1.1415354
237 0.99999987 0.00046144545 -0.00019277706 -0.0046789895 -0.00046144621 0.99999989 -3.9416107e-06 -0.025361753 0.00019277522 4.0305664e-06 0.99999998 1.1538981
238 0.9999997 0.00062522605 -0.00045261656 -0.0060517498 -0.0006252638 0.9999998 -8.3257668e-05 -0.026627272 0.00045256441 8.3540648e-05 0.99999989 1.1618924
239 0.99999971 0.00065882539 -0.00038785356 -0.0059641824 -0.00065885585 0.99999978 -7.8419447e-05 -0.027119971 0.00038780181 7.8674964e-05 0.99999992 1.1839323
240 0.99999987 0.00051522777 3.0615818e-05 -0.0047284787 -0.00051522803 0.99999987 8.5234248e-06 -0.026789811 -3.0611423e-05 -8.5391978e-06 1 1.2068144
241 0.99999965 0.00078955356 -0.00028293094 -0.0066026651 -0.00078957584 0.99999969 -7.8659633e-05 -0.028388708 0.00028286874 7.8883001e-05 0.99999996 1.2199634
242 0.99999961 0.00071319694 -0.00051422156 -0.0060178524 -0.00071322979 0.99999974 -6.3704473e-05 -0.027506066 0.000514176 6.4071206e-05 0.99999987 1.2155855
243 0.99999981 0.00057708772 0.00020533898 -0.0046486548 -0.00057709158 0.99999983 1.8735203e-05 -0.027489826 -0.00020532813 -1.8853699e-05 0.99999998 1.2324268
244 0.9999997 0.00073845723 -0.000242005 -0.0063960339 -0.0007384682 0.99999973 -4.5262367e-05 -0.028494467 0.00024197151 4.5441066e-05 0.99999997 1.2407675
245 0.99999978 0.00066422112 7.201206e-05 -0.0051576712 -0.00066422128 0.99999978 2.2033801e-06 -0.027840658 -7.201058e-05 -2.2512115e-06 1 1.2399566
246 0.99999965 0.00075930363 -0.00035767881 -0.0062530695 -0.0007593217 0.99999971 -5.0379098e-05 -0.028306106 0.00035764045 5.0650674e-05 0.99999993 1.2407248
247 0.99999979 0.00063916172 -5.6502715e-05 -0.0046887644 -0.00063915971 0.9999998 3.5560967e-05 -0.02724891 5.6525433e-05 -3.5524845e-05 1 1.2512584
248 0.99999961 0.0008645776 0.00018312276 -0.0061142417 -0.0008645778 0.99999963 1.0125199e-06 -0.029230584 -0.00018312182 -1.1708434e-06 0.99999998 1.2790956
249 0.99999971 0.00074359269 -0.00017822869 -0.0053327963 -0.00074358937 0.99999972 1.8703421e-05 -0.02810201 0.00017824255 -1.8570887e-05 0.99999998 1.2767943
250 0.99999993 0.0003813357 -5.1307421e-05 -0.0038036597 -0.00038133093 0.99999992 9.3088711e-05 -0.026838527 5.1342915e-05 -9.3069139e-05 0.99999999 1.2701509
251 0.9999999 0.00044978011 5.8984643e-07 -0.0035923105 -0.00044978018 0.99999989 0.0001188113 -0.026211987 -5.364074e-07 -0.00011881155 0.99999999 1.2597295
252 0.99999984 0.00055653229 -0.00012183185 -0.0043264535 -0.00055652168 0.99999984 8.7067077e-05 -0.026723488 0.00012188029 -8.6999261e-05 0.99999999 1.2618724
253 0.99999959 0.00076848525 -0.0004758693 -0.0060605737 -0.0007684806 0.9999997 9.963462e-06 -0.027910094 0.00047587681 -9.5977616e-06 0.99999989 1.2677063
254 0.99999985 0.00052405948 -0.00012616563 -0.0042246901 -0.00052404487 0.99999986 0.00011576713 -0.026749821 0.00012622628 -0.000115701 0.99999999 1.2831041
255 0.99999966 0.00076912025 -0.0003030516 -0.0059153653 -0.0007690986 0.9999997 7.1552553e-05 -0.028039491 0.00030310654 -7.1319452e-05 0.99999995 1.302092
