3 0.99941268 0.0023976331 -0.034184049 -0.029905759 -0.0024116781 0.99999698 -0.00036963521 -0.0067446498 0.034183063 0.00045185971 0.99941551 0.39497857
4 0.99890472 0.0030644793 -0.046690153 -0.044475705 -0.0030552419 0.99999525 0.00026920733 -0.0078993067 0.046690761 -0.00012626212 0.99890941 0.49894682
5 0.99824037 0.0037266994 -0.059180098 -0.060292356 -0.0036779077 0.99999276 0.00093336578 -0.0089952779 0.059183153 -0.00071406386 0.99824691 0.60208519
6 0.99741398 0.004447626 -0.071732677 -0.077215407 -0.0043490023 0.99998933 0.0015310041 -0.0097687708 0.071738727 -0.0012150787 0.99742274 0.70559692
7 0.99642982 0.0051891445 -0.084265578 -0.095660867 -0.0050288877 0.99998508 0.0021139535 -0.010513367 0.084275296 -0.0016826436 0.99644111 0.81026058
8 0.99529844 0.005871196 -0.096677541 -0.11629972 -0.0056261406 0.99998019 0.0028071754 -0.011621561 0.096692114 -0.0022500554 0.99531182 0.91633023
9 0.99401201 0.0064978186 -0.10907756 -0.1400756 -0.0061430842 0.99997465 0.0035878561 -0.013150055 0.10909811 -0.002896299 0.99402679 1.0274578
10 0.99255839 0.0070988561 -0.12156257 -0.16764864 -0.0066075615 0.99996825 0.0044441332 -0.014883072 0.12159026 -0.0036078291 0.99257384 1.1469852
11 0.99092461 0.0077032708 -0.13419789 -0.19985335 -0.0070463933 0.99996071 0.005369114 -0.016655042 0.13423399 -0.0043747757 0.99094003 1.2787202
12 0.98909969 0.0083304551 -0.1470116 -0.23754414 -0.0074759575 0.99995176 0.0063640292 -0.018426584 0.14705753 -0.0051956065 0.98911432 1.4259722
13 0.98708976 0.0089869543 -0.15991576 -0.27935587 -0.0079073962 0.99994141 0.0073858768 -0.020008836 0.15997278 -0.0060260058 0.98710306 1.5822171
14 0.98489468 0.0096676066 -0.1728844 -0.32523573 -0.0083343948 0.99992964 0.0084358416 -0.021473487 0.17295381 -0.0068675284 0.98490602 1.7461541
15 0.98251706 0.010372747 -0.18588341 -0.3745954 -0.0087594616 0.99991648 0.0094982126 -0.022691332 0.18596642 -0.0077039171 0.98252592 1.9148554
16 0.97994604 0.01111272 -0.19895293 -0.42872308 -0.0091910536 0.99990175 0.010579846 -0.023620945 0.19905097 -0.0085390913 0.97995196 2.0928289
17 0.9771814 0.011883195 -0.21207382 -0.48753878 -0.0096245686 0.99988543 0.011679349 -0.024275655 0.21218833 -0.0093717236 0.97718388 2.2788281
18 0.97419906 0.012703782 -0.22533266 -0.55408492 -0.010076547 0.99986719 0.012805657 -0.024656071 0.22546542 -0.010204684 0.97419775 2.4829743
19 0.97101366 0.013558677 -0.23863915 -0.62628341 -0.010536563 0.99984734 0.013935101 -0.024757565 0.23879168 -0.011016737 0.97100835 2.696236
20 0.96762264 0.014447052 -0.25198754 -0.70442774 -0.011004444 0.9998259 0.015065777 -0.024564905 0.25216134 -0.011805004 0.96761322 2.9186504
21 0.96402802 0.01536243 -0.26535631 -0.78816651 -0.011473921 0.99980292 0.016197924 -0.024095405 0.26555287 -0.012570575 0.96401436 3.1480753
22 0.9602322 0.016304575 -0.2787262 -0.87737807 -0.011945439 0.9997784 0.017330871 -0.023269216 0.27894702 -0.013312154 0.96021424 3.383577
23 0.95623075 0.017273366 -0.29210339 -0.97265044 -0.012419357 0.99975235 0.018463725 -0.022105138 0.29235 -0.014027846 0.95620852 3.6261941
24 0.95201409 0.018280393 -0.30550778 -1.0760223 -0.01290976 0.99972469 0.019590618 -0.020495711 0.30578181 -0.014706513 0.95198805 3.8813347
25 0.94757354 0.019322718 -0.31895301 -1.1886471 -0.013415576 0.99969553 0.020707093 -0.018510754 0.31925604 -0.015342555 0.94754432 4.1509398
26 0.94291959 0.020384518 -0.33239603 -1.3083493 -0.013919709 0.99966499 0.021818922 -0.016198433 0.33272946 -0.015946633 0.94288751 4.4276786
27 0.93805414 0.021465845 -0.34582316 -1.4352825 -0.01442345 0.99963309 0.02292499 -0.013523102 0.3461884 -0.016516919 0.93801963 4.7113034
28 0.93299704 0.022560692 -0.3591762 -1.5670066 -0.01491792 0.99959973 0.024036352 -0.010435847 0.35957474 -0.017067684 0.93296021 4.9951466
29 0.92773696 0.023674034 -0.37248313 -1.7056779 -0.015411288 0.99956497 0.025145068 -0.0069243569 0.3729164 -0.017587565 0.92769827 5.2842666
30 0.92226914 0.024819853 -0.38575073 -1.8551217 -0.015924958 0.99952884 0.026237311 -0.002878811 0.38622021 -0.018054798 0.92222992 5.5874442
31 0.91659227 0.025986936 -0.39897782 -2.0143592 -0.016446872 0.99949148 0.027316419 0.0016174063 0.39948483 -0.018476082 0.91655363 5.9011054
32 0.91070289 0.027158027 -0.41216828 -2.1801131 -0.016954142 0.99945298 0.028393707 0.006458572 0.41271396 -0.018870272 0.91066522 6.2166993
33 0.9046212 0.028342991 -0.42527305 -2.3531864 -0.017460967 0.99941324 0.029465305 0.011753835 0.42585868 -0.019229261 0.90458536 6.5359867
34 0.89835878 0.029538301 -0.43826817 -2.5313085 -0.017958617 0.99937203 0.030544016 0.017502964 0.4388952 -0.019568795 0.89832517 6.8538395
35 0.89191406 0.030752829 -0.45115803 -2.7186632 -0.018466192 0.99932957 0.031611884 0.023783822 0.45182775 -0.019863914 0.89188405 7.1787594
36 0.8852879 0.031987854 -0.46394194 -2.9175832 -0.018992233 0.99928607 0.032658015 0.030609518 0.46465541 -0.020100453 0.88526344 7.5147531
37 0.87848198 0.033234256 -0.47661819 -3.1246642 -0.019519947 0.99924137 0.033698088 0.037919569 0.47737658 -0.020299602 0.87846432 7.8543588
38 0.87154543 0.034507654 -0.48909895 -3.3445931 -0.020084432 0.99919563 0.0347075 0.045847764 0.48990325 -0.020425889 0.87153751 8.2063475
39 0.86449067 0.035803655 -0.5013721 -3.5770727 -0.020682375 0.99914886 0.035688985 0.054378274 0.50222319 -0.020483229 0.86449543 8.5693545
40 0.85735093 0.037119308 -0.51339219 -3.8225959 -0.021314877 0.99910108 0.036641796 0.063495568 0.51429084 -0.020471987 0.85737149 8.9436924
41 0.85014896 0.038449435 -0.52513655 -4.081188 -0.02198012 0.99905239 0.037564753 0.073179959 0.5260833 -0.020393072 0.85018853 9.3287869
42 0.84280476 0.039781581 -0.53674721 -4.3469747 -0.022642803 0.99900244 0.038488202 0.083337506 0.53774293 -0.020284579 0.84286483 9.7136295
43 0.83537361 0.041117948 -0.54814255 -4.621837 -0.023316385 0.99895139 0.039400223 0.094016528 0.54918785 -0.020133205 0.8354564 10.101363
44 0.82792745 0.042460454 -0.55922558 -4.9085769 -0.024016335 0.99889941 0.040287749 0.10529682 0.56032078 -0.019924785 0.82803604 10.496458
45 0.8205057 0.043806532 -0.56995735 -5.2080847 -0.02474413 0.99884652 0.041149224 0.11720715 0.57110256 -0.019660075 0.82064328 10.900024
46 0.81304371 0.045150864 -0.58044925 -5.5172659 -0.025481828 0.99879259 0.04199938 0.12966456 0.58164475 -0.019356424 0.81321261 11.306742
47 0.80548617 0.046489357 -0.59078826 -5.8333348 -0.026216384 0.99873756 0.042847385 0.14260041 0.59203441 -0.019024645 0.80568813 11.712059
48 0.79785699 0.047820281 -0.60094712 -6.1567751 -0.026949777 0.99868155 0.043689642 0.15603515 0.60224409 -0.018662696 0.79809386 12.116639
49 0.79041106 0.049127353 -0.61060369 -6.4958697 -0.027711954 0.99862606 0.044474051 0.17016987 0.61194969 -0.018231761 0.79068655 12.532697
50 0.78320941 0.0504028 -0.61971169 -6.851106 -0.02849486 0.99857126 0.045203836 0.18503122 0.62110473 -0.017745472 0.78352668 12.960731
51 0.77631589 0.05162956 -0.6282261 -7.2227784 -0.029287054 0.99851794 0.045870487 0.20061545 0.62966334 -0.017211097 0.77667747 13.40105
52 0.7697913 0.052793336 -0.63610865 -7.6109438 -0.030074755 0.99846672 0.046471785 0.21692015 0.63758677 -0.016642764 0.77019879 13.853676
53 0.76371492 0.053882026 -0.64330106 -8.0159888 -0.03084541 0.99841815 0.047007063 0.23395925 0.64481633 -0.016057111 0.7641689 14.319172
54 0.75826245 0.054878704 -0.64963558 -8.4401412 -0.031584867 0.99837301 0.047472459 0.25182971 0.65118391 -0.01547793 0.75876215 14.800659
55 0.75338927 0.055803304 -0.65520272 -8.8808224 -0.032293332 0.99833018 0.047894602 0.27045769 0.65678137 -0.014924601 0.75393337 15.294977
56 0.74932232 0.056649252 -0.65977793 -9.3413721 -0.032964748 0.99828989 0.048275568 0.2900174 0.66138446 -0.014424547 0.74990838 15.806707
57 0.74592432 0.057449569 -0.66354839 -9.8180832 -0.03361625 0.99825056 0.048638332 0.31031237 0.66518184 -0.013974507 0.74655065 16.331731
58 0.74293608 0.058227009 -0.66682501 -10.30553 -0.034259511 0.99821131 0.048993712 0.33109692 0.66848507 -0.013554098 0.74360207 16.864115
59 0.74012015 0.058992049 -0.66988216 -10.798901 -0.03489812 0.99817188 0.049345101 0.3522008 0.67156854 -0.013143676 0.74082588 17.398614
60 0.73720017 0.059757573 -0.6730267 -11.292738 -0.035534899 0.99813179 0.049700256 0.3734989 0.67473936 -0.012723101 0.73794645 17.929
61 0.7345099 0.060519418 -0.67589393 -11.793539 -0.036172552 0.99809094 0.050059312 0.39532674 0.67763322 -0.012320252 0.73529687 18.462715
62 0.73220245 0.061274222 -0.67832518 -12.304116 -0.036814549 0.99804947 0.050416825 0.41767656 0.68009138 -0.011943088 0.7330301 19.003296
63 0.73020428 0.062018795 -0.68040824 -12.822901 -0.037458757 0.99800772 0.050767596 0.44039297 0.68220127 -0.011583469 0.7310727 19.549511
64 0.72866355 0.062757384 -0.68199043 -13.353008 -0.038113621 0.99796536 0.051111698 0.46360377 0.6838105 -0.011250107 0.72957294 20.105212
65 0.72737566 0.063492577 -0.68329595 -13.890003 -0.038774988 0.99792241 0.05145162 0.48718044 0.68514318 -0.010929864 0.72832644 20.666109
66 0.72605926 0.064210849 -0.68462758 -14.427573 -0.039426356 0.99787999 0.051778297 0.51084974 0.68650094 -0.010601741 0.72705165 21.22569
67 0.72489132 0.064934751 -0.68579593 -14.969582 -0.040085803 0.99783648 0.052109398 0.53492568 0.68769595 -0.01028297 0.72592602 21.787974
68 0.7239995 0.06567715 -0.68666676 -15.518913 -0.040764285 0.99779092 0.052454472 0.55956506 0.68859496 -0.009985532 0.72507746 22.356295
69 0.72352177 0.06642527 -0.6870982 -16.079614 -0.041458303 0.99774405 0.052800943 0.58473635 0.6890555 -0.0097167063 0.72464346 22.935715
70 0.72348471 0.067163012 -0.68706551 -16.654296 -0.042151674 0.99769687 0.053142291 0.61046745 0.68905235 -0.0094866737 0.72464951 23.530048
71 0.72365623 0.067883545 -0.68681401 -17.237146 -0.0428294 0.99765 0.05347919 0.63666407 0.6888304 -0.0092847171 0.7248631 24.133728
72 0.7239245 0.068598329 -0.68646019 -17.824237 -0.043497648 0.9976028 0.053819394 0.66331403 0.68850657 -0.0091017739 0.72517302 24.742645
73 0.7241599 0.069301974 -0.68614115 -18.409833 -0.044160998 0.99755588 0.054147704 0.69011622 0.68821673 -0.0089109175 0.72545046 25.350566
74 0.72435902 0.070009947 -0.68585904 -18.993499 -0.044829556 0.99750819 0.05447592 0.717154 0.68796392 -0.0087133673 0.72569262 25.956782
75 0.72459657 0.070731022 -0.68553405 -19.578355 -0.045504302 0.99745895 0.054817159 0.74463614 0.68766939 -0.0085255767 0.72597394 26.564674
76 0.72480838 0.07144359 -0.68523618 -20.162016 -0.046175 0.9974098 0.055149611 0.77230028 0.68740141 -0.0083321191 0.72622993 27.171823
77 0.72499211 0.072144846 -0.6849683 -20.744527 -0.046840076 0.99736097 0.055470843 0.80012524 0.68716262 -0.0081319567 0.72645815 27.778259
78 0.72518643 0.07285857 -0.684687 -21.327035 -0.047512785 0.99731067 0.055802145 0.82832938 0.68691135 -0.0079355722 0.72669792 28.385002
79 0.72525298 0.073563612 -0.68454109 -21.904352 -0.048184598 0.99726063 0.056119452 0.85652175 0.68679428 -0.0077164627 0.72681093 28.986409
80 0.72528597 0.074272167 -0.68442962 -22.48027 -0.048859439 0.99720981 0.056438042 0.88495929 0.68671176 -0.0074928723 0.72689123 29.586408
81 0.72530436 0.074985403 -0.68433236 -23.055502 -0.049537358 0.9971581 0.056759906 0.91367753 0.68664376 -0.0072681906 0.72695775 30.185746
82 0.7253153 0.075705738 -0.68424145 -23.630277 -0.05021963 0.99710528 0.057087342 0.94270551 0.68658265 -0.0070439701 0.72701767 30.784624
83 0.72538134 0.076421224 -0.68409189 -24.20713 -0.05089805 0.9970522 0.057412542 0.97206575 0.68646291 -0.006827043 0.7271328 31.386014
84 0.72541788 0.077129049 -0.68397369 -24.782935 -0.051572324 0.9969992 0.057730457 1.0016035 0.68637396 -0.0066045922 0.72721882 31.986508
85 0.72537361 0.077831739 -0.68394105 -25.355866 -0.052244363 0.99694611 0.05804209 1.0312548 0.68636993 -0.006370135 0.72722471 32.583971
86 0.72517996 0.078535469 -0.68406595 -25.92381 -0.052916393 0.9968925 0.058353311 1.0609831 0.68652306 -0.0061183488 0.72708232 33.17582
87 0.72476992 0.079238039 -0.68441939 -26.485369 -0.053583234 0.99683854 0.058665805 1.0907353 0.68690423 -0.0058458071 0.72672447 33.760264
88 0.72414889 0.079944022 -0.68499441 -27.04137 -0.054244977 0.99678382 0.058986565 1.1205889 0.68750701 -0.0055575498 0.7261565 34.337843
89 0.72341933 0.080660328 -0.68568096 -27.594915 -0.05490821 0.9967277 0.059320187 1.1507116 0.68822204 -0.0052638556 0.72548105 34.911595
90 0.72269743 0.081384038 -0.68635637 -28.149147 -0.055575565 0.99667037 0.059661049 1.1811758 0.68892656 -0.0049722429 0.72481413 35.484876
91 0.7220283 0.082103688 -0.68697462 -28.705363 -0.056242698 0.99661275 0.059997504 1.2119283 0.68957372 -0.0046825893 0.72420038 36.059242
92 0.72144986 0.082821883 -0.68749592 -29.26453 -0.056912471 0.99655461 0.060330591 1.243025 0.69012397 -0.0043984045 0.72367783 36.635828
93 0.72101365 0.083546827 -0.68786572 -29.827982 -0.057590894 0.99649526 0.060666197 1.274582 0.69052345 -0.0041263536 0.72329827 37.216195
94 0.72065922 0.084267142 -0.68814922 -30.394173 -0.058269066 0.99643568 0.060996433 1.3064632 0.69083647 -0.003859829 0.72300077 37.798979
95 0.72039321 0.084982438 -0.68833975 -30.963346 -0.058946644 0.9963759 0.061321014 1.3386833 0.6910564 -0.0035999234 0.72279191 38.384594
96 0.72003178 0.08568302 -0.68863101 -31.530054 -0.059613279 0.99631685 0.061635303 1.3709565 0.69137582 -0.0033278241 0.72248768 38.967252
97 0.7196642 0.086398096 -0.68892584 -32.096649 -0.06028806 0.99625596 0.061962343 1.403601 0.69169995 -0.0030580772 0.72217856 39.549121
98 0.7190945 0.087100607 -0.68943208 -32.657967 -0.060948281 0.99619563 0.06228557 1.436205 0.69223438 -0.0027695101 0.72166747 40.124765
99 0.71844633 0.087811974 -0.69001734 -33.217539 -0.061610486 0.99613394 0.062619674 1.4690842 0.69284849 -0.0024765716 0.72107897 40.697506
100 0.7179737 0.088540706 -0.69041605 -33.782148 -0.062289077 0.99607008 0.062963239 1.5025483 0.69327763 -0.0022005703 0.72066728 41.274629
101 0.71745769 0.089256861 -0.69086011 -34.346052 -0.062958763 0.99600675 0.063298181 1.5361478 0.69375117 -0.0019180681 0.72021224 41.850381
102 0.71689587 0.089953278 -0.69135282 -34.90934 -0.063615539 0.99594461 0.063618408 1.5698238 0.69427185 -0.0016269906 0.71971105 42.424863
103 0.71610273 0.090650188 -0.6920834 -35.466956 -0.06426223 0.99588188 0.063949693 1.6035428 0.69503041 -0.0013197262 0.71897916 42.992303
104 0.71490205 0.09135454 -0.69323114 -36.015244 -0.064892554 0.9958179 0.064308515 1.6372298 0.6962069 -0.00098874898 0.71784053 43.548301
105 0.71396779 0.092094508 -0.69409553 -36.570463 -0.065555401 0.99574999 0.064686573 1.6717722 0.69710294 -0.0006824179 0.71697076 44.109589
106 0.71349683 0.092845256 -0.69447969 -37.138292 -0.066245601 0.99568042 0.065053274 1.7071337 0.69751976 -0.00040907935 0.71656546 44.683001
107 0.71325491 0.093559549 -0.69463231 -37.713686 -0.066923112 0.99561363 0.065381243 1.7427935 0.69770248 -0.00014653548 0.71638765 45.264262
108 0.7129753 0.094238462 -0.69482756 -38.288606 -0.067579067 0.9955496 0.06568084 1.7784207 0.697925 0.00012698153 0.71617087 45.845046
109 0.71234127 0.094925496 -0.69538412 -38.853455 -0.068226631 0.99548424 0.066001206 1.8139289 0.69850917 0.00042833304 0.715601 46.414468
110 0.71106968 0.09562028 -0.69658932 -39.402996 -0.068845799 0.99541754 0.066363268 1.8491243 0.69974295 0.00076834183 0.71439433 46.966376
111 0.70906257 0.09632347 -0.69853566 -39.937546 -0.069431296 0.99534937 0.066774505 1.8839484 0.70171902 0.0011529347 0.71245289 47.500161
112 0.70651994 0.097045788 -0.70100763 -40.462789 -0.070000584 0.99527864 0.067232922 1.9187182 0.70422264 0.0015695442 0.70997751 48.020774
113 0.70349212 0.097786322 -0.70394366 -40.980514 -0.070558808 0.99520534 0.067732558 1.9534296 0.70719186 0.0020201059 0.70701884 48.529447
114 0.70000153 0.098541711 -0.70730997 -41.491726 -0.071107494 0.99512972 0.068267708 1.9880081 0.71059243 0.0025075398 0.70359943 49.026645
115 0.69620829 0.099308578 -0.71093729 -41.999889 -0.071650575 0.99505206 0.068829533 2.0226832 0.71425502 0.0030193746 0.69987906 49.515525
116 0.69238616 0.10007423 -0.7145534 -42.510467 -0.07219125 0.99497365 0.069395792 2.0578142 0.71790658 0.0035358182 0.69613051 50.001624
117 0.68808955 0.1008624 -0.71858163 -43.014819 -0.072727922 0.99489193 0.070004388 2.0927408 0.72197192 0.0040916613 0.69191029 50.475744
118 0.68320805 0.10168836 -0.72310874 -43.511064 -0.073262134 0.9948052 0.070676548 2.1274441 0.72653937 0.0046897036 0.68710887 50.935358
119 0.6776041 0.10256877 -0.72823921 -43.996666 -0.07379658 0.99471155 0.071434592 2.1617931 0.73171496 0.0053371919 0.68158989 51.37724
120 0.67123696 0.10351205 -0.73397971 -44.470849 -0.074329258 0.99460987 0.072292951 2.1957602 0.7375067 0.0060304673 0.67531292 51.800039
121 0.66407205 0.1045322 -0.74032516 -44.931942 -0.07485214 0.99449853 0.07327848 2.2293003 0.74391229 0.0067527331 0.66824318 52.2015
122 0.6557451 0.10566916 -0.74755094 -45.369012 -0.075328448 0.99437323 0.074480971 2.2618715 0.75121503 0.0074713216 0.6600153 52.570308
123 0.64682248 0.10683467 -0.75512055 -45.795924 -0.075749063 0.99424308 0.075780526 2.2942732 0.75886942 0.0081831284 0.65119144 52.920304
124 0.63736448 0.10802685 -0.76295264 -46.212884 -0.076102971 0.99410835 0.077180495 2.3265545 0.76679521 0.0088708582 0.64183056 53.251859
125 0.62758994 0.10922296 -0.77084448 -46.62637 -0.076407928 0.99397134 0.078630191 2.3591221 0.7747856 0.009551114 0.63215196 53.571298
126 0.61756458 0.11041975 -0.77873068 -47.038264 -0.076669645 0.99383238 0.080117893 2.3921096 0.78277441 0.010227034 0.62222156 53.880495
127 0.60725907 0.11161566 -0.78662467 -47.447045 -0.076879566 0.99369169 0.081647251 2.4254149 0.79077556 0.010894331 0.61200929 54.178252
128 0.59672287 0.11280672 -0.79447874 -47.854179 -0.077043394 0.99354968 0.083206158 2.4591348 0.79874036 0.011558323 0.60156486 54.466003
129 0.58592728 0.11399372 -0.80230584 -48.25802 -0.077152172 0.99340636 0.084801236 2.4931605 0.80668258 0.012212282 0.59085879 54.74254
130 0.57493373 0.11517315 -0.81005331 -48.660871 -0.077217399 0.99326206 0.086416829 2.5276489 0.81454817 0.012866261 0.57995326 55.009941
131 0.56379998 0.11634438 -0.81767572 -49.065096 -0.077250872 0.99311675 0.088041643 2.5627734 0.82229066 0.013528287 0.56890694 55.270209
132 0.55256799 0.11750663 -0.8251429 -49.472744 -0.077262742 0.99297044 0.089666517 2.5986867 0.82987898 0.014205958 0.5577626 55.524979
133 0.54117022 0.11866188 -0.83249874 -49.880803 -0.077236892 0.99282306 0.091305774 2.6351658 0.83735852 0.014887651 0.54645138 55.772024
134 0.52964984 0.11980775 -0.83971254 -50.290702 -0.077182259 0.9926748 0.092949148 2.672318 0.84469756 0.01558041 0.53501712 56.012474
135 0.51787847 0.12094935 -0.84686076 -50.695706 -0.07706381 0.9925255 0.09462669 2.7096319 0.85197599 0.016257193 0.52332844 56.241678
136 0.50583335 0.12208664 -0.85394817 -51.092617 -0.076868665 0.99237538 0.096344305 2.7468437 0.85919955 0.016907694 0.51136124 56.457767
137 0.49362216 0.1232171 -0.86090343 -51.486311 -0.076624138 0.99222445 0.098077952 2.7843382 0.86629437 0.017552534 0.49922542 56.664308
138 0.48123136 0.12434413 -0.86772975 -51.875057 -0.076320761 0.99207252 0.099835746 2.8219677 0.87326488 0.018181705 0.48690648 56.860452
139 0.46886628 0.12545809 -0.87431384 -52.273697 -0.076032163 0.99191963 0.10156012 2.8609857 0.87999066 0.018857856 0.47461655 57.055451
140 0.45681114 0.12654629 -0.88051668 -52.699067 -0.075834543 0.99176632 0.103192 2.9028191 0.88632542 0.019634326 0.46264651 57.259078
141 0.44493881 0.12761137 -0.88642247 -53.14282 -0.07568454 0.99161285 0.10476504 2.946752 0.89235718 0.020474445 0.45086528 57.46598
142 0.43338713 0.12863305 -0.89198046 -53.608214 -0.075600525 0.99146155 0.1062472 2.9930255 0.89803129 0.021388023 0.43941143 57.677754
143 0.42207236 0.12961844 -0.89724801 -54.08826 -0.075550833 0.99131211 0.10766746 3.0410718 0.90340856 0.022344378 0.42819825 57.890208
144 0.41109517 0.13055642 -0.90219498 -54.584839 -0.075542161 0.99116606 0.10900978 3.0910579 0.90845703 0.023340369 0.41732612 58.104224
145 0.40031166 0.13146517 -0.90689993 -55.091994 -0.075550608 0.99102145 0.11031097 3.1424863 0.91325939 0.024358077 0.40664974 58.316535
146 0.3899734 0.132312 -0.9112707 -55.616862 -0.075597074 0.99088259 0.11151989 3.1959565 0.91771775 0.025399611 0.39642028 58.530788
147 0.38017971 0.13309574 -0.91528625 -56.160507 -0.075680894 0.99075018 0.11263393 3.2515786 0.92181117 0.02644855 0.38673594 58.747481
148 0.37082176 0.13382974 -0.91901079 -56.718558 -0.075786532 0.99062282 0.11367821 3.3089593 0.92560665 0.027494289 0.37748701 58.964435
149 0.36194117 0.1345121 -0.92244517 -57.29115 -0.075911422 0.99050119 0.11465063 3.3681097 0.92910499 0.028527343 0.36871418 59.181756
150 0.35339331 0.13515773 -0.92565953 -57.874198 -0.076045703 0.99038335 0.11557589 3.4286487 0.93237882 0.029548685 0.36027304 59.397598
151 0.34509219 0.13577653 -0.92869592 -58.465298 -0.076185024 0.99026801 0.11646901 3.4903495 0.93547168 0.030560178 0.35207791 59.610929
152 0.33710616 0.13636472 -0.93153857 -59.06576 -0.076331942 0.99015594 0.11732243 3.5533385 0.93836715 0.031556038 0.34419667 59.822411
153 0.32910139 0.13694787 -0.93431128 -59.66782 -0.076472862 0.99004307 0.11818006 3.6168641 0.94119298 0.032556238 0.33629736 60.028725
154 0.32120507 0.13751337 -0.93697245 -60.274513 -0.076611652 0.98993142 0.11902245 3.6812333 0.94390571 0.033552396 0.32850614 60.231211
155 0.31422209 0.13801994 -0.939263 -60.90285 -0.076784126 0.98982875 0.11976288 3.7481446 0.94623925 0.03448835 0.32162382 60.436979
156 0.30794982 0.13849994 -0.94126759 -61.547104 -0.076987988 0.98973038 0.12044308 3.8169823 0.94828255 0.035375878 0.31545014 60.643901
157 0.30227133 0.13896458 -0.94303812 -62.204468 -0.077219256 0.98963465 0.12107994 3.8874499 0.95008909 0.036221711 0.30986894 60.851141
158 0.29698495 0.13941809 -0.94464943 -62.870841 -0.077468571 0.98954053 0.12168837 3.9591376 0.95173452 0.037041028 0.30467919 61.057419
159 0.29155819 0.13986836 -0.94627198 -63.535686 -0.077706918 0.98944553 0.12230736 4.0309748 0.95339157 0.03787217 0.29934971 61.259064
160 0.28633239 0.14031244 -0.94780071 -64.205798 -0.077954086 0.98935097 0.12291347 4.1037136 0.95495391 0.038690835 0.29422117 61.458481
161 0.28181816 0.14075371 -0.94908742 -64.891032 -0.078247045 0.9892577 0.12347677 4.1783789 0.95627191 0.039465292 0.28980436 61.659219
162 0.27845181 0.14121141 -0.9500126 -65.599904 -0.07863277 0.98916375 0.12398338 4.255795 0.95722595 0.040178729 0.2865383 61.864407
163 0.27595095 0.14167395 -0.95067322 -66.327546 -0.079093038 0.98906999 0.12443776 4.3351842 0.957912 0.040852917 0.28414025 62.073129
164 0.27372945 0.14211653 -0.95124922 -67.062146 -0.079568168 0.98897904 0.124857 4.4152742 0.95850985 0.041512123 0.28202066 62.282225
165 0.2714738 0.14255523 -0.95182981 -67.796488 -0.080038188 0.98888793 0.12527752 4.4956173 0.95911204 0.042173172 0.27986705 62.489466
166 0.26925554 0.14301005 -0.95239151 -68.531855 -0.080519474 0.98879371 0.12571209 4.5765264 0.95969688 0.042837389 0.2777533 62.695128
167 0.26698099 0.14345648 -0.95296453 -69.26652 -0.08099131 0.98869996 0.12614559 4.6575982 0.96029245 0.043503375 0.27558284 62.898839
168 0.26501721 0.14390855 -0.9534444 -70.008572 -0.081494485 0.98860519 0.12656354 4.7396781 0.96079372 0.044158948 0.27372516 63.103025
169 0.26309637 0.14435308 -0.95390906 -70.752097 -0.081997355 0.98851101 0.12697375 4.8221112 0.96127872 0.044811691 0.27191025 63.306156
170 0.26092598 0.14478603 -0.95443944 -71.490478 -0.082471583 0.98841745 0.12739421 4.9042965 0.96182956 0.045473675 0.26984455 63.506199
171 0.25848539 0.14521163 -0.95503869 -72.223368 -0.082917421 0.98832381 0.1278306 4.9862413 0.96245002 0.046147006 0.26750786 63.702839
172 0.25579484 0.14564192 -0.95569735 -72.951228 -0.083342872 0.98822817 0.12829247 5.0681209 0.96313187 0.046834014 0.2649219 63.89595
173 0.25317796 0.14607896 -0.95632728 -73.681061 -0.083778106 0.98813088 0.12875756 5.1505769 0.96378534 0.047520716 0.2624112 64.087502
174 0.25064971 0.1465113 -0.95692694 -74.41336 -0.08421897 0.98803377 0.12921431 5.2335329 0.96440755 0.048203876 0.25998942 64.277754
175 0.24858753 0.14695709 -0.9573964 -75.156278 -0.084709864 0.98793476 0.12964975 5.3178979 0.96489819 0.048871611 0.25803699 64.469102
176 0.24665964 0.14739469 -0.95782766 -75.902761 -0.085208902 0.98783665 0.13006962 5.4028037 0.9653489 0.049532521 0.25621879 64.659932
177 0.24450647 0.14781211 -0.95831528 -76.644762 -0.085676477 0.98774062 0.13049105 5.4874263 0.96585515 0.050199174 0.25417301 64.848023
178 0.24217184 0.14822889 -0.95884358 -77.383078 -0.086126527 0.9876436 0.13092844 5.5720383 0.96640316 0.050874691 0.25194592 65.033329
179 0.23987449 0.14866502 -0.9593534 -78.122309 -0.086589671 0.98754277 0.13138267 5.657262 0.96693459 0.051554748 0.24975919 65.21695
180 0.23763054 0.14909444 -0.95984508 -78.863214 -0.087054332 0.98744244 0.131829 5.742889 0.9674468 0.052232081 0.24762582 65.399287
181 0.23561376 0.14952051 -0.96027589 -79.609705 -0.087539171 0.98734243 0.13225628 5.8293157 0.96789622 0.052900361 0.24572038 65.581463
182 0.23381311 0.14995235 -0.9606486 -80.361448 -0.088047702 0.98724126 0.13267332 5.9165895 0.96828667 0.053562144 0.24403292 65.76351
183 0.23213509 0.15038911 -0.96098721 -81.116302 -0.088570795 0.98713883 0.13308662 6.0045041 0.96864264 0.054221332 0.24246966 65.944985
184 0.2306567 0.15082379 -0.96127503 -81.87631 -0.089112147 0.98703653 0.13348342 6.0931704 0.9689461 0.05487244 0.24110683 66.126603
185 0.22915927 0.15124787 -0.96156649 -82.636269 -0.089645769 0.98693531 0.13387395 6.1820349 0.96925214 0.055521915 0.23972412 66.307123
186 0.22743849 0.15166192 -0.96190977 -83.391214 -0.09015221 0.98683459 0.13427574 6.2706541 0.96961041 0.056178824 0.23811684 66.485148
187 0.22568137 0.15208723 -0.96225641 -84.145349 -0.090661191 0.98673117 0.13469244 6.3596284 0.96997346 0.056841741 0.23647527 66.661528
188 0.22401173 0.15251965 -0.96257805 -84.901702 -0.091182495 0.98662605 0.13510999 6.4491889 0.97031157 0.057504051 0.23492294 66.837101
189 0.22247359 0.15294718 -0.9628669 -85.661582 -0.091714214 0.98652139 0.13551372 6.5393384 0.97061529 0.058160362 0.2335024 67.012359
190 0.22130244 0.15338695 -0.96306681 -86.430716 -0.092288593 0.98641486 0.13589865 6.6307564 0.97082856 0.058805383 0.23245189 67.188853
191 0.22142554 0.1539395 -0.96295034 -87.237809 -0.093027904 0.98629283 0.13627979 6.7269695 0.97072992 0.059405431 0.23271111 67.374221
192 0.22205581 0.15449906 -0.96271557 -88.071524 -0.093753307 0.98617442 0.13663906 6.8263296 0.97051614 0.059916275 0.23347057 67.567457
193 0.22282687 0.15505183 -0.9624485 -88.92328 -0.094415686 0.9860616 0.13699673 6.9280894 0.97027517 0.060343686 0.23436036 67.766796
194 0.22363792 0.15563048 -0.96216695 -89.785302 -0.0950539 0.9859465 0.1373833 7.0316833 0.97002623 0.060733611 0.23528832 67.969884
195 0.22444539 0.15621229 -0.96188461 -90.639292 -0.095728655 0.98582815 0.13776353 7.1346569 0.96977334 0.061159537 0.23621859 68.171435
196 0.22522874 0.1567751 -0.96160989 -91.491477 -0.096394944 0.98571237 0.13812696 7.2376294 0.96952569 0.061584176 0.23712309 68.373453
197 0.22605875 0.15737239 -0.96131752 -92.35131 -0.097054427 0.98559201 0.1385234 7.3421838 0.96926669 0.061985699 0.2380754 68.578409
198 0.2268965 0.15797978 -0.96102048 -93.214655 -0.097704043 0.98547043 0.13893117 7.4476479 0.96900564 0.062372595 0.23903507 68.785284
199 0.22771062 0.15856317 -0.96073181 -94.074854 -0.0983481 0.98535198 0.13931632 7.5529289 0.96874949 0.062762347 0.23996951 68.992287
200 0.22850535 0.15913018 -0.96044932 -94.932658 -0.098989884 0.98523542 0.13968563 7.6581612 0.96849695 0.063155858 0.24088385 69.199575
201 0.22925293 0.15967775 -0.96018025 -95.780044 -0.0996597 0.98511897 0.14003028 7.7622844 0.96825156 0.063588929 0.24175486 69.404678
202 0.2299928 0.16023543 -0.95991037 -96.624141 -0.10034846 0.98499924 0.14038015 7.8664095 0.96800493 0.064039111 0.24262213 69.609528
203 0.23072055 0.16078535 -0.95964374 -97.467355 -0.10103332 0.98488032 0.14072292 7.9706995 0.96776047 0.064488328 0.24347682 69.814979
204 0.23138789 0.16130766 -0.95939538 -98.306066 -0.10171152 0.98476482 0.14104227 8.0745611 0.96753008 0.064946098 0.24426952 70.020026
205 0.23192012 0.16179976 -0.95918398 -99.134935 -0.1023923 0.9846518 0.14133846 8.1773268 0.96733082 0.065433827 0.24492763 70.222985
206 0.23227429 0.16228689 -0.95901597 -99.952659 -0.1030851 0.98453643 0.14163824 8.2790629 0.96717225 0.065961337 0.24541188 70.42318
207 0.23269609 0.16280782 -0.9588254 -100.77237 -0.10380021 0.9844147 0.14196173 8.3815614 0.96699436 0.066492345 0.24596895 70.624203
208 0.23323488 0.16333796 -0.9586043 -101.59876 -0.10451236 0.98429246 0.14228644 8.4851838 0.96678783 0.066999838 0.24664218 70.827726
209 0.23399228 0.16391591 -0.95832103 -102.44209 -0.10521441 0.98416556 0.14264639 8.5915288 0.96652863 0.06745103 0.24753347 71.036832
210 0.23482507 0.164525 -0.9580129 -103.29924 -0.10588316 0.98403663 0.14304046 8.7002432 0.96625358 0.067847952 0.24849692 71.250925
211 0.23565601 0.16514094 -0.95770284 -104.16295 -0.10652582 0.98390802 0.14344747 8.8102899 0.96598061 0.068215827 0.24945563 71.46795
212 0.23646901 0.16574953 -0.95739726 -105.02918 -0.10714969 0.98378118 0.14385218 8.9210384 0.96571289 0.068568237 0.25039379 71.686744
213 0.23722164 0.16629138 -0.95711707 -105.87982 -0.10779148 0.98366201 0.14418721 9.0295786 0.96545685 0.068964742 0.25127072 71.901999
214 0.23776546 0.16677543 -0.95689788 -106.70906 -0.10846072 0.98354692 0.14447022 9.1352884 0.9652481 0.069435814 0.25194208 72.111676
215 0.23815415 0.167278 -0.95671348 -107.52656 -0.10916238 0.98342453 0.14477461 9.2400249 0.96507317 0.069958449 0.25246711 72.318167
216 0.23843954 0.16778263 -0.95655401 -108.33833 -0.10986757 0.9832999 0.14508733 9.3443936 0.96492266 0.070499712 0.25289146 72.523352
217 0.2388196 0.16828829 -0.95637035 -109.15489 -0.11057131 0.98317573 0.14539385 9.4496009 0.96474827 0.071024225 0.25340951 72.730397
218 0.2394166 0.16882933 -0.9561257 -109.98357 -0.1112832 0.9830475 0.14571746 9.5568155 0.96451842 0.071513556 0.25414577 72.941521
219 0.23995843 0.16934334 -0.95589894 -110.80966 -0.11197957 0.98292341 0.14602077 9.6638019 0.96430315 0.07200224 0.25482377 73.152685
220 0.24057203 0.16987581 -0.9556502 -111.64017 -0.11268008 0.98279652 0.14633563 9.7717733 0.96406864 0.072478485 0.25557499 73.36577
221 0.24110754 0.170384 -0.95542475 -112.46597 -0.11337205 0.9826726 0.14663304 9.8792699 0.96385371 0.072964135 0.25624658 73.578221
222 0.24144376 0.17086672 -0.95525362 -113.28055 -0.11405945 0.98255014 0.14692033 9.9855074 0.96368843 0.073482714 0.25671958 73.78789
223 0.24151775 0.17132161 -0.95515344 -114.08379 -0.11472609 0.98242995 0.14720472 10.090484 0.96359075 0.074028476 0.25692934 73.994622
224 0.24121074 0.17177511 -0.95514957 -114.87269 -0.1153705 0.98230663 0.14752373 10.194126 0.96359072 0.074611776 0.25676071 74.197127
225 0.24086554 0.1722454 -0.95515199 -115.65984 -0.11602214 0.9821791 0.14786139 10.297991 0.96359883 0.075204067 0.25655739 74.39885
226 0.24030899 0.17269435 -0.9552111 -116.44082 -0.1166422 0.98205418 0.14820288 10.401293 0.96366292 0.075803449 0.25613992 74.598657
227 0.23967923 0.17313639 -0.95528931 -117.21982 -0.1172516 0.98192967 0.1485466 10.504614 0.9637458 0.076405669 0.25564868 74.797537
228 0.2391637 0.17360324 -0.95533379 -118.00175 -0.11788644 0.98180008 0.14890033 10.608746 0.96379643 0.077009348 0.25527642 74.996721
229 0.2386444 0.17406822 -0.95537904 -118.78364 -0.11851947 0.98167024 0.14925341 10.713141 0.96384751 0.077612534 0.2549006 75.195575
230 0.23813112 0.17451502 -0.9554256 -119.56622 -0.11914236 0.98154353 0.14959049 10.81775 0.96389766 0.078209519 0.25452821 75.394412
231 0.23758801 0.17496136 -0.95547918 -120.34796 -0.11976246 0.98141613 0.14993082 10.922548 0.96395484 0.078808777 0.25412653 75.592667
232 0.2368777 0.17540962 -0.95557335 -121.12465 -0.12036733 0.98128691 0.15029178 11.0271 0.9640543 0.079419051 0.25355859 75.78906
233 0.23612387 0.17585935 -0.95567725 -121.90013 -0.12096859 0.98115656 0.15065963 11.131827 0.96416397 0.080032602 0.25294796 75.984583
234 0.23519593 0.17629156 -0.95582643 -122.67116 -0.12154119 0.98102843 0.15103269 11.236213 0.96431875 0.080650014 0.25216059 76.178378
235 0.23413873 0.17672525 -0.95600588 -123.43876 -0.12210083 0.98089879 0.15142276 11.340551 0.9645053 0.081275186 0.25124471 76.37047
236 0.23273556 0.17714653 -0.9562705 -124.19776 -0.12261386 0.98076977 0.15184339 11.444143 0.96477979 0.081912664 0.24998063 76.559362
237 0.23107712 0.17756841 -0.95659439 -124.95067 -0.12309779 0.98063897 0.15229592 11.547415 0.96511675 0.082562561 0.24846152 76.745411
238 0.22939879 0.17799593 -0.95691883 -125.70324 -0.12358218 0.98050625 0.1527575 11.651051 0.96545517 0.083215738 0.24692408 76.930053
239 0.22745351 0.17841051 -0.9573059 -126.44996 -0.12402798 0.9803745 0.153241 11.754263 0.96585817 0.083877524 0.24511754 77.111821
240 0.22540963 0.17882107 -0.95771266 -127.19478 -0.12445997 0.98024248 0.15373456 11.857591 0.96628167 0.084543644 0.24321217 77.291563
241 0.22283908 0.17921574 -0.9582403 -127.92836 -0.12482171 0.98011096 0.1542788 11.959853 0.96683107 0.085229857 0.24077706 77.466662
242 0.21982613 0.17960875 -0.95886244 -128.6529 -0.12513133 0.97997719 0.15487659 12.061475 0.96748057 0.085937821 0.23789929 77.637251
243 0.21636707 0.17999633 -0.95957627 -129.36868 -0.12538776 0.97984171 0.15552504 12.162426 0.96822685 0.08666863 0.23457483 77.803128
244 0.21262712 0.18038269 -0.96033942 -130.07929 -0.12561195 0.97970427 0.15620851 12.263213 0.969026 0.087415951 0.23096993 77.964958
245 0.20867151 0.18076088 -0.96113564 -130.78619 -0.12580861 0.97956645 0.15691294 12.363922 0.96986001 0.088175887 0.2271489 78.122974
246 0.20451252 0.18113567 -0.96195868 -131.48965 -0.12598076 0.97942735 0.15764147 12.464662 0.97072319 0.088948635 0.22312478 78.277105
247 0.20039275 0.18150857 -0.9627551 -132.19452 -0.12615506 0.97928786 0.15836694 12.566073 0.97155941 0.089720851 0.21914042 78.42851
248 0.19581848 0.18187081 -0.96362759 -132.89101 -0.12627626 0.97914702 0.15913932 12.666754 0.97247595 0.09052088 0.21470106 78.574666
249 0.19140814 0.1822353 -0.96444452 -133.59142 -0.12641275 0.97900576 0.15989824 12.768548 0.9733359 0.091312262 0.21042655 78.718467
250 0.18692108 0.18259251 -0.9652567 -134.29094 -0.12653782 0.97886444 0.16066268 12.870647 0.97419132 0.092110244 0.20607527 78.858801
251 0.18248596 0.18294923 -0.9660375 -134.99212 -0.12666617 0.97872256 0.16142411 12.973485 0.97501518 0.092906639 0.20177662 78.996253
252 0.17846428 0.18330758 -0.96672066 -135.70207 -0.12683857 0.97858168 0.16214124 13.078005 0.97573691 0.093681057 0.19789236 79.132565
253 0.17456132 0.18366408 -0.96736542 -136.41491 -0.12702262 0.97844084 0.16284559 13.183361 0.97641878 0.094450759 0.19412743 79.266595
254 0.17087369 0.18402011 -0.96795598 -137.13258 -0.12722935 0.97830035 0.16352685 13.28981 0.97704397 0.095209983 0.19057857 79.398858
255 0.16718216 0.18437098 -0.96853367 -137.85065 -0.12743221 0.97816002 0.16420692 13.396731 0.97765597 0.095969928 0.18702572 79.528492
256 0.16356272 0.18472309 -0.96908442 -138.57059 -0.1276428 0.97801891 0.16488251 13.504404 0.97824056 0.09672802 0.18354602 79.655806
257 0.16068776 0.1851001 -0.96949337 -139.3061 -0.12795418 0.97787514 0.16549274 13.614796 0.97867626 0.097458075 0.18081691 79.783714
258 0.15814951 0.18547069 -0.96983986 -140.04926 -0.12830412 0.97773345 0.166058 13.726464 0.97904383 0.09817247 0.17842473 79.911144
259 0.15604845 0.18584034 -0.9701094 -140.80252 -0.12870955 0.97759303 0.16657018 13.839776 0.97932772 0.098869333 0.17647131 80.038781
260 0.15414318 0.18621011 -0.97034307 -141.5605 -0.12913981 0.97745269 0.16706004 13.954051 0.97957278 0.09955876 0.17471481 80.165834
261 0.15238863 0.18659154 -0.97054691 -142.32202 -0.12959615 0.97730955 0.16754338 14.069259 0.97978701 0.10024745 0.17311242 80.292117
262 0.15097528 0.18697834 -0.97069334 -143.09195 -0.13009955 0.97716594 0.16799029 14.185907 0.97993909 0.10092439 0.17185371 80.418788
263 0.14982872 0.18736758 -0.97079594 -143.86884 -0.13063839 0.9770223 0.1684071 14.30377 0.98004337 0.101591 0.17086341 80.545828
264 0.14855592 0.18773205 -0.97092112 -144.64303 -0.13114653 0.97688317 0.16881875 14.42139 0.98016925 0.10225392 0.16974219 80.671655
265 0.14696582 0.18808798 -0.97109421 -145.40945 -0.13160917 0.97674382 0.16926445 14.538313 0.98034694 0.10292882 0.16830207 80.795039
266 0.14527053 0.18845783 -0.97127757 -146.17314 -0.13206579 0.97660001 0.16973793 14.655405 0.98053819 0.10361463 0.16676004 80.916619
267 0.14361974 0.18883619 -0.97144957 -146.93786 -0.13253296 0.97645365 0.17021515 14.773081 0.98071832 0.10430284 0.16526504 81.037098
268 0.14229227 0.18921718 -0.97157078 -147.71072 -0.1330441 0.97630743 0.17065457 14.892154 0.98084261 0.10497894 0.16409524 81.157941
269 0.14093735 0.18957883 -0.97169776 -148.48338 -0.13354028 0.97616498 0.17108139 15.011353 0.98097079 0.10564904 0.16289453 81.277905
270 0.13939662 0.18993452 -0.97185054 -149.25156 -0.1340088 0.97602232 0.17152839 15.130284 0.98112704 0.10632605 0.16150712 81.396046
271 0.13766683 0.19029321 -0.97202693 -150.01514 -0.13445373 0.97587733 0.17200451 15.249031 0.98131039 0.10701334 0.15993158 81.512157
272 0.13568009 0.19064566 -0.97223719 -150.77286 -0.13486068 0.97573185 0.17251051 15.36735 0.98153123 0.10771033 0.158098 81.625913
273 0.1335421 0.19099011 -0.97246557 -151.52736 -0.13524285 0.97558675 0.17303112 15.485571 0.98177183 0.10841209 0.15611196 81.737636
274 0.13111164 0.19132608 -0.97273022 -152.27554 -0.13558113 0.97544144 0.17358474 15.603299 0.98205272 0.10912489 0.15383194 81.846642
275 0.12808383 0.19164609 -0.97307056 -153.01114 -0.13583241 0.9752959 0.17420495 15.719639 0.98241749 0.10986169 0.15095139 81.951594
276 0.12431681 0.19195302 -0.97349852 -153.73176 -0.13598256 0.97514821 0.17491318 15.834303 0.98288052 0.11063418 0.14732959 82.051591
277 0.12004834 0.19225699 -0.97397415 -154.44256 -0.13606846 0.974997 0.17568762 15.948135 0.98339911 0.11143617 0.14320689 82.147055
278 0.11536535 0.1925527 -0.97448155 -155.14548 -0.13610074 0.97484362 0.17651177 16.061332 0.98395501 0.11226433 0.13866975 82.238037
279 0.11060179 0.19284505 -0.97497591 -155.8472 -0.13612003 0.97468936 0.17734685 16.174923 0.98449917 0.11309888 0.13405247 82.325477
280 0.106086 0.19313757 -0.97541973 -156.55418 -0.13616701 0.97453575 0.17815311 16.289887 0.98498952 0.11392044 0.12968357 82.410438
281 0.10137364 0.19342081 -0.97586463 -157.25757 -0.13618513 0.97438172 0.17897986 16.404777 0.98548315 0.11475442 0.12511767 82.491592
282 0.096718831 0.19370266 -0.97628108 -157.96244 -0.13620649 0.97422746 0.17980142 16.520487 0.98594792 0.11558565 0.12060971 82.569646
283 0.092393753 0.19398754 -0.97664335 -158.67413 -0.13626807 0.97407377 0.18058573 16.637845 0.98635412 0.11640032 0.11643265 82.645464
284 0.088276479 0.19427223 -0.97696754 -159.3902 -0.1363547 0.97392046 0.18134563 16.756384 0.98671916 0.11720557 0.11246421 82.718862
285 0.084367107 0.19455488 -0.97725667 -160.11069 -0.13646494 0.97376813 0.18207928 16.876068 0.98704587 0.11799978 0.10870393 82.789966
286 0.079973724 0.19482084 -0.97757304 -160.8217 -0.13650455 0.97361535 0.18286489 16.994716 0.98740607 0.11881879 0.10445758 82.856939
287 0.074487827 0.19507533 -0.97795561 -161.51113 -0.13640361 0.97345562 0.18378827 17.11057 0.98784901 0.11970669 0.099119578 82.917669
288 0.06789049 0.19533024 -0.97838489 -162.17852 -0.13616899 0.9732849 0.18486323 17.223648 0.98835668 0.12067523 0.092674715 82.971385
289 0.06027834 0.19559434 -0.97883062 -162.82534 -0.13581459 0.97310143 0.18608578 17.334212 0.98889886 0.12172254 0.085221508 83.017702
290 0.051465205 0.19589523 -0.9792734 -163.44579 -0.13531618 0.97289776 0.18750837 17.44143 0.98946496 0.12286139 0.076578181 83.055277
291 0.041526919 0.19624481 -0.9796752 -164.03936 -0.13466414 0.97267353 0.18913405 17.545346 0.99002077 0.12407297 0.066819276 83.083706
