3 0.99991158 0.0010110607 -0.013259577 -0.010035703 -0.0010109467 0.99999949 1.5298019e-05 0.00014609688 0.013259586 -1.8919401e-06 0.99991209 0.11174582
4 0.99992144 0.00064669668 -0.0125176 -0.011004651 -0.00063912809 0.99999961 0.00060862692 -0.001142608 0.012517989 -0.00060057876 0.99992147 0.10440597
5 0.99992156 0.00063405755 -0.012509227 -0.010980371 -0.0006262761 0.99999961 0.00062596383 -0.0011574584 0.012509619 -0.0006180805 0.99992156 0.10376407
6 0.99992061 0.00069001898 -0.012581466 -0.010764278 -0.00068313499 0.99999961 0.00055144282 -0.00091046855 0.012581841 -0.0005428042 0.9999207 0.10433105
7 0.9999207 0.00070607687 -0.012573446 -0.010886083 -0.00069948833 0.99999962 0.00052839438 -0.00095380182 0.012573814 -0.0005195575 0.99992081 0.10571591
8 0.99992209 0.00063182224 -0.012466308 -0.011620541 -0.00062400805 0.99999961 0.00063070435 -0.001393753 0.012466701 -0.00062287614 0.99992209 0.10742896
9 0.99992208 0.00056122107 -0.012470361 -0.012910339 -0.00055240053 0.99999959 0.00071075378 -0.0019181 0.012470755 -0.00070380977 0.99992199 0.11290086
10 0.99992081 0.00051985118 -0.012574024 -0.01435708 -0.00051009193 0.99999957 0.00077933827 -0.002258325 0.012574424 -0.00077286264 0.99992064 0.12181481
11 0.99991864 0.00050671345 -0.012746064 -0.015935652 -0.00049603222 0.99999952 0.00084114969 -0.0024758072 0.012746484 -0.00083475879 0.99991841 0.13466372
12 0.99991602 0.00051137201 -0.012949501 -0.017570017 -0.00049970534 0.99999947 0.00090415582 -0.0027060098 0.012949957 -0.00089760896 0.99991574 0.15096644
13 0.99991449 0.00052730402 -0.01306691 -0.01836716 -0.00051526415 0.99999944 0.00092475063 -0.002742274 0.01306739 -0.00091793864 0.9999142 0.1606808
14 0.99991325 0.00053733739 -0.013160988 -0.019050503 -0.0005249245 0.99999941 0.00094659407 -0.00286477 0.013161489 -0.00093960342 0.99991294 0.16914876
15 0.99991242 0.00054994192 -0.013223155 -0.019426399 -0.00053738735 0.9999994 0.00095297247 -0.0028535109 0.013223671 -0.00094578306 0.99991212 0.17467818
16 0.999911 0.00057185068 -0.013329169 -0.020076117 -0.00055902668 0.99999938 0.00096580614 -0.0028620823 0.013329713 -0.00095826882 0.9999107 0.18491624
17 0.99990979 0.00058943788 -0.013418863 -0.020606883 -0.00057637627 0.99999936 0.0009772231 -0.0028965115 0.01341943 -0.00096940063 0.99990949 0.19396488
18 0.99990731 0.00062529359 -0.013600746 -0.021706543 -0.00061179528 0.99999932 0.00099660655 -0.0030843557 0.013601359 -0.00098819331 0.99990701 0.21359664
19 0.99990603 0.00064994813 -0.013693653 -0.022251551 -0.00063641245 0.9999993 0.00099279864 -0.0031949424 0.013694289 -0.00098399054 0.99990574 0.22402641
20 0.99990477 0.00067461835 -0.013784112 -0.022770535 -0.00066107702 0.99999929 0.00098691977 -0.0033171834 0.013784768 -0.00097771343 0.99990451 0.2346172
21 0.99990376 0.00069294588 -0.013855877 -0.023180591 -0.00067941407 0.99999929 0.00098129481 -0.0034487224 0.013856547 -0.0009717865 0.99990352 0.2431028
22 0.99990298 0.00071160767 -0.013911076 -0.023473782 -0.00069811019 0.99999928 0.00097509982 -0.0035048723 0.01391176 -0.00096529375 0.99990276 0.25071324
23 0.99990206 0.00073093443 -0.013976127 -0.023820201 -0.00071747781 0.99999927 0.00096781905 -0.0036193107 0.013976824 -0.0009576967 0.99990186 0.25953939
24 0.99990078 0.0007648856 -0.014065539 -0.024277012 -0.00075153714 0.99999926 0.00095427934 -0.0037556252 0.014066258 -0.00094361389 0.99990062 0.27419262
25 0.99989924 0.0007981944 -0.014173276 -0.024805661 -0.00078501048 0.99999925 0.00093573461 -0.0040393656 0.014174012 -0.00092451415 0.99989912 0.29110747
26 0.99989828 0.00081368804 -0.01423988 -0.025107144 -0.00080062287 0.99999925 0.00092318232 -0.0042472346 0.01424062 -0.00091168764 0.99989818 0.3004495
27 0.99989747 0.00083029731 -0.014295785 -0.025354663 -0.00081737679 0.99999925 0.00090961865 -0.0044358968 0.01429653 -0.00089784034 0.9998974 0.30967672
28 0.99989749 0.00083683826 -0.014293425 -0.025345636 -0.00082394529 0.99999925 0.00090788634 -0.0044296636 0.014294174 -0.00089601628 0.99989743 0.31187457
29 0.99989704 0.00085232808 -0.014323918 -0.025472075 -0.00083955289 0.99999924 0.00089786792 -0.0045530432 0.014324673 -0.0008857498 0.999897 0.31962923
30 0.99989642 0.00088933624 -0.014364912 -0.025647016 -0.00087687368 0.99999923 0.00087384488 -0.0048263068 0.014365678 -0.00086115816 0.99989644 0.33702432
31 0.99989578 0.00091425133 -0.014408426 -0.025789194 -0.00090205729 0.99999923 0.00085278949 -0.0051212427 0.014409195 -0.00083970338 0.99989583 0.35081168
32 0.99989502 0.00091657298 -0.014460317 -0.025933404 -0.00090448072 0.99999924 0.0008427552 -0.0052996706 0.014461079 -0.00082958766 0.99989509 0.3555231
33 0.99989499 0.00093166411 -0.014461963 -0.025933692 -0.00091975886 0.99999923 0.0008298408 -0.0054330026 0.014462725 -0.00081645214 0.99989508 0.36224964
34 0.99989529 0.00093742822 -0.014440455 -0.025873019 -0.00092553686 0.99999923 0.00083013662 -0.0054148309 0.014441222 -0.00081668453 0.99989539 0.3634449
35 0.99989548 0.00096231897 -0.014425874 -0.02581884 -0.00095069659 0.99999922 0.00081249797 -0.0056155165 0.014426645 -0.00079869842 0.99989561 0.37418715
36 0.99989563 0.00099546427 -0.014412837 -0.025734244 -0.00098426943 0.99999921 0.00078379947 -0.0059703809 0.014413606 -0.00076953155 0.99989582 0.38962753
37 0.99989579 0.0010117381 -0.014401134 -0.025665554 -0.0010007454 0.9999992 0.00077050979 -0.006145473 0.014401902 -0.00075601763 0.999896 0.3969528
38 0.99989732 0.0010592631 -0.014290523 -0.025327161 -0.0010488739 0.99999918 0.00073446909 -0.0065322203 0.014291289 -0.00071940473 0.99989762 0.41429872
39 0.99989905 0.0011023726 -0.01416626 -0.024949572 -0.0010925512 0.99999916 0.00070101829 -0.0069134186 0.014167021 -0.00068547016 0.99989941 0.43037584
40 0.9999015 0.001144004 -0.013988765 -0.024439911 -0.0011347764 0.99999913 0.0006675585 -0.0073487407 0.013989516 -0.00065161863 0.99990193 0.44703723
41 0.99990431 0.001182009 -0.013782842 -0.023860032 -0.0011733924 0.99999911 0.00063323444 -0.0078067248 0.013783578 -0.00061700117 0.99990481 0.46328309
42 0.99990484 0.0011906962 -0.013743961 -0.023722286 -0.0011822108 0.99999911 0.00062550366 -0.00791955 0.013744694 -0.00060919587 0.99990535 0.46714468
43 0.99990667 0.0012088527 -0.013608531 -0.023396162 -0.0012006888 0.99999909 0.00060806383 -0.0081310985 0.013609254 -0.00059166746 0.99990721 0.47474948
44 0.99991006 0.001237168 -0.013354341 -0.02281668 -0.0012295282 0.99999908 0.00058027954 -0.0084762139 0.013355047 -0.00056380781 0.99991066 0.48770327
45 0.99991407 0.0012640474 -0.013048134 -0.022130443 -0.0012569497 0.99999906 0.00055215017 -0.0088609845 0.01304882 -0.00053570187 0.99991472 0.50213935
46 0.99991632 0.0012777819 -0.012873363 -0.02171524 -0.0012709914 0.99999905 0.00053564892 -0.0090972247 0.012874036 -0.00051924216 0.99991699 0.51050337
47 0.9999172 0.0012826341 -0.012804257 -0.021557207 -0.0012760059 0.99999905 0.00052581318 -0.0091960321 0.012804919 -0.00050943134 0.99991788 0.51361379
48 0.99991851 0.0012877949 -0.012700972 -0.021353587 -0.0012813775 0.99999905 0.00051339338 -0.0093157387 0.012701621 -0.0004970768 0.99991921 0.51762567
49 0.99992489 0.0013038799 -0.012186707 -0.02036162 -0.0012983724 0.99999905 0.00045983508 -0.0098642737 0.012187295 -0.00044397766 0.99992563 0.53644867
50 0.99993185 0.0013072307 -0.011600767 -0.019258801 -0.0013025403 0.99999907 0.00041186736 -0.010414717 0.011601295 -0.00039672883 0.99993262 0.55601081
51 0.9999393 0.0012942321 -0.010941633 -0.018057115 -0.0012903912 0.9999991 0.00035809129 -0.010985027 0.010942087 -0.00034395056 0.99994007 0.57603592
52 0.99994701 0.0012628158 -0.010216355 -0.016814553 -0.0012597662 0.99999916 0.00030493882 -0.011550466 0.010216731 -0.00029205244 0.99994777 0.59614802
53 0.99995511 0.00121293 -0.0093973281 -0.01551856 -0.0012105862 0.99999923 0.0002551002 -0.012117836 0.0093976303 -0.00024371247 0.99995581 0.61696868
54 0.99996459 0.0011360357 -0.0083384884 -0.01401191 -0.0011343227 0.99999933 0.00021016001 -0.012743291 0.0083387216 -0.00020069403 0.99996521 0.64163533
55 0.99997221 0.0010627609 -0.0073790998 -0.012848642 -0.0010613827 0.99999942 0.00019067888 -0.01323736 0.0073792982 -0.00018284153 0.99997276 0.66223613
56 0.99998091 0.00096705521 -0.0061027665 -0.011510221 -0.00096594363 0.99999952 0.00018508838 -0.013810511 0.0061029425 -0.00017918992 0.99998136 0.68850046
57 0.9999868 0.00089864216 -0.0050579875 -0.010636582 -0.00089765728 0.99999958 0.00019698422 -0.014318295 0.0050581624 -0.00019244129 0.99998719 0.709223
58 0.99998987 0.00086087897 -0.0044174029 -0.010165066 -0.00085996975 0.99999961 0.0002077224 -0.014695226 0.00441758 -0.00020392147 0.99999022 0.72190725
59 0.99999108 0.00084408747 -0.0041391469 -0.0099614051 -0.00084322387 0.99999962 0.00021038167 -0.014906059 0.004139323 -0.00020688956 0.99999141 0.72748102
60 0.99999051 0.00085042307 -0.0042734705 -0.01005174 -0.00084954685 0.99999962 0.00020684813 -0.014844476 0.0042736448 -0.00020321566 0.99999085 0.72478631
61 0.99999199 0.00083490248 -0.0039142603 -0.0098477048 -0.00083404474 0.99999963 0.00022075752 -0.014930116 0.0039144431 -0.00021749108 0.99999231 0.7319908
62 0.99999411 0.00081148986 -0.0033347396 -0.0095164462 -0.00081070195 0.99999964 0.00023762054 -0.015252731 0.0033349312 -0.00023491566 0.99999441 0.74370175
63 0.99999557 0.00079128899 -0.0028693473 -0.0092160358 -0.00079058686 0.99999966 0.00024582625 -0.015639536 0.0028695408 -0.00024355669 0.99999585 0.75344214
64 0.9999973 0.00076832803 -0.0021913494 -0.0088561484 -0.00076775426 0.99999967 0.00026266356 -0.016148999 0.0021915505 -0.00026098043 0.99999756 0.76812547
65 0.99999806 0.00075633043 -0.0018166097 -0.0086395333 -0.00075583876 0.99999968 0.00027132283 -0.016481831 0.0018168143 -0.00026994924 0.99999831 0.77664575
66 0.999998 0.00074890911 -0.0018546774 -0.008540188 -0.00074843673 0.99999969 0.00025538242 -0.016627717 0.0018548681 -0.0002539938 0.99999825 0.77609461
67 0.99999839 0.00074614821 -0.0016340904 -0.0084715619 -0.00074571237 0.99999969 0.0002673125 -0.016739207 0.0016342894 -0.0002660935 0.99999863 0.78113135
68 0.99999897 0.00074453201 -0.001228644 -0.0083611083 -0.00074416824 0.99999968 0.00029650547 -0.016928617 0.0012288644 -0.00029559084 0.9999992 0.79057157
69 0.99999954 0.00072866138 -0.00062533196 -0.0079872738 -0.00072846031 0.99999968 0.00032170404 -0.017495379 0.00062556618 -0.00032124836 0.99999975 0.80645993
70 0.99999976 0.00069423275 1.3667792e-05 -0.0073333842 -0.00069423739 0.9999997 0.00034269053 -0.018275311 -1.3429881e-05 -0.00034269994 0.99999994 0.826901
71 0.99999973 0.00066242901 0.0003149311 -0.0068204818 -0.00066253954 0.99999972 0.00035098783 -0.018736573 -0.0003146985 -0.00035119639 0.99999989 0.83930418
72 0.99999969 0.00064529673 0.00045494977 -0.0065526582 -0.00064546078 0.99999973 0.00036054612 -0.018920067 -0.00045471699 -0.00036083966 0.99999983 0.84602851
73 0.99999971 0.00064283212 0.00040770328 -0.0065352092 -0.00064297356 0.99999973 0.00034688287 -0.018966132 -0.00040748019 -0.00034714492 0.99999986 0.84427896
74 0.99999972 0.00065074896 0.00035645118 -0.0066538258 -0.00065087187 0.99999973 0.00034480698 -0.01887947 -0.0003562267 -0.00034503889 0.99999988 0.84172115
75 0.9999997 0.00065371799 0.00041365687 -0.0066702391 -0.0006538672 0.99999972 0.00036068992 -0.018828851 -0.00041342097 -0.00036096029 0.99999985 0.84376835
76 0.99999972 0.00065159585 0.00037674163 -0.0066595878 -0.0006517279 0.99999973 0.00035049339 -0.018865378 -0.00037651315 -0.00035073882 0.99999987 0.84241018
77 0.99999973 0.0006481232 0.00033621222 -0.0066284999 -0.00064823672 0.99999973 0.00033763735 -0.018916706 -0.0003359933 -0.00033785521 0.99999989 0.84110471
78 0.99999972 0.0006547485 0.00035318082 -0.0067032297 -0.00065487169 0.99999972 0.00034877238 -0.018829218 -0.00035295236 -0.00034900358 0.99999988 0.84133732
79 0.99999977 0.00066417298 0.00016835567 -0.0068892901 -0.00066422787 0.99999973 0.00032618705 -0.018718434 -0.00016813898 -0.0003262988 0.99999993 0.83389507
80 0.99999977 0.00066989048 0.00012064693 -0.0069806976 -0.0006699297 0.99999972 0.00032529775 -0.018636861 -0.00012042898 -0.0003253785 0.99999994 0.83192161
81 0.99999977 0.0006741187 0.00010049675 -0.0070378714 -0.0006741516 0.99999972 0.00032769208 -0.018576375 -0.00010027582 -0.00032775975 0.99999994 0.83098052
82 0.99999977 0.0006790383 9.0863541e-05 -0.0071090822 -0.00067906851 0.99999971 0.00033288606 -0.018506993 -9.0637473e-05 -0.00033294769 0.99999994 0.83034348
83 0.99999976 0.00067055648 0.00017119598 -0.0069711482 -0.00067061376 0.99999972 0.00033477041 -0.018632028 -0.00017097145 -0.00033488514 0.99999993 0.83360414
84 0.99999977 0.00066884507 0.00012859964 -0.0069642526 -0.00066888689 0.99999972 0.00032542322 -0.018652601 -0.00012838195 -0.00032550916 0.99999994 0.83223833
85 0.99999977 0.00067340684 1.1655231e-05 -0.0070611604 -0.00067341046 0.99999972 0.00031317656 -0.018573365 -1.1444333e-05 -0.00031318434 0.99999995 0.82806773
86 0.99999974 0.00068608698 -0.00020459177 -0.0072973074 -0.00068602529 0.99999972 0.00030145728 -0.018336703 0.00020479853 -0.00030131685 0.99999993 0.82057247
87 0.99999962 0.00069945073 -0.00051851648 -0.0075713852 -0.00069930252 0.99999971 0.00028595501 -0.018018334 0.00051871635 -0.0002855923 0.99999982 0.81081887
88 0.99999941 0.00071261264 -0.00082408453 -0.0078311103 -0.00071238417 0.99999971 0.00027750235 -0.017673662 0.00082428204 -0.00027691512 0.99999962 0.80202938
89 0.99999926 0.00072367278 -0.00097964143 -0.008024456 -0.00072339742 0.9999997 0.00028141639 -0.017415479 0.00097984479 -0.00028070751 0.99999948 0.79758628
90 0.99999927 0.00072738828 -0.00096631019 -0.0080699906 -0.00072710954 0.99999969 0.00028877874 -0.017357613 0.00096651995 -0.00028807592 0.99999949 0.79773781
91 0.99999934 0.0007228417 -0.00088833121 -0.0079891529 -0.00072258605 0.9999997 0.00028807118 -0.017472964 0.00088853917 -0.00028742909 0.99999956 0.79990604
92 0.99999946 0.00071779286 -0.00075546911 -0.007885056 -0.00071757274 0.9999997 0.00029160495 -0.017618229 0.0007556782 -0.00029106269 0.99999967 0.80356326
93 0.99999959 0.00071413761 -0.00054783807 -0.0077734103 -0.00071397032 0.9999997 0.00030549097 -0.017770518 0.00054805607 -0.0003050997 0.9999998 0.80927321
94 0.99999966 0.0007068302 -0.00042885049 -0.0076412245 -0.00070669874 0.9999997 0.0003066215 -0.017938816 0.00042906709 -0.00030631833 0.99999986 0.81292472
95 0.99999971 0.0006985201 -0.00030051215 -0.0074924829 -0.00069842749 0.99999971 0.00030817458 -0.018117624 0.00030072733 -0.0003079646 0.99999991 0.81704094
96 0.99999966 0.00069621138 -0.00043858272 -0.0075056266 -0.00069608445 0.99999972 0.00028949385 -0.018101508 0.00043878414 -0.00028918846 0.99999986 0.81320686
97 0.99999965 0.00070500373 -0.0004455068 -0.0076226502 -0.00070486941 0.99999971 0.0003016018 -0.017959611 0.0004457193 -0.00030128767 0.99999986 0.81257975
98 0.99999948 0.0007088111 -0.00073732237 -0.0077532018 -0.00070860493 0.99999971 0.00027984188 -0.017775335 0.00073752052 -0.00027931927 0.99999969 0.80444466
99 0.99999938 0.00071808197 -0.00084860729 -0.0079176812 -0.00071784164 0.9999997 0.00028348657 -0.017571094 0.0008488106 -0.00028287723 0.9999996 0.80116342
100 0.99999957 0.00071871631 -0.00059285311 -0.0078445608 -0.00071853366 0.99999969 0.00030824402 -0.017673987 0.00059307447 -0.00030781791 0.99999978 0.80783673
101 0.99999953 0.00071397768 -0.00065515318 -0.0078052001 -0.00071378433 0.9999997 0.00029531002 -0.017728021 0.00065536383 -0.00029484224 0.99999974 0.80636936
102 0.99999949 0.0007054972 -0.00072136531 -0.0077079197 -0.00070529831 0.99999971 0.00027593137 -0.017837675 0.00072155977 -0.00027542245 0.9999997 0.80503431
103 0.99999919 0.00071692782 -0.0010529573 -0.0079400389 -0.00071664872 0.99999971 0.000265415 -0.01750028 0.0010531473 -0.00026466018 0.99999941 0.79604659
104 0.99999839 0.00073853887 -0.0016363446 -0.0083599845 -0.00073812288 0.9999997 0.00025480412 -0.016887977 0.0016365323 -0.00025359588 0.99999863 0.78136748
105 0.99999894 0.00074668099 -0.0012480207 -0.0083959772 -0.00074630916 0.99999968 0.00029837062 -0.016878767 0.0012482431 -0.00029743889 0.99999918 0.79003059
106 0.99999956 0.00073111595 -0.00058085661 -0.0080028404 -0.00073092433 0.99999968 0.00033004032 -0.017474139 0.00058109772 -0.00032961561 0.99999978 0.80753562
107 0.99999972 0.00069719972 -0.00025464392 -0.0074630196 -0.00069712015 0.99999971 0.0003124545 -0.018154579 0.00025486169 -0.00031227689 0.99999992 0.81843065
108 0.99999972 0.00067935672 -0.00031055934 -0.0072341245 -0.00067926975 0.99999973 0.00028004821 -0.018403323 0.0003107495 -0.00027983718 0.99999991 0.8177531
109 0.99999942 0.00070457571 -0.00081618856 -0.0077089236 -0.00070435847 0.99999972 0.00026641868 -0.01780807 0.00081637604 -0.00026584363 0.99999963 0.80260884
110 0.99999824 0.00073697334 -0.0017260909 -0.0083497314 -0.00073655065 0.9999997 0.00024550526 -0.016892627 0.0017262713 -0.00024423348 0.99999848 0.77941026
111 0.99999586 0.0007738269 -0.0027707976 -0.0089873109 -0.00077321542 0.99999968 0.0002217514 -0.016039146 0.0027709683 -0.00021960806 0.99999614 0.75600663
112 0.99999347 0.00080942243 -0.0035216378 -0.0095201277 -0.00080866913 0.99999965 0.00021532262 -0.015384878 0.0035218108 -0.00021247337 0.99999378 0.74013413
113 0.99999085 0.0008456287 -0.0041929005 -0.0099945334 -0.00084476523 0.99999962 0.00020770327 -0.01489715 0.0041930745 -0.00020415936 0.99999119 0.72640955
114 0.99998798 0.00088145518 -0.0048241083 -0.010458414 -0.00088051748 0.99999959 0.00019649838 -0.014572415 0.0048242795 -0.00019224831 0.99998834 0.71373476
115 0.99998595 0.00090603603 -0.0052227463 -0.010786143 -0.00090504393 0.99999957 0.00019231714 -0.014343129 0.0052229183 -0.00018758762 0.99998634 0.70577152
116 0.99998588 0.00090754353 -0.0052355576 -0.010787869 -0.00090654533 0.99999957 0.00019302808 -0.014279916 0.0052357306 -0.00018827909 0.99998628 0.70561797
117 0.99998236 0.00095066295 -0.0058627469 -0.011353439 -0.00094958003 0.99999953 0.00018749391 -0.014045222 0.0058629224 -0.00018192346 0.9999828 0.69285971
118 0.99997751 0.0010064088 -0.0066304358 -0.012156411 -0.0010051548 0.99999948 0.00019246529 -0.01364583 0.006630626 -0.00018579635 0.999978 0.67703364
119 0.99997076 0.0010787875 -0.0075704707 -0.013239563 -0.0010772549 0.9999994 0.00020651492 -0.013137263 0.0075706889 -0.00019835355 0.99997132 0.65719141
120 0.99996282 0.0011539549 -0.0085460802 -0.014446035 -0.0011520183 0.99999931 0.00023152226 -0.012592293 0.0085463415 -0.00022166841 0.99996345 0.63592102
121 0.99995368 0.0012257142 -0.0095465381 -0.015915303 -0.0012230897 0.99999921 0.00028075262 -0.011948316 0.0095468747 -0.00026906334 0.99995439 0.61196907
122 0.99993855 0.001298969 -0.011009264 -0.018322874 -0.001294809 0.99999909 0.00038498838 -0.010805422 0.011009754 -0.00037070983 0.99993932 0.57241407
123 0.99993081 0.0013088022 -0.011690249 -0.019464213 -0.001303906 0.99999906 0.00042644189 -0.010277059 0.011690796 -0.0004111694 0.99993158 0.55255435
124 0.9999238 0.0013032319 -0.012275705 -0.020537467 -0.0012974547 0.99999904 0.00047856976 -0.009737188 0.012276317 -0.00046260612 0.99992454 0.53320695
125 0.99992026 0.0012944052 -0.012561806 -0.021075867 -0.001288191 0.99999904 0.00050276702 -0.009458185 0.012562445 -0.00048654492 0.99992097 0.52301008
126 0.9999178 0.0012853989 -0.012756904 -0.021459434 -0.0012788369 0.99999905 0.00052253216 -0.0092464803 0.012757564 -0.0005061752 0.99991849 0.51555964
127 0.99991487 0.0012716856 -0.012986203 -0.021925684 -0.0012647297 0.99999905 0.00054383267 -0.0089924563 0.012986882 -0.00052736233 0.99991553 0.50626931
128 0.99991276 0.0012592663 -0.013148503 -0.022282202 -0.0012520289 0.99999906 0.00055865046 -0.0088004649 0.013149195 -0.00054213942 0.9999134 0.49912077
129 0.99991018 0.001241697 -0.013344867 -0.022720991 -0.0012340921 0.99999907 0.00057809614 -0.0085534439 0.013345572 -0.00056157542 0.99991079 0.49002918
130 0.99990864 0.0012297488 -0.0134614 -0.022994342 -0.001221936 0.99999908 0.00058859665 -0.008395869 0.013462112 -0.0005720939 0.99990922 0.48413017
131 0.99990805 0.0012238497 -0.013505606 -0.023114244 -0.0012159401 0.99999908 0.00059384446 -0.0083193569 0.01350632 -0.00057736784 0.99990862 0.48142257
132 0.99990813 0.0012238197 -0.01349941 -0.023111734 -0.0012159095 0.99999908 0.00059416063 -0.0083149538 0.013500125 -0.00057769199 0.9999087 0.48142665
133 0.99990707 0.0012154636 -0.013578198 -0.023280726 -0.0012073913 0.99999909 0.00060268696 -0.0082173803 0.013578919 -0.00058623676 0.99990763 0.4777698
134 0.99990671 0.0012116522 -0.013605395 -0.023352471 -0.0012035273 0.99999909 0.00060534828 -0.0081741504 0.013606116 -0.00058891734 0.99990726 0.47602717
135 0.99990422 0.00118785 -0.013788934 -0.023781797 -0.00117932 0.99999911 0.00062672688 -0.0079109678 0.013789666 -0.00061040528 0.99990473 0.46618386
136 0.99990135 0.0011547565 -0.013998549 -0.024316694 -0.0011457274 0.99999913 0.00065300596 -0.0075594309 0.013999291 -0.00063690302 0.9999018 0.45273494
137 0.99990025 0.0011374697 -0.014078552 -0.024565408 -0.0011282036 0.99999914 0.00066609611 -0.0073640063 0.014079298 -0.00065014619 0.99990067 0.4454237
138 0.99989889 0.001113016 -0.014176143 -0.024858722 -0.0011033908 0.99999916 0.00068677812 -0.007120457 0.014176895 -0.00067106685 0.99989928 0.43628352
139 0.99990089 0.0011381994 -0.014032436 -0.024530135 -0.0011289287 0.99999914 0.00066856489 -0.0073143484 0.014033185 -0.00065265701 0.99990132 0.44475308
140 0.99990725 0.0012051628 -0.013565904 -0.023432545 -0.0011969329 0.99999909 0.00061476688 -0.0080308502 0.013566633 -0.00059847239 0.99990779 0.47280077
141 0.99991132 0.0012428011 -0.01325912 -0.022660935 -0.0012352005 0.99999907 0.0005814161 -0.0085216824 0.01325983 -0.00056498687 0.99991192 0.49098727
142 0.99991718 0.0012812721 -0.012806066 -0.021595515 -0.0012746411 0.99999905 0.00052595246 -0.0091682739 0.012806728 -0.00050958576 0.99991786 0.51286535
143 0.99992153 0.0012971916 -0.012460051 -0.020887887 -0.0012911772 0.99999905 0.00049072385 -0.0095697071 0.012460676 -0.00047459721 0.99992225 0.52665108
144 0.99992701 0.0013067145 -0.012011371 -0.020025116 -0.0013014451 0.99999905 0.00044650367 -0.010031903 0.012011943 -0.00043083893 0.99992776 0.54257737
145 0.99993033 0.0013090503 -0.011731509 -0.019497936 -0.0013041395 0.99999906 0.00042624506 -0.010282806 0.011732056 -0.00041091584 0.99993109 0.55176167
146 0.99993662 0.0013006773 -0.011183151 -0.018482552 -0.0012965725 0.99999909 0.00037429163 -0.010793043 0.011183627 -0.00035976814 0.9999374 0.56902731
147 0.99994366 0.0012782787 -0.010537665 -0.0173491 -0.0012749078 0.99999913 0.00032659991 -0.011311873 0.010538073 -0.00031314695 0.99994442 0.58751254
148 0.99994901 0.001252666 -0.010020795 -0.016510862 -0.0012497798 0.99999918 0.00029428401 -0.011686 0.010021155 -0.00028174522 0.99994975 0.60114273
149 0.99995444 0.0012184509 -0.009467426 -0.01565922 -0.0012160204 0.99999923 0.00026247768 -0.012059038 0.0094677385 -0.00025095314 0.99995515 0.61497832
150 0.9999581 0.0011915615 -0.0090763558 -0.015084463 -0.0011894022 0.99999926 0.00024329604 -0.01230569 0.009076639 -0.00023249041 0.99995878 0.62435483
151 0.99996075 0.0011705445 -0.0087819203 -0.014677438 -0.0011685523 0.99999929 0.0002319824 -0.012480657 0.0087821856 -0.00022171116 0.99996141 0.63114617
152 0.99996391 0.0011431148 -0.0084186701 -0.014177939 -0.0011413175 0.99999932 0.00021829488 -0.012689661 0.008418914 -0.00020867863 0.99996454 0.63944056
153 0.99996396 0.001143755 -0.0084126119 -0.014209054 -0.0011419293 0.99999932 0.00022182246 -0.012689086 0.0084128599 -0.00021220786 0.99996459 0.63930804
154 0.99996513 0.0011322233 -0.0082732616 -0.014008122 -0.0011304757 0.99999934 0.00021590521 -0.012764894 0.0082735006 -0.00020654496 0.99996575 0.64254278
155 0.99997288 0.0010540305 -0.0072887227 -0.012725403 -0.0010526949 0.99999943 0.00018707269 -0.013263089 0.0072889157 -0.00017939482 0.99997342 0.66429454
156 0.99997822 0.0009981942 -0.0065238904 -0.011926639 -0.00099701706 0.99999949 0.00018368564 -0.013645952 0.0065240704 -0.00017717721 0.9999787 0.6799194
157 0.99998222 0.00095254368 -0.0058868161 -0.011338202 -0.0009514554 0.99999953 0.00018766592 -0.013969593 0.0058869921 -0.00018206154 0.99998265 0.69261627
158 0.99998464 0.00092277521 -0.0054647663 -0.010978902 -0.00092174938 0.99999956 0.00019023271 -0.014185975 0.0054649395 -0.00018519264 0.99998505 0.7010142
159 0.99998387 0.00093210733 -0.0056020759 -0.011101997 -0.00093106375 0.99999955 0.00018888959 -0.014136393 0.0056022494 -0.00018367065 0.99998429 0.69822393
160 0.99998509 0.00091733376 -0.0053823149 -0.010906074 -0.00091631544 0.99999956 0.00019165967 -0.014204126 0.0053824883 -0.00018672491 0.9999855 0.70270074
161 0.9999889 0.00087319087 -0.0046301894 -0.010329871 -0.00087224695 0.9999996 0.00020587624 -0.014509809 0.0046303673 -0.00020183529 0.99998926 0.71770322
162 0.9999938 0.00081858041 -0.0034236175 -0.0096143093 -0.0008177565 0.99999964 0.0002420464 -0.01509407 0.0034238144 -0.00023924522 0.99999411 0.74180511
163 0.99999653 0.00078151555 -0.0025151545 -0.0090622497 -0.00078086451 0.99999966 0.00025981997 -0.01583622 0.0025153567 -0.00025785507 0.9999968 0.76091855
164 0.99999724 0.00076078736 -0.0022224859 -0.0087525438 -0.00076024147 0.99999968 0.00024645783 -0.016316846 0.0022226727 -0.00024476752 0.9999975 0.76774336
165 0.99999716 0.00076095594 -0.0022566414 -0.008761527 -0.00076040729 0.99999968 0.0002439759 -0.016301478 0.0022568263 -0.00024225924 0.99999742 0.76701981
166 0.99999725 0.00076807262 -0.0022145939 -0.0088549387 -0.00076749752 0.99999967 0.00026052407 -0.016147003 0.0022147933 -0.00025882366 0.99999751 0.76763861
167 0.99999712 0.0007668938 -0.002272174 -0.0088403919 -0.00076631927 0.99999967 0.0002537151 -0.01617486 0.0022723679 -0.00025197316 0.99999739 0.76646237
168 0.99999782 0.00075791188 -0.0019458855 -0.0086828858 -0.0007574004 0.99999968 0.00026357253 -0.016416963 0.0019460846 -0.00026209814 0.99999807 0.77377356
169 0.99999791 0.00075263766 -0.0019003245 -0.0085978076 -0.00075214772 0.99999968 0.00025851966 -0.016535681 0.0019005185 -0.00025708979 0.99999816 0.77494454
170 0.99999738 0.00075792803 -0.002159734 -0.0087071959 -0.00075739739 0.99999968 0.00024650505 -0.016382292 0.0021599202 -0.00024486862 0.99999764 0.76917784
171 0.99999673 0.00076640272 -0.0024398467 -0.0088543989 -0.00076582353 0.99999968 0.00023831196 -0.016174587 0.0024400286 -0.00023644269 0.999997 0.76300052
172 0.99999606 0.00078036476 -0.0026974033 -0.0090703394 -0.00077971615 0.99999967 0.00024149762 -0.015858657 0.0026975909 -0.00023939346 0.99999633 0.75725971
173 0.99999627 0.00078128663 -0.0026180321 -0.0090700893 -0.00078063403 0.99999966 0.00025028428 -0.015837863 0.0026182268 -0.00024823963 0.99999654 0.75882441
174 0.99999651 0.00077601369 -0.0025241617 -0.0089900324 -0.00077538851 0.99999967 0.00024864817 -0.015961124 0.0025243538 -0.0002466901 0.99999678 0.76092302
175 0.99999763 0.00076404418 -0.0020372762 -0.0087796653 -0.0007635011 0.99999967 0.0002673351 -0.016266625 0.0020374798 -0.000265779 0.99999789 0.77156702
176 0.99999792 0.00075480445 -0.001897158 -0.0086275886 -0.00075430765 0.99999968 0.00026256995 -0.016493465 0.0018973556 -0.00026113836 0.99999817 0.77492973
177 0.99999744 0.00075469407 -0.0021310748 -0.0086582612 -0.00075417769 0.99999969 0.00024310134 -0.016457065 0.0021312576 -0.00024149351 0.9999977 0.76990849
178 0.99999702 0.00076266925 -0.0023176938 -0.0087935909 -0.00076211008 0.99999968 0.00024213496 -0.016255129 0.0023178778 -0.0002403679 0.99999728 0.76568042
179 0.99999711 0.00077151193 -0.0022758455 -0.0089092272 -0.00077091808 0.99999967 0.00026180207 -0.016063072 0.0022760468 -0.00026004683 0.99999738 0.76622726
180 0.99999724 0.00076663236 -0.0022194236 -0.0088310736 -0.00076606232 0.99999967 0.00025768114 -0.016185956 0.0022196204 -0.00025598022 0.9999975 0.76757995
181 0.99999775 0.00075647891 -0.0019829823 -0.008666555 -0.00075596845 0.99999968 0.00025816163 -0.016440771 0.001983177 -0.00025666198 0.999998 0.77302104
182 0.99999817 0.00075114006 -0.0017576007 -0.0085586507 -0.00075067232 0.99999968 0.00026676539 -0.016601612 0.0017578005 -0.00026544552 0.99999842 0.77815558
183 0.99999839 0.00074942081 -0.0016292528 -0.0085152143 -0.00074897614 0.99999968 0.00027351838 -0.016678953 0.0016294573 -0.00027229767 0.99999864 0.7810992
184 0.99999871 0.00074065869 -0.0014220455 -0.0083555765 -0.00074026902 0.99999969 0.0002745237 -0.016923483 0.0014222484 -0.00027347065 0.99999895 0.7861955
185 0.99999869 0.00073614213 -0.0014418031 -0.0082939061 -0.00073575988 0.99999969 0.00026563555 -0.017001743 0.0014419982 -0.00026457438 0.99999893 0.7859162
186 0.99999833 0.00074062274 -0.0016725425 -0.0083963037 -0.00074019662 0.99999969 0.00025538173 -0.016838105 0.0016727311 -0.00025414329 0.99999857 0.78046978
187 0.99999826 0.0007488258 -0.0017080941 -0.0085199789 -0.0007483718 0.99999968 0.00026641735 -0.016661874 0.001708293 -0.0002651386 0.99999851 0.77935702
188 0.99999841 0.00074954332 -0.0016161599 -0.0085137481 -0.00074910007 0.99999968 0.00027485423 -0.016679641 0.0016163654 -0.00027364313 0.99999866 0.78138697
189 0.99999863 0.00074214133 -0.0014798885 -0.0083871183 -0.00074173872 0.99999969 0.00027258748 -0.016874652 0.0014800904 -0.00027148941 0.99999887 0.78479595
190 0.99999913 0.00073367504 -0.001099415 -0.0081886159 -0.00073335874 0.99999969 0.00028807198 -0.01718614 0.001099626 -0.00028726546 0.99999935 0.79417394
191 0.99999971 0.00071608603 0.0002422522 -0.0075307021 -0.00071618509 0.99999966 0.00040906797 -0.017990933 -0.00024195919 -0.00040924135 0.99999989 0.83344899
192 0.99999952 0.00063080673 0.0007557965 -0.0062683687 -0.00063113608 0.99999971 0.00043560582 -0.018864027 -0.0007555215 -0.00043608262 0.99999962 0.86133445
193 0.99999945 0.00054813247 0.00088932888 -0.0052160091 -0.00054853043 0.99999975 0.00044730059 -0.019299039 -0.00088908348 -0.00044778817 0.9999995 0.88044314
194 0.99999944 0.00051814146 0.00092661535 -0.0048117424 -0.00051858717 0.99999975 0.00048082821 -0.019253139 -0.00092636598 -0.00048130847 0.99999946 0.89144005
195 0.99999941 0.00055452234 0.0009293833 -0.0052633218 -0.00055496427 0.99999973 0.00047532382 -0.019139489 -0.00092911947 -0.00047583932 0.99999946 0.88325029
196 0.99999944 0.00054920998 0.00090403443 -0.005214674 -0.00054962285 0.99999974 0.00045651246 -0.019253112 -0.00090378348 -0.00045700908 0.99999949 0.88160906
197 0.9999994 0.00053541449 0.00095092482 -0.0050267308 -0.00053588562 0.99999973 0.00049526152 -0.019117751 -0.0009506594 -0.00049577082 0.99999943 0.88986614
198 0.9999994 0.00052411203 0.00095774581 -0.0048859327 -0.00052459886 0.99999973 0.00050812608 -0.019098835 -0.00095747924 -0.00050862821 0.99999941 0.89380968
199 0.99999943 0.00052161213 0.00093334055 -0.0048756 -0.00052206352 0.99999975 0.00048344684 -0.019231386 -0.00093308814 -0.00048393383 0.99999945 0.89077642
200 0.99999945 0.00052179157 0.00091377713 -0.0048704396 -0.00052221762 0.99999976 0.00046607759 -0.019315452 -0.00091353371 -0.00046655452 0.99999947 0.88852292
201 0.99999947 0.00055607956 0.00087093877 -0.0052971119 -0.00055646065 0.99999975 0.00043738159 -0.019305297 -0.00087069533 -0.000437866 0.99999953 0.87782196
202 0.99999946 0.00057567119 0.00086673617 -0.0055431417 -0.00057605523 0.99999974 0.00044290638 -0.01918177 -0.00086648097 -0.00044340543 0.99999953 0.87458959
203 0.99999947 0.00057325516 0.00085427254 -0.0055209354 -0.000573627 0.99999974 0.00043508659 -0.019230249 -0.0008540229 -0.00043557639 0.99999954 0.87389652
204 0.99999952 0.00057518892 0.0007921773 -0.0055647136 -0.00057551034 0.99999975 0.00040557476 -0.019338016 -0.00079194382 -0.00040603047 0.9999996 0.869404
205 0.99999961 0.00059725315 0.00065553088 -0.0058734216 -0.00059749482 0.99999975 0.00036852542 -0.019321581 -0.00065531062 -0.00036891695 0.99999972 0.85928461
206 0.99999968 0.00063506345 0.0004766974 -0.0064090252 -0.00063523225 0.99999974 0.00035404648 -0.019033315 -0.00047647243 -0.00035434918 0.99999982 0.84776008
207 0.99999964 0.00064712457 0.00054970176 -0.0065400156 -0.00064733689 0.99999972 0.00038615428 -0.018855284 -0.00054945172 -0.00038650998 0.99999977 0.84996867
208 0.99999958 0.00062679363 0.00066875387 -0.0062487134 -0.0006270615 0.99999972 0.00040041934 -0.019002503 -0.0006685027 -0.00040083852 0.9999997 0.85713281
209 0.99999943 0.00058426628 0.00089013673 -0.0056468085 -0.00058467615 0.99999972 0.00046027466 -0.019063022 -0.00088986756 -0.00046079484 0.9999995 0.87512514
210 0.99999939 0.00053972603 0.00096183798 -0.0050768927 -0.00054021034 0.99999973 0.00050333085 -0.019066484 -0.00096156606 -0.00050385014 0.99999941 0.88992658
211 0.99999941 0.0005137153 0.00095607164 -0.0047723567 -0.00051420934 0.99999973 0.00051656301 -0.019087558 -0.00095580602 -0.00051705433 0.99999941 0.89711891
212 0.99999944 0.00049735048 0.00093514301 -0.0045785288 -0.00049783004 0.99999974 0.00051266636 -0.019157664 -0.0009348878 -0.00051313162 0.99999943 0.9000518
213 0.99999948 0.00052380855 0.00087722765 -0.0049071422 -0.00052419132 0.99999977 0.00043616356 -0.019454963 -0.00087699898 -0.00043662317 0.99999952 0.88391959
214 0.99999961 0.00058203311 0.00066965828 -0.0056737754 -0.00058227504 0.99999977 0.00036113104 -0.019451965 -0.00066944793 -0.00036152083 0.99999971 0.86160459
215 0.99999966 0.00063724281 0.0005176109 -0.0064168852 -0.00063743261 0.99999973 0.00036659423 -0.018987366 -0.00051737715 -0.00036692405 0.9999998 0.84941774
216 0.9999997 0.00065614062 0.00041336948 -0.0067026359 -0.00065629106 0.99999972 0.00036390098 -0.018798976 -0.00041313059 -0.00036417216 0.99999985 0.84354784
217 0.99999966 0.00064032729 0.00050998995 -0.0064745893 -0.00064051538 0.99999973 0.00036874092 -0.018956341 -0.0005097537 -0.00036906746 0.9999998 0.8487009
218 0.99999954 0.00061547179 0.00073295593 -0.0060803379 -0.00061577361 0.99999973 0.00041162657 -0.019052607 -0.00073270239 -0.00041207772 0.99999965 0.86162082
219 0.99999959 0.00060821634 0.00067447897 -0.006012611 -0.00060847606 0.99999974 0.00038493298 -0.019193726 -0.00067424467 -0.00038534323 0.9999997 0.85909824
220 0.99999954 0.00060122348 0.00074882823 -0.0059005339 -0.0006015274 0.99999974 0.00040570354 -0.019171216 -0.00074858411 -0.0004061538 0.99999964 0.86394906
221 0.99999959 0.00060441998 0.00066818409 -0.0059589897 -0.00060467349 0.99999975 0.00037926656 -0.019237824 -0.00066795468 -0.00037967044 0.9999997 0.85920287
222 0.99999969 0.00063010369 0.00046459339 -0.0063572421 -0.00063026446 0.99999974 0.00034597688 -0.019097344 -0.00046437527 -0.00034626959 0.99999983 0.84758008
223 0.99999977 0.00064948455 0.00019390269 -0.006686157 -0.00064954502 0.99999974 0.0003119627 -0.018911023 -0.00019370003 -0.00031208857 0.99999993 0.83579455
224 0.99999975 0.00068573928 -0.0001981615 -0.0072905641 -0.0006856795 0.99999972 0.00030158409 -0.018343108 0.00019836825 -0.00030144813 0.99999993 0.82080174
225 0.99999973 0.00069887804 -0.00023544939 -0.0074718991 -0.00069880359 0.99999971 0.00031610043 -0.018133903 0.00023567024 -0.00031593581 0.99999992 0.81895903
226 0.99999965 0.0007001933 -0.00045613999 -0.0075637369 -0.00070005931 0.99999971 0.00029382751 -0.01803333 0.00045634559 -0.00029350808 0.99999985 0.81249342
227 0.99999961 0.00070108523 -0.00053227677 -0.0076001503 -0.00070093264 0.99999971 0.00028680939 -0.017986979 0.00053247769 -0.00028643619 0.99999982 0.81036833
228 0.99999966 0.00070888277 -0.00041089537 -0.00765921 -0.00070875493 0.9999997 0.00031119126 -0.017911447 0.00041111584 -0.00031089993 0.99999987 0.8133591
229 0.99999966 0.00070786014 -0.0004146634 -0.0076496768 -0.00070773168 0.9999997 0.00030985759 -0.017928476 0.00041488261 -0.00030956402 0.99999987 0.81326574
230 0.99999967 0.00069704834 -0.00040999217 -0.0075097075 -0.00069692787 0.99999971 0.00029389314 -0.018100178 0.00041019691 -0.00029360731 0.99999987 0.813965
231 0.99999966 0.00069908969 -0.00044048338 -0.0075429655 -0.00069896055 0.99999971 0.00029328353 -0.018054601 0.00044068828 -0.00029297555 0.99999986 0.8130246
232 0.99999956 0.00071025225 -0.00061306774 -0.0077423888 -0.00071007271 0.9999997 0.0002930221 -0.017805082 0.00061327568 -0.00029258665 0.99999977 0.80770287
233 0.99999953 0.00071371667 -0.00065757206 -0.0078023935 -0.00071352331 0.9999997 0.00029423688 -0.017729748 0.00065778186 -0.00029376755 0.99999974 0.80633625
234 0.99999939 0.00071284165 -0.00083950402 -0.0078374859 -0.00071260951 0.99999971 0.00027678235 -0.017664536 0.00083970108 -0.00027618395 0.99999961 0.80160648
235 0.99999927 0.00072062415 -0.00097281365 -0.0079807966 -0.00072035483 0.9999997 0.00027717249 -0.017471753 0.0009730131 -0.00027647152 0.99999949 0.79789342
236 0.99999885 0.00072924264 -0.0013325289 -0.008172032 -0.00072889268 0.9999997 0.00026309186 -0.01716922 0.0013327203 -0.00026212028 0.99999908 0.78875161
237 0.99999845 0.00074123083 -0.0015964715 -0.0083948695 -0.00074081346 0.99999969 0.00026201161 -0.01684924 0.0015966652 -0.00026082852 0.99999869 0.78217325
238 0.99999842 0.00074552218 -0.0016155994 -0.0084563589 -0.00074508998 0.99999969 0.00026809806 -0.016756831 0.0016157988 -0.00026689387 0.99999866 0.78155905
239 0.99999793 0.00075030841 -0.0018926883 -0.0085649994 -0.00074982738 0.99999969 0.00025484583 -0.016588614 0.0018928789 -0.00025342611 0.99999818 0.77520607
240 0.99999773 0.00075313518 -0.0019940433 -0.0086208301 -0.00075263517 0.99999969 0.00025148769 -0.016506087 0.0019942321 -0.00024998634 0.99999798 0.77290666
241 0.99999648 0.00076840718 -0.0025396759 -0.0088891711 -0.00076781723 0.99999968 0.00023326001 -0.016135503 0.0025398543 -0.00023130918 0.99999675 0.76087101
242 0.9999952 0.00078875626 -0.002995567 -0.0092099372 -0.00078807339 0.99999966 0.00022913393 -0.015708684 0.0029957467 -0.0002267721 0.99999549 0.75103605
243 0.99999371 0.00080919769 -0.0034544141 -0.0094953092 -0.00080843715 0.99999965 0.00022155665 -0.01537495 0.0034545922 -0.00021876258 0.99999401 0.7414265
244 0.99999266 0.00082440606 -0.0037411819 -0.0097026572 -0.00082358913 0.99999964 0.00021989879 -0.015126461 0.0037413619 -0.00021681598 0.99999298 0.73552291
245 0.99999181 0.00083412069 -0.0039604612 -0.009833975 -0.00083328563 0.99999963 0.00021249359 -0.015034092 0.0039606369 -0.00020919166 0.99999213 0.73109
246 0.99999096 0.00084516599 -0.0041662365 -0.0099813123 -0.00084429823 0.99999962 0.0002100387 -0.014886702 0.0041664125 -0.00020651926 0.9999913 0.72694201
247 0.99999115 0.00084344378 -0.0041219767 -0.0099592128 -0.00084257754 0.99999962 0.00021188423 -0.014886134 0.0041221538 -0.00020840927 0.99999148 0.72782937
248 0.99998911 0.00086763313 -0.0045853812 -0.010271772 -0.00086672648 0.9999996 0.00019970884 -0.014708342 0.0045855527 -0.00019573239 0.99998947 0.71851399
249 0.9999899 0.00085881149 -0.0044126623 -0.010165983 -0.00085790382 0.99999961 0.00020758666 -0.014697052 0.0044128389 -0.00020379892 0.99999024 0.72201634
250 0.99998956 0.00086294226 -0.0044873523 -0.010208533 -0.00086203972 0.99999961 0.00020306058 -0.014707125 0.0044875257 -0.00019919018 0.99998991 0.72050338
251 0.99998982 0.00086047298 -0.0044300065 -0.010172139 -0.0008595652 0.99999961 0.000206817 -0.014704048 0.0044301828 -0.00020300702 0.99999017 0.72165841
252 0.99999164 0.00083830668 -0.0040027111 -0.0098895703 -0.00083744875 0.99999963 0.00021601073 -0.014924527 0.0040028907 -0.00021265685 0.99999197 0.73021899
253 0.99999213 0.00083251366 -0.0038779883 -0.0098024068 -0.00083167302 0.99999963 0.00021838046 -0.015014543 0.0038781686 -0.00021515353 0.99999246 0.73272473
254 0.99999298 0.00082131637 -0.0036548023 -0.0096547994 -0.00082050714 0.99999964 0.00022291108 -0.015163523 0.0036549841 -0.00021991073 0.9999933 0.73725976
255 0.99999298 0.00082030706 -0.0036565274 -0.0096431371 -0.00081950539 0.99999964 0.0002207359 -0.015195145 0.0036567072 -0.00021773781 0.99999329 0.73724421
