4 0.99880968 -0.0026187708 0.048707264 0.056279766 0.0025925082 0.9999964 0.00060237428 -0.10941793 -0.04870867 -0.00047538237 0.99881295 6.2279157
5 0.99575195 -0.0025117721 0.092042286 0.14803291 0.0025122179 0.99999678 0.00011102506 -0.1287726 -0.092042276 0.00012067783 0.99575513 7.1902147
6 0.99032397 -0.0030192277 0.13874205 0.28681363 0.0030258746 0.99999535 0.00016302539 -0.1490779 -0.13874191 0.00025836908 0.99032858 8.1540132
7 0.9825666 -0.0035373774 0.18587736 0.47264804 0.0036260795 0.99999336 -0.00013724017 -0.16861817 -0.18587565 0.00080885471 0.98257298 9.1108307
8 0.97262504 -0.0043773318 0.23233899 0.7055512 0.0046902632 0.99998863 -0.00079446168 -0.18737917 -0.23233289 0.0018624454 0.97263459 10.054557
9 0.9605221 -0.0045110861 0.27816716 0.98276677 0.0048767419 0.99998786 -0.00062259732 -0.20263111 -0.278161 0.0019545691 0.96053252 10.989551
10 0.94702287 -0.0044698749 0.32113507 1.2997589 0.0047854776 0.99998847 -0.00019347761 -0.21989118 -0.32113053 0.0017200135 0.94703342 11.909665
11 0.93146355 -0.0046131114 0.36380544 1.6566933 0.0050703035 0.99998704 -0.00030167323 -0.23891355 -0.36379937 0.0021256028 0.93147495 12.805979
12 0.91415616 -0.0049823172 0.40533161 2.054259 0.0058867676 0.99998213 -0.00098486225 -0.25697955 -0.40531949 0.0032864121 0.91416923 13.684348
13 0.89488101 -0.0045826155 0.44628131 2.4865012 0.005520592 0.99998438 -0.00080157546 -0.28129007 -0.44627071 0.0031810529 0.8948924 14.545322
14 0.87435302 -0.0040669141 0.48527342 2.955332 0.0047937026 0.99998842 -0.00025659845 -0.30532885 -0.4852668 0.0025506153 0.87436246 15.386521
15 0.85180898 -0.0045690587 0.52383262 3.4662812 0.0056291878 0.999984 -0.00043144726 -0.32788277 -0.52382231 0.003316264 0.85182115 16.207789
16 0.82813982 -0.0045559546 0.56050308 4.0125323 0.0062484242 0.99997981 -0.0011038393 -0.34848456 -0.56048679 0.0044163956 0.82815164 17.003917
17 0.80113782 -0.0047376824 0.59846117 4.5977587 0.0068079833 0.99997605 -0.0011973426 -0.37232374 -0.59844122 0.0050335515 0.80115095 17.774674
18 0.77292819 -0.0048938891 0.63447466 5.2192406 0.006441175 0.99997919 -0.00013361858 -0.39825257 -0.63446085 0.0041900411 0.77294369 18.52572
19 0.74432301 -0.0046932257 0.66780332 5.8649072 0.0059643882 0.99998208 0.00037991902 -0.42445226 -0.66779319 0.003700257 0.74433772 19.239589
20 0.71236468 -0.0040105223 0.70179805 6.5418847 0.0053485928 0.9999856 0.00028543385 -0.44560889 -0.70178915 0.0035503002 0.71237593 19.917965
21 0.68093678 -0.0026648248 0.73233737 7.2348874 0.0045530339 0.9999894 -0.0005947133 -0.46697167 -0.73232808 0.0037393203 0.68094175 20.554217
22 0.64806949 -0.0018263657 0.76157904 7.9646329 0.0043371288 0.9999897 -0.0012925948 -0.48705779 -0.76156889 0.0041407589 0.64807079 21.166871
23 0.61386619 -0.00092216267 0.78940958 8.7244799 0.0044427455 0.99998746 -0.0022866447 -0.50134506 -0.78939763 0.0049108411 0.61386264 21.744915
24 0.58013533 0.00017537265 0.81452011 9.5008354 0.0040395574 0.999987 -0.0030924459 -0.52311928 -0.81451013 0.0050843392 0.58012712 22.288503
25 0.54626197 0.00081242098 0.83761401 10.311764 0.0043046045 0.99998354 -0.0037772152 -0.5435882 -0.83760336 0.0056689475 0.54624953 22.808232
26 0.51465326 0.0015117745 0.85739709 11.136828 0.0045827204 0.99997925 -0.0045139578 -0.56262734 -0.85738619 0.0062523357 0.5146357 23.294727
27 0.4826221 0.0027045564 0.87582454 11.97931 0.0054648776 0.99996641 -0.0060993214 -0.5830783 -0.87581169 0.0077299428 0.48259115 23.751459
28 0.44946053 0.0043573533 0.89328958 12.851913 0.0033113652 0.99997305 -0.006543861 -0.60337643 -0.89329409 0.0058992166 0.44943402 24.196119
29 0.41769441 0.0050429148 0.90857359 13.731261 0.0021847038 0.99997607 -0.0065545948 -0.62490421 -0.90858498 0.0047227832 0.41767344 24.601413
30 0.38547757 0.0055453918 0.92270056 14.625773 0.0018469542 0.99997524 -0.0067814125 -0.64850898 -0.92271539 0.0043182694 0.38545782 24.973048
31 0.35197963 0.0073858875 0.93597853 15.54267 -0.001108489 0.9999714 -0.0074740066 -0.67469985 -0.93600704 0.0015931773 0.35197778 25.323802
32 0.32002796 0.0084503791 0.94737043 16.469246 -0.0025612972 0.99996422 -0.0080542826 -0.70351659 -0.94740467 0.00015109939 0.32003818 25.638274
33 0.2870718 0.009113329 0.95786573 17.420608 -0.0023894472 0.99995839 -0.0087976902 -0.7315107 -0.95790613 0.00023680009 0.28708165 25.920981
34 0.25664594 0.010036125 0.9664534 18.373349 -0.0016376017 0.99994911 -0.0099490875 -0.76020242 -0.96650414 0.00097072824 0.25664934 26.169577
35 0.22931349 0.010713557 0.97329367 19.347382 -0.0025867226 0.99994254 -0.010397448 -0.78926222 -0.97334922 -0.00013336466 0.22932805 26.400514
36 0.20201994 0.011050235 0.97931908 20.365852 -0.0022776466 0.99993888 -0.010813053 -0.81264454 -0.9793788 -4.6089505e-05 0.20203278 26.606345
37 0.17829198 0.011120273 0.9839148 21.395194 -0.0022404629 0.99993807 -0.010895382 -0.83843169 -0.98397511 -0.00026186444 0.17830587 26.791531
38 0.1547787 0.011014069 0.98788778 22.432072 -0.0020024374 0.99993924 -0.010834697 -0.86829035 -0.98794717 -0.00030120227 0.15479136 26.952225
39 0.13380064 0.010222749 0.99095556 23.504645 -0.0017764937 0.9999476 -0.010075645 -0.89677573 -0.99100671 -0.00041229764 0.1338118 27.091634
40 0.11508252 0.0099016816 0.9933066 24.571022 0.00039460472 0.99994973 -0.01001362 -0.92598299 -0.99335589 0.0015443572 0.11507284 27.207203
41 0.093046356 0.010658464 0.99560474 25.669725 -0.0012037545 0.99994312 -0.010592408 -0.95455427 -0.99566109 -0.00021287784 0.093053901 27.314315
42 0.074420756 0.0099179182 0.99717762 26.78059 -0.0018337984 0.99995015 -0.0098086339 -0.98279171 -0.99722528 -0.0010986559 0.074435241 27.398445
43 0.0554655 0.009971678 0.99841082 27.88146 -0.0018320807 0.9999494 -0.0098852647 -1.0134677 -0.99845896 -0.0012808772 0.055480967 27.460552
44 0.039704484 0.0099096207 0.99916234 29.035585 -0.0030881033 0.9999472 -0.0097946896 -1.0402121 -0.99920673 -0.0026966227 0.039732994 27.508289
45 0.029932129 0.008537445 0.99951549 30.172209 -0.0030582704 0.99995957 -0.0084496523 -1.0671832 -0.99954729 -0.0028038718 0.029957031 27.540917
46 0.020188814 0.0083854836 0.99976103 31.332466 -0.0032106924 0.99996016 -0.0083223172 -1.0931837 -0.99979107 -0.0030419068 0.020214934 27.564053
47 0.013315891 0.008460839 0.99987556 32.518955 -0.0037229251 0.99995763 -0.0084119523 -1.1154333 -0.99990445 -0.0036104485 0.013346827 27.580472
48 0.0060884147 0.0089962777 0.99994101 33.712505 -0.0031835206 0.99995458 -0.0089770152 -1.1356691 -0.99997644 -0.0031286763 0.0061167788 27.586484
49 -0.0014892815 0.0084737882 0.999963 34.928567 -0.0034267975 0.99995812 -0.0084788496 -1.1556568 -0.99999306 -0.0034392975 -0.0014601809 27.582138
50 -0.006723266 0.0077732023 0.9999472 36.179712 -0.0043043168 0.99996024 -0.0078022434 -1.1750746 -0.99996817 -0.0043565455 -0.0066895406 27.572959
51 -0.009407509 0.0075170616 0.99992751 37.443715 -0.0053283733 0.99995711 -0.0075674136 -1.1957091 -0.99994159 -0.0053991771 -0.0093670522 27.559288
52 -0.011220001 0.0092000716 0.99989474 38.739516 -0.0066925849 0.99993453 -0.0092755354 -1.2217612 -0.9999147 -0.0067959516 -0.011157695 27.547737
53 -0.010660587 0.0087585779 0.99990483 40.06948 -0.0079963944 0.99992886 -0.0088440418 -1.2477832 -0.99991124 -0.0080899157 -0.010589792 27.536831
54 -0.012077107 0.0091051801 0.99988563 41.420912 -0.0088130871 0.99991867 -0.0092119289 -1.2732374 -0.99988827 -0.0089233324 -0.011995881 27.524383
55 -0.014286095 0.0089960449 0.99985749 42.787649 -0.0097425799 0.99991075 -0.0091357264 -1.3022793 -0.99985052 -0.0098717052 -0.014197176 27.507954
56 -0.014208396 0.0093126374 0.9998557 44.196413 -0.01154661 0.99988837 -0.0094770231 -1.3283742 -0.99983242 -0.011679597 -0.014099281 27.489813
57 -0.015331998 0.0098456289 0.999834 45.621011 -0.011511827 0.99988345 -0.010022644 -1.3551239 -0.99981623 -0.011663583 -0.015216871 27.468265
58 -0.016761747 0.010055391 0.99980896 47.072925 -0.012113295 0.99987394 -0.010259123 -1.3842396 -0.99978617 -0.012282942 -0.016637831 27.445495
59 -0.016975596 0.012848813 0.99977336 48.560942 -0.01306297 0.99982918 -0.013071331 -1.4086937 -0.99977061 -0.013281904 -0.016804853 27.421433
60 -0.018726431 0.014109653 0.9997251 50.03077 -0.013491484 0.99980576 -0.014363507 -1.4369479 -0.99973365 -0.013756752 -0.018532435 27.395723
61 -0.0191512 0.016929469 0.99967327 51.529747 -0.014557939 0.99974586 -0.01720959 -1.4691822 -0.99971065 -0.014882767 -0.018899876 27.368547
62 -0.018805814 0.018101064 0.9996593 53.052594 -0.015290769 0.99971391 -0.018389705 -1.5085704 -0.99970626 -0.015631393 -0.018523656 27.342246
63 -0.019061324 0.019726756 0.9996237 54.62638 -0.016202321 0.9996679 -0.020036581 -1.5548037 -0.99968706 -0.016578148 -0.018735376 27.315715
64 -0.020147967 0.019484285 0.99960715 56.219626 -0.018633641 0.99962905 -0.019860288 -1.6088204 -0.99962339 -0.019026466 -0.019777431 27.290462
65 -0.020781534 0.020557203 0.99957269 57.823967 -0.020357545 0.99957255 -0.020980441 -1.6578734 -0.9995768 -0.020784853 -0.020354158 27.263827
66 -0.021567368 0.02248028 0.99951464 59.448827 -0.022575142 0.99948125 -0.022966651 -1.7076528 -0.99951253 -0.023059516 -0.021048686 27.234733
67 -0.023318646 0.023312533 0.99945625 61.079196 -0.024459135 0.99941546 -0.023882245 -1.7596776 -0.99942887 -0.025002738 -0.022734812 27.201837
68 -0.0248912 0.025751733 0.99935845 62.708486 -0.025500515 0.99932646 -0.026386054 -1.8143132 -0.99936491 -0.026140937 -0.024217754 27.165796
69 -0.025438106 0.028984255 0.99925615 64.371629 -0.025666113 0.9992311 -0.029636911 -1.8715081 -0.9993469 -0.026400929 -0.024674635 27.128368
70 -0.028316364 0.031646428 0.99909795 66.054125 -0.026313665 0.9991287 -0.032393181 -1.93899 -0.99925265 -0.027207187 -0.02745896 27.086589
71 -0.032379738 0.033902469 0.9989005 67.745882 -0.026656032 0.99903969 -0.034771258 -2.0188226 -0.99912016 -0.02775261 -0.031444941 27.03762
72 -0.036666852 0.03636977 0.99866552 69.458685 -0.026072833 0.99896245 -0.037337869 -2.1042717 -0.9989874 -0.027407102 -0.035680548 26.978862
73 -0.040330958 0.037833248 0.99846987 71.173894 -0.025794805 0.99891037 -0.038891861 -2.1975435 -0.9988534 -0.027323883 -0.039311114 26.915435
74 -0.04344089 0.040103187 0.9982508 72.911421 -0.025277404 0.99882997 -0.04122645 -2.2936686 -0.99873621 -0.027024104 -0.042376362 26.84354
75 -0.045679877 0.043596552 0.99800437 74.652971 -0.023523652 0.99872319 -0.044704658 -2.3905767 -0.99867916 -0.025518812 -0.044596006 26.765092
76 -0.047025738 0.046354704 0.99781754 76.426318 -0.022971908 0.99860822 -0.047474069 -2.4887216 -0.99862953 -0.025154277 -0.045895436 26.681247
77 -0.049294996 0.048131595 0.99762387 78.176562 -0.02415684 0.99848847 -0.049366956 -2.591963 -0.99849213 -0.026532985 -0.048057781 26.597739
78 -0.047689088 0.049167207 0.99765143 79.944664 -0.025013183 0.99841575 -0.050400538 -2.6982854 -0.99854903 -0.027357995 -0.046383712 26.510071
79 -0.048732355 0.051128072 0.99750243 81.744349 -0.02443401 0.99832903 -0.052364147 -2.8090969 -0.998513 -0.026924814 -0.047401665 26.423688
80 -0.052611484 0.05204844 0.99725775 83.573004 -0.024048189 0.99828509 -0.053370748 -2.9320105 -0.99832549 -0.026790159 -0.051269594 26.329802
81 -0.056116202 0.054239168 0.99694991 85.435855 -0.021621001 0.99822309 -0.055525435 -3.0589049 -0.99819015 -0.024670933 -0.054843788 26.228212
82 -0.057282725 0.054956478 0.99684427 87.273313 -0.022385634 0.99816198 -0.056315493 -3.1897422 -0.99810703 -0.025540897 -0.055947206 26.127991
83 -0.058712835 0.056730929 0.99666164 89.139712 -0.021520389 0.99807993 -0.058079414 -3.3251542 -0.99804296 -0.024858554 -0.057379235 26.02169
84 -0.060967193 0.057329616 0.99649202 91.033167 -0.022261969 0.99802266 -0.058779703 -3.4671323 -0.99789152 -0.025767509 -0.059570375 25.912451
85 -0.063669061 0.058081555 0.99627949 92.922993 -0.022335363 0.99797192 -0.059607602 -3.6107353 -0.99772113 -0.026047425 -0.062242667 25.797719
86 -0.067563467 0.060086958 0.99590399 94.849465 -0.022651228 0.99783514 -0.06174016 -3.7536884 -0.99745786 -0.026729829 -0.066056163 25.675445
87 -0.072043252 0.061937714 0.99547653 96.765284 -0.021580734 0.99773948 -0.063640323 -3.900159 -0.99716805 -0.026067971 -0.070543741 25.541743
88 -0.073904332 0.064319004 0.99518905 98.668483 -0.020318449 0.99761369 -0.065984588 -4.047249 -0.99705837 -0.025097246 -0.072421117 25.401542
89 -0.076347387 0.06605485 0.99489088 100.58085 -0.02011403 0.99749804 -0.067771488 -4.2013492 -0.99687842 -0.025185442 -0.074827746 25.2577
90 -0.077229364 0.06698986 0.99476028 102.49748 -0.021778975 0.99738868 -0.068857699 -4.3654452 -0.99677549 -0.026982696 -0.075568729 25.1157
91 -0.08073834 0.066877283 0.99448921 104.43063 -0.023764113 0.99733367 -0.068997873 -4.5315549 -0.99645204 -0.029203929 -0.078933792 24.968217
92 -0.085340944 0.067181043 0.99408433 106.39871 -0.025030684 0.99726469 -0.069544828 -4.7005916 -0.99603738 -0.030817633 -0.083425929 24.809966
93 -0.09048431 0.068351257 0.99354956 108.35669 -0.024918001 0.99717422 -0.070869941 -4.8672227 -0.99558614 -0.031169888 -0.088525451 24.639946
94 -0.094461383 0.068482619 0.99317028 110.33535 -0.026278626 0.99711194 -0.071253795 -5.0414312 -0.99518167 -0.032829884 -0.092388951 24.461538
95 -0.098667383 0.067741065 0.99281213 112.30763 -0.027664707 0.99710794 -0.07078354 -5.2157333 -0.99473589 -0.034449885 -0.096508002 24.276284
96 -0.10381353 0.068187901 0.99225662 114.28252 -0.028183039 0.99704477 -0.071465556 -5.3888434 -0.99419744 -0.0353839 -0.101585 24.082053
97 -0.11044571 0.069091213 0.99147778 116.25338 -0.027983026 0.99696909 -0.072591045 -5.5625541 -0.99348818 -0.03576192 -0.10817758 23.873721
98 -0.11618189 0.070493194 0.99072322 118.24919 -0.028126712 0.99684457 -0.07422716 -5.7398657 -0.99282966 -0.03648964 -0.11383255 23.649211
99 -0.12060862 0.071715596 0.99010629 120.26724 -0.029283967 0.99669591 -0.075760088 -5.9224671 -0.99226815 -0.038131562 -0.11811001 23.413866
100 -0.12501128 0.073887355 0.98940026 122.27784 -0.029751973 0.99649544 -0.078176393 -6.1068006 -0.99170917 -0.039209543 -0.12237489 23.169893
101 -0.12956851 0.076004097 0.98865333 124.29386 -0.029879948 0.99630592 -0.080508333 -6.295163 -0.99112021 -0.039972257 -0.12681889 22.915413
102 -0.13385688 0.078498362 0.98788682 126.32206 -0.029842467 0.99608642 -0.083193509 -6.4894747 -0.99055128 -0.040617006 -0.13099045 22.649899
103 -0.13854164 0.07922982 0.98718229 128.34891 -0.031514009 0.99593722 -0.084355168 -6.6902176 -0.98985512 -0.042796778 -0.13548194 22.380122
104 -0.14350728 0.081286259 0.98630535 130.38123 -0.031897374 0.99572333 -0.086703503 -6.8930116 -0.98913512 -0.043903137 -0.14030074 22.098172
105 -0.14734791 0.082672696 0.98562358 132.43422 -0.032633345 0.99555171 -0.088384044 -7.1050501 -0.98854627 -0.045187402 -0.14399459 21.803595
106 -0.15043355 0.084116204 0.98503515 134.50249 -0.033271425 0.99537851 -0.090080642 -7.322 -0.98806014 -0.046324676 -0.14693967 21.497573
107 -0.1532959 0.085337815 0.98448863 136.57681 -0.034364217 0.99520111 -0.091617291 -7.5452734 -0.98758268 -0.047875739 -0.1496277 21.18534
108 -0.15629613 0.08633981 0.98392936 138.66723 -0.035873792 0.99501851 -0.093011395 -7.7735715 -0.98705859 -0.049834601 -0.15242022 20.866075
109 -0.16067506 0.085344367 0.98331068 140.76078 -0.039309958 0.9949108 -0.092774505 -8.0040442 -0.98622428 -0.053560454 -0.15650248 20.541626
110 -0.16653331 0.085908626 0.98228631 142.84106 -0.039872091 0.99479581 -0.09376245 -8.238809 -0.98522939 -0.054780384 -0.1622413 20.208429
111 -0.17176246 0.085509384 0.98142031 144.95159 -0.043359614 0.99460414 -0.094246613 -8.4743144 -0.98418376 -0.05874204 -0.16712802 19.862222
112 -0.1750172 0.086919568 0.98072116 147.0572 -0.045151036 0.99433893 -0.096184033 -8.7082126 -0.98352958 -0.061114441 -0.17010192 19.503024
113 -0.17940057 0.087188235 0.97990493 149.17489 -0.047749265 0.99411923 -0.097194884 -8.9468413 -0.98261667 -0.064226563 -0.1741824 19.134616
114 -0.18546528 0.088189517 0.97868548 151.27792 -0.048762672 0.99391156 -0.098802285 -9.1874901 -0.98144022 -0.066047716 -0.18003574 18.760389
115 -0.19163426 0.089636197 0.97736467 153.38601 -0.049510993 0.99366995 -0.10083933 -9.4344631 -0.98021684 -0.06771457 -0.18598324 18.369744
116 -0.19687772 0.090031903 0.97628554 155.53385 -0.050994148 0.99348656 -0.10190164 -9.6899404 -0.97910103 -0.069847016 -0.19100428 17.959862
117 -0.20024879 0.088546472 0.97573561 157.66 -0.054815261 0.99333508 -0.10139325 -9.938997 -0.9782105 -0.073789082 -0.19406046 17.548083
118 -0.20232899 0.088764212 0.97528659 159.78247 -0.055782257 0.99322231 -0.10196896 -10.188062 -0.97772767 -0.075034969 -0.19600621 17.128576
119 -0.2033852 0.089437713 0.97500533 161.9225 -0.05593508 0.99313131 -0.10276842 -10.443058 -0.97749977 -0.075438583 -0.19698552 16.70031
120 -0.2041949 0.091168667 0.97467571 164.05478 -0.054822482 0.99302628 -0.10437046 -10.700617 -0.97739399 -0.074746063 -0.19777282 16.267898
121 -0.20587154 0.093011911 0.97414872 166.2131 -0.053853106 0.99288725 -0.10618211 -10.966886 -0.97709612 -0.074320813 -0.19939826 15.826484
122 -0.20873788 0.093453916 0.97349622 168.39383 -0.05374491 0.99282325 -0.1068333 -11.237777 -0.97649376 -0.07462063 -0.20221717 15.377611
123 -0.2121275 0.093519789 0.97275691 170.59216 -0.054245836 0.9927488 -0.10727109 -11.51215 -0.97573531 -0.075523164 -0.20551628 14.920199
124 -0.21561775 0.093684518 0.97197337 172.80783 -0.054695304 0.99266551 -0.10781228 -11.790528 -0.97494486 -0.076408625 -0.20891222 14.451664
125 -0.21897918 0.094561357 0.9711366 175.01536 -0.055063026 0.99250904 -0.10905846 -12.070077 -0.97417465 -0.077355257 -0.212132 13.977581
126 -0.22246856 0.09443538 0.97035547 177.21223 -0.056229454 0.99239811 -0.10947202 -12.350818 -0.97331704 -0.078916647 -0.21546735 13.495326
127 -0.22420586 0.095311116 0.96986986 179.39696 -0.056952569 0.99222358 -0.11067365 -12.632881 -0.97287626 -0.080050266 -0.21703415 13.007396
128 -0.22745294 0.09532728 0.96911191 181.58999 -0.057781912 0.99212212 -0.11115225 -12.9181 -0.97207329 -0.081279051 -0.22015292 12.511047
129 -0.23261096 0.096407537 0.96777981 183.82339 -0.057595534 0.99196289 -0.11265998 -13.213882 -0.970863 -0.081945746 -0.22518882 11.997145
130 -0.23606667 0.098937146 0.96668713 186.03337 -0.056345464 0.9917359 -0.11526046 -13.512112 -0.97010195 -0.081677593 -0.22854115 11.474958
131 -0.2398032 0.10142506 0.96550889 188.25027 -0.05485439 0.99152321 -0.11778199 -13.816107 -0.9692706 -0.081206904 -0.23220685 10.944362
132 -0.24352538 0.10332572 0.96437504 190.46005 -0.053729646 0.99134504 -0.11978324 -14.122582 -0.96840518 -0.080985795 -0.23586604 10.409691
133 -0.2475985 0.10367208 0.96330012 192.67871 -0.054281403 0.99121253 -0.1206281 -14.434468 -0.96734099 -0.082156623 -0.23979529 9.8635067
134 -0.25171267 0.10473589 0.96211806 194.92258 -0.054093318 0.99105027 -0.12203753 -14.752177 -0.96628915 -0.082762556 -0.24379442 9.3016914
135 -0.25627031 0.10632623 0.96073945 197.19167 -0.053405305 0.99085588 -0.12390473 -15.078945 -0.96512873 -0.083061694 -0.24824858 8.7221829
136 -0.26069211 0.10829047 0.95932936 199.4503 -0.052039537 0.99066819 -0.12596948 -15.409189 -0.96401846 -0.082762312 -0.25262402 8.1321155
137 -0.26608397 0.10979954 0.95767605 201.69631 -0.050848918 0.99050948 -0.127692 -15.742295 -0.9626078 -0.08267359 -0.25797552 7.5332799
138 -0.27056253 0.11079868 0.95630518 203.94009 -0.050063683 0.99039141 -0.12891222 -16.082892 -0.96139982 -0.082754981 -0.26241583 6.9242075
139 -0.274339 0.11185959 0.95510501 206.18906 -0.049263175 0.9902725 -0.1301284 -16.429123 -0.96037041 -0.082750804 -0.26615983 6.3031673
140 -0.27799834 0.1136901 0.95382992 208.4468 -0.047829066 0.99010129 -0.13195341 -16.779645 -0.95939011 -0.08230363 -0.26980884 5.6700934
141 -0.28160551 0.11526583 0.95258184 210.70245 -0.0466017 0.98994394 -0.13356333 -17.133758 -0.95839798 -0.082004109 -0.27340211 5.0279516
142 -0.28501919 0.11755978 0.95128533 212.9595 -0.045149441 0.98970214 -0.13583477 -17.490335 -0.95745792 -0.081665523 -0.27677637 4.3775082
143 -0.28972755 0.12042096 0.94950343 215.20724 -0.043417335 0.98937851 -0.13872631 -17.848634 -0.95612392 -0.081417747 -0.28142188 3.7208751
144 -0.29532465 0.12286315 0.947464 217.46824 -0.041651752 0.98909802 -0.14124493 -18.218979 -0.95448863 -0.081176651 -0.28698759 3.0446383
145 -0.30068739 0.12511832 0.94548005 219.71486 -0.039808924 0.98884674 -0.14351745 -18.595701 -0.95289161 -0.080792436 -0.29235294 2.3577901
146 -0.30668633 0.12774906 0.94319865 221.93841 -0.037323504 0.98857564 -0.14603097 -18.976896 -0.95107861 -0.079989188 -0.29841462 1.6633143
147 -0.30844658 0.13104104 0.94217248 224.15229 -0.03501116 0.98823086 -0.1489089 -19.362938 -0.95059718 -0.078916998 -0.30022855 0.95929928
148 -0.31230897 0.13340391 0.94056713 226.36699 -0.033409721 0.98793595 -0.15121586 -19.755405 -0.94939295 -0.078650161 -0.30408429 0.24819088
149 -0.31669308 0.13504194 0.93886591 228.58765 -0.032325853 0.98770189 -0.15297025 -20.156846 -0.94797711 -0.078794268 -0.30843304 -0.47654608
150 -0.31903377 0.13580201 0.93796338 230.82067 -0.03213761 0.98756139 -0.15391412 -20.558144 -0.94719834 -0.079247707 -0.31070111 -1.2164697
151 -0.32390518 0.13735912 0.93606513 233.04081 -0.031165565 0.98731821 -0.15566422 -20.962875 -0.94557613 -0.079593451 -0.31551663 -1.958785
152 -0.32870522 0.13908001 0.93413578 235.26462 -0.030130992 0.98704946 -0.15756068 -21.373959 -0.94395184 -0.079937459 -0.32025772 -2.7163205
153 -0.33390377 0.14102456 0.93199806 237.49194 -0.028718189 0.98676387 -0.15960017 -21.790577 -0.94216963 -0.080056401 -0.32543423 -3.4883476
154 -0.33858494 0.1424144 0.93009591 239.70385 -0.027344774 0.98657279 -0.1610164 -22.214878 -0.94053845 -0.079950998 -0.33014443 -4.2680798
155 -0.34253546 0.14396973 0.92840843 241.90848 -0.026027782 0.98635548 -0.1625586 -22.642668 -0.93914434 -0.079846502 -0.33411454 -5.0571184
156 -0.34593044 0.14618089 0.92680273 244.10435 -0.024209113 0.98606908 -0.16456482 -23.071591 -0.93794782 -0.079365058 -0.33757242 -5.8539738
157 -0.34945586 0.14779248 0.92522322 246.30383 -0.022625868 0.98586197 -0.1660245 -23.508631 -0.93667964 -0.07895222 -0.34117134 -6.6614741
158 -0.35305925 0.149924 0.92351069 248.49198 -0.020547708 0.98559686 -0.16785857 -23.946828 -0.93537534 -0.078240056 -0.34489353 -7.4746598
159 -0.35624696 0.15188492 0.92196481 250.67686 -0.019078945 0.98531223 -0.16969291 -24.387357 -0.93419707 -0.078042703 -0.34811671 -8.2965244
160 -0.35882101 0.15370607 0.92066387 252.87605 -0.017778441 0.98504393 -0.1713834 -24.837079 -0.9332371 -0.077863937 -0.35072183 -9.1325816
161 -0.36263491 0.1560988 0.918765 255.0618 -0.016045064 0.98468005 -0.17363077 -25.285802 -0.93179319 -0.077706227 -0.35457477 -9.9711451
162 -0.36710254 0.15833937 0.91660482 257.25556 -0.014102235 0.98434463 -0.1756891 -25.742653 -0.93007361 -0.077422097 -0.35912251 -10.825704
163 -0.37160661 0.16065384 0.91438444 259.42734 -0.012137394 0.98398889 -0.17781572 -26.200354 -0.92831098 -0.077175747 -0.36370688 -11.684096
164 -0.37574544 0.16287932 0.91229695 261.58507 -0.010780284 0.98359844 -0.18004936 -26.6582 -0.92666025 -0.077487552 -0.36782677 -12.547282
165 -0.37949063 0.16556636 0.91026077 263.76699 -0.0087869828 0.98316825 -0.18249074 -27.129069 -0.92515389 -0.077251978 -0.37164834 -13.431633
166 -0.38235016 0.16882893 0.90846309 265.96046 -0.0068458361 0.98262189 -0.18549186 -27.606318 -0.92399219 -0.077142035 -0.37454989 -14.33091
167 -0.38614473 0.17278232 0.90611177 268.16278 -0.003954575 0.9819816 -0.18893485 -28.094209 -0.92242977 -0.076539489 -0.37850377 -15.245502
168 -0.38980087 0.17479894 0.90415742 270.32862 -0.0024952559 0.98161605 -0.19084962 -28.586356 -0.92089583 -0.076649457 -0.38219865 -16.156323
169 -0.39392107 0.17655164 0.90202868 272.49082 -0.0010053589 0.98129535 -0.19250534 -29.083984 -0.91914376 -0.076738777 -0.38637545 -17.077559
170 -0.39546831 0.1784856 0.90097044 274.65858 0.00025574222 0.98095806 -0.19421919 -29.5878 -0.91847962 -0.076577123 -0.38798351 -18.008089
171 -0.39826975 0.18192905 0.89904563 276.84594 0.0027637158 0.9803672 -0.19716082 -30.099286 -0.91726421 -0.076038489 -0.39095344 -18.954997
172 -0.40251889 0.18548525 0.89642278 279.04699 0.0056766723 0.9797433 -0.20017671 -30.620658 -0.91539411 -0.075486215 -0.39541816 -19.918145
173 -0.40621542 0.18914046 0.89398823 281.24794 0.0082590635 0.97906354 -0.20338698 -31.147666 -0.91374006 -0.075235426 -0.39927286 -20.893907
174 -0.40994038 0.19260371 0.89154514 283.44268 0.010778659 0.97840566 -0.20641238 -31.681653 -0.91204867 -0.075007113 -0.40316403 -21.880467
175 -0.41483771 0.19557222 0.88862884 285.65325 0.012663155 0.97777371 -0.20927997 -32.230499 -0.90980734 -0.075564382 -0.408094 -22.89074
176 -0.42086943 0.19760654 0.88533644 287.85046 0.014685495 0.97734097 -0.21116074 -32.787956 -0.90700239 -0.0758695 -0.41423492 -23.913537
177 -0.42427438 0.19997147 0.88317761 290.05954 0.016248866 0.97683585 -0.21337194 -33.355626 -0.90538793 -0.076177616 -0.41769576 -24.956301
178 -0.42546518 0.20330019 0.88184377 292.2542 0.016577797 0.97602744 -0.21701496 -33.923204 -0.90482298 -0.077713287 -0.418636 -25.99759
179 -0.42752948 0.20775597 0.87980454 294.45337 0.01767953 0.97496894 -0.22163683 -34.498532 -0.90382855 -0.079201756 -0.42050103 -27.045973
180 -0.42917663 0.212554 0.87785434 296.66039 0.018808931 0.97380816 -0.22659165 -35.087978 -0.90302476 -0.080736344 -0.42193365 -28.106621
181 -0.43060209 0.21718382 0.87602115 298.8675 0.01984603 0.97265923 -0.23138723 -35.692781 -0.90232369 -0.082250288 -0.42313937 -29.174126
182 -0.43178832 0.22230293 0.87415118 301.09177 0.021564654 0.97141958 -0.23638708 -36.315039 -0.90171718 -0.083218419 -0.42424155 -30.25479
183 -0.43284736 0.22668381 0.8725008 303.32707 0.022699145 0.97030122 -0.24083223 -36.956807 -0.90118144 -0.08443858 -0.42513789 -31.347312
184 -0.43417272 0.2302442 0.87090854 305.54795 0.023984884 0.96939676 -0.24432463 -37.613712 -0.90051032 -0.085190454 -0.42640805 -32.44187
185 -0.43601853 0.23339917 0.86914481 307.82092 0.025492643 0.96859896 -0.24731773 -38.290982 -0.89957659 -0.085678322 -0.42827709 -33.559942
186 -0.44057681 0.23656097 0.86598557 310.10744 0.027647773 0.96777335 -0.25030028 -38.978775 -0.89728911 -0.086333933 -0.43291892 -34.693203
187 -0.44316269 0.23982 0.86376688 312.39577 0.029535245 0.966934 -0.25331047 -39.682518 -0.89595456 -0.086746188 -0.43559225 -35.844003
188 -0.44687054 0.24271149 0.86104465 314.69748 0.031136078 0.96612916 -0.25617353 -40.400023 -0.89405667 -0.087666856 -0.43929178 -37.012718
189 -0.45016209 0.24521362 0.85861773 316.97268 0.033032705 0.96547006 -0.25841108 -41.119049 -0.8923357 -0.087964413 -0.44271813 -38.185696
190 -0.45266611 0.24642059 0.85695409 319.22399 0.033911196 0.96511772 -0.25961067 -41.841522 -0.89103507 -0.088456622 -0.44523254 -39.359147
191 -0.45504409 0.24990118 0.85468375 321.49221 0.037041875 0.96429449 -0.26222874 -42.564588 -0.88969818 -0.087666554 -0.44805335 -40.546391
192 -0.46214904 0.2524821 0.85010063 323.74921 0.039665852 0.9635394 -0.26460975 -43.294514 -0.88591475 -0.088569184 -0.45531377 -41.742569
193 -0.46789657 0.25474194 0.84627382 325.98906 0.042177854 0.96290337 -0.26652957 -44.032175 -0.88277624 -0.089014264 -0.46128369 -42.958673
194 -0.4731725 0.25639168 0.84283517 328.24539 0.04411933 0.96240885 -0.26799732 -44.78941 -0.87986439 -0.089623644 -0.46669727 -44.203176
195 -0.47789903 0.25710197 0.8399471 330.47763 0.045645868 0.96218438 -0.26854713 -45.54925 -0.87722804 -0.089998305 -0.47156266 -45.457267
196 -0.47989796 0.25878559 0.83828873 332.70642 0.047187442 0.96173662 -0.26988126 -46.310766 -0.87605443 -0.089958774 -0.47374691 -46.719559
197 -0.48348938 0.25856564 0.83629053 334.93082 0.047513126 0.96172162 -0.26987759 -47.077419 -0.87405983 -0.090748178 -0.47726749 -47.991162
198 -0.48613846 0.25921195 0.83455293 337.14313 0.049348416 0.9616142 -0.26993102 -47.83767 -0.87248736 -0.090039991 -0.48026938 -49.263905
199 -0.48879319 0.25880952 0.83312597 339.36567 0.050019869 0.96172502 -0.2694121 -48.603471 -0.87096458 -0.090013955 -0.4830303 -50.554007
200 -0.48782372 0.25796069 0.83395703 341.58753 0.047393511 0.96175789 -0.26976935 -49.370593 -0.87165471 -0.092075744 -0.48139401 -51.845371
201 -0.49242914 0.25840608 0.83110762 343.83374 0.048155075 0.96153544 -0.27042664 -50.142423 -0.86901939 -0.093143915 -0.48593168 -53.152677
202 -0.4960375 0.25939317 0.82865072 346.07584 0.049672978 0.96124992 -0.27116613 -50.920401 -0.86687915 -0.093347026 -0.48970088 -54.477265
203 -0.4980228 0.25935868 0.82746988 348.29474 0.049104427 0.96112891 -0.27169811 -51.696641 -0.86577255 -0.094679425 -0.49139981 -55.795411
204 -0.50260063 0.26047556 0.82434527 350.5078 0.049619942 0.96065043 -0.27329197 -52.472527 -0.86309358 -0.096452757 -0.49574834 -57.117225
205 -0.50588552 0.26117772 0.82211074 352.72579 0.049919612 0.96032755 -0.27437003 -53.258378 -0.861155 -0.09776038 -0.49885373 -58.45479
206 -0.5096741 0.26276809 0.81925897 354.93716 0.051116526 0.95978584 -0.27604009 -54.046276 -0.85884776 -0.098812821 -0.50260982 -59.80182
207 -0.51304187 0.26472635 0.81652191 357.13158 0.053211214 0.95923318 -0.2775611 -54.835233 -0.85671271 -0.09895235 -0.50621323 -61.158746
208 -0.51561391 0.2664317 0.8143442 359.31634 0.054905886 0.95874582 -0.2789116 -55.628117 -0.85506006 -0.099098417 -0.50897139 -62.525234
209 -0.51764803 0.26592253 0.81321938 361.49332 0.05366565 0.95869361 -0.27933214 -56.426058 -0.853909 -0.10095379 -0.5105368 -63.897034
210 -0.52032566 0.26777171 0.81090046 363.66625 0.054789146 0.95807908 -0.28121612 -57.22286 -0.85220856 -0.10189543 -0.51318415 -65.268298
211 -0.52303517 0.26964811 0.80853209 365.83737 0.056206832 0.95748227 -0.28296357 -58.025153 -0.8504558 -0.10255488 -0.51595301 -66.648137
212 -0.52577503 0.2702723 0.80654419 368.00715 0.05631106 0.95715892 -0.28403476 -58.834705 -0.84875776 -0.10392104 -0.51846963 -68.039061
213 -0.52868743 0.27009976 0.80469606 370.1693 0.055637291 0.95700943 -0.28467056 -59.646394 -0.84699124 -0.10573064 -0.52098651 -69.436229
214 -0.53126608 0.27081625 0.80275459 372.32329 0.055832082 0.95666461 -0.28578924 -60.45972 -0.84536335 -0.10701068 -0.52336374 -70.842047
215 -0.53567756 0.26849205 0.80060077 374.47714 0.053658832 0.95701137 -0.28504358 -61.278004 -0.84271605 -0.10973216 -0.52705653 -72.253505
216 -0.5415286 0.26439225 0.79802478 376.62151 0.050435159 0.95776591 -0.28309121 -62.091098 -0.83916812 -0.11305349 -0.53199234 -73.665697
217 -0.54468597 0.26474913 0.79575444 378.74425 0.050479674 0.95749245 -0.28400687 -62.893536 -0.8371195 -0.11452514 -0.53489719 -75.088351
218 -0.54542143 0.26865718 0.79393879 380.86703 0.053078464 0.95640773 -0.28717034 -63.702811 -0.83647965 -0.11448782 -0.53590523 -76.528354
219 -0.54681265 0.27083733 0.79223929 382.98725 0.054862177 0.95579107 -0.28888313 -64.523737 -0.83545564 -0.11450098 -0.53749741 -77.97687
220 -0.54871431 0.2718048 0.79059142 385.10597 0.054749713 0.95532531 -0.29044087 -65.350242 -0.83421528 -0.11608441 -0.53908195 -79.428528
221 -0.55134386 0.2732109 0.78827393 387.21904 0.0551663 0.95472862 -0.29231801 -66.180022 -0.83245222 -0.11768159 -0.54145584 -80.880965
222 -0.55314996 0.27172357 0.78752235 389.3189 0.053310508 0.95492006 -0.29203689 -67.009819 -0.83137427 -0.11955699 -0.54269976 -82.331092
223 -0.55557805 0.27070219 0.78616371 391.41822 0.051697328 0.95493403 -0.29228115 -67.838037 -0.82985569 -0.12174244 -0.54453501 -83.785878
224 -0.5582089 0.27123011 0.78411547 393.50105 0.051864649 0.95461702 -0.29328533 -68.663216 -0.82807786 -0.12304662 -0.54694302 -85.241105
225 -0.55941147 0.27151965 0.78315766 395.58344 0.051932973 0.95445159 -0.29381117 -69.494163 -0.82726165 -0.12368964 -0.54803204 -86.705501
226 -0.5613355 0.27108644 0.78193007 397.67593 0.05204261 0.95452239 -0.29356169 -70.329423 -0.82595041 -0.12409292 -0.54991539 -88.181552
227 -0.56093799 0.26978008 0.78266679 399.76181 0.049552898 0.9546585 -0.29354988 -71.165128 -0.82637349 -0.12587988 -0.54887265 -89.656727
228 -0.56395487 0.26975986 0.78050276 401.85174 0.049198159 0.95443742 -0.29432742 -72.001774 -0.82433883 -0.12758809 -0.55153137 -91.140186
229 -0.56575954 0.26969644 0.77921756 403.90152 0.049161676 0.95434983 -0.29461741 -72.826315 -0.82310348 -0.12837498 -0.55319129 -92.605563
230 -0.56661789 0.26991914 0.77851644 405.96314 0.04872038 0.95414543 -0.29535185 -73.656251 -0.82253909 -0.12942203 -0.55378648 -94.082501
231 -0.56782686 0.27046225 0.77744637 407.97272 0.049012626 0.9539126 -0.29605471 -74.468815 -0.82168758 -0.13000313 -0.55491331 -95.528471
232 -0.56821968 0.27020621 0.77724837 410.03038 0.047498207 0.95374514 -0.29684005 -75.302255 -0.82150494 -0.13175247 -0.55477112 -97.010004
233 -0.57063927 0.27089822 0.77523223 412.1024 0.0479386 0.95340163 -0.29787094 -76.14806 -0.81980045 -0.13281332 -0.55703493 -98.509126
234 -0.57163665 0.27029561 0.7747076 414.15815 0.046741382 0.95337582 -0.29814372 -76.994049 -0.81917449 -0.13421898 -0.55761859 -100.00436
235 -0.57324403 0.26989466 0.77365896 416.21146 0.045774945 0.95326882 -0.29863539 -77.837897 -0.81810512 -0.13577677 -0.55881012 -101.49886
236 -0.57418347 0.26955962 0.7730789 418.24421 0.045311067 0.95326059 -0.29873238 -78.676879 -0.8174719 -0.13649818 -0.55956055 -102.98377
237 -0.5750826 0.26835508 0.7728296 420.29393 0.043363981 0.95334035 -0.29876684 -79.521531 -0.81694531 -0.13830265 -0.55988644 -104.47806
238 -0.57595294 0.26957288 0.77175689 422.33866 0.043183237 0.95277953 -0.30057653 -80.36498 -0.81634152 -0.13979099 -0.56039725 -105.97269
239 -0.57658537 0.27075095 0.77087175 424.38361 0.043303777 0.95229754 -0.30208286 -81.215763 -0.81588857 -0.14079491 -0.56080542 -107.4711
240 -0.578422 0.27143932 0.76925205 426.43378 0.043017253 0.95185161 -0.30352579 -82.072764 -0.81460271 -0.14247489 -0.56224853 -108.97795
241 -0.57984613 0.27160004 0.76812233 428.48288 0.042153687 0.95153675 -0.30463217 -82.934624 -0.8136348 -0.14426061 -0.56319389 -110.48936
242 -0.58084853 0.27111238 0.76753703 430.51637 0.040733803 0.95140598 -0.30523318 -83.795763 -0.81299189 -0.14602955 -0.56366625 -111.99692
243 -0.58200871 0.27091182 0.76672856 432.54091 0.039816055 0.95123665 -0.30588134 -84.654997 -0.81220724 -0.14749751 -0.5644147 -113.50025
244 -0.58355691 0.27093103 0.76554408 434.55861 0.039521951 0.95106248 -0.30646052 -85.514614 -0.81110998 -0.14858137 -0.56570686 -115.00398
245 -0.58321633 0.27108613 0.76574869 436.548 0.039048051 0.95093844 -0.30690586 -86.36601 -0.81137786 -0.14909153 -0.56518826 -116.48849
246 -0.58147875 0.2708034 0.76716883 438.56616 0.036958202 0.95079476 -0.30760901 -87.231735 -0.81272174 -0.15051493 -0.5628754 -117.99194
247 -0.5830526 0.2713315 0.76578647 440.58324 0.037088483 0.9504891 -0.30853653 -88.093998 -0.81158744 -0.15149118 -0.56424846 -119.48447
248 -0.58595064 0.26941986 0.76424788 442.59563 0.035229132 0.95068979 -0.30813586 -88.958252 -0.80958064 -0.15362863 -0.56654876 -120.97983
249 -0.58638456 0.2710967 0.76332153 444.59899 0.035645812 0.95005712 -0.31003343 -89.817528 -0.80924816 -0.15458962 -0.56676234 -122.47573
250 -0.58598804 0.27168279 0.76341765 446.60749 0.034615901 0.9496519 -0.31138863 -90.689303 -0.80958002 -0.15604364 -0.56588925 -123.98188
251 -0.58677523 0.2731594 0.76228525 448.61181 0.034377925 0.94893838 -0.31358251 -91.56155 -0.80901981 -0.15779668 -0.56620424 -125.4866
252 -0.5871459 0.27504307 0.7613219 450.60462 0.03497037 0.94824646 -0.31560357 -92.43736 -0.80872543 -0.15868164 -0.56637742 -126.98605
253 -0.58584641 0.27569151 0.76208806 452.59898 0.033758349 0.94784482 -0.31693918 -93.321093 -0.80971873 -0.15995086 -0.56459842 -128.48334
254 -0.58761482 0.27595344 0.76063036 454.59356 0.033431148 0.94752422 -0.31793094 -94.207098 -0.8084499 -0.1613922 -0.56600477 -129.97838
255 -0.58990587 0.2755812 0.75899018 456.592 0.032745265 0.94734963 -0.31852207 -95.094171 -0.80680783 -0.16304472 -0.56787114 -131.47546
256 -0.59122672 0.27646419 0.75764012 458.58905 0.032198627 0.9467533 -0.32034562 -95.985276 -0.80586244 -0.16500193 -0.56864766 -132.98128
257 -0.59158643 0.27797699 0.75680533 460.58001 0.032286285 0.94609803 -0.32226696 -96.879798 -0.8055949 -0.16621434 -0.56867365 -134.48804
258 -0.59177677 0.27878579 0.75635889 462.56663 0.031663502 0.94560682 -0.32376696 -97.781292 -0.80547982 -0.16764881 -0.56841553 -135.99699
259 -0.59274114 0.28045554 0.75498521 464.55154 0.031663661 0.94480207 -0.32610788 -98.686045 -0.80477041 -0.16939197 -0.56890335 -137.50864
260 -0.59324009 0.28155217 0.75418472 466.52874 0.031695496 0.94428815 -0.32758995 -99.595347 -0.80440142 -0.17043525 -0.56911357 -139.01691
261 -0.59382421 0.28172278 0.75366114 468.50455 0.030870396 0.94398424 -0.32854324 -100.50714 -0.80400242 -0.17183112 -0.56925763 -140.51874
262 -0.59447202 0.28286321 0.75272269 470.47773 0.030761916 0.94340143 -0.33022315 -101.42105 -0.80352771 -0.17315324 -0.56952722 -142.02223
263 -0.59471628 0.28376453 0.75219032 472.44573 0.030498076 0.94292478 -0.3316061 -102.33894 -0.80335701 -0.1742712 -0.56942703 -143.52727
264 -0.5955196 0.28384499 0.75152409 474.41512 0.029904605 0.9426828 -0.33234731 -103.26143 -0.80278402 -0.17544532 -0.5698744 -145.03245
265 -0.59642345 0.28434058 0.75061943 476.39485 0.029291041 0.94224032 -0.33365416 -104.19387 -0.80213538 -0.17701275 -0.5703029 -146.55098
266 -0.59788136 0.28481077 0.74928015 478.36279 0.029237604 0.94187503 -0.33468861 -105.12417 -0.80105125 -0.17819694 -0.57145676 -148.06613
267 -0.59875649 0.28376856 0.7489767 480.32127 0.027555153 0.9418772 -0.33482525 -106.05477 -0.80045702 -0.17984063 -0.57177441 -149.57886
268 -0.59925364 0.28383633 0.7485533 482.27647 0.026663416 0.94159549 -0.33568866 -106.98413 -0.80011512 -0.18120368 -0.57182261 -151.08879
269 -0.59992108 0.28473913 0.7476753 484.22483 0.026912898 0.94117823 -0.33683693 -107.91472 -0.79960644 -0.18195348 -0.57229586 -152.59694
270 -0.60112517 0.28538249 0.74646192 486.17606 0.027104082 0.94080725 -0.33785644 -108.85064 -0.79869516 -0.18286186 -0.57327799 -154.11083
271 -0.60248549 0.28548474 0.74532525 488.12633 0.027718981 0.94076062 -0.33793638 -109.78951 -0.79764839 -0.18294212 -0.57470802 -155.62753
272 -0.60335334 0.2846052 0.7449595 490.08021 0.02711268 0.94092958 -0.33751489 -110.73034 -0.79701299 -0.1834429 -0.57542946 -157.14843
273 -0.60426681 0.28401425 0.74444447 492.0427 0.025822356 0.94080343 -0.33796744 -111.6745 -0.79636354 -0.18499921 -0.57583025 -158.679
274 -0.6057104 0.28510351 0.74285323 493.99303 0.026646699 0.94034643 -0.33917316 -112.61627 -0.79523891 -0.18564614 -0.57717473 -160.20758
275 -0.60644308 0.28489503 0.74233526 495.94025 0.025710693 0.94014386 -0.33980636 -113.56333 -0.79471115 -0.18698728 -0.57746863 -161.74094
276 -0.60653668 0.28533388 0.7420902 497.87713 0.02534094 0.93984538 -0.34065875 -114.50727 -0.79465159 -0.18781678 -0.57728137 -163.26595
277 -0.60843814 0.28622041 0.7401898 499.80449 0.026686877 0.93954894 -0.34137294 -115.45276 -0.79315251 -0.18795098 -0.57929579 -164.78965
278 -0.60784918 0.28608652 0.74072526 501.71287 0.026081074 0.93953143 -0.34146793 -116.39338 -0.7936241 -0.18824211 -0.5785549 -166.30159
279 -0.6081599 0.28466331 0.74101846 503.65882 0.024133816 0.93968943 -0.34117623 -117.34801 -0.79344764 -0.18960611 -0.57835149 -167.83609
280 -0.61056413 0.28355178 0.73946593 505.60464 0.023273454 0.93972896 -0.34112712 -118.30084 -0.79162482 -0.19107007 -0.58036407 -169.37258
281 -0.61223846 0.28446541 0.73772863 507.51398 0.024578327 0.93943479 -0.34184508 -119.23914 -0.79029111 -0.19115859 -0.58214984 -170.89321
282 -0.61219364 0.28430486 0.73782771 509.43867 0.023479939 0.93924782 -0.34243556 -120.18765 -0.79035922 -0.19231274 -0.58167705 -172.42828
283 -0.61293779 0.28483161 0.73700627 511.36072 0.023636447 0.93895673 -0.34322217 -121.13755 -0.78977759 -0.19295364 -0.58225452 -173.96271
284 -0.61361329 0.28588663 0.73603505 513.27658 0.024265615 0.93854111 -0.34431329 -122.08814 -0.78923378 -0.19341488 -0.58283857 -175.49745
