4 0.99878109 0.001016801 0.049348798 0.054031375 -0.00099876285 0.99999943 -0.00039018118 -0.025564072 -0.049349166 0.00034041784 0.99878153 0.96684369
5 0.99905642 7.7839113e-05 0.043431107 0.044721449 -5.1682473e-05 0.99999982 -0.00060337841 -0.020052344 -0.043431146 0.00060056445 0.99905624 0.96561406
6 0.99889471 -0.00051797693 0.047000987 0.049429952 0.00052165334 0.99999986 -6.5953903e-05 -0.020537518 -0.047000946 9.0399226e-05 0.99889484 0.97247862
7 0.99885894 -0.0005895175 0.047754334 0.051226465 0.00061144566 0.99999971 -0.00044458024 -0.01985405 -0.047754058 0.00047327213 0.99885901 0.9733435
8 0.99887088 -0.0010211652 0.047496574 0.05335915 0.0010617667 0.99999909 -0.0008296083 -0.01882141 -0.047495684 0.00087910185 0.99887106 0.97057361
9 0.99887663 -0.00015149971 0.047386141 0.052325293 0.00015410288 0.99999999 -5.128216e-05 -0.014723851 -0.047386133 5.8526893e-05 0.99887664 0.97382807
10 0.99898569 0.00010483153 0.045028637 0.048453979 -0.00011435389 0.99999997 0.00020889769 -0.016891418 -0.045028614 -0.000213835 0.99898567 0.97198698
11 0.9989686 -0.00026590222 0.045405601 0.050100395 0.00028097999 0.99999991 -0.00032568643 -0.019075934 -0.04540551 0.00033810858 0.99896858 0.96346632
12 0.99898793 -0.00076622828 0.044972452 0.050676202 0.00080803925 0.99999926 -0.00091153016 -0.018032723 -0.04497172 0.00094694713 0.99898781 0.96282103
13 0.99897567 0.00040810717 0.045248774 0.046024118 -0.00040471661 0.99999991 -8.4092486e-05 -0.023634145 -0.045248805 6.5693416e-05 0.99897575 0.96230156
14 0.99902869 0.00074285949 0.04405822 0.044012548 -0.00075685484 0.99999967 0.00030097586 -0.023510975 -0.044057982 -0.0003340292 0.99902892 0.96203232
15 0.99900227 -0.00081061675 0.044652057 0.048108027 0.00082882005 0.99999958 -0.00038915795 -0.022536913 -0.044651723 0.00042577819 0.99900252 0.96604116
16 0.99904755 -0.00056513482 0.043631064 0.048155724 0.00060578333 0.99999939 -0.00091842523 -0.020457147 -0.043630518 0.00094398145 0.99904729 0.9643121
17 0.99891502 -0.00049642719 0.046567547 0.052501404 0.00051494607 0.99999979 -0.00038568242 -0.023100998 -0.046567346 0.00040924374 0.99891507 0.9663509
18 0.99895333 0.00037966961 0.045739388 0.048259479 -0.00041445792 0.99999963 0.00075109551 -0.025092169 -0.045739086 -0.00076926642 0.99895312 0.9736647
19 0.99903524 0.00046586581 0.043913335 0.045963068 -0.00047645007 0.99999986 0.00023056002 -0.026367833 -0.043913221 -0.0002512601 0.99903532 0.96144329
20 0.99891128 0.00060831291 0.046646364 0.05074887 -0.00059159061 0.99999976 -0.00037229528 -0.021823299 -0.046646579 0.00034429441 0.9989114 0.95702071
21 0.99903951 0.00082599546 0.04381059 0.047042038 -0.00077792751 0.99999908 -0.001114214 -0.021882894 -0.04381147 0.0010790623 0.99903923 0.93959197
22 0.99903233 0.0002769543 0.043980873 0.048154993 -0.00023765796 0.99999957 -0.00089871313 -0.019739637 -0.043981103 0.00088739107 0.99903197 0.95161385
23 0.99902784 -4.9397683e-07 0.044083678 0.05215163 5.2851356e-05 0.99999929 -0.0011865163 -0.013281348 -0.044083646 0.0011876927 0.99902714 0.95331525
24 0.99911571 0.0005367788 0.042041654 0.047374144 -0.00049540121 0.99999938 -0.00099461691 -0.019820401 -0.042042162 0.0009729099 0.99911536 0.94660084
25 0.99915961 -0.00010660906 0.040988467 0.047041584 0.00014168944 0.99999963 -0.00085295562 -0.017683963 -0.040988361 0.00085804644 0.99915926 0.9620898
26 0.99930473 -0.00010663617 0.037283417 0.043129562 0.00014028409 0.99999959 -0.0008998754 -0.015610625 -0.037283306 0.00090448001 0.99930433 0.95690473
27 0.99931686 -0.00065306961 0.036951037 0.041895659 0.00071851277 0.9999982 -0.001757826 -0.016321243 -0.036949823 0.001783175 0.99931553 0.95748428
28 0.99929502 0.0024010838 0.037465985 0.031589113 -0.0023782657 0.99999696 -0.00065359221 -0.014500264 -0.03746744 0.00056402738 0.99929769 0.97895961
29 0.99937792 0.0013590438 0.035241063 0.033114122 -0.0013552515 0.99999907 -0.00013149826 -0.015304656 -0.035241209 8.3655951e-05 0.99937883 0.96780672
30 0.99938115 0.00057741516 0.035170883 0.035918398 -0.00056694317 0.99999979 -0.00030771849 -0.017338106 -0.035171054 0.00028758817 0.99938127 0.96810637
31 0.99934624 0.0032239469 0.036009626 0.029748657 -0.0031985264 0.99999459 -0.00076352131 -0.019591024 -0.036011893 0.00064784441 0.99935115 0.98139984
32 0.99942354 0.0017244823 0.033906043 0.03181981 -0.0017069167 0.99999839 -0.00054700564 -0.02147132 -0.033906931 0.00048881552 0.99942488 0.97815758
33 0.99940179 0.00013098422 0.034583864 0.036696341 -0.00010823495 0.99999978 -0.00065967146 -0.019911031 -0.034583943 0.00065553366 0.99940158 0.99199483
34 0.99949989 -0.00043810336 0.031619326 0.035442248 0.00047249752 0.9999993 -0.0010802937 -0.019949018 -0.031618831 0.0010946935 0.9994994 0.98421767
35 0.99960259 0.0012409813 0.0281624 0.026827698 -0.0012300293 0.99999916 -0.00040620946 -0.019058629 -0.02816288 0.00037140746 0.99960328 1.0009168
36 0.99960931 -7.7350029e-06 0.027950606 0.033264455 1.7451494e-05 0.99999994 -0.00034738687 -0.012496998 -0.027950602 0.00034773893 0.99960925 1.0387159
37 0.99970793 0.00022547636 0.024166247 0.026639166 -0.00022480624 0.99999997 -3.0446611e-05 -0.01441964 -0.024166254 2.5004995e-05 0.99970795 1.0457471
38 0.99971565 1.9769472e-05 0.023845903 0.026815084 -2.242321e-05 0.99999999 0.00011101958 -0.018368527 -0.023845901 -0.00011152271 0.99971564 1.0491776
39 0.99977525 -1.2739867e-05 0.021200005 0.028339283 -4.2022825e-06 0.99999968 0.00079911307 -0.016712256 -0.021200009 -0.00079902256 0.99977494 1.081469
40 0.9998197 -0.0019820208 0.018884895 0.028204234 0.0019806029 0.99999803 9.378201e-05 -0.018352071 -0.018885044 -5.6361623e-05 0.99982166 1.0724917
41 0.99975327 0.0018326495 0.022136889 0.020029459 -0.0018200342 0.99999817 -0.00059000813 -0.017525433 -0.02213793 0.00054957266 0.99975477 1.1039601
42 0.99982512 0.00081302114 0.018683282 0.019631241 -0.00082819533 0.99999933 0.00080445738 -0.016413627 -0.018682615 -0.00081979011 0.99982513 1.1141103
43 0.99981959 0.00018571795 0.018993596 0.020049736 -0.00018492372 0.99999998 -4.3572021e-05 -0.01982436 -0.018993603 4.0051793e-05 0.9998196 1.1026868
44 0.99987473 0.0014101256 0.015765221 0.01639901 -0.0014121651 0.999999 0.00011823561 -0.01529569 -0.015765039 -0.00014048389 0.99987571 1.1552035
45 0.99995219 5.264439e-05 0.0097780751 0.012610682 -6.6090672e-05 0.99999905 0.0013748281 -0.015794103 -0.0097779935 -0.0013754086 0.99995125 1.1372327
46 0.99995249 0.00023337681 0.0097446458 0.011683136 -0.00023491536 0.99999996 0.00015674193 -0.016158675 -0.0097446088 -0.00015902365 0.99995251 1.1606075
47 0.99997624 0.00056995239 0.0068692716 0.0076095666 -0.00056950023 0.99999984 -6.7779043e-05 -0.012349357 -0.0068693091 6.3865381e-05 0.9999764 1.1867226
48 0.99997373 -0.00047458491 0.0072323321 0.0099566869 0.00047849111 0.99999974 -0.00053838145 -0.010158296 -0.0072320748 0.00054182792 0.9999737 1.1936525
49 0.99997126 0.00030742137 0.0075753286 0.011813734 -0.00031138494 0.99999982 0.00052204665 -0.0090331185 -0.0075751667 -0.00052439049 0.99997117 1.2161422
50 0.99998592 0.00091827766 0.0052270279 0.0073815441 -0.00092191984 0.99999933 0.00069442944 -0.0087834462 -0.0052263867 -0.00069923856 0.9999861 1.2512769
51 0.99999587 0.0010443339 0.0026765478 0.0052613504 -0.0010449969 0.99999942 0.0002463321 -0.010748839 -0.002676289 -0.00024912806 0.99999639 1.2641889
52 0.99999743 0.0013809803 0.0017999478 -0.00050136109 -0.0013779231 0.99999761 -0.0016986271 -0.016248006 -0.0018022893 0.0016961425 0.99999694 1.2960122
53 0.99999899 0.0012988451 -0.00057085537 -0.0038420282 -0.0012986011 0.99999907 0.00042769876 -0.013710386 0.00057141035 -0.00042695701 0.99999975 1.3301868
54 0.99999866 0.00082972908 0.0014091101 -0.0017569811 -0.00082922728 0.99999959 -0.00035665396 -0.013515099 -0.0014094055 0.00035548501 0.99999894 1.3516608
55 0.99999713 0.00094965469 0.0022007174 0.00017636637 -0.00094986734 0.99999954 9.5582999e-05 -0.016448499 -0.0022006257 -9.7673114e-05 0.99999757 1.3670451
56 0.99999837 0.0018033166 -9.4529757e-05 -0.0017333127 -0.0018033489 0.99999832 -0.00034224882 -0.013240277 9.3912414e-05 0.00034241873 0.99999994 1.4090588
57 0.99999937 -2.3527406e-05 0.0011240109 0.001612375 2.4126188e-05 0.99999986 -0.00053270871 -0.013228219 -0.0011239982 0.00053273549 0.99999923 1.4249503
58 0.9999988 0.00061613795 0.0014238054 0.00084055867 -0.00061582514 0.99999979 -0.00022012449 -0.014551774 -0.0014239407 0.00021924741 0.99999896 1.452311
59 0.99999953 0.00095246798 0.00020164829 -0.00058862669 -0.00095189757 0.9999956 -0.0028101608 -0.0091928807 -0.00020432399 0.0028099675 0.99999603 1.4883842
60 0.99999837 0.00045364194 0.0017448841 0.001121745 -0.0004514269 0.99999909 -0.0012696303 -0.0090223543 -0.0017454585 0.0012688406 0.99999767 1.4702959
61 0.99999934 0.0010737177 0.00040671106 -0.00046716708 -0.0010725579 0.99999539 -0.0028412065 -0.010704078 -0.00040975984 0.0028407684 0.99999588 1.4995311
62 0.99999967 0.00072643774 -0.00035866341 -0.0022974854 -0.00072686253 0.99999903 -0.0011856505 -0.013205803 0.00035780176 0.0011859108 0.99999923 1.5235245
63 0.99999955 0.00091660749 0.00023750918 -0.0023658165 -0.00091621587 0.99999823 -0.0016437403 -0.017318137 -0.00023901542 0.001643522 0.99999862 1.5745914
64 0.99999645 0.0024528029 0.0010391882 -0.0042488487 -0.002453005 0.99999697 0.00019318322 -0.022150573 -0.0010387112 -0.00019573167 0.99999944 1.5942023
65 0.99999831 0.0017371601 0.00059807669 -0.0047855491 -0.0017364958 0.99999788 -0.0011094355 -0.017268589 -0.00060000269 0.0011083951 0.99999921 1.6052113
66 0.99999723 0.0022355947 0.00073587512 -0.0036717604 -0.0022341397 0.99999556 -0.0019721189 -0.015750821 -0.00074028071 0.0019704694 0.99999778 1.625802
67 0.99999669 0.0019258101 0.0017072331 -0.0011087787 -0.001924314 0.99999776 -0.00087755117 -0.014588134 -0.0017089193 0.00087426301 0.99999816 1.631465
68 0.99999822 0.0010828464 0.0015456158 -0.00063586594 -0.0010790305 0.99999637 -0.0024675479 -0.015719649 -0.0015482822 0.0024658757 0.99999576 1.6305287
69 0.99999984 0.00018179772 0.00054203628 -0.0025350363 -0.00018004094 0.99999474 -0.0032393591 -0.01334924 -0.00054262233 0.003239261 0.99999461 1.6644916
70 0.99999564 0.00074063864 0.0028572729 0.00068400891 -0.00073296654 0.99999613 -0.0026852275 -0.017561073 -0.0028592506 0.0026831215 0.99999231 1.684275
71 0.99999168 0.00048347458 0.0040511686 0.0031291089 -0.00047426565 0.9999973 -0.0022738064 -0.024892645 -0.004052257 0.0022718661 0.99998921 1.6941614
72 0.99999063 -0.00042303504 0.0043079049 0.0055242014 0.00043361181 0.99999689 -0.0024545635 -0.025668165 -0.0043068531 0.0024564085 0.99998771 1.7157384
73 0.99999324 -0.00013543885 0.0036745801 0.0029030013 0.00014080452 0.99999892 -0.0014599926 -0.029054877 -0.0036743785 0.0014605001 0.99999218 1.7186661
74 0.99999502 -0.00038890962 0.0031307883 0.0042159185 0.00039597544 0.99999738 -0.0022565794 -0.028319705 -0.0031299025 0.0022578079 0.99999255 1.7414331
75 0.99999595 -0.0016524458 0.0023154643 0.005144129 0.0016603687 0.99999276 -0.0034240373 -0.024833012 -0.0023097895 0.003427868 0.99999146 1.7458229
76 0.99999894 -0.00048734021 0.0013713945 0.0050360541 0.00049109764 0.99999612 -0.0027408603 -0.018568167 -0.0013700535 0.0027415309 0.9999953 1.7779352
77 0.99999671 0.0012960096 0.0022119724 0.0034586299 -0.0012919298 0.99999746 -0.0018448381 -0.019865134 -0.0022143577 0.0018419743 0.99999585 1.7551574
78 0.99999834 0.00077447144 -0.0016479356 0.0029463057 -0.00077624376 0.99999912 -0.0010751118 -0.018734003 0.0016471015 0.0010763892 0.99999806 1.7733628
79 0.99999929 -0.00052389498 0.0010726973 0.0032043188 0.0005259753 0.99999798 -0.0019399748 -0.019787202 -0.0010716788 0.0019405377 0.99999754 1.8050504
80 0.99999238 -0.00017823305 0.0038986963 0.0076350765 0.00018179498 0.99999957 -0.0009132855 -0.026684789 -0.0038985319 0.00091398731 0.99999198 1.8349738
81 0.9999909 -0.0022294433 0.0036362211 0.0064631672 0.0022369849 0.99999535 -0.0020712623 -0.026996762 -0.0036315865 0.0020793777 0.99999124 1.8697235
82 0.99999902 0.00082945836 0.0011244313 -0.00024277398 -0.00082859602 0.99999936 -0.00076716064 -0.028470076 -0.0011250669 0.00076622819 0.99999907 1.844615
83 0.9999986 -0.00078085967 0.0014792653 0.0022195195 0.00078342461 0.99999819 -0.0017341404 -0.02987736 -0.0014779085 0.0017352968 0.9999974 1.8740823
84 0.99999717 0.00087325765 0.0022118816 0.00091011852 -0.00087181281 0.99999941 -0.00065409955 -0.031572571 -0.0022124515 0.00065216935 0.99999734 1.9016475
85 0.99999633 0.00023461202 0.0026980455 0.0024698655 -0.00023253642 0.99999968 -0.00076958849 -0.032019707 -0.0026982252 0.00076895827 0.99999606 1.8984723
86 0.99999233 0.00055622157 0.0038763438 0.0025310224 -0.00054827527 0.99999775 -0.0020507106 -0.027585788 -0.0038774757 0.0020485695 0.99999038 1.9354359
87 0.99998935 -0.00078305242 0.0045480915 0.0072410866 0.000791254 0.99999806 -0.0018017822 -0.027463902 -0.0045466718 0.0018053617 0.99998803 1.9258468
88 0.99999747 -0.001136817 0.0019433616 0.0058651743 0.0011413011 0.99999669 -0.0023078324 -0.025222964 -0.0019407315 0.0023100445 0.99999545 1.9138413
89 0.99999698 -3.799965e-05 0.002457892 0.0052176459 4.2279929e-05 0.99999848 -0.0017414147 -0.027121176 -0.0024578221 0.0017415133 0.99999546 1.9237484
90 0.99999822 0.0017224575 0.00077048887 -0.001471946 -0.00172163 0.99999794 -0.0010734575 -0.033506431 -0.00077233627 0.0010721291 0.99999913 1.9285849
91 0.99999182 0.0022239624 0.0033781999 0.0013287544 -0.0022237482 0.99999753 -6.716964e-05 -0.032194826 -0.0033783409 5.9656824e-05 0.99999429 1.9456056
92 0.99998852 0.001585093 0.0045218855 0.0028070271 -0.0015831131 0.99999865 -0.00044138444 -0.032344297 -0.0045225791 0.00043422072 0.99998968 1.9813945
93 0.99998666 0.00025325637 0.0051581214 0.0064218666 -0.00024706838 0.99999925 -0.0012002601 -0.029396833 -0.0051584215 0.0011989697 0.99998598 1.9721649
94 0.99999108 0.0016423347 0.0038903298 0.002923421 -0.0016412256 0.99999861 -0.00028826854 -0.032911722 -0.0038907978 0.00028188106 0.99999239 1.9940319
95 0.99999009 0.001682348 0.0041206777 0.0026377824 -0.0016847504 0.99999841 0.00057959739 -0.03264987 -0.0041196961 -0.00058653396 0.99999134 1.9883467
96 0.99998648 0.00088675792 0.005123954 0.0031406942 -0.00088398825 0.99999946 -0.00054277242 -0.032137091 -0.0051244325 0.00053823557 0.99998673 1.9916926
97 0.99997774 0.0002841827 0.0066668992 0.0074165019 -0.00027790853 0.99999952 -0.00094199989 -0.031436896 -0.0066671637 0.00094012613 0.99997733 1.9891784
98 0.99998332 0.00057162359 0.0057472664 0.0075807736 -0.00056312024 0.99999874 -0.0014810568 -0.030852115 -0.0057481057 0.0014777957 0.99998239 2.0159628
99 0.99998937 0.0014923086 0.0043615744 0.0043327005 -0.0014861474 0.99999789 -0.0014154973 -0.031178684 -0.0043636776 0.0014090004 0.99998949 2.0396741
100 0.99999004 0.00081358439 0.0043878156 0.0049891278 -0.00080351411 0.99999704 -0.0022963288 -0.030230084 -0.0043896709 0.0022927803 0.99998774 2.0334875
101 0.99998943 0.00049741228 0.0045699093 0.0059486125 -0.00048734084 0.99999745 -0.0022047087 -0.02876599 -0.0045709943 0.0022024583 0.99998713 2.0405163
102 0.99999064 0.00032240403 0.0043140709 0.0061711241 -0.00031133265 0.99999666 -0.0025667684 -0.02882918 -0.004314884 0.0025654012 0.9999874 2.0545039
103 0.99998739 0.0020657173 0.0045780252 0.0019114721 -0.0020610225 0.99999735 -0.0010299869 -0.029895593 -0.0045801407 0.0010205385 0.99998899 2.0543336
104 0.99998734 0.00081697313 0.0049654088 0.0039189466 -0.00080604704 0.99999725 -0.0022020457 -0.028882786 -0.0049671942 0.0021980155 0.99998525 2.0615822
105 0.99999218 0.0010768219 0.0038051643 0.0035212431 -0.0010708671 0.9999982 -0.0015665999 -0.031319518 -0.0038068444 0.0015625128 0.99999153 2.0845821
106 0.99999492 0.00091720287 0.0030534117 0.0048411245 -0.00091230639 0.9999983 -0.0016046188 -0.031166659 -0.0030548783 0.001601825 0.99999405 2.1017808
107 0.99999519 0.0013546736 0.0027892762 0.0038877097 -0.0013506302 0.99999804 -0.0014509964 -0.033294103 -0.0027912363 0.0014472221 0.99999506 2.1092638
108 0.99999422 0.0017872118 0.0028914843 0.0026916798 -0.0017834546 0.99999756 -0.0013014468 -0.033524991 -0.0028938032 0.0012962824 0.99999497 2.1266891
109 0.99998416 0.0038370828 0.0041176344 0.001305174 -0.0038387033 0.99999256 0.00038573111 -0.03239988 -0.0041161237 -0.00040153138 0.99999145 2.1307859
110 0.99998219 0.0011169825 0.0058631877 0.0035858428 -0.0011125279 0.99999909 -0.00076296789 -0.038183487 -0.0058640346 0.00075643134 0.99998252 2.1194906
111 0.9999797 0.0039772687 0.0049780587 -0.00099024178 -0.0039758824 0.99999205 -0.00028834349 -0.034001172 -0.004979166 0.00026854546 0.99998757 2.1514009
112 0.99999288 0.0021041614 0.0031309647 0.0019930072 -0.0020984947 0.99999616 -0.0018120568 -0.031486729 -0.0031347655 0.0018054736 0.99999346 2.1485649
113 0.9999866 0.0030237614 0.0042017604 0.0024836311 -0.0030203135 0.9999951 -0.0008266989 -0.030694776 -0.0042042396 0.00081399719 0.99999083 2.1624749
114 0.9999804 0.0016197816 0.0060471177 0.0019270885 -0.0016117771 0.99999782 -0.0013283303 -0.031838367 -0.0060492561 0.0013185577 0.99998083 2.1493485
115 0.99997994 0.0013793901 0.006181414 0.0044607119 -0.0013686071 0.99999754 -0.0017483043 -0.033756982 -0.0061838103 0.0017398093 0.99997937 2.1578856
116 0.99998453 0.002023508 0.0051810975 0.002821422 -0.0020193258 0.99999763 -0.00081231743 -0.033580675 -0.005182729 0.00080184254 0.99998625 2.2012195
117 0.99998662 0.0041598538 0.0030746569 -0.0027166029 -0.0041619296 0.99999112 0.00066903008 -0.027251849 -0.0030718465 -0.00068181764 0.99999505 2.1797569
118 0.99999725 0.0011813189 0.0020248224 -0.0010043557 -0.0011803735 0.99999919 -0.00046805968 -0.028512795 -0.0020253737 0.00046566834 0.99999784 2.177637
119 0.9999994 0.00026343114 0.001059006 -3.7072238e-05 -0.0002626417 0.99999969 -0.00074552451 -0.031174856 -0.0010592021 0.00074524593 0.99999916 2.1970826
120 0.99999905 -0.0010231135 0.00092623145 0.003413481 0.0010245586 0.99999826 -0.0015611192 -0.032462784 -0.00092463263 0.0015620667 0.99999835 2.1906381
121 0.99999808 -0.00078439571 0.0017956243 0.0053149965 0.00078749427 0.9999982 -0.0017255627 -0.034647039 -0.0017942676 0.0017269734 0.9999969 2.2187515
122 0.9999957 0.0002054006 0.002923742 0.0042302999 -0.00020394615 0.99999986 -0.00049775434 -0.032769843 -0.0029238438 0.00049715591 0.9999956 2.2426218
123 0.99999384 0.00087156983 0.0033994071 0.0025313928 -0.00087069931 0.99999959 -0.00025755091 -0.03282867 -0.0033996302 0.00025458946 0.99999419 2.2618757
124 0.9999935 0.00083355021 0.0035091074 0.0022639872 -0.00083231279 0.99999959 -0.00035407532 -0.033766029 -0.0035094011 0.00035115234 0.99999378 2.2814535
125 0.99999399 0.00074240973 0.0033876937 0.0015100748 -0.00073879073 0.99999916 -0.0010694059 -0.034462843 -0.0033884848 0.0010668966 0.99999369 2.2748496
126 0.99999286 0.0015547613 0.003443033 0.0041921068 -0.0015539912 0.99999877 -0.0002263299 -0.033594236 -0.0034433807 0.00022097784 0.99999405 2.2663746
127 0.99999813 0.00091836053 0.0017005928 0.004736275 -0.00091646563 0.99999896 -0.0011147002 -0.035096791 -0.0017016147 0.0011131396 0.99999793 2.2559776
128 0.99999406 0.0011976094 0.0032313781 0.0074392782 -0.0011966544 0.99999924 -0.00029746189 -0.034248261 -0.0032317319 0.00029359328 0.99999473 2.2662455
129 0.99998595 0.00041157031 0.0052853658 0.0086490217 -0.00040516175 0.99999918 -0.0012135226 -0.03877905 -0.0052858609 0.0012113641 0.9999853 2.3104265
130 0.99999296 -0.00083568142 0.0036586006 0.010082377 0.00084450267 0.99999674 -0.0024102191 -0.03998249 -0.0036565745 0.0024132918 0.9999904 2.2899659
131 0.99999156 -0.001031945 0.0039763258 0.0085242403 0.001041167 0.99999677 -0.0023178541 -0.038811578 -0.003973921 0.0023219746 0.99998941 2.2993509
132 0.99999207 -0.00066032543 0.0039284238 0.0051412004 0.00066740907 0.99999815 -0.0018021388 -0.036331697 -0.0039272266 0.0018047464 0.99999066 2.2938102
133 0.99999099 0.0010566067 0.0041122653 0.0053838321 -0.001054023 0.99999925 -0.00063039685 -0.035707623 -0.0041129283 0.00062605675 0.99999135 2.3058091
134 0.99999097 0.00033155404 0.0042377098 0.005134673 -0.00032650947 0.99999924 -0.0011910362 -0.036134322 -0.0042381014 0.0011896417 0.99999031 2.3345621
135 0.9999887 -0.00010074015 0.0047520205 0.0064905381 0.00010846922 0.99999867 -0.0016262493 -0.038227033 -0.0047518504 0.0016267464 0.99998739 2.3642892
136 0.99998867 -0.0007822947 0.0046944903 0.008307259 0.00079090413 0.99999801 -0.0018323667 -0.038060641 -0.0046930475 0.0018360588 0.9999873 2.35736
137 0.99998376 -0.00047067313 0.0056795956 0.0091057493 0.00047887362 0.99999884 -0.0014425779 -0.037214967 -0.0056789101 0.0014452743 0.99998283 2.347906
138 0.99998893 -0.00018150484 0.0047010899 0.0065834965 0.00018617058 0.99999949 -0.00099206137 -0.040644742 -0.0047009074 0.0009929256 0.99998846 2.3494296
139 0.99999202 -0.00028510268 0.0039850821 0.0059138393 0.00028920004 0.99999943 -0.0010276375 -0.042326976 -0.0039847869 0.0010287818 0.99999153 2.3583082
140 0.9999918 -0.00092319934 0.0039441189 0.0058677854 0.00092970498 0.99999821 -0.0016479368 -0.042175161 -0.0039425905 0.0016515902 0.99999086 2.370488
141 0.99999225 -0.00071788134 0.003871307 0.0059331469 0.00072346123 0.9999987 -0.0014401381 -0.041310939 -0.0038702682 0.0014429277 0.99999147 2.3714925
142 0.99999268 -0.0009592214 0.0037048416 0.004404143 0.00096708509 0.99999728 -0.0021213347 -0.039492709 -0.0037027967 0.0021249021 0.99999089 2.3754793
143 0.99998653 -0.0010381126 0.005086309 0.0042261849 0.001051814 0.99999582 -0.0026918611 -0.036740747 -0.0050834933 0.0026971747 0.99998344 2.368653
144 0.99998144 -0.00092591074 0.0060217366 0.0075708214 0.00093968092 0.99999695 -0.0022843187 -0.039082005 -0.0060196032 0.0022899348 0.99997926 2.3885142
145 0.99998265 -0.0010222707 0.0058017349 0.0077998807 0.0010342141 0.99999735 -0.002055955 -0.040832589 -0.0057996178 0.0020619195 0.99998106 2.3789109
146 0.99997727 -0.001545646 0.0065621682 0.0083420518 0.0015606452 0.99999618 -0.0022811987 -0.042628767 -0.0065586172 0.002291388 0.99997587 2.3600612
147 0.99999566 -0.0020164725 0.0021473218 0.0050124945 0.0020225482 0.99999395 -0.0028310456 -0.042496234 -0.0021416001 0.0028353763 0.99999369 2.3545997
148 0.99999053 -0.00097214801 0.0042411889 0.0066029264 0.0009814253 0.99999713 -0.0021858938 -0.04151308 -0.0042390517 0.0021900355 0.99998862 2.3585623
149 0.9999888 -0.00036694002 0.0047185853 0.0079400038 0.00037457907 0.99999862 -0.0016181465 -0.043352768 -0.0047179851 0.0016198959 0.99998756 2.3697655
150 0.99999694 0.00019368379 0.0024664159 0.0072225839 -0.00019152513 0.9999996 -0.0008754255 -0.036510286 -0.0024665844 0.00087495044 0.99999658 2.3861048
151 0.99998635 -0.00016146756 0.0052231063 0.0078272204 0.00016985014 0.9999987 -0.0016044996 -0.039370641 -0.0052228404 0.0016053649 0.99998507 2.3753422
152 0.99998663 -0.00022374375 0.0051670873 0.0088128671 0.0002328409 0.99999842 -0.0017600604 -0.040114201 -0.0051666853 0.00176124 0.9999851 2.3846448
153 0.9999839 -0.00051830277 0.0056505093 0.0091790332 0.00052902706 0.99999806 -0.001896604 -0.039733569 -0.0056495153 0.0018995628 0.99998224 2.3935058
154 0.99998677 -0.00055789221 0.0051136118 0.0082615237 0.00056448879 0.99999901 -0.0012886512 -0.044329302 -0.0051128878 0.0012915208 0.9999861 2.3829616
155 0.99999036 -0.00061895331 0.0043475706 0.0073630183 0.0006252382 0.99999876 -0.0014443982 -0.044989517 -0.0043466712 0.0014471026 0.99998951 2.3798991
156 0.99999187 -0.0012020913 0.0038496774 0.0073639069 0.0012095429 0.9999974 -0.0019339177 -0.04330669 -0.0038473427 0.0019385583 0.99999072 2.3746272
157 0.99999173 -0.0009397036 0.0039573325 0.0071069262 0.00094518948 0.99999859 -0.0013846131 -0.045342953 -0.0039560258 0.0013883421 0.99999121 2.382994
158 0.9999905 -0.0014059447 0.0041264505 0.006947136 0.0014132475 0.99999744 -0.0017673645 -0.044406669 -0.0041239551 0.0017731794 0.99998992 2.3747144
159 0.99999315 -0.00087107074 0.0035983675 0.0064111428 0.00087750709 0.99999802 -0.0017874958 -0.042314918 -0.0035968034 0.0017906411 0.99999193 2.3751633
160 0.99999538 -0.00081066047 0.0029293983 0.0061653277 0.0008155255 0.99999829 -0.0016599468 -0.043844215 -0.0029280477 0.0016623281 0.99999433 2.394942
161 0.99999018 -0.00099927515 0.0043170201 0.0062653772 0.0010088038 0.99999706 -0.0022056226 -0.040755157 -0.0043148034 0.002209956 0.99998825 2.3833411
162 0.99998665 -0.0010718778 0.0050539293 0.0080652874 0.0010820509 0.99999739 -0.0020106085 -0.041003213 -0.005051761 0.0020160502 0.99998521 2.3978851
163 0.99998637 -0.0010737542 0.0051089057 0.0075568133 0.0010844435 0.99999723 -0.0020899718 -0.040199029 -0.0051066474 0.0020954837 0.99998477 2.3793459
164 0.99998915 -0.00053281118 0.0046273695 0.0050352842 0.00054306664 0.9999974 -0.002215286 -0.037251123 -0.0046261771 0.002217775 0.99998684 2.3683518
165 0.99998987 -0.0012233031 0.0043327003 0.0047244565 0.0012338693 0.99999627 -0.0024368657 -0.039230866 -0.0043297031 0.002442187 0.99998764 2.4006216
166 0.99999335 -0.0013350269 0.0033929548 0.0037613075 0.0013452891 0.99999452 -0.0030240866 -0.036580669 -0.003388899 0.003028631 0.99998967 2.4179402
167 0.9999874 -0.0020639432 0.0045759512 0.006358481 0.0020798545 0.9999918 -0.0034751196 -0.037042819 -0.0045687412 0.0034845932 0.99998349 2.4337868
168 0.99999108 -0.00067582648 0.0041705049 0.0057854976 0.00068390168 0.99999789 -0.0019351417 -0.039346906 -0.0041691883 0.0019379766 0.99998943 2.4002292
169 0.99998887 -0.00060014847 0.0046803132 0.0067779169 0.00060800425 0.99999841 -0.001677231 -0.039916684 -0.0046792992 0.001680058 0.99998764 2.4020341
170 0.99999779 -0.00091007021 0.0018966193 0.0018727842 0.00091338049 0.99999806 -0.0017452258 -0.04026397 -0.0018950273 0.0017469543 0.99999668 2.4118983
171 0.99999219 -0.0018566541 0.0034882649 0.0045517148 0.001867128 0.99999375 -0.0030017395 -0.0388221 -0.0034826699 0.0030082291 0.99998941 2.4374752
172 0.99998498 -0.0019246304 0.0051316033 0.0054075413 0.0019405258 0.99999333 -0.0030943668 -0.037464519 -0.0051256136 0.0031042783 0.99998205 2.4581863
173 0.99998847 -0.0017047193 0.0044902945 0.0042916527 0.0017195715 0.99999306 -0.0033058341 -0.034432193 -0.0044846278 0.0033135174 0.99998445 2.4643099
174 0.99998846 -0.0016208798 0.0045229498 0.005510204 0.0016350517 0.99999376 -0.003131396 -0.033469179 -0.0045178459 0.0031387551 0.99998487 2.4645863
175 0.99998372 -0.00071546488 0.0056609703 0.0093037108 0.00073244256 0.99999524 -0.0029975713 -0.035453305 -0.0056587987 0.0030016688 0.99997948 2.4914116
176 0.99997583 -0.00057179718 0.0069290512 0.012004264 0.00058579866 0.99999779 -0.0020188325 -0.038067185 -0.0069278815 0.0020228428 0.99997396 2.4865646
177 0.99999168 -0.0007232797 0.0040151065 0.0077160197 0.00073261926 0.99999703 -0.0023251223 -0.039162987 -0.0040134129 0.0023280445 0.99998924 2.5076024
178 0.99999908 -3.5049829e-05 0.0013579961 0.0024121817 4.0147182e-05 0.99999295 -0.0037537385 -0.036240328 -0.001357855 0.0037537895 0.99999203 2.4943168
179 0.99999677 -0.000566524 0.0024785259 0.0033914299 0.00057836843 0.99998841 -0.0047807176 -0.032969383 -0.0024757888 0.0047821356 0.9999855 2.5030734
180 0.99999768 -0.00068481836 0.0020410086 0.004655094 0.00069526587 0.99998664 -0.0051224906 -0.032164814 -0.0020374733 0.0051238978 0.9999848 2.5183952
181 0.9999982 -0.00064149361 0.0017853576 0.005370027 0.00065034619 0.99998748 -0.0049622819 -0.033646779 -0.001782152 0.0049634341 0.99998609 2.5249772
182 0.99999764 -0.0013553306 0.0017005096 0.0049821852 0.0013641207 0.99998566 -0.0051786281 -0.033283205 -0.0016934665 0.0051809356 0.99998514 2.5497646
183 0.99999865 -0.00081549326 0.0014250015 0.0061325066 0.00082205525 0.99998903 -0.0046103997 -0.035596077 -0.0014212261 0.004611565 0.99998836 2.5691831
184 0.99999807 -0.00088406106 0.0017545768 0.01018097 0.00089044737 0.99999297 -0.0036423613 -0.041535339 -0.0017513444 0.0036439167 0.99999183 2.5612633
185 0.99999672 -0.00094960394 0.0023770633 0.0037274486 0.00095708582 0.99999459 -0.0031483734 -0.037955051 -0.0023740607 0.0031506381 0.99999222 2.6217816
186 0.99998467 -0.00080987902 0.0054771325 0.0049562077 0.00082757042 0.99999445 -0.003228553 -0.035427294 -0.0054744874 0.0032330362 0.99997979 2.6427713
187 0.99999398 -0.0010891474 0.0032930332 0.0049607066 0.0010997093 0.99999425 -0.0032072333 -0.040382438 -0.0032895211 0.0032108354 0.99998943 2.6560055
188 0.99999004 -0.00048029323 0.0044364376 0.005892219 0.00049405015 0.99999507 -0.0031003197 -0.040402683 -0.0044349266 0.0031024806 0.99998535 2.6789749
189 0.9999913 -0.00087261865 0.0040782032 0.009598329 0.00088261671 0.99999661 -0.0024504272 -0.039621986 -0.0040760511 0.0024540054 0.99998868 2.658529
190 0.99999563 -0.00011575629 0.0029529778 0.0097925284 0.00011972828 0.99999909 -0.0013449385 -0.042252778 -0.0029528194 0.0013452862 0.99999474 2.6392187
191 0.99999138 -0.0023074372 0.0034523693 0.0066120377 0.002317235 0.99999329 -0.0028366804 -0.033888822 -0.0034458007 0.0028446559 0.99999002 2.6600711
192 0.99996416 -0.00039933657 0.0084569026 0.0101633 0.00042307029 0.99999598 -0.002804829 -0.034971824 -0.0084557485 0.0028083064 0.99996031 2.6563822
193 0.9999754 -0.00067530671 0.0069812479 0.012961383 0.00069128979 0.99999715 -0.0022872708 -0.037535109 -0.0069796834 0.0022920406 0.99997301 2.6529962
194 0.99997996 -0.00025481992 0.0063260021 0.010951511 0.00026625836 0.99999833 -0.0018073848 -0.043584134 -0.006325531 0.0018090329 0.99997836 2.685366
195 0.99998419 -1.6344978e-05 0.0056231813 0.013671483 2.1032618e-05 0.99999965 -0.0008335695 -0.046553012 -0.0056231657 0.00083367459 0.99998384 2.6703257
196 0.99999613 -0.00085971596 0.0026477236 0.0074212186 0.00086372525 0.99999848 -0.0015134707 -0.046088543 -0.0026464184 0.0015157517 0.99999535 2.6718194
197 0.99999151 0.00079640574 0.0040433191 0.010330885 -0.00079561623 0.99999966 -0.00019686563 -0.047282537 -0.0040434745 0.00019364703 0.99999181 2.6740146
198 0.99999357 -0.00093658257 0.0034614087 0.0067040599 0.00093737823 0.99999953 -0.00022825016 -0.043624222 -0.0034611933 0.00023149334 0.99999398 2.6627459
199 0.99999509 0.00017838862 0.0031281753 0.0073404943 -0.00017957102 0.99999991 0.0003777068 -0.044134059 -0.0031281076 -0.00037826668 0.99999504 2.6811423
200 0.99999584 0.0022122912 -0.0018492345 0.00033512902 -0.0022128049 0.99999751 -0.00027577922 -0.046482845 0.0018486198 0.00027987007 0.99999825 2.681523
201 0.99998563 0.00070326269 0.0053141353 0.0071834727 -0.0006982271 0.99999931 -0.00094937888 -0.042508424 -0.0053147993 0.00094565476 0.99998543 2.7107894
202 0.99999005 -0.00032331586 0.0044497508 0.0095523191 0.00032774575 0.99999945 -0.00099484346 -0.045303374 -0.0044494267 0.00099629194 0.9999896 2.7174738
203 0.99999726 0.0011661265 0.0020320793 0.0034560796 -0.0011647893 0.9999991 -0.00065907983 -0.04754661 -0.002032846 0.00065671108 0.99999772 2.694683
204 0.9999858 0.00095557766 0.0052426968 0.0041414022 -0.00094546742 0.99999769 -0.0019305813 -0.046604738 -0.0052445295 0.0019255971 0.99998439 2.6915789
205 0.99999268 0.00075967406 0.0037498261 0.0006837653 -0.00075473586 0.99999885 -0.0013181531 -0.048182132 -0.0037508231 0.0013153133 0.9999921 2.7062566
206 0.99998945 7.4723553e-05 0.0045938748 0.0019702643 -6.5621644e-05 0.99999803 -0.0019814331 -0.047394632 -0.0045940138 0.0019811107 0.99998749 2.7061356
207 0.99998986 -0.00090649107 0.0044120446 0.0066232426 0.00091454157 0.99999792 -0.0018229909 -0.046523853 -0.0044103829 0.0018270074 0.99998861 2.6975898
208 0.99999389 -0.00077570983 0.0034083474 0.007623417 0.00078116337 0.99999842 -0.0015990143 -0.046979949 -0.0034071016 0.001601667 0.99999291 2.6957125
209 0.9999965 0.0018461265 0.0018954003 0.0066806405 -0.0018450913 0.99999815 -0.00054775216 -0.049063825 -0.001896408 0.00054425306 0.99999805 2.6935705
210 0.99999434 -0.00018613657 0.0033598771 0.003362422 0.00019337962 0.99999766 -0.0021555515 -0.047624054 -0.003359468 0.002156189 0.99999203 2.6897186
211 0.99999379 -0.00044703873 0.0034962281 0.0022630695 0.00045412481 0.99999784 -0.0020262483 -0.046696075 -0.0034953147 0.0020278235 0.99999184 2.6942929
212 0.9999948 0.00081720607 0.0031197991 0.0025450152 -0.00081314241 0.99999882 -0.0013035876 -0.047408388 -0.0031208608 0.001301044 0.99999428 2.7010645
213 0.99999397 0.0016182152 0.003072123 0.0033447614 -0.0016156217 0.99999834 -0.00084649787 -0.047350913 -0.0030734877 0.00084152938 0.99999492 2.6988069
214 0.99999533 0.00068619563 0.0029776801 0.0066761702 -0.00068219712 0.99999886 -0.0013436337 -0.047930102 -0.0029785988 0.0013415961 0.99999466 2.6972505
215 0.9999844 0.0035547641 0.0043076335 0.003240898 -0.0035570591 0.99999354 0.00052522666 -0.04848483 -0.0043057386 -0.00054054098 0.99999058 2.7015747
216 0.99997139 0.0050355995 0.0056441527 -0.0022404878 -0.0050453714 0.9999858 0.0017184209 -0.047433302 -0.0056354193 -0.0017468486 0.9999826 2.6928512
217 0.99999292 0.001027906 0.0036209321 0.0038511001 -0.0010237522 0.99999882 -0.0011488391 -0.046475088 -0.0036221087 0.0011451241 0.99999278 2.6780034
218 0.99999615 -0.0022146588 0.0016731135 0.0083511759 0.0022203281 0.99999177 -0.0033942479 -0.047952902 -0.0016655826 0.0033979497 0.99999284 2.6893081
219 0.99999692 -0.0012108157 0.0021678575 0.011666526 0.0012149622 0.99999743 -0.0019124216 -0.049690048 -0.0021655363 0.0019150495 0.99999582 2.6953397
220 0.99999742 0.00076830714 0.0021394292 0.008911485 -0.0007645557 0.99999817 -0.0017537466 -0.04992286 -0.0021407727 0.0017521064 0.99999617 2.6975544
221 0.9999949 0.00052817343 0.0031492005 0.0067435357 -0.00052141151 0.99999756 -0.0021476198 -0.049762572 -0.0031503271 0.0021459669 0.99999274 2.6945593
222 0.99999607 0.0023917697 0.0014653876 0.0036379155 -0.0023920791 0.99999712 0.00020944132 -0.047872461 -0.0014648824 -0.00021294582 0.9999989 2.6830108
223 0.9999946 0.0023826473 0.0022642968 0.0040825097 -0.002381786 0.99999709 -0.00038300506 -0.046517871 -0.0022652027 0.00037760992 0.99999736 2.6846412
224 0.99999494 0.00077259515 0.0030843389 0.0077920142 -0.00076883463 0.99999896 -0.0012202288 -0.047001179 -0.0030852784 0.0012178513 0.9999945 2.6710543
225 0.99999894 0.0003622655 0.001409182 0.0071267923 -0.00036138115 0.99999974 -0.00062776285 -0.048239488 -0.001409409 0.00062725294 0.99999881 2.6774824
226 0.99999728 0.00057964232 0.0022577108 0.0071388452 -0.0005799548 0.99999982 0.00013775419 -0.046490719 -0.0022576306 -0.00013906319 0.99999744 2.6930819
227 0.99999673 0.0022163268 -0.0012741908 0.0040499808 -0.0022162246 0.99999754 8.1585383e-05 -0.04918661 0.0012743685 -7.8761223e-05 0.99999918 2.6875654
228 0.99999332 0.0014120083 0.0033724553 0.012114067 -0.0014086721 0.99999852 -0.0009914154 -0.048153347 -0.0033738502 0.00098665809 0.99999382 2.6955427
229 0.99999761 0.00068011762 0.0020788626 0.011416315 -0.0006792632 0.99999968 -0.00041168562 -0.047058873 -0.0020791419 0.00041027254 0.99999775 2.6507486
230 0.99999937 0.00072579268 0.00085046119 0.0084924764 -0.00072510077 0.99999941 -0.0008135919 -0.046436853 -0.00085105118 0.00081297472 0.99999931 2.6679898
231 0.99999886 0.00015889942 0.0014989361 0.011111982 -0.00015767997 0.99999966 -0.00081362595 -0.045739025 -0.0014990649 0.00081338867 0.99999855 2.6052457
232 0.99999876 0.0015745772 -4.2894495e-05 0.0081167256 -0.0015746119 0.99999842 -0.00082118771 -0.045907245 4.1601404e-05 0.00082125423 0.99999966 2.6685817
233 0.99999552 0.00046196867 0.0029563801 0.013998953 -0.00045833482 0.99999914 -0.0012297164 -0.049296329 -0.0029569456 0.0012283559 0.99999487 2.6932135
234 0.99999859 0.0014950028 0.00076478396 0.01214564 -0.0014947548 0.99999883 -0.00032467527 -0.051080482 -0.00076526845 0.00032353164 0.99999965 2.6785813
235 0.99999767 0.0015002948 0.00155253 0.011068069 -0.0014993769 0.9999987 -0.00059226346 -0.048913005 -0.0015534165 0.00058993425 0.99999862 2.6756635
236 0.99999925 0.00078186277 0.00094200431 0.011143821 -0.00078172452 0.99999968 -0.00014711965 -0.049534648 -0.00094211903 0.00014638315 0.99999955 2.6529781
237 0.99999756 0.0021703521 0.00040798636 0.0063535971 -0.0021703296 0.99999764 -5.5567801e-05 -0.048682128 -0.000408106 5.46822e-05 0.99999992 2.6730709
238 0.99999942 0.00049123462 0.00095572859 0.0085677648 -0.00048937744 0.99999799 -0.0019424685 -0.048669796 -0.00095668088 0.0019419997 0.99999766 2.6690444
239 0.99999969 0.00012021453 0.00077795252 0.0086764337 -0.00011895665 0.99999869 -0.0016167504 -0.049881194 -0.00077814586 0.0016166574 0.99999839 2.6736337
240 0.99999745 0.00095446258 0.0020488329 0.010214942 -0.00095116585 0.99999825 -0.0016094489 -0.048877002 -0.0020503655 0.001607496 0.99999661 2.6843558
241 0.99999814 0.0013481404 0.0013759547 0.0088819996 -0.0013464551 0.99999834 -0.0012250733 -0.048818768 -0.001377604 0.0012232184 0.9999983 2.6876602
242 0.99999828 0.0017165336 0.00069837242 0.011188193 -0.0017160708 0.99999831 -0.00066271206 -0.049628907 -0.0006995088 0.00066151247 0.99999954 2.6733444
243 0.9999986 0.0013030344 0.0010516852 0.011245305 -0.0013022707 0.99999889 -0.00072655371 -0.049072516 -0.0010526308 0.00072518311 0.99999918 2.663552
244 0.99999816 0.00086220016 0.0017158137 0.012795443 -0.00086103236 0.9999994 -0.00068123218 -0.049283118 -0.0017164 0.00067975355 0.9999983 2.6586985
245 0.99999979 0.00031838473 -0.00055764371 0.0095262589 -0.000318633 0.99999985 -0.00044517179 -0.05017233 0.00055750189 0.00044534939 0.99999975 2.6236825
246 0.9999954 0.001314201 -0.0027323103 0.0090376464 -0.0013159229 0.99999894 -0.00062849574 -0.05200398 0.0027314815 0.00063208836 0.99999607 2.6608351
247 0.99999811 0.00047504108 0.0018854585 0.0082531667 -0.00047306275 0.99999934 -0.0010495608 -0.048956055 -0.0018859558 0.0010486668 0.99999767 2.6527842
248 0.99999206 0.0028567558 0.0027788313 0.0082387807 -0.0028576332 0.99999587 0.00031183523 -0.048904289 -0.002777929 -0.00031977363 0.99999609 2.6514735
249 0.99999976 -0.00022683392 0.00064885288 0.0069043037 0.00022814468 0.99999793 -0.0020207658 -0.047348569 -0.00064839316 0.0020209134 0.99999775 2.6433328
250 0.99999934 0.00081854284 -0.00081121579 0.010023407 -0.00081967512 0.99999869 -0.0013964315 -0.050901118 0.00081007168 0.0013970955 0.9999987 2.6570478
251 0.9999995 0.00052925219 0.00084263372 0.013485749 -0.00052727754 0.99999712 -0.0023419194 -0.048990976 -0.00084387075 0.0023414739 0.9999969 2.6532428
252 0.99999971 -0.00041312213 0.00063590125 0.013652016 0.00041449078 0.99999759 -0.0021536807 -0.05012835 -0.00063500999 0.0021539437 0.99999748 2.6427185
253 0.99999793 0.00063167 -0.0019352765 0.0090024665 -0.00063426013 0.9999989 -0.0013380588 -0.051868288 0.0019344292 0.0013392835 0.99999723 2.6452937
254 0.99999758 0.0010028116 0.0019592502 0.012137574 -0.0010006245 0.99999888 -0.0011169635 -0.050773696 -0.0019603681 0.0011150003 0.99999746 2.6449519
255 0.99999579 0.0015488722 0.0024528977 0.0063502632 -0.0015471312 0.99999855 -0.00071150391 -0.04742978 -0.0024539962 0.00070770596 0.99999674 2.6494568
256 0.99999853 0.0010386871 0.0013632014 0.0076529148 -0.0010359965 0.99999752 -0.0019729852 -0.04832175 -0.0013652474 0.00197157 0.99999712 2.6546929
257 0.9999999 6.1528949e-05 0.00045262644 0.0083288855 -6.0602962e-05 0.99999791 -0.0020455376 -0.047845484 -0.00045275135 0.00204551 0.99999781 2.651799
258 0.99999978 0.00066126679 7.7484059e-06 0.011241761 -0.00066125367 0.99999852 -0.0015861485 -0.049858172 -8.7972618e-06 0.001586143 0.99999874 2.6521058
259 0.99999928 0.00039047879 0.0011317176 0.014328317 -0.0003876318 0.99999676 -0.002514766 -0.048751506 -0.0011326959 0.0025143255 0.9999962 2.6534747
260 0.99999981 0.00017331029 0.00059673016 0.013055413 -0.0001723618 0.99999872 -0.001589158 -0.049102697 -0.00059700481 0.0015890549 0.99999856 2.6473542
261 0.99999941 0.0010119988 0.00039627411 0.007042267 -0.0010115929 0.99999897 -0.0010230412 -0.048735617 -0.00039730902 0.0010226397 0.9999994 2.6435307
262 0.99999967 0.00036778103 0.00072216269 0.0088713275 -0.00036647784 0.99999831 -0.0018038668 -0.048480096 -0.0007228249 0.0018036016 0.99999811 2.6432379
