4 0.99999166 -0.0019865231 0.0035713417 0.0059321212 0.0019921386 0.99999673 -0.0015692908 -0.11194337 -0.0035682125 0.0015763934 0.99999243 6.7824877
5 0.99998872 -0.0003015296 0.0047435761 0.0094384915 0.00031384925 0.99999652 -0.002596405 -0.142665 -0.0047427767 0.0025978657 0.99998542 8.3146507
6 0.99999069 0.0008504628 0.0042342806 0.011792732 -0.00083942573 0.99999619 -0.0026074623 -0.17479916 -0.004236482 0.0026038848 0.99998767 9.8484626
7 0.99999761 0.0016127728 0.0014851555 0.0098743547 -0.0016073686 0.99999205 -0.0036321197 -0.20871247 -0.0014910012 0.0036297251 0.99999234 11.382519
8 0.99999441 0.002648012 -0.0020490483 0.0021294061 -0.0026571236 0.99998648 -0.0044573876 -0.24176512 0.0020372179 0.0044628086 0.999988 12.897834
9 0.99997636 0.0048553297 -0.0048719099 -0.0085893276 -0.0048808421 0.99997431 -0.0052387448 -0.27497383 0.0048463496 0.0052624014 0.99997445 14.417656
10 0.99994389 0.0075323439 -0.0074509403 -0.025239328 -0.0075719034 0.99995725 -0.005295638 -0.31196255 0.0074107342 0.00535176 0.99995826 15.943101
11 0.9999033 0.0099318524 -0.0097349434 -0.045409912 -0.0099886693 0.9999332 -0.005805408 -0.35194631 0.0096766358 0.0059020872 0.9999358 17.45732
12 0.99985126 0.011614425 -0.012750902 -0.068389157 -0.011696751 0.99991104 -0.0064011628 -0.38863145 0.012675423 0.0065493563 0.99989825 18.937971
13 0.9997855 0.014366724 -0.014919042 -0.096021073 -0.014461625 0.99987569 -0.0062729433 -0.42250498 0.014827067 0.0064873529 0.99986907 20.430972
14 0.99974318 0.015922908 -0.01612675 -0.12277722 -0.016023488 0.99985278 -0.0061270318 -0.45803119 0.016026818 0.0063838665 0.99985122 21.92377
15 0.99968195 0.01718455 -0.018458354 -0.15221966 -0.017312499 0.99982698 -0.0067945983 -0.49223017 0.0183384 0.0071119991 0.99980658 23.383365
16 0.99961291 0.018830621 -0.020480695 -0.1837544 -0.018999886 0.9997866 -0.0081018001 -0.5235942 0.020323765 0.0084877966 0.99975746 24.833118
17 0.9994387 0.021113107 -0.026010584 -0.22456587 -0.021381883 0.99972031 -0.010098975 -0.56018963 0.025790091 0.010649463 0.99961069 26.281445
18 0.99929144 0.022405684 -0.030242908 -0.27116203 -0.022744387 0.99968181 -0.010902312 -0.59988586 0.029989014 0.011582445 0.99948316 27.728857
19 0.99908149 0.023124623 -0.03607566 -0.32624311 -0.023606719 0.9996368 -0.012995254 -0.6418443 0.03576205 0.013834948 0.9992646 29.153435
20 0.99886517 0.02315606 -0.041619593 -0.38934346 -0.023788731 0.99960782 -0.014770858 -0.68618297 0.04126124 0.015744175 0.99902438 30.605278
21 0.99877097 0.02354524 -0.043614279 -0.45722195 -0.024287725 0.99956757 -0.016572951 -0.73906674 0.043205209 0.017611876 0.99891101 32.017633
22 0.99888443 0.023736199 -0.040822911 -0.5216738 -0.024425191 0.99956605 -0.016462451 -0.79042659 0.040414444 0.017441196 0.99903081 33.44517
23 0.99893054 0.024930772 -0.038939221 -0.58217924 -0.025580948 0.99953997 -0.016289166 -0.83748393 0.03851521 0.01726785 0.99910884 34.857796
24 0.99892198 0.026708978 -0.037967665 -0.64155487 -0.027330281 0.9994993 -0.015940252 -0.88028139 0.03752291 0.016960737 0.99915186 36.258224
25 0.99887791 0.02820423 -0.038045591 -0.70007903 -0.028871426 0.99943675 -0.017102814 -0.92328446 0.037541794 0.018182056 0.99912967 37.67672
26 0.99890857 0.028772715 -0.036794439 -0.75488575 -0.029431832 0.99941354 -0.01749909 -0.97128549 0.036269367 0.018562921 0.99916967 39.051864
27 0.99893461 0.028867117 -0.036004981 -0.80751738 -0.029523808 0.99940476 -0.017842534 -1.0207146 0.03546849 0.018886531 0.99919235 40.387252
28 0.9989249 0.029978446 -0.035360595 -0.85370407 -0.030617769 0.99937474 -0.01767929 -1.0735092 0.034808491 0.018742948 0.99921827 41.718383
29 0.99893725 0.030645763 -0.034427269 -0.90362446 -0.031253546 0.99936245 -0.017256874 -1.1294512 0.033876473 0.018314511 0.99925824 43.059689
30 0.9989909 0.030439985 -0.033024609 -0.9512989 -0.031036191 0.99936158 -0.017693509 -1.1845439 0.032464938 0.018700615 0.99929795 44.397758
31 0.99895884 0.031562592 -0.032940509 -0.99571667 -0.032173101 0.99931706 -0.018171177 -1.2384383 0.032344486 0.019212058 0.99929215 45.673219
32 0.99904593 0.031043501 -0.030717575 -1.0371795 -0.03162266 0.99932764 -0.018551686 -1.2935804 0.030121015 0.019505361 0.99935596 46.926577
33 0.99912971 0.029653595 -0.029334706 -1.0724934 -0.030207226 0.99937028 -0.018613323 -1.3446727 0.028764284 0.019483247 0.99939637 48.138503
34 0.9993107 0.028369851 -0.023943685 -1.1069087 -0.028833566 0.99939881 -0.019249168 -1.402322 0.023383197 0.019926284 0.99952801 49.362008
35 0.99940296 0.028668409 -0.019283835 -1.1357447 -0.029030236 0.99940255 -0.018752635 -1.4619852 0.018734708 0.019301256 0.99963821 50.591371
36 0.99945492 0.029342142 -0.015130194 -1.1623479 -0.02962407 0.99938501 -0.018758948 -1.5174818 0.014570463 0.019196944 0.99970959 51.793127
37 0.99944356 0.030494094 -0.013517019 -1.187028 -0.030743121 0.9993539 -0.018615256 -1.5656706 0.012940632 0.019020456 0.99973538 52.9813
38 0.99939435 0.032528892 -0.012362247 -1.2121296 -0.032751285 0.99929712 -0.018234707 -1.6059102 0.011760404 0.018628545 0.99975734 54.167531
39 0.99937455 0.03387473 -0.010150665 -1.2326538 -0.034052815 0.99925935 -0.017917726 -1.6463596 0.0095361901 0.01825218 0.99978798 55.344153
40 0.99937985 0.034690905 -0.0060404283 -1.2477021 -0.034795876 0.99922792 -0.018240068 -1.68937 0.0054030009 0.018438941 0.99981543 56.513674
41 0.999369 0.035509253 0.00085593894 -1.2538924 -0.035486583 0.99918925 -0.019011202 -1.7338135 -0.0015303184 0.018968834 0.99981894 57.642698
42 0.99925952 0.036361804 0.012580289 -1.2454667 -0.036108893 0.99915207 -0.019778247 -1.7797759 -0.013288795 0.019309344 0.99972528 58.74697
43 0.998919 0.037790116 0.027069643 -1.2241547 -0.037255588 0.99910583 -0.019985846 -1.8240227 -0.027800708 0.018955749 0.99943378 59.834815
44 0.99826026 0.039176047 0.044064864 -1.1823467 -0.038299378 0.99905458 -0.02056653 -1.8661757 -0.044828923 0.018843095 0.99881699 60.934641
45 0.99735403 0.039438307 0.06107028 -1.1182873 -0.038161226 0.99903067 -0.021939067 -1.9091105 -0.061876327 0.019550503 0.99789237 62.031297
46 0.99598941 0.040541293 0.079759139 -1.0360794 -0.038821838 0.99898153 -0.022992495 -1.9510787 -0.080610058 0.019803888 0.996549 63.119851
47 0.99427969 0.040743361 0.09873148 -0.93162086 -0.038555343 0.99896888 -0.023969605 -1.9924933 -0.099606286 0.020025868 0.99482543 64.180507
48 0.9920026 0.039217798 0.11997014 -0.8032158 -0.036401132 0.99900974 -0.025580902 -2.035375 -0.12085457 0.021009276 0.99244791 65.217049
49 0.9890984 0.038231841 0.14220659 -0.65179822 -0.034740312 0.99903273 -0.026955657 -2.0803497 -0.14309961 0.021721499 0.98946994 66.250768
50 0.9856541 0.037720055 0.16450906 -0.48001263 -0.033605847 0.99905056 -0.027721879 -2.1255464 -0.16539855 0.02179572 0.98598597 67.270419
51 0.98057742 0.036470811 0.1927118 -0.27929132 -0.031368052 0.99907345 -0.029464795 -2.1704468 -0.19360786 0.022847522 0.98081296 68.272581
52 0.97490281 0.035493731 0.21978339 -0.054667394 -0.029501937 0.99909966 -0.030485711 -2.2189389 -0.22066758 0.023236572 0.97507228 69.263014
53 0.96856489 0.034601052 0.24634295 0.19799085 -0.027749451 0.99912684 -0.031231639 -2.2680323 -0.24720852 0.023413991 0.96867942 70.247155
54 0.96078574 0.033279756 0.27528758 0.48101817 -0.025304403 0.99915218 -0.032473059 -2.3170948 -0.2761349 0.024233667 0.96081337 71.212598
55 0.95216305 0.032573202 0.30384953 0.78427065 -0.023108704 0.99913073 -0.034693593 -2.365911 -0.30471551 0.026012392 0.95208817 72.137317
56 0.9421179 0.032218911 0.33373019 1.1118271 -0.021070855 0.9990941 -0.036971463 -2.4191793 -0.33461907 0.027799499 0.94194339 73.03482
57 0.93069642 0.031599766 0.36442511 1.463739 -0.018474962 0.99905083 -0.039446212 -2.4717924 -0.36532573 0.029979712 0.93039691 73.903718
58 0.91833611 0.031531647 0.39454349 1.8375928 -0.016237972 0.99898379 -0.042042735 -2.5225151 -0.39546826 0.032202779 0.91791498 74.747692
59 0.90424178 0.031971237 0.42582235 2.241595 -0.014829427 0.99894281 -0.043511219 -2.5736934 -0.42676332 0.033029964 0.90376002 75.58443
60 0.88835957 0.033633517 0.45791495 2.6735095 -0.014850242 0.99889633 -0.044558583 -2.63007 -0.45890826 0.032783899 0.88787865 76.415316
61 0.87037476 0.035631865 0.49109894 3.1294134 -0.015092348 0.99884008 -0.045723037 -2.6915301 -0.49215854 0.032384345 0.86990304 77.215535
62 0.851313 0.037135616 0.52334229 3.6150917 -0.01407843 0.99874956 -0.04796866 -2.7529947 -0.52446927 0.03346851 0.85077137 77.994671
63 0.83074683 0.039251447 0.55526485 4.1278602 -0.013661162 0.99864794 -0.050155181 -2.8159992 -0.55648281 0.034080699 0.8301599 78.757466
64 0.80979732 0.040916806 0.58528125 4.6677374 -0.012909642 0.99856631 -0.051947587 -2.8806756 -0.58656772 0.034511249 0.80916461 79.496618
65 0.7882655 0.042283127 0.61388082 5.2323799 -0.011900889 0.99849723 -0.05349332 -2.9460001 -0.61522022 0.034861215 0.78758419 80.212565
66 0.7664528 0.043437478 0.64083018 5.8096205 -0.011054234 0.99845486 -0.05445719 -3.0139326 -0.64220554 0.034654983 0.76574875 80.891271
67 0.74226552 0.044140538 0.66865054 6.409805 -0.0091138005 0.99840078 -0.055791605 -3.0800477 -0.67004394 0.035318241 0.74148082 81.538765
68 0.71667855 0.04542214 0.69592292 7.0404462 -0.0081859659 0.99835585 -0.056731502 -3.1446477 -0.69735565 0.034961453 0.71587211 82.172171
69 0.68958622 0.046821238 0.72268848 7.6953594 -0.0081360192 0.9983457 -0.056917047 -3.2124356 -0.72415793 0.033369408 0.68882644 82.785042
70 0.66216671 0.047867285 0.74782618 8.3708967 -0.0077180545 0.99834038 -0.057068346 -3.2783428 -0.74931685 0.032016999 0.66143726 83.370474
71 0.63537699 0.049575136 0.77060912 9.060307 -0.0072696387 0.9982768 -0.058227635 -3.3518607 -0.77216792 0.031394453 0.63464255 83.931793
72 0.61068669 0.051526069 0.79019419 9.7729777 -0.0068712307 0.99818796 -0.059778384 -3.4229488 -0.79184254 0.03107626 0.6099342 84.476882
73 0.58409254 0.053773265 0.80990393 10.504667 -0.0073277524 0.99811175 -0.060984568 -3.4971128 -0.81165404 0.029685859 0.58338371 85.003821
74 0.55609022 0.056042859 0.82923031 11.254367 -0.0078783634 0.99803454 -0.062168046 -3.5743792 -0.83108463 0.028038068 0.55543882 85.507406
75 0.52791225 0.058036824 0.84731365 12.028168 -0.008101146 0.99796109 -0.063308077 -3.6554124 -0.84926032 0.026556901 0.52730609 85.989822
76 0.49794648 0.059990684 0.86513031 12.830532 -0.0086196502 0.99789746 -0.064235902 -3.7431085 -0.86716496 0.024528924 0.49741667 86.455098
77 0.46601611 0.061945892 0.88260507 13.649463 -0.0087458964 0.9978198 -0.06541443 -3.8332974 -0.88473304 0.022765009 0.46554191 86.88897
78 0.43333829 0.064591669 0.89891372 14.486536 -0.0095759029 0.997702 -0.06707388 -3.9235429 -0.9011805 0.020457773 0.43296104 87.297967
79 0.39986715 0.066926619 0.91412643 15.319272 -0.0099385239 0.9975885 -0.068689772 -4.0158402 -0.91651926 0.018381718 0.39956806 87.666925
80 0.36526551 0.068922452 0.92834844 16.166056 -0.010744409 0.99750105 -0.069829012 -4.1062907 -0.93084141 0.015531576 0.36509329 88.009918
81 0.32997016 0.070591974 0.94134823 17.038535 -0.011532195 0.997427 -0.070754964 -4.1936668 -0.94392096 0.012491217 0.32993525 88.327392
82 0.29301536 0.071135817 0.95345777 17.933679 -0.012506295 0.99742816 -0.070572952 -4.2889722 -0.95602597 0.0087547371 0.29315145 88.613356
83 0.2544143 0.071963348 0.96441416 18.864293 -0.010735804 0.99737625 -0.07159081 -4.3907414 -0.96703577 0.0078599659 0.25451938 88.860407
84 0.21846439 0.072490479 0.97314874 19.799754 -0.0068080259 0.99732596 -0.072763105 -4.4890617 -0.97582121 0.009270927 0.21837374 89.064556
85 0.18407769 0.073148059 0.9801861 20.719927 -0.0041264776 0.99727567 -0.073648448 -4.5895334 -0.98290307 0.0095123221 0.18387806 89.231703
86 0.15387697 0.075433989 0.98520638 21.653568 -0.0027123083 0.99711003 -0.075921782 -4.6806402 -0.98808633 0.0090104321 0.15363688 89.375996
87 0.1238974 0.076488703 0.98934268 22.597002 -0.0013353517 0.9970366 -0.076916311 -4.7733127 -0.99229417 0.0082086123 0.12363239 89.492512
88 0.099647393 0.076525794 0.99207572 23.554357 -0.0038530984 0.99706029 -0.07652327 -4.8646629 -0.99501539 0.0038027804 0.099649329 89.592048
89 0.074390629 0.076123108 0.99431953 24.518893 -0.0021259334 0.99709204 -0.076176311 -4.9581027 -0.99722695 0.0035529478 0.074336143 89.667216
90 0.053435839 0.075492106 0.9957136 25.484015 0.00033752623 0.99713674 -0.075618116 -5.0680668 -0.99857127 0.0043767983 0.053257362 89.721284
91 0.03935854 0.074392371 0.99645206 26.456626 0.00247245 0.99721438 -0.074546942 -5.1761178 -0.99922213 0.0053977381 0.039064974 89.76155
92 0.027372592 0.075408063 0.996777 27.429974 0.0049218494 0.99712831 -0.075569799 -5.2746418 -0.99961322 0.0069745291 0.026922842 89.784583
93 0.021237034 0.07600313 0.99688141 28.39549 0.0063573584 0.99707579 -0.076153383 -5.3721167 -0.99975429 0.007954806 0.020691755 89.800893
94 0.02581938 0.075742453 0.99679309 29.382477 0.0067247492 0.99708972 -0.075939179 -5.4708697 -0.99964404 0.0086638877 0.025234891 89.826943
95 0.029699008 0.076681558 0.99661323 30.35893 0.0071235388 0.99701142 -0.076924475 -5.566055 -0.99953354 0.0093839953 0.029064008 89.855335
96 0.03337057 0.078522879 0.99635365 31.341913 0.008304172 0.99685261 -0.078840331 -5.6605765 -0.99940859 0.010904841 0.032613475 89.887161
97 0.035859072 0.07977293 0.99616788 32.33536 0.0092844737 0.99673928 -0.0801529 -5.7542484 -0.99931377 0.012123105 0.0350015 89.92251
98 0.032150363 0.081272952 0.99617322 33.325962 0.010707894 0.99660319 -0.081653615 -5.8441482 -0.99942572 0.013292112 0.031170895 89.95072
99 0.031205404 0.081175051 0.99621125 34.328164 0.011368743 0.99660328 -0.081563109 -5.9391561 -0.99944837 0.013870882 0.030176553 89.9777
100 0.030307856 0.081658885 0.99619942 35.333577 0.010977814 0.9965699 -0.082023235 -6.0348056 -0.99948036 0.013422042 0.029307463 90.008697
101 0.029876975 0.08188989 0.99619348 36.349927 0.010893754 0.99655245 -0.082246114 -6.1259466 -0.99949426 0.013309554 0.028881887 90.037484
102 0.031937714 0.082601886 0.99607075 37.386272 0.010802727 0.99649233 -0.082983221 -6.2307807 -0.99943152 0.013410577 0.030933364 90.068165
103 0.032821649 0.083827253 0.99593964 38.410241 0.011575969 0.99637772 -0.084245617 -6.335223 -0.99939422 0.014294048 0.031732381 90.09883
104 0.03169797 0.085078765 0.99586991 39.424218 0.011784342 0.99626945 -0.085487986 -6.4370608 -0.99942806 0.01444547 0.030577125 90.126974
105 0.028074847 0.086967485 0.99581549 40.439625 0.012114021 0.99610534 -0.087334326 -6.5446883 -0.99953246 0.014515229 0.026911981 90.152542
106 0.022264794 0.088090033 0.99586367 41.462676 0.012175474 0.99601276 -0.088375431 -6.653889 -0.999678 0.014092775 0.021103483 90.173038
107 0.013254964 0.09005145 0.99584892 42.494124 0.013048156 0.99583596 -0.090223951 -6.7604607 -0.99982705 0.01418991 0.012024766 90.182224
108 0.0024331477 0.091925288 0.99576295 43.532027 0.013738935 0.99566877 -0.091950163 -6.8665887 -0.99990269 0.013904453 0.001159654 90.177851
109 -0.0060379345 0.093112923 0.99563726 44.577063 0.014013568 0.99556544 -0.093021222 -6.9779566 -0.99988361 0.013390777 -0.0073160036 90.164765
110 -0.010705767 0.092672131 0.99563914 45.622454 0.013963455 0.9956129 -0.092519543 -7.0870415 -0.99984523 0.012912072 -0.011952823 90.147052
111 -0.012871137 0.092338752 0.99564447 46.672726 0.013763389 0.99564891 -0.092161237 -7.1958851 -0.99982247 0.012517224 -0.014086028 90.129235
112 -0.01464258 0.091658118 0.99568289 47.725123 0.01321183 0.99572038 -0.091467274 -7.3067524 -0.99980554 0.011815479 -0.015790888 90.113366
113 -0.016673008 0.091435804 0.9956714 48.777186 0.01253433 0.99575061 -0.091233184 -7.4131148 -0.99978247 0.010958944 -0.017748245 90.093615
114 -0.018144331 0.091307689 0.99565743 49.813935 0.012504318 0.99576413 -0.091089601 -7.5169459 -0.99975722 0.010797259 -0.019209215 90.070069
115 -0.021082896 0.091534692 0.9955787 50.851592 0.012357359 0.99574775 -0.091288548 -7.627339 -0.9997014 0.010378098 -0.022124375 90.04664
116 -0.022696497 0.091476615 0.99554856 51.89291 0.012109674 0.9957571 -0.0912197 -7.7382168 -0.9996691 0.0099854027 -0.023707952 90.022754
117 -0.023239231 0.091671788 0.99551808 52.949586 0.012429679 0.99573646 -0.09140174 -7.8539713 -0.9996527 0.010249866 -0.024279602 89.998299
118 -0.02443892 0.091999649 0.99545911 54.028485 0.012095089 0.99571077 -0.091725968 -7.9699017 -0.99962819 0.0097984846 -0.025446842 89.97306
119 -0.026558155 0.092463722 0.99536182 55.116618 0.01231375 0.99566768 -0.092163579 -8.0848515 -0.99957146 0.0098089436 -0.027581674 89.943888
120 -0.029380839 0.093342601 0.99520046 56.20839 0.012687995 0.99558482 -0.093004069 -8.2016173 -0.9994878 0.009894563 -0.03043545 89.910227
121 -0.032484799 0.094320689 0.99501175 57.304391 0.012750768 0.99549518 -0.093950232 -8.3204632 -0.99939093 0.0096352111 -0.033541124 89.872728
122 -0.037028132 0.09370684 0.99491104 58.404435 0.012756721 0.99555692 -0.093292899 -8.4358916 -0.99923284 0.009237342 -0.038059008 89.82315
123 -0.040070372 0.092734629 0.99488426 59.505886 0.013359933 0.99564458 -0.092267408 -8.5477845 -0.99910758 0.0095943996 -0.04113478 89.76379
124 -0.04118384 0.091535072 0.99494987 60.608443 0.015310233 0.99573555 -0.090973618 -8.6569553 -0.99903432 0.011486274 -0.04240964 89.694919
125 -0.041904601 0.092583158 0.99482279 61.712739 0.018507602 0.99559841 -0.09187575 -8.7656166 -0.99895022 0.01456177 -0.04343365 89.62519
126 -0.041040893 0.092854225 0.99483354 62.829371 0.020284388 0.99554458 -0.092083777 -8.8807757 -0.99895158 0.016400392 -0.042741533 89.566739
127 -0.044185588 0.093985151 0.99459261 63.943553 0.019991306 0.9954487 -0.093177917 -8.9986422 -0.99882334 0.015766087 -0.045863375 89.513408
128 -0.045432848 0.09457013 0.99448096 65.05844 0.020223672 0.9953919 -0.093732837 -9.1206949 -0.9987627 0.015853509 -0.047136048 89.460437
129 -0.048198084 0.094678997 0.99434042 66.163672 0.019260773 0.99540031 -0.093846301 -9.2393094 -0.99865211 0.014628555 -0.049799983 89.406448
130 -0.050184816 0.094451573 0.99426375 67.274343 0.018246636 0.99543864 -0.093642195 -9.3500731 -0.99857329 0.013442554 -0.051679332 89.345122
131 -0.0512722 0.093679381 0.99428133 68.396162 0.017233182 0.9955255 -0.092907938 -9.4602939 -0.99853606 0.012371038 -0.05265718 89.281907
132 -0.051654091 0.093907104 0.99424008 69.532279 0.015091968 0.99552877 -0.093244743 -9.5745935 -0.99855103 0.010188569 -0.052840381 89.22194
133 -0.054263123 0.095193816 0.99397871 70.67104 0.013572532 0.99542361 -0.094591245 -9.6890265 -0.99843446 0.0083579932 -0.055306819 89.156368
134 -0.058778681 0.096790094 0.9935677 71.789371 0.012628532 0.99528089 -0.096209893 -9.8031649 -0.9981912 0.006892212 -0.059723619 89.086769
135 -0.062991377 0.095826262 0.99340296 72.918735 0.011691362 0.99538219 -0.095275837 -9.9215381 -0.99794563 0.0056126793 -0.06382084 89.008335
136 -0.064479453 0.094603516 0.99342468 74.064504 0.0099661569 0.99550761 -0.094155006 -10.041692 -0.99786931 0.0038295643 -0.065132624 88.932919
137 -0.06469984 0.094729611 0.99339834 75.211613 0.0080905466 0.99550111 -0.094403192 -10.162964 -0.99787201 0.0019292652 -0.065175182 88.862163
138 -0.065335955 0.095978202 0.99323684 76.348758 0.0071150066 0.99538305 -0.095717562 -10.280161 -0.997838 0.00081308946 -0.065717192 88.789244
139 -0.064673245 0.096422634 0.99323717 77.482477 0.005709098 0.99534027 -0.09625506 -10.401276 -0.9978902 -0.00055463785 -0.064922376 88.720601
140 -0.066005471 0.096557912 0.99313638 78.644626 0.0046914788 0.99532585 -0.096458978 -10.520911 -0.99780827 -0.0017075412 -0.066149956 88.644903
141 -0.066003555 0.09593472 0.9931969 79.790991 0.0027754909 0.99538114 -0.095961252 -10.640519 -0.99781557 -0.0035771741 -0.065964965 88.569318
142 -0.064926241 0.095386271 0.99332073 80.941861 0.00085492016 0.99542588 -0.095532543 -10.768115 -0.99788974 -0.0053533584 -0.064710813 88.500052
143 -0.064041313 0.094586284 0.99345467 82.105444 -0.0010892198 0.99549089 -0.094850365 -10.891187 -0.99794669 -0.007156432 -0.063649523 88.427383
144 -0.064089528 0.09389542 0.99351709 83.256291 -0.0012555932 0.99555537 -0.094169049 -11.011927 -0.9979434 -0.0072827028 -0.063686784 88.352622
145 -0.063274385 0.093470376 0.99360942 84.440027 -0.0014065752 0.99559502 -0.093746737 -11.134883 -0.99799522 -0.0073293532 -0.062864195 88.273559
146 -0.063609262 0.093138072 0.99361924 85.636957 -0.0021956102 0.99561998 -0.093466171 -11.255804 -0.9979725 -0.0081269144 -0.063126162 88.191547
147 -0.062985583 0.092038221 0.99376145 86.841599 -0.0029274887 0.99571715 -0.092404897 -11.377091 -0.99801018 -0.0087294015 -0.06244639 88.108205
148 -0.062533927 0.090930013 0.99389198 88.049533 -0.0029892649 0.9958194 -0.091294428 -11.499315 -0.9980384 -0.0086800053 -0.062000689 88.02513
149 -0.059759984 0.089174587 0.99422164 89.258062 -0.0039664318 0.99597257 -0.089570043 -11.610935 -0.99820493 -0.0092962164 -0.059165604 87.942298
150 -0.057417823 0.088648585 0.99440668 90.492021 -0.0058136777 0.99600328 -0.089126602 -11.725576 -0.99833335 -0.010898615 -0.05667297 87.866832
151 -0.056057706 0.088867429 0.99446475 91.727139 -0.0067706154 0.99597417 -0.08938397 -11.84372 -0.99840461 -0.011743799 -0.055230344 87.79423
152 -0.05490967 0.089050145 0.99451246 92.94798 -0.0085607182 0.99593645 -0.089650311 -11.961608 -0.99845467 -0.01343641 -0.053924213 87.732664
153 -0.056366908 0.088548176 0.99447575 94.179038 -0.010493188 0.99595174 -0.089274351 -12.085197 -0.99835502 -0.015467341 -0.055209572 87.672169
154 -0.057489592 0.088393863 0.99442521 95.413914 -0.012077849 0.99593806 -0.089226582 -12.206357 -0.99827308 -0.017140118 -0.056188469 87.608641
155 -0.05823319 0.089254127 0.9943051 96.650655 -0.013363057 0.99583629 -0.090174205 -12.330355 -0.9982136 -0.018538088 -0.05679802 87.546793
156 -0.058501926 0.089506838 0.9942666 97.901623 -0.015165522 0.99577772 -0.0905352 -12.453218 -0.99817213 -0.020375056 -0.056897501 87.480389
157 -0.059014865 0.089154667 0.99426793 99.1457 -0.017769706 0.99575216 -0.090342477 -12.576662 -0.99809897 -0.022999399 -0.057179931 87.416476
158 -0.060001488 0.088434427 0.9942732 100.39569 -0.019718846 0.99576838 -0.089757387 -12.700475 -0.99800354 -0.024991499 -0.058003764 87.349926
159 -0.061839278 0.087943409 0.99420415 101.64729 -0.021246133 0.99576881 -0.089403317 -12.824808 -0.99786 -0.026651632 -0.059709172 87.279686
160 -0.064405959 0.087337561 0.99409459 102.89814 -0.023742186 0.99574669 -0.08902093 -12.949411 -0.99764135 -0.029335459 -0.062058441 87.209755
161 -0.06649543 0.086148523 0.99406077 104.13689 -0.02563113 0.99578947 -0.088012873 -13.074663 -0.99745751 -0.031331356 -0.06400737 87.137095
162 -0.069763348 0.085629563 0.99388162 105.36064 -0.027768385 0.99575622 -0.087740212 -13.198773 -0.99717705 -0.033719541 -0.067089499 87.063728
163 -0.074944567 0.086492607 0.9934296 106.58811 -0.031056897 0.9955455 -0.089019765 -13.319133 -0.996704 -0.037524391 -0.07192454 86.98624
164 -0.082613838 0.087405969 0.99274125 107.80882 -0.032812224 0.99536772 -0.09036778 -13.439151 -0.99604136 -0.04003968 -0.07936317 86.89449
165 -0.092257893 0.087950646 0.99184333 109.04081 -0.033258346 0.99526348 -0.091347501 -13.567031 -0.9951796 -0.041414599 -0.088895826 86.789551
166 -0.10103391 0.087009525 0.9910709 110.26783 -0.032829456 0.99533415 -0.090730582 -13.698438 -0.99434121 -0.041703186 -0.097706036 86.670259
167 -0.11217585 0.085624271 0.98999247 111.4654 -0.031712382 0.99546459 -0.089690877 -13.831692 -0.99318225 -0.041456173 -0.10895175 86.534906
168 -0.12384549 0.085059124 0.98864921 112.65576 -0.030988647 0.99550182 -0.089530558 -13.96208 -0.99181756 -0.04172486 -0.12065255 86.38824
169 -0.13856534 0.084654982 0.98672854 113.86473 -0.031050852 0.99547866 -0.089766127 -14.089135 -0.98986644 -0.043077238 -0.13531024 86.224749
170 -0.15289247 0.084701814 0.98460628 115.07766 -0.028673595 0.99552043 -0.090093232 -14.217579 -0.9878268 -0.042006781 -0.14977888 86.039641
171 -0.16857131 0.086459498 0.98189027 116.27563 -0.027154103 0.99536018 -0.092307405 -14.344961 -0.9853154 -0.042222731 -0.16544145 85.839726
172 -0.1872615 0.087866822 0.97837241 117.4482 -0.025916132 0.99520272 -0.094338711 -14.477279 -0.98196821 -0.04302164 -0.184086 85.621144
173 -0.20643932 0.087259368 0.97456074 118.60799 -0.028223916 0.99506993 -0.095074318 -14.611997 -0.9780523 -0.047133001 -0.20295878 85.391687
174 -0.22340172 0.086375325 0.97089186 119.78798 -0.030251249 0.99497167 -0.095478379 -14.741872 -0.97425695 -0.050700729 -0.21966544 85.133964
175 -0.24178113 0.085921933 0.96651918 120.96158 -0.033228356 0.99475439 -0.096744287 -14.869753 -0.96976174 -0.05550679 -0.23765782 84.857981
176 -0.25965088 0.085928282 0.96187202 122.12415 -0.034068656 0.99459826 -0.098048466 -15.001194 -0.96510146 -0.058228061 -0.25532087 84.557239
177 -0.27885996 0.085587581 0.95651028 123.28277 -0.035291116 0.99443448 -0.099269733 -15.13313 -0.95968314 -0.061438673 -0.2742875 84.232967
178 -0.29914123 0.084695957 0.95044261 124.41931 -0.035726574 0.99436042 -0.099854108 -15.269717 -0.95353983 -0.063826543 -0.29442833 83.888533
179 -0.31787755 0.084443253 0.94436393 125.53754 -0.035098184 0.99429524 -0.10072224 -15.405647 -0.94748196 -0.065162801 -0.31310035 83.519627
180 -0.33701306 0.084516306 0.9376989 126.65916 -0.035120594 0.99414097 -0.10222601 -15.539653 -0.94084473 -0.067384049 -0.33207026 83.126241
181 -0.35474958 0.083737327 0.93120396 127.77298 -0.03573933 0.99403873 -0.10300284 -15.674169 -0.93427807 -0.069820827 -0.34964214 82.711726
182 -0.37326832 0.083073817 0.9239965 128.8812 -0.036567556 0.99389115 -0.10413009 -15.808432 -0.9270025 -0.072656764 -0.36795031 82.275898
183 -0.39263038 0.082142621 0.91602074 129.97572 -0.036708266 0.99381003 -0.10485236 -15.948568 -0.91896352 -0.074793762 -0.38718473 81.819529
184 -0.41080696 0.081242414 0.90809545 131.05523 -0.037138305 0.99370403 -0.10570209 -16.089683 -0.91096567 -0.077148286 -0.40520336 81.345583
185 -0.4289907 0.080302775 0.89973245 132.12198 -0.037256077 0.9936202 -0.10644605 -16.231937 -0.90254032 -0.079184874 -0.42326209 80.851557
186 -0.44630455 0.079952747 0.89130232 133.17818 -0.037038927 0.99349681 -0.10766654 -16.376169 -0.89411433 -0.081064956 -0.44044082 80.3373
187 -0.46371166 0.079365165 0.88242433 134.23954 -0.037650032 0.99331485 -0.10912364 -16.516602 -0.88518588 -0.083825215 -0.45762362 79.794065
188 -0.48209697 0.078717776 0.87257438 135.29784 -0.038632831 0.99307663 -0.1109333 -16.656767 -0.87526572 -0.087190631 -0.47571818 79.225723
189 -0.50163867 0.077780409 0.86157349 136.35271 -0.04055877 0.99273983 -0.11323649 -16.798077 -0.86412597 -0.091748169 -0.49484205 78.632192
190 -0.52219602 0.07604369 0.84942846 137.38517 -0.041588422 0.99256101 -0.11442436 -16.947673 -0.85181089 -0.095078341 -0.51514891 78.018505
191 -0.54209253 0.074572562 0.83700338 138.41265 -0.042954391 0.99229325 -0.11622785 -17.097499 -0.83922028 -0.098959226 -0.53471158 77.376532
192 -0.56221425 0.072687204 0.82379108 139.41848 -0.043611703 0.99213781 -0.11730504 -17.249215 -0.82584092 -0.1018775 -0.55462405 76.712949
193 -0.58110013 0.071093243 0.81072093 140.41748 -0.04492988 0.99185531 -0.11918154 -17.402389 -0.81259092 -0.10568201 -0.57317308 76.021612
194 -0.59800015 0.069375594 0.79848787 141.40833 -0.046043078 0.99162806 -0.12063872 -17.56328 -0.80017243 -0.10890682 -0.58979951 75.303348
195 -0.61440607 0.066218271 0.7862063 142.39037 -0.049029079 0.99134155 -0.12181114 -17.722334 -0.78746517 -0.11338848 -0.6058397 74.5637
196 -0.62985212 0.063733288 0.77409586 143.36679 -0.04987078 0.9912529 -0.12219032 -17.886239 -0.77511243 -0.11556661 -0.62116436 73.795751
197 -0.64514924 0.061321516 0.76159186 144.33216 -0.050961836 0.99110084 -0.12297111 -18.052083 -0.76235517 -0.11814684 -0.63628295 73.005427
198 -0.66031566 0.058775718 0.74868463 145.28632 -0.053097865 0.99078366 -0.12461238 -18.214435 -0.74910874 -0.12203707 -0.65110915 72.191055
199 -0.67578269 0.057269864 0.73487274 146.21531 -0.054338111 0.99039368 -0.1271519 -18.377749 -0.73509536 -0.12585866 -0.66617902 71.364702
200 -0.69177232 0.05543714 0.71998459 147.12909 -0.055851966 0.98995437 -0.12988762 -18.544204 -0.71995254 -0.13006522 -0.68172681 70.517252
201 -0.70765986 0.053774613 0.70450397 148.02667 -0.057014229 0.98950186 -0.13279806 -18.714208 -0.70424921 -0.13414262 -0.69716489 69.645704
202 -0.72420778 0.050794681 0.68770853 148.90631 -0.058691068 0.9891244 -0.13486351 -18.889669 -0.68707969 -0.13803156 -0.71335045 68.752228
203 -0.74026499 0.048381161 0.67057217 149.76611 -0.059733367 0.98872985 -0.13727742 -19.073366 -0.66965642 -0.14167721 -0.72903218 67.837935
204 -0.75580897 0.04595404 0.65317766 150.59775 -0.060616546 0.9883402 -0.13967525 -19.2592 -0.65198043 -0.14516119 -0.74421087 66.907198
205 -0.77060822 0.04380136 0.6358022 151.4101 -0.061523142 0.98786309 -0.14262295 -19.448707 -0.63433266 -0.14902298 -0.75856068 65.957469
206 -0.78349768 0.039419209 0.62014317 152.21818 -0.06341406 0.98770328 -0.14290127 -19.643675 -0.61815055 -0.15128862 -0.77136355 64.975734
207 -0.79443911 0.03784004 0.60616389 153.01527 -0.062339021 0.98770531 -0.14335952 -19.846043 -0.60413607 -0.15167809 -0.78231288 63.962765
208 -0.80301866 0.035525048 0.59489413 153.80132 -0.062291031 0.9877505 -0.14306872 -20.052144 -0.59268955 -0.15194343 -0.79096926 62.936191
209 -0.8104551 0.03555598 0.58472073 154.57058 -0.060313937 0.98778677 -0.14366425 -20.26061 -0.58268757 -0.15170024 -0.79841237 61.902629
210 -0.81765783 0.033614422 0.57472235 155.32298 -0.06057454 0.98772924 -0.14394985 -20.463814 -0.57250891 -0.15251527 -0.80558843 60.867963
211 -0.82563643 0.032768672 0.56325015 156.05958 -0.060568224 0.98739493 -0.14622801 -20.666258 -0.56094209 -0.15484625 -0.81324454 59.827705
212 -0.83470248 0.031736346 0.54978597 156.77708 -0.060032031 0.98714483 -0.14812538 -20.872713 -0.54741938 -0.1566454 -0.8220671 58.774301
213 -0.84260628 0.030926084 0.53764139 157.47459 -0.058907296 0.98706602 -0.1490989 -21.079399 -0.53529864 -0.15730269 -0.82988632 57.714326
214 -0.84977721 0.027826852 0.52640706 158.16471 -0.060078974 0.98698629 -0.14915921 -21.285923 -0.52370722 -0.15837811 -0.83704671 56.63987
215 -0.85636901 0.02831342 0.51558752 158.83926 -0.058088459 0.98687496 -0.15067657 -21.49511 -0.51308662 -0.15898444 -0.84348452 55.549309
216 -0.86305317 0.024252433 0.50453054 159.50368 -0.060917844 0.98655834 -0.15162963 -21.703345 -0.50142624 -0.16159935 -0.84997497 54.459274
217 -0.87145364 0.020622974 0.49004416 160.14356 -0.063442816 0.98598258 -0.15431541 -21.908557 -0.48635749 -0.16556852 -0.8579298 53.371667
218 -0.88144106 0.018271739 0.47194049 160.75625 -0.062719497 0.98587266 -0.15531015 -22.12388 -0.46811105 -0.16649663 -0.86784272 52.269163
219 -0.8902017 0.01671016 0.45526007 161.34713 -0.061683575 0.98570312 -0.15679407 -22.337607 -0.45137136 -0.16766043 -0.87644393 51.15537
220 -0.89855554 0.013865292 0.43864078 161.91546 -0.061812065 0.9855386 -0.15777455 -22.549653 -0.43448505 -0.1688825 -0.8847042 50.038453
221 -0.90670597 0.010406947 0.42163493 162.46525 -0.062507623 0.98533965 -0.15874019 -22.763615 -0.41710565 -0.17028609 -0.8927629 48.910376
222 -0.9139255 0.0064783823 0.40583031 163.00074 -0.063997795 0.98506499 -0.15984721 -22.976221 -0.40080482 -0.1720607 -0.89986148 47.758438
223 -0.91972918 0.0031517728 0.39254086 163.52104 -0.064420282 0.98519908 -0.15884801 -23.193772 -0.38723158 -0.17138476 -0.90591338 46.58883
224 -0.92480999 0.0020098497 0.38042407 164.02031 -0.063274261 0.98524482 -0.1590248 -23.41412 -0.37513049 -0.17113879 -0.91103716 45.415805
225 -0.92796973 0.0012795667 0.37265343 164.50665 -0.062431422 0.98532711 -0.15884802 -23.633497 -0.36738881 -0.17067145 -0.91427392 44.235527
226 -0.93048571 0.0011535789 0.36632641 164.98502 -0.061630595 0.98524837 -0.1596471 -23.851797 -0.36110669 -0.17112628 -0.91668851 43.052785
227 -0.93340546 -0.00091643318 0.35882229 165.45079 -0.062765691 0.98499623 -0.16075689 -24.069971 -0.35329131 -0.1725731 -0.91945846 41.877958
228 -0.93518837 -0.00364438 0.35413197 165.91264 -0.064943459 0.98475511 -0.16136794 -24.289829 -0.34814521 -0.17390799 -0.92116828 40.692531
229 -0.93707449 -0.0054718621 0.34908665 166.36147 -0.065855946 0.98469807 -0.16134617 -24.50768 -0.34286212 -0.17418282 -0.92309587 39.503101
230 -0.93907653 -0.0066931676 0.343643 166.79908 -0.06653918 0.98443623 -0.16265829 -24.723101 -0.33720595 -0.17561432 -0.92490639 38.313193
231 -0.94055042 -0.0086706382 0.33954346 167.22907 -0.067777281 0.98435986 -0.16260929 -24.938749 -0.33282305 -0.17595558 -0.92642783 37.122411
232 -0.94203733 -0.0099673685 0.33536004 167.65245 -0.068365313 0.98429 -0.16278593 -25.152566 -0.32846901 -0.17627743 -0.92791942 35.927842
233 -0.94303794 -0.010523494 0.33251875 168.07048 -0.068398368 0.98428034 -0.16283048 -25.370039 -0.32557815 -0.17629907 -0.92893357 34.729491
234 -0.94380189 -0.010113399 0.33035699 168.48376 -0.067597822 0.98430956 -0.16298803 -25.590784 -0.32352521 -0.17615984 -0.92967695 33.540109
235 -0.94486648 -0.010723227 0.32728028 168.89249 -0.067703008 0.98426536 -0.16321118 -25.81153 -0.32038051 -0.17637065 -0.93072541 32.354988
236 -0.94548572 -0.010552086 0.32549261 169.30144 -0.067225837 0.98427212 -0.16336759 -26.035822 -0.31864946 -0.17634325 -0.93132468 31.159187
237 -0.9465391 -0.0099718251 0.32243498 169.71207 -0.066050791 0.98433695 -0.16345627 -26.264679 -0.31575473 -0.17601485 -0.93237213 29.961022
238 -0.94720925 -0.0094173625 0.32047773 170.11202 -0.065116486 0.98438649 -0.16353278 -26.490369 -0.31393392 -0.17576816 -0.93303329 28.776198
239 -0.94757036 -0.010888991 0.31936168 170.51101 -0.066279691 0.98438177 -0.16309328 -26.71143 -0.31259792 -0.17570957 -0.93349278 27.606639
240 -0.94723867 -0.011124199 0.32033604 170.91 -0.066600124 0.98441661 -0.16275211 -26.93031 -0.31353366 -0.17549953 -0.93321843 26.432913
241 -0.94597796 -0.01171941 0.32401912 171.31003 -0.067754274 0.98442835 -0.16220379 -27.144327 -0.3170727 -0.17539491 -0.93204163 25.261282
242 -0.94428879 -0.011263191 0.3289253 171.72026 -0.068086005 0.98447972 -0.16175243 -27.365034 -0.32199847 -0.17513623 -0.93040011 24.079579
243 -0.94275507 -0.011906932 0.33327336 172.13736 -0.069057174 0.98467118 -0.16016758 -27.5874 -0.32625759 -0.17401373 -0.92912608 22.912597
244 -0.9407955 -0.013232976 0.33871632 172.56434 -0.071132417 0.98469613 -0.15910245 -27.806879 -0.33142727 -0.1737766 -0.92733906 21.746171
245 -0.93905112 -0.013670287 0.34350567 173.00093 -0.072141315 0.98479649 -0.15802339 -28.026846 -0.33612298 -0.17317301 -0.92576051 20.573721
246 -0.93682205 -0.013859129 0.34953169 173.43963 -0.073151871 0.98488372 -0.15701195 -28.243623 -0.34207205 -0.17266117 -0.92367468 19.408979
247 -0.93467496 -0.014414939 0.35521113 173.87882 -0.074277466 0.98504351 -0.15547358 -28.454995 -0.34765731 -0.17170146 -0.92176628 18.247741
248 -0.93256251 -0.014659845 0.36071081 174.33735 -0.075516936 0.98499148 -0.15520588 -28.674189 -0.35302181 -0.17197897 -0.91967326 17.079167
249 -0.9303576 -0.014895026 0.36635079 174.80367 -0.076410605 0.98511272 -0.15399423 -28.891517 -0.35860311 -0.1712628 -0.91764533 15.908482
250 -0.92756811 -0.014695986 0.37336505 175.28501 -0.077185496 0.98521084 -0.15297671 -29.107692 -0.36559519 -0.1707147 -0.91498455 14.731927
251 -0.92541531 -0.013934378 0.37869826 175.77428 -0.077561585 0.9851331 -0.15328684 -29.329462 -0.37093226 -0.17122644 -0.9127381 13.559407
252 -0.92346674 -0.014499232 0.38340445 176.25703 -0.078997467 0.98506034 -0.15302095 -29.543443 -0.37545787 -0.17159775 -0.91081594 12.420407
253 -0.92154572 -0.015106954 0.3879759 176.75113 -0.08012271 0.98513467 -0.15195365 -29.763822 -0.37991299 -0.17111793 -0.90905712 11.276055
254 -0.91876681 -0.014977779 0.39451647 177.2495 -0.080501106 0.98539344 -0.15006405 -29.97988 -0.38650635 -0.16963289 -0.90655259 10.134636
255 -0.91504286 -0.014703414 0.40308859 177.75034 -0.08089762 0.9857199 -0.14768798 -30.187966 -0.39516095 -0.16774976 -0.9031655 9.0028442
256 -0.91091496 -0.014217027 0.41234917 178.26136 -0.081213012 0.98603259 -0.14541 -30.395566 -0.40452246 -0.16594428 -0.89934652 7.8751894
257 -0.90466924 -0.013458886 0.42590194 178.78337 -0.082064236 0.9862932 -0.14314699 -30.591913 -0.41813763 -0.16445201 -0.89337368 6.7609871
258 -0.89715058 -0.012467705 0.44154889 179.32294 -0.083132319 0.98650511 -0.14105517 -30.78385 -0.43383164 -0.16325472 -0.88608018 5.6606728
259 -0.88883912 -0.011151458 0.45808373 179.8828 -0.084155708 0.98667174 -0.13927161 -30.971799 -0.45042522 -0.16234042 -0.87793097 4.5697645
260 -0.87935604 -0.0098322842 0.47606336 180.46323 -0.085522293 0.98678998 -0.13759123 -31.154145 -0.46842175 -0.16170572 -0.86858068 3.4928384
261 -0.86946789 -0.0085085583 0.4939162 181.06434 -0.086687112 0.98696425 -0.13559793 -31.335747 -0.48632393 -0.16071423 -0.85887138 2.4270315
262 -0.85841791 -0.0074307541 0.51289717 181.68416 -0.087900287 0.98723564 -0.13281273 -31.510384 -0.50536351 -0.15909265 -0.84811398 1.3800699
263 -0.84751807 -0.0065167595 0.53072655 182.32408 -0.08938897 0.98739434 -0.13062123 -31.679979 -0.52318521 -0.15814497 -0.83741715 0.35108757
264 -0.83641346 -0.0054883989 0.54807156 182.98155 -0.090658253 0.98756158 -0.12846434 -31.846925 -0.5405494 -0.15713652 -0.82650743 -0.65836028
265 -0.82528132 -0.0048603222 0.56470095 183.65602 -0.09214087 0.98772168 -0.12615791 -32.011429 -0.55715425 -0.15614781 -0.81559615 -1.6490453
266 -0.81380303 -0.0044521555 0.58112378 184.35608 -0.093542356 0.98793491 -0.12342743 -32.180326 -0.57356299 -0.15480531 -0.80440095 -2.634698
267 -0.79893343 -0.0048238954 0.60140014 185.07706 -0.096022087 0.98816351 -0.11963492 -32.341938 -0.59370462 -0.15332804 -0.78994013 -3.5847529
268 -0.78341443 -0.0041680835 0.62148571 185.81418 -0.098311167 0.98821851 -0.11729861 -32.49799 -0.61367482 -0.15299242 -0.77459448 -4.5066702
269 -0.7654349 -0.0031827282 0.64350549 186.5695 -0.10084062 0.98822683 -0.11505988 -32.647647 -0.63556325 -0.15296235 -0.75674431 -5.3984344
270 -0.74672349 -0.002458352 0.66513007 187.34275 -0.10352883 0.98823489 -0.11257645 -32.793844 -0.65702805 -0.15292363 -0.73819278 -6.2638619
271 -0.72788272 -0.0014260257 0.68570019 188.1386 -0.10514646 0.98840319 -0.10955925 -32.936022 -0.67759208 -0.15184524 -0.7195916 -7.1082464
272 -0.70885121 0.00018534071 0.70535803 188.95783 -0.10631366 0.98854787 -0.10709991 -33.07466 -0.69730009 -0.15090711 -0.70071371 -7.9333994
273 -0.69063181 0.001245521 0.72320549 189.794 -0.10739064 0.98873541 -0.10425651 -33.208526 -0.71518879 -0.14966838 -0.68271842 -8.7366615
274 -0.67108585 0.001702481 0.74137772 190.65921 -0.10882569 0.98893909 -0.10077863 -33.337804 -0.73334904 -0.14831207 -0.6634778 -9.5214025
275 -0.65032143 0.002184881 0.75965604 191.54974 -0.11013341 0.98915965 -0.09712726 -33.462642 -0.75163337 -0.14682746 -0.64303114 -10.285353
276 -0.62679968 0.0029448349 0.7791749 192.45905 -0.11183305 0.98929934 -0.093701997 -33.583497 -0.77111321 -0.1458699 -0.61976323 -11.016669
277 -0.60225345 0.0035711741 0.79829697 193.38729 -0.11415271 0.98932837 -0.09054516 -33.707558 -0.79010126 -0.14565891 -0.59541881 -11.71358
278 -0.57819597 0.0047270056 0.81588425 194.3321 -0.11569957 0.9894027 -0.087725601 -33.829511 -0.80765283 -0.14512006 -0.57152179 -12.380436
279 -0.5545904 0.0060899057 0.83210121 195.28918 -0.11669219 0.9895226 -0.085016661 -33.945712 -0.82390077 -0.14424915 -0.54806914 -13.019085
280 -0.52829824 0.0059186723 0.84903826 196.27422 -0.11801183 0.98975761 -0.080330292 -34.052793 -0.8408176 -0.14263492 -0.52218877 -13.630372
281 -0.50015056 0.0063213775 0.8659154 197.28801 -0.11934445 0.98992751 -0.076159747 -34.157879 -0.85767499 -0.14143355 -0.49435842 -14.212895
282 -0.47085916 0.0079637568 0.88217246 198.3142 -0.12024325 0.99004813 -0.07311738 -34.257596 -0.87397556 -0.14050329 -0.46521568 -14.759594
283 -0.44318241 0.010233029 0.89637306 199.35656 -0.12075019 0.99014021 -0.071004469 -34.357967 -0.88826168 -0.13970516 -0.43757712 -15.273464
284 -0.41521896 0.012373114 0.90963737 200.41567 -0.12145596 0.9902019 -0.068909544 -34.455287 -0.90157736 -0.13909344 -0.40964785 -15.75454
