4 0.99998979 0.0016503596 0.0042060429 0.0040300595 -0.0016402803 0.99999578 -0.0023987095 -0.028359248 -0.0042099839 0.0023917859 0.99998828 1.5214457
5 0.9999979 0.0016813342 0.0011702035 -0.0020219442 -0.0016801298 0.99999806 -0.0010294508 -0.028313212 -0.0011719321 0.0010274825 0.99999879 1.5322121
6 0.99999921 0.0011519507 -0.00050930391 -0.0049303986 -0.0011519564 0.99999934 -1.0897785e-05 -0.028150126 0.00050929102 1.1484473e-05 0.99999987 1.533884
7 0.99999594 0.00075796038 -0.0027482591 -0.008388895 -0.00076078526 0.99999918 -0.0010269795 -0.029920306 0.0027474784 0.0010290662 0.9999957 1.5341178
8 0.99999322 0.0010340036 -0.0035328623 -0.0099511381 -0.0010369454 0.99999912 -0.00083097705 -0.02756471 0.0035319999 0.0008346348 0.99999341 1.5154113
9 0.99999358 0.0022089666 -0.0028207971 -0.0075342258 -0.0022111999 0.99999724 -0.00078888215 -0.026453974 0.0028190468 0.00079511444 0.99999571 1.5199737
10 0.99999309 0.0026774672 -0.0025787701 -0.0090762288 -0.0026776553 0.99999641 -6.9498969e-05 -0.029041112 0.0025785748 7.6403546e-05 0.99999667 1.5256814
11 0.99999451 0.0024036342 -0.0022801814 -0.0086452244 -0.002404842 0.99999697 -0.00052707235 -0.032030252 0.0022789076 0.00053255293 0.99999726 1.5145178
12 0.99999404 0.0016888946 -0.0030100791 -0.0082828735 -0.0016907859 0.99999837 -0.00062589072 -0.028171999 0.0030090171 0.0006309764 0.99999527 1.4809919
13 0.99999386 0.002751517 -0.0021696877 -0.008307181 -0.0027513004 0.99999621 0.00010283518 -0.024413251 0.0021699624 -9.686509e-05 0.99999764 1.4934179
14 0.99999806 0.0015546475 -0.0012098237 -0.0041028159 -0.0015544932 0.99999878 0.00012842684 -0.026221889 0.0012100219 -0.00012654592 0.99999926 1.493225
15 0.9999965 0.0012734008 -0.0023210236 -0.005494232 -0.0012750399 0.99999894 -0.00070487919 -0.025344898 0.0023201236 0.00070783612 0.99999706 1.460062
16 0.9999966 0.001671476 -0.0019999678 -0.0043955733 -0.0016741619 0.9999977 -0.0013420782 -0.021589881 0.00199772 0.0013454219 0.9999971 1.4502678
17 0.99998221 0.0023267955 -0.0054927851 -0.010664912 -0.0023383721 0.99999506 -0.0021021255 -0.025063028 0.0054878668 0.0021149323 0.99998271 1.4491075
18 0.99999025 0.0013167366 -0.0042160607 -0.0083923456 -0.0013205162 0.99999873 -0.00089382845 -0.025254767 0.0042148784 0.00089938711 0.99999071 1.4484612
19 0.99998294 0.0007870036 -0.0057875702 -0.011366017 -0.00079989525 0.9999972 -0.0022254949 -0.026679119 0.0057858026 0.0022300864 0.99998078 1.4259656
20 0.99998484 0.00010036973 -0.0055055156 -0.010074845 -0.0001108674 0.99999818 -0.0019064837 -0.025695583 0.0055053142 0.0019070652 0.99998303 1.4536271
21 0.99999798 0.0004667597 -0.0019542303 -0.0082678813 -0.00047037388 0.99999818 -0.0018493603 -0.032198464 0.0019533636 0.0018502758 0.99999638 1.4145839
22 0.99999609 0.0001833874 0.0027904292 -0.0014482074 -0.00018388561 0.99999997 0.00017828524 -0.027713581 -0.0027903965 -0.00017879767 0.99999609 1.4296442
23 0.99999753 0.0011868713 0.0018805098 -0.0021980805 -0.0011872857 0.99999927 0.00021928281 -0.023835216 -0.0018802482 -0.00022151497 0.99999821 1.4145011
24 0.99999798 0.0017655163 0.00096324827 -0.0042795344 -0.001765877 0.99999837 0.0003737181 -0.020075671 -0.0009625869 -0.00037541832 0.99999947 1.4021896
25 0.99999881 0.0015411765 -4.6901588e-05 -0.0040596946 -0.0015412301 0.99999813 -0.0011644383 -0.02048593 4.5106896e-05 0.0011645093 0.99999932 1.4202002
26 0.99999903 0.0005828159 0.0012626912 -0.0017340062 -0.00058236171 0.99999977 -0.0003600377 -0.024516846 -0.0012629007 0.00035930201 0.99999914 1.3768527
27 0.99999967 0.00010629439 0.00079952704 -0.0026856937 -0.00010603849 0.99999994 -0.00032010631 -0.026125755 -0.00079956102 0.00032002142 0.99999963 1.3370814
28 0.99999918 0.0011059389 0.00063979909 0.0026344042 -0.0011060557 0.99999937 0.00018223776 -0.028956033 -0.00063959714 -0.00018294527 0.99999978 1.3326605
29 0.99999936 0.00065206246 0.00092078054 -0.0014650581 -0.00065247783 0.99999969 0.00045088065 -0.032263542 -0.00092048624 -0.00045148115 0.99999947 1.3430117
30 0.99999898 -0.00019245267 0.001416161 -0.00057287899 0.00019300889 0.9999999 -0.00039264417 -0.032012574 -0.0014160853 0.0003929171 0.99999892 1.3396682
31 0.99999935 0.0011394602 9.8651669e-05 -0.0012925286 -0.0011394132 0.99999924 -0.00047491079 -0.031360114 -9.9192736e-05 0.00047479807 0.99999988 1.2769856
32 0.99999737 -0.00050940459 0.0022349258 0.00089366443 0.00051009613 0.99999982 -0.00030886231 -0.03233358 -0.0022347681 0.00031000153 0.99999745 1.2548389
33 0.99999807 -0.0013905941 0.001384716 0.0028398821 0.0013906202 0.99999903 -1.7878332e-05 -0.028515187 -0.0013846898 1.9803912e-05 0.99999904 1.2131776
34 0.99998456 -0.0012707444 0.005409322 0.0025493375 0.0012733216 0.99999908 -0.00047301635 -0.034795634 -0.0054087159 0.00047989686 0.99998526 1.2248492
35 0.99998917 0.00028362899 0.0046448979 0.0016506305 -0.00028656124 0.99999976 0.00063062974 -0.035948735 -0.0046447179 -0.00063195396 0.99998901 1.2306221
36 0.99999115 0.00067188542 0.0041526817 -0.0024616943 -0.00067236523 0.99999977 0.00011414624 -0.033030795 -0.004152604 -0.00011693734 0.99999137 1.2028739
37 0.99999805 0.0011496745 0.0016084149 -0.0059268869 -0.0011499838 0.99999932 0.00019143316 -0.026074031 -0.0016081937 -0.00019328244 0.99999869 1.1891055
38 0.99999729 0.0020303394 0.0011427147 -0.0084999125 -0.0020308158 0.99999785 0.00041593444 -0.01841636 -0.0011418677 -0.00041825395 0.99999926 1.1870059
39 0.99999668 0.0013418338 0.0022002206 -0.0053495101 -0.0013426935 0.99999902 0.00038926963 -0.01916992 -0.0021996961 -0.00039222256 0.9999975 1.1773272
40 0.99999118 0.00081851579 0.0041189046 -0.0024214764 -0.00081777155 0.99999965 -0.00018236944 -0.022142007 -0.0041190524 0.00017899951 0.9999915 1.1701967
41 0.99997573 0.00082204891 0.0069189415 0.0014600943 -0.00081839282 0.99999952 -0.00053123249 -0.02380591 -0.0069193749 0.00052555718 0.99997592 1.1296633
42 0.99993067 0.00085281184 0.011744315 0.0083615915 -0.00084873777 0.99999958 -0.00035187696 -0.024679195 -0.01174461 0.00034188472 0.99993097 1.1049528
43 0.99989399 0.0014336222 0.014489994 0.0084377837 -0.0014383202 0.99999892 0.0003138067 -0.022428814 -0.014489529 -0.00033461468 0.99989497 1.0886895
44 0.99985426 0.0013894739 0.01701563 0.012757285 -0.0013905327 0.99999903 5.0395586e-05 -0.019687301 -0.017015543 -7.404903e-05 0.99985522 1.1011775
45 0.99985427 0.0002310072 0.017069847 0.016430429 -0.00021870676 0.99999972 -0.00072245773 -0.019720291 -0.017070009 0.00071861916 0.99985404 1.0990642
46 0.99982337 0.001086264 0.018762731 0.016236239 -0.0010800445 0.99999936 -0.00034161356 -0.017403582 -0.01876309 0.00032128864 0.99982391 1.0922006
47 0.99981807 0.00018385502 0.019073121 0.020147779 -0.00017928938 0.99999995 -0.00024108534 -0.016132438 -0.019073164 0.00023762187 0.99981806 1.0662798
48 0.99976934 -0.0016163647 0.021416102 0.026077838 0.0016336986 0.99999835 -0.00079191366 -0.016848177 -0.021414787 0.00082671846 0.99977034 1.0448831
49 0.99974698 -0.0010649845 0.022468565 0.026914074 0.0010779264 0.99999926 -0.00056389393 -0.017274162 -0.022467948 0.00058797071 0.99974739 1.0452285
50 0.9997448 -0.00051744705 0.022584507 0.025571376 0.00051731913 0.99999987 1.1506688e-05 -0.016437018 -0.02258451 1.7964635e-07 0.99974494 1.0345611
51 0.99958673 -0.0014060585 0.02871233 0.033594432 0.0014293358 0.99999867 -0.00079020223 -0.015443737 -0.02871118 0.00083091522 0.9995874 1.0223836
52 0.99961604 -0.0010342478 0.027689248 0.03002678 0.0010391819 0.99999945 -0.00016380714 -0.017625961 -0.027689064 0.00019251841 0.99961657 1.0161452
53 0.99962617 -0.00091022785 0.027325696 0.030597539 0.00090923135 0.99999959 4.8892508e-05 -0.01721335 -0.02732573 -2.402885e-05 0.99962658 1.0166355
54 0.99954839 -0.001483095 0.030013751 0.036825966 0.0014964647 0.99999879 -0.00042299693 -0.01662177 -0.030013087 0.00046772042 0.9995494 1.0064591
55 0.99955199 -0.0011694719 0.029907433 0.037248716 0.0012142636 0.99999817 -0.0014795607 -0.016273292 -0.029905648 0.0015152133 0.99955158 0.97354926
56 0.99950036 -0.00088105536 0.031595177 0.039635176 0.00093101199 0.99999834 -0.0015664709 -0.019206302 -0.031593744 0.0015951037 0.99949952 0.95587732
57 0.99945996 -0.001311937 0.032834045 0.041901213 0.0013719248 0.99999743 -0.0018045376 -0.017072267 -0.032831594 0.0018486089 0.99945919 0.93784163
58 0.99946682 -0.00087430322 0.03263901 0.040555986 0.00094062008 0.99999752 -0.002016529 -0.013558768 -0.032637166 0.0020461547 0.99946517 0.92347358
59 0.99940999 7.723174e-05 0.03434619 0.040937525 -4.5091475e-05 0.99999956 -0.00093654742 -0.011442202 -0.034346247 0.00093444613 0.99940956 0.92960244
60 0.99935723 0.0016088039 0.035812583 0.036799821 -0.0015903139 0.99999859 -0.00054477751 -0.015064027 -0.035813408 0.0004874741 0.99935838 0.93729284
61 0.99928545 0.0019594452 0.037745765 0.038692271 -0.0019368042 0.99999792 -0.00063638562 -0.019824374 -0.037746933 0.00056282473 0.99928717 0.92200086
62 0.99929582 0.00077661239 0.037513506 0.040191224 -0.00071282632 0.99999828 -0.0017136946 -0.018855827 -0.037514772 0.0016857473 0.99929465 0.91909929
63 0.999276 0.0014815911 0.038016953 0.037351137 -0.0014184358 0.99999757 -0.0016881581 -0.018354214 -0.038019361 0.0016330113 0.99927567 0.92033965
64 0.99932773 0.0011450121 0.036644034 0.03805908 -0.0010971092 0.99999852 -0.0013273301 -0.018207099 -0.0366455 0.0012862352 0.9993275 0.91663348
65 0.9993572 0.00090205662 0.035838185 0.038137922 -0.00086254017 0.999999 -0.0011180809 -0.017419281 -0.035839158 0.0010864504 0.99935698 0.91318702
66 0.99939764 0.0010373178 0.034688325 0.038273635 -0.0010176676 0.99999931 -0.00058412849 -0.019762378 -0.034688907 0.00054847545 0.99939801 0.892529
67 0.99931812 0.00011351164 0.036922733 0.044919644 -7.7937568e-05 0.99999953 -0.00096491129 -0.017503557 -0.036922825 0.00096137567 0.99931766 0.88403458
68 0.99929926 0.0011907624 0.037410881 0.0442823 -0.0011676729 0.99999911 -0.00063903101 -0.014289101 -0.037411609 0.00059489954 0.99929976 0.89494088
69 0.99927382 0.0021130083 0.038044271 0.042527927 -0.0021177734 0.99999775 8.4952774e-05 -0.016502012 -0.038044006 -0.00016546023 0.99927605 0.89835228
70 0.99930751 0.0017007396 0.03716993 0.042432325 -0.0017060804 0.99999854 0.00011196924 -0.014633207 -0.037169685 -0.00017530659 0.99930895 0.89521506
71 0.99937997 0.0015978578 0.035172777 0.036466157 -0.0015663023 0.99999835 -0.0009246934 -0.022423925 -0.035174196 0.00086902886 0.99938082 0.891032
72 0.99950157 0.0014859213 0.031534168 0.03243129 -0.0014439772 0.99999804 -0.0013528497 -0.018522143 -0.031536117 0.0013066408 0.99950176 0.89926625
73 0.99945002 0.0024738353 0.03306857 0.030090002 -0.0024416537 0.99999651 -0.0010135239 -0.019953255 -0.033070962 0.0009322245 0.99945257 0.90400763
74 0.99941901 0.0026636551 0.033978646 0.029723425 -0.0026321613 0.99999606 -0.00097156881 -0.021857263 -0.033981101 0.00088156706 0.99942209 0.90568075
75 0.9994378 0.0023403782 0.033445626 0.030013024 -0.0023111299 0.99999691 -0.00091313524 -0.023981914 -0.03344766 0.00083532469 0.99944012 0.91464963
76 0.9993906 0.002754262 0.034797045 0.029148283 -0.0027320562 0.99999603 -0.00068568151 -0.028594358 -0.034798796 0.00059019617 0.99939416 0.93074826
77 0.9993359 0.0025038637 0.036352327 0.032322523 -0.0024724316 0.99999653 -0.00090958065 -0.030228707 -0.036354478 0.00081909796 0.99933862 0.93009058
78 0.99933048 0.0032752927 0.03643998 0.029025185 -0.0032268804 0.99999383 -0.0013872828 -0.028884697 -0.036444299 0.0012687665 0.99933488 0.93511351
79 0.99932214 0.0028838095 0.036700823 0.029242335 -0.0028375414 0.99999511 -0.0013127106 -0.030749335 -0.036704429 0.0012076807 0.99932544 0.91449269
80 0.99929848 0.003411147 0.037295025 0.025140442 -0.0033829786 0.99999394 -0.00081836698 -0.027255198 -0.037297591 0.00069162461 0.99930396 0.91733004
81 0.99929127 0.0034407063 0.037484876 0.024107561 -0.0034216048 0.99999398 -0.00057372002 -0.022093479 -0.037486625 0.00044505497 0.99929703 0.9319732
82 0.99924343 0.0037063804 0.038714692 0.026542319 -0.0037315118 0.99999287 0.00057690497 -0.028298224 -0.038712278 -0.00072093284 0.99925014 0.94373565
83 0.9991928 0.0010985529 0.040156371 0.03776971 -0.0010763687 0.99999926 -0.00057406224 -0.033144572 -0.040156972 0.0005303758 0.99919324 0.96690654
84 0.9993075 -0.0012298002 0.037188918 0.041630838 0.001261344 0.99999886 -0.00082475298 -0.029138847 -0.037187861 0.00087108985 0.99930791 0.96117081
85 0.99938011 -9.1558354e-05 0.03520505 0.038603512 0.00011601471 0.99999975 -0.00069264105 -0.031949629 -0.035204978 0.00069629599 0.99937987 0.93927633
86 0.99952953 0.00091478151 0.030657648 0.03041273 -0.00084811194 0.99999725 -0.0021875803 -0.021192093 -0.030659564 0.00216055 0.99952755 0.94838366
87 0.99954081 0.00095476256 0.030286202 0.030296144 -0.0009264155 0.99999912 -0.00094999082 -0.020187818 -0.030287083 0.00092149698 0.99954082 0.95441416
88 0.9996991 0.0043764448 0.024136345 0.019966954 -0.0043874749 0.99999029 0.00040405441 -0.017035641 -0.024134343 -0.00050983044 0.99970859 0.96648424
89 0.99967711 0.00020833821 0.025409261 0.02167995 -0.00021911612 0.99999989 0.00042138877 -0.019067393 -0.025409171 -0.00042682028 0.99967704 0.97153314
90 0.99977651 -0.0008686014 0.021122846 0.018111437 0.0008563763 0.99999946 0.00058780085 -0.03598418 -0.021123345 -0.00056958038 0.99977672 0.97203562
91 0.99989842 -0.0010782202 0.014211931 0.011727884 0.0010632376 0.99999887 0.0010617383 -0.034140858 -0.014213059 -0.0010465197 0.99989844 0.97875753
92 0.99992509 -0.001535801 0.012142947 0.015050298 0.0015488025 0.99999824 -0.0010613746 -0.025715632 -0.012141295 0.0010801021 0.99992571 0.97813855
93 0.99998014 -0.00096386768 0.006228662 0.0096453808 0.00096773244 0.99999934 -0.00061749463 -0.024273482 -0.0062280627 0.00062351004 0.99998041 0.97021022
94 0.99998943 -0.00071435487 -0.0045425332 -0.0057108114 0.00071546609 0.99999971 0.00024300536 -0.023242891 0.0045423583 -0.00024625282 0.99998965 0.99196829
95 0.99999239 -0.00069613067 -0.0038390234 -0.0038099394 0.00069243894 0.9999993 -0.00096287717 -0.020703392 0.003839691 0.00096021156 0.99999217 0.98126619
96 0.99999256 -0.0014665817 -0.0035691681 -0.0032908248 0.0014598186 0.99999714 -0.0018967271 -0.018563775 0.0035719396 0.0018915026 0.99999183 0.9878497
97 0.99999642 -0.0011767701 -0.0024037111 -0.0029546568 0.0011736549 0.99999847 -0.0012969846 -0.014983322 0.0024052336 0.0012941588 0.99999627 0.99836239
98 0.9999921 -0.001115679 0.0038142343 0.0064971421 0.0011215667 0.99999818 -0.0015418343 -0.010241351 -0.0038125071 0.0015461 0.99999154 0.99499937
99 0.99999933 -0.00058158351 0.00099596295 0.0042393479 0.00058150405 0.99999983 8.007306e-05 -0.012874753 -0.00099600935 -7.949385e-05 0.9999995 1.0069651
100 0.99999952 0.00046331033 0.0008630097 -0.00069297757 -0.00046290347 0.99999978 -0.00047157904 -0.013280203 -0.000863228 0.00047117932 0.99999952 1.0103402
101 0.9999999 0.00011923973 0.00042272848 0.0010302274 -0.00011914322 0.99999997 -0.0002283123 -0.0074480507 -0.00042275569 0.00022826191 0.99999988 1.0208066
102 0.99999787 -8.0354479e-05 -0.0020621363 -0.00084458874 7.8875432e-05 0.99999974 -0.00071731174 -0.019198092 0.0020621934 0.00071714756 0.99999762 1.0419093
103 0.99999931 -0.0008450719 -0.00081638741 0.00092764772 0.00084404443 0.99999885 -0.0012580822 -0.019082977 0.00081744964 0.0012573922 0.99999888 1.0295606
104 0.99999935 -0.00011150613 0.001137886 0.0039743002 0.00011294011 0.9999992 -0.0012602279 -0.016067684 -0.0011377446 0.0012603556 0.99999856 1.0193322
105 0.99999338 -1.1785263e-05 0.0036395641 0.0053653828 1.8689715e-05 0.9999982 -0.0018970266 -0.020467212 -0.0036395352 0.0018970821 0.99999158 1.0211956
106 0.99998311 0.00045265072 0.005794523 0.0069118915 -0.00044618445 0.99999928 -0.0011171717 -0.019505594 -0.0057950245 0.0011145674 0.99998259 1.0288591
107 0.99995902 -5.5585511e-05 0.0090529579 0.012484674 7.3426302e-05 0.99999806 -0.0019703935 -0.015157131 -0.0090528308 0.0019709775 0.99995708 1.0367935
108 0.9999412 0.00030806363 0.010839568 0.016745046 -0.0002876914 0.99999819 -0.0018809415 -0.012283459 -0.010840128 0.0018777124 0.99993948 1.0431172
109 0.99996408 0.00051509629 0.0084598112 0.014097551 -0.00050499755 0.99999916 -0.0011958231 -0.015002297 -0.00846042 0.001191508 0.9999635 1.0508332
110 0.9999891 0.00048197545 0.0046432984 0.0098702393 -0.00048401224 0.99999979 0.00043753804 -0.011498882 -0.0046430866 -0.00043978069 0.99998912 1.0511074
111 0.99999764 0.00039885874 0.0021378211 0.0050502214 -0.00039956444 0.99999987 0.00032968485 -0.011265254 -0.0021376893 -0.00033053827 0.99999766 1.0559753
112 0.99999828 0.00071136489 0.0017136137 0.00079440996 -0.0007125193 0.99999952 0.00067315122 -0.013406517 -0.001713134 -0.00067437104 0.99999831 1.0582542
113 0.99999771 0.00086002266 0.0019602377 0.0029374804 -0.00086043381 0.99999961 0.00020890735 -0.00971052 -0.0019600572 -0.00021059353 0.99999806 1.0575612
114 0.99999892 0.00016395496 0.0014626846 0.0049531032 -0.00016413897 0.99999998 0.00012568496 -0.0088518875 -0.0014626639 -0.00012592491 0.99999892 1.0421524
115 0.99999567 0.00041473593 0.0029133927 0.0032155331 -0.00041404787 0.99999989 -0.00023676848 -0.015432407 -0.0029134906 0.00023556117 0.99999573 1.0436566
116 0.99999867 0.00039391798 0.00158459 0.00055499199 -0.00039399669 0.99999992 4.9360994e-05 -0.015337595 -0.0015845704 -4.9985252e-05 0.99999874 1.0473643
117 0.9999998 -0.00026905507 0.00056994852 -0.0009377563 0.00026916326 0.99999995 -0.00018976345 -0.018846364 -0.00056989743 0.00018991682 0.99999982 1.0631109
118 0.99999922 0.00044328569 0.0011641742 -0.0012830111 -0.00044288989 0.99999984 -0.00034021533 -0.016790316 -0.0011643249 0.00033969947 0.99999926 1.0852721
119 0.99999773 -2.2317724e-05 0.0021311232 0.0011772656 2.3310031e-05 0.99999989 -0.0004656027 -0.014634783 -0.0021311126 0.00046565132 0.99999762 1.0944781
120 0.99999594 -0.00010994441 0.0028464888 0.00321382 0.00011244905 0.99999961 -0.00087976136 -0.015640783 -0.002846391 0.00088007787 0.99999556 1.0983987
121 0.99999518 0.00022934463 0.0030976227 0.0037700774 -0.00022627794 0.99999948 -0.00099032989 -0.016388596 -0.0030978482 0.00098962419 0.99999471 1.102935
122 0.99998967 0.00041835469 0.0045267847 0.012341263 -0.00042108108 0.99999973 0.00060134275 -0.011629258 -0.0045265319 -0.00060324268 0.99998957 1.1070637
123 0.99999518 -0.00031966626 0.0030874857 0.017102517 0.00031661096 0.99999946 0.0009900128 -0.0087305516 -0.0030878005 -0.0009890305 0.99999474 1.1085444
124 0.99999748 -0.0018409036 0.0012883774 0.023170761 0.0018392519 0.99999749 0.0012820085 -0.0071109989 -0.0012907342 -0.0012796356 0.99999835 1.1098218
125 0.99999463 -0.0031177898 0.001014443 0.022519241 0.003118725 0.99999471 -0.00092167934 -0.0079170187 -0.001011564 0.00092483816 0.99999906 1.1115618
126 0.99999805 -0.0018490466 -0.00069569072 0.0094662977 0.0018489106 0.99999827 -0.00019603842 -0.012122002 0.000696052 0.00019475176 0.99999974 1.1239702
127 0.999995 0.00058528078 0.0031062631 0.005157635 -0.00058167111 0.99999915 -0.0011628362 -0.014759563 -0.003106941 0.0011610235 0.9999945 1.1215582
128 0.99999919 -0.00011430237 0.0012650153 0.0012062494 0.00011503989 0.99999982 -0.00058295273 -0.017549514 -0.0012649485 0.00058309779 0.99999903 1.1226613
129 0.99999571 0.0012186618 0.0026647289 0.0013097299 -0.0012182172 0.99999924 -0.00016846506 -0.014401923 -0.0026649322 0.00016521812 0.99999644 1.1127949
130 0.99999751 0.0011961018 0.0018844423 0.0055773302 -0.0011964213 0.99999927 0.00016841714 -0.0059941196 -0.0018842394 -0.00017067131 0.99999821 1.1178339
131 0.99999889 0.0011103244 0.0009889682 0.0048161354 -0.0011110361 0.99999912 0.00071942335 -0.0046102632 -0.00098816854 -0.00072052133 0.99999925 1.1289717
132 0.99999763 0.0021676546 0.00017924317 -0.00034248667 -0.0021675933 0.99999759 -0.00034142859 -0.0080993841 -0.00017998283 0.00034103925 0.99999993 1.1433967
133 0.99999544 0.0017598724 0.0024560439 0.0049289996 -0.0017564617 0.99999749 -0.0013901555 -0.0076516136 -0.0024584842 0.0013858352 0.99999602 1.1463371
134 0.99998933 0.0013749303 0.004410219 0.0072561388 -0.0013675004 0.99999764 -0.001687282 -0.0077396183 -0.0044125285 0.0016812331 0.99998885 1.126243
135 0.99999066 0.0013351502 0.0041112878 0.010415312 -0.0013388014 0.99999871 0.00088546355 -0.0090439726 -0.0041101003 -0.00089095948 0.99999116 1.1381722
136 0.9999974 0.0018579403 0.0013208253 0.0016825316 -0.0018594074 0.99999765 0.0011103752 -0.010227878 -0.0013187592 -0.0011128282 0.99999851 1.1544721
137 0.99999822 0.0018880548 4.1692217e-05 -0.0045682161 -0.0018880443 0.99999819 -0.00024972727 -0.012477113 -4.216364e-05 0.00024964811 0.99999997 1.155593
138 0.99999932 0.0010320616 0.00054067191 -0.0017581838 -0.0010313445 0.99999859 -0.0013248002 -0.0090892547 -0.00054203842 0.0013242417 0.99999898 1.145454
139 0.99999879 0.0013354285 -0.0007969431 -0.0064394687 -0.0013358545 0.99999896 -0.00053433939 -0.011799452 0.00079622871 0.00053540335 0.99999954 1.1421553
140 0.99999859 0.0011416396 0.001230343 -0.00030435568 -0.0011413796 0.99999933 -0.00021200511 -0.0069780989 -0.0012305842 0.00021060052 0.99999922 1.1707199
141 0.99999816 0.0019069286 -0.00018624419 -0.00080828671 -0.0019068351 0.99999806 0.00050092794 -0.008229617 0.00018719906 -0.00050057188 0.99999986 1.1550332
142 0.99999757 0.001808628 -0.0012583958 -0.0072013601 -0.0018080829 0.99999827 0.00043412179 -0.016350269 0.0012591788 -0.00043184545 0.99999911 1.1598542
143 0.99999772 0.0018512643 -0.0010671628 -0.0031366251 -0.0018505327 0.99999805 0.00068615149 -0.0111298 0.001068431 -0.00068417511 0.9999992 1.1722711
144 0.99999998 0.00017018505 3.2444403e-05 0.0010379047 -0.00017020722 0.99999975 0.00068441549 -0.010806169 -3.2327918e-05 -0.00068442101 0.99999977 1.1595253
145 0.99999966 7.374552e-05 -0.00082734471 0.0031893536 -7.3395479e-05 0.99999991 0.00042311273 -0.010686629 0.00082737584 -0.00042305186 0.99999957 1.1926754
146 0.99999963 0.0008169535 0.00026042621 0.0062822737 -0.00081702698 0.99999963 0.00028216884 -0.0079094531 -0.00026019559 -0.00028238151 0.99999993 1.2057724
147 0.99999954 0.00067101282 -0.00068977032 0.006813593 -0.00067027845 0.99999921 0.0010643459 -0.0078805398 0.00069048396 -0.0010638831 0.9999992 1.2135524
148 0.9999999 2.0203878e-05 -0.0004562868 0.0071853208 -1.9695639e-05 0.99999938 0.0011138364 -0.0097997043 0.00045630902 -0.0011138273 0.99999928 1.2168805
149 0.99999566 0.00072431815 -0.0028552923 0.0074281299 -0.00071940164 0.99999826 0.0017225434 -0.00054229633 0.002856535 -0.0017204818 0.99999444 1.2164732
150 0.99999554 0.0016308345 -0.002500977 0.0020442421 -0.0016297515 0.99999858 0.00043498446 -0.003440484 0.0025016829 -0.00043090655 0.99999678 1.2415616
151 0.99999861 0.00083137834 -0.001442059 0.0022505428 -0.00083176408 0.99999962 -0.00026691445 -0.0073887362 0.0014418366 0.00026811354 0.99999892 1.2428539
152 0.99999774 0.0016799235 -0.0013049183 -0.0061722505 -0.0016802855 0.99999855 -0.00027636796 -0.0081974302 0.0013044522 0.00027855997 0.99999911 1.2280217
153 0.99999707 0.0020552242 0.0012821695 -0.0061373026 -0.0020557237 0.99999781 0.0003884338 -0.012648566 -0.0012813683 -0.00039106845 0.9999991 1.2386436
154 0.99999811 0.0016788672 0.00097963443 -0.0049115651 -0.001678925 0.99999859 5.8241764e-05 -0.010340741 -0.00097953527 -5.9886386e-05 0.99999952 1.2423787
155 0.9999989 0.0013473287 0.00062684904 -0.0078601823 -0.0013467366 0.99999865 -0.0009439434 -0.013114014 -0.00062811999 0.00094309816 0.99999936 1.2443854
156 0.99999834 0.0018197528 0.00010636818 -0.0049205686 -0.0018197143 0.99999828 -0.00036108359 -0.009465746 -0.00010702508 0.00036088943 0.99999993 1.258694
157 0.99999647 0.0026405364 0.00027891357 -0.0071131785 -0.0026405916 0.99999649 0.00019778267 -0.010267937 -0.00027839034 -0.00019851847 0.99999994 1.2517565
158 0.99999761 0.0020305288 0.00081155942 -0.0051436618 -0.0020310177 0.99999776 0.00060202198 -0.010314052 -0.00081033517 -0.00060366883 0.99999949 1.2578144
159 0.99999713 0.0016862719 0.0016991642 -0.0025465005 -0.0016869353 0.9999985 0.00038908597 -0.011367095 -0.0016985056 -0.00039195124 0.99999848 1.259665
160 0.99999357 0.0027160187 0.0023428919 -0.0049229453 -0.0027170422 0.99999621 0.00043374628 -0.012207881 -0.002341705 -0.00044010923 0.99999716 1.2589179
161 0.99999602 0.0020667553 0.001922577 -0.0043204453 -0.002068792 0.9999973 0.0010579888 -0.014398267 -0.0019203852 -0.001061962 0.99999759 1.2470934
162 0.99999234 0.0024174727 0.0030792161 -0.0050130899 -0.0024185699 0.99999701 0.00035264601 -0.015864098 -0.0030783544 -0.00036009061 0.9999952 1.2321043
163 0.99998106 0.0037397516 0.0048884573 -0.0050206212 -0.003734173 0.99999237 -0.0011497943 -0.012129352 -0.0048927199 0.0011315182 0.99998739 1.2357129
164 0.99996883 0.0024440679 0.0075075659 0.0036899393 -0.0024357084 0.9999964 -0.0011224178 -0.010458024 -0.0075102822 0.0011040966 0.99997119 1.2299734
165 0.99995303 0.0013278994 0.0096012452 0.0069390339 -0.0013215082 0.9999989 -0.00067198108 -0.01540157 -0.0096021269 0.00065926139 0.99995368 1.2429373
166 0.99996105 0.00037167128 0.0088184869 0.0098853882 -0.00037971894 0.99999951 0.00091093201 -0.017927806 -0.0088181441 -0.00091424507 0.9999607 1.239617
167 0.99993663 -0.00010994054 0.011256901 0.017966037 9.4074126e-05 0.999999 0.0014100029 -0.02278719 -0.011257044 -0.0014088546 0.99993564 1.2121954
168 0.99993072 0.00032907047 0.011766627 0.016272814 -0.0003353258 0.9999998 0.00052964736 -0.021793392 -0.011766451 -0.00053355631 0.99993063 1.2061156
169 0.99988976 0.0013920809 0.014782915 0.016364969 -0.0013953926 0.999999 0.00021370921 -0.016828269 -0.014782603 -0.00023431362 0.9998907 1.2263463
170 0.99989246 -0.0010673953 0.014626249 0.019149449 0.0010657836 0.99999943 0.00011798348 -0.017208234 -0.014626366 -0.00010238238 0.99989302 1.2334118
171 0.99987278 -5.0820026e-05 0.015950648 0.017974586 7.9164305e-05 0.99999842 -0.0017763722 -0.016943421 -0.015950533 0.0017774089 0.9998712 1.2209456
172 0.99981897 0.00055421789 0.019018934 0.021301758 -0.0005250457 0.99999868 -0.001538809 -0.021094201 -0.019019762 0.0015285446 0.99981794 1.1997211
173 0.99980578 0.0041544202 0.019265305 0.011626752 -0.0041502766 0.99999136 -0.00025506048 -0.022293652 -0.019266198 0.0001750546 0.99981437 1.1896551
174 0.99984688 0.003674698 0.017108794 0.012136584 -0.003676352 0.99999324 6.5222052e-05 -0.014122164 -0.017108439 -0.00012811001 0.99985363 1.2146222
175 0.99981656 0.0047901998 0.01854436 0.010563016 -0.0047775755 0.99998832 -0.0007250067 -0.011875666 -0.018547617 0.00063627663 0.99982778 1.2122705
176 0.99982912 0.0026426374 0.018295883 0.014928423 -0.0026299732 0.99999629 -0.00071621243 -0.014167897 -0.018297708 0.00066797236 0.99983236 1.2078361
177 0.99980008 0.0031926092 0.01973851 0.016611756 -0.0031819579 0.99999477 -0.00057100513 -0.01278309 -0.01974023 0.00050808386 0.99980501 1.2101802
178 0.99977537 0.0025428501 0.021041463 0.018433185 -0.0025462962 0.99999675 0.00013698572 -0.017391651 -0.021041046 -0.00019053275 0.99977859 1.1951412
179 0.99980593 0.0013520976 0.019653915 0.02211357 -0.0013486965 0.99999907 -0.00018630307 -0.016907671 -0.019654149 0.00015975974 0.99980683 1.1850048
180 0.99979489 0.0020867851 0.020145085 0.020894161 -0.0020706477 0.99999752 -0.00082188279 -0.012894901 -0.020146751 0.00078000083 0.99979673 1.1958772
181 0.99982096 0.0025587462 0.018748567 0.019345046 -0.0025566243 0.99999672 -0.00013714273 -0.011659762 -0.018748857 8.9185133e-05 0.99982422 1.19583
182 0.99980172 0.0028902079 0.019702054 0.018841767 -0.0028819845 0.99999575 -0.00044577019 -0.010233313 -0.019703259 0.00038890078 0.9998058 1.198195
183 0.99978023 0.0023315552 0.020833864 0.019631589 -0.0023324172 0.99999728 1.7075475e-05 -0.015196385 -0.020833768 -6.5664986e-05 0.99978295 1.1938412
184 0.99980273 0.0025210612 0.019701369 0.016868798 -0.0025186383 0.99999682 -0.00014779112 -0.016118597 -0.019701679 9.8141342e-05 0.9998059 1.1871594
185 0.99979918 0.0022443844 0.01991409 0.017094564 -0.0022443214 0.99999748 -2.5510327e-05 -0.016579837 -0.019914097 -1.9188415e-05 0.99980169 1.1839301
186 0.99981459 0.001851606 0.019166412 0.016411719 -0.001841798 0.99999816 -0.00052936865 -0.017774536 -0.019167357 0.00049396985 0.99981617 1.1833154
187 0.99980845 0.0027369667 0.01937964 0.01722641 -0.0027226611 0.999996 -0.00076451986 -0.010623902 -0.019381655 0.00071160923 0.9998119 1.2003747
188 0.9997813 0.0032881897 0.020652716 0.017618965 -0.0032669409 0.9999941 -0.0010625202 -0.0075947572 -0.020656087 0.00099481664 0.99978615 1.2092512
189 0.99974516 0.0044539694 0.022130942 0.016406809 -0.0044221659 0.99998912 -0.0014857888 -0.0055444722 -0.022137319 0.0013875435 0.99975398 1.2184824
190 0.99971234 0.0037561466 0.023688281 0.018451386 -0.0037510217 0.99999293 -0.00026077842 -0.011900842 -0.023689093 0.00017184815 0.99971936 1.2101529
191 0.99972187 0.0040851329 0.023227025 0.016524734 -0.0040659063 0.99999135 -0.00087493502 -0.0095399938 -0.023230398 0.00078025277 0.99972983 1.2206257
192 0.99970784 0.0034777913 0.023919506 0.018153969 -0.0034767855 0.99999395 -8.3639171e-05 -0.0098711624 -0.023919652 4.5174407e-07 0.99971388 1.2143469
193 0.99973301 0.0040503863 0.022748616 0.015961805 -0.0040304524 0.99999145 -0.00092205322 -0.0089237141 -0.022752156 0.00083011983 0.99974079 1.2243682
194 0.99977947 0.0036287853 0.020684583 0.01510253 -0.0036180194 0.9999933 -0.00055788251 -0.013230227 -0.020686469 0.00048292225 0.9997859 1.2341643
195 0.99978023 0.005487376 0.020233278 0.011906764 -0.0054830806 0.99998493 -0.00026776264 -0.0090400278 -0.020234442 0.0001567631 0.99979525 1.2395827
196 0.99980406 0.0032463305 0.019526952 0.012854164 -0.0032578825 0.99999454 0.00055981007 -0.010753455 -0.019525028 -0.0006233169 0.99980917 1.2528824
197 0.99980103 0.0035266184 0.019633222 0.012819526 -0.0035307607 0.99999375 0.0001763256 -0.011531215 -0.019632478 -0.00024561072 0.99980723 1.2584754
198 0.99979497 0.004624315 0.019713553 0.013537929 -0.0046120716 0.99998914 -0.00066648544 -0.0061812896 -0.019716421 0.00057542847 0.99980545 1.2648165
199 0.99978143 0.0038778326 0.020544023 0.014270299 -0.0038480539 0.99999149 -0.0014888388 -0.0063607112 -0.020549622 0.0014094589 0.99978784 1.2539219
200 0.99975637 0.0043546205 0.021638919 0.0144851 -0.0043208909 0.99998938 -0.0016052551 -0.0058657515 -0.02164568 0.0015113646 0.99976456 1.2572295
201 0.99974982 0.0041108937 0.021986299 0.016046366 -0.0040738044 0.9999902 -0.001731451 -0.0051783989 -0.021993202 0.0016414499 0.99975677 1.2624835
202 0.99971428 0.0048690848 0.023401885 0.016752265 -0.0048522581 0.99998793 -0.0007757622 -0.006464129 -0.02340538 0.00066198857 0.99972584 1.2659071
203 0.99971875 0.0042758984 0.023326558 0.016295896 -0.0042515448 0.99999036 -0.0010935194 -0.011823918 -0.023331009 0.00099403795 0.9997273 1.2682797
204 0.99972258 0.0041530569 0.023184279 0.018746325 -0.0041295454 0.99999091 -0.0010618989 -0.011640776 -0.023188479 0.00096586382 0.99973064 1.2617177
205 0.99973436 0.0041737448 0.022667007 0.016709488 -0.0041378835 0.99999011 -0.0016287669 -0.012102629 -0.022673581 0.0015345408 0.99974174 1.2638781
206 0.99978421 0.0048239265 0.02020538 0.012027569 -0.0048440493 0.99998782 0.00094708712 -0.010905217 -0.020200565 -0.0010447586 0.9997954 1.2862922
207 0.99984136 0.0014778926 0.017750128 0.01448278 -0.0014897151 0.99999868 0.00065284434 -0.015208577 -0.01774914 -0.00067918341 0.99984224 1.3045952
208 0.99989768 0.0019966092 0.01416463 0.0085682242 -0.0020134356 0.99999728 0.00117376 -0.018114243 -0.014162248 -0.0012021595 0.99989899 1.3091242
209 0.99992038 -0.00017123466 0.012617985 0.0078370845 0.0001689606 0.99999997 0.00018128995 -0.021541509 -0.012618015 -0.00017914357 0.99992037 1.3049689
210 0.99992222 0.0020519225 0.012301865 0.0053572515 -0.0020576261 0.99999778 0.00045099647 -0.017010866 -0.012300913 -0.00047627404 0.99992423 1.2952264
211 0.99990128 0.0020462893 0.013901522 0.0055312062 -0.0020260731 0.99999687 -0.0014681703 -0.016544202 -0.013904482 0.0014398598 0.99990229 1.2905037
212 0.99986733 0.0018766935 0.016180386 0.011005619 -0.0018615891 0.99999782 -0.00094851004 -0.017225498 -0.01618213 0.00091826297 0.99986864 1.290999
213 0.99989468 0.0010408699 0.014475941 0.010447119 -0.0010392186 0.99999945 -0.00012159248 -0.015851541 -0.01447606 0.00010653601 0.99989521 1.2854662
214 0.99990642 0.0031918017 0.013302622 0.0058203007 -0.0032016538 0.99999462 0.00071938442 -0.013495793 -0.013300254 -0.00076190749 0.99991126 1.2935065
215 0.99991989 -8.9243643e-05 0.012656883 0.01048519 9.9112238e-05 0.99999969 -0.00077907679 -0.014973431 -0.012656809 0.00078026883 0.99991959 1.2991404
216 0.99990568 0.0048377711 0.012854377 0.0023931303 -0.0048353204 0.99998829 -0.00022172509 -0.013391035 -0.012855299 0.00015954914 0.99991735 1.2933675
217 0.99984799 0.0051577318 0.016654887 0.0056086417 -0.0051298644 0.99998537 -0.0017155156 -0.011178615 -0.016663491 0.0016298175 0.99985983 1.2783922
218 0.9997834 0.0025073578 0.020660847 0.015940741 -0.0025138264 0.9999968 0.00028711864 -0.017129195 -0.020660061 -0.00033899423 0.9997865 1.2793441
219 0.99982098 0.0019318642 0.018822197 0.013957968 -0.0019258872 0.99999809 -0.00033566876 -0.014468937 -0.018822809 0.00029935924 0.99982279 1.2786507
220 0.99982252 0.0030942625 0.018583447 0.011288441 -0.0030974128 0.99999519 0.00014074546 -0.012254637 -0.018582922 -0.00019828109 0.9998273 1.2709039
221 0.99981552 0.0037296505 0.018841772 0.0093419317 -0.0037335824 0.99999302 0.00017350719 -0.012732354 -0.018840993 -0.00024382249 0.99982246 1.2729322
222 0.99983997 0.0043194209 0.017360198 0.0082361936 -0.004319265 0.99999067 -4.6475843e-05 -0.0077570384 -0.017360237 -2.8514889e-05 0.9998493 1.2879392
223 0.99989095 0.0027607707 0.014507244 0.0071943421 -0.0027891954 0.99999423 0.0019394753 -0.0096873122 -0.014501806 -0.0019797273 0.99989288 1.2984116
224 0.99991322 0.00095206669 0.013139651 0.0092354737 -0.00096089748 0.99999932 0.00066577502 -0.014474399 -0.013139008 -0.0006783431 0.99991345 1.2936446
225 0.99996469 0.00049485465 0.0083893852 0.0068664673 -0.00050084946 0.99999962 0.00071248601 -0.013172103 -0.0083890295 -0.00071666267 0.99996455 1.2951786
226 0.99997678 0.00028892429 0.0068082683 0.0042406178 -0.00028632098 0.99999989 -0.00038334571 -0.012624463 -0.0068083783 0.00038138746 0.99997675 1.2942938
227 0.99996455 0.0024641143 0.0080511153 0.0042891465 -0.0024591369 0.99999678 -0.00062806206 -0.013374432 -0.008052637 0.000608241 0.99996739 1.2824063
228 0.9999828 0.0030330185 0.0050203869 0.001511727 -0.0030315379 0.99999536 -0.00030251165 -0.012409712 -0.0050212811 0.00028728695 0.99998735 1.291014
229 0.99998385 0.0018084272 0.0053879892 0.0085041558 -0.0018104741 0.99999829 0.00037504625 -0.0093142212 -0.0053873017 -0.00038479501 0.99998541 1.2897643
230 0.99998177 0.0016525044 0.0058082803 0.012085504 -0.0016470316 0.9999982 -0.00094689895 -0.0072578322 -0.0058098346 0.00093731526 0.99998268 1.2859207
231 0.99998854 0.0019771531 0.0043595633 0.012097549 -0.0019786665 0.99999798 0.00034286454 -0.006050626 -0.0043588766 -0.00035148673 0.99999044 1.2842009
232 0.99998924 0.0013314921 0.0044431222 0.013858864 -0.00133206 0.99999911 0.00012485432 -0.0039537435 -0.0044429519 -0.00013077148 0.99999012 1.2852075
233 0.99999532 0.00053166122 0.0030127588 0.014691959 -0.00053215543 0.99999985 0.00016324212 -0.0069807371 -0.0030126716 -0.00016484461 0.99999545 1.2875635
234 0.99999728 -0.00043406414 0.0022914302 0.012597495 0.0004340682 0.99999991 -1.2745104e-06 -0.011936573 -0.0022914294 2.2691439e-06 0.99999737 1.2782236
235 0.99999448 0.00064674572 0.0032580967 0.012570645 -0.00064673666 0.99999979 -3.8322527e-06 -0.012646026 -0.0032580985 1.7251009e-06 0.99999469 1.2727881
236 0.9999982 -0.00017093986 0.0018916858 0.011898272 0.00017099519 0.99999998 -2.9087804e-05 -0.014244139 -0.0018916808 2.9411221e-05 0.99999821 1.2834094
237 0.99999457 -0.00065763078 0.0032306789 0.0089292418 0.00065721521 0.99999978 0.00012969039 -0.018301713 -0.0032307634 -0.00012756643 0.99999477 1.2869271
238 0.99999768 -0.00060598775 0.0020664361 0.010457628 0.00060586386 0.99999981 6.0582878e-05 -0.017596612 -0.0020664724 -5.9330758e-05 0.99999786 1.2705438
239 0.99999837 0.0013758542 0.0011727596 0.0036298901 -0.0013764694 0.99999892 0.00052390593 -0.015795545 -0.0011720375 -0.00052551934 0.99999918 1.2552556
240 0.99999946 0.00015490788 -0.0010316491 0.0033393349 -0.00015462216 0.99999995 0.00027703118 -0.013571518 0.001031692 -0.00027687151 0.99999943 1.2587854
241 0.99999228 0.00053022329 -0.0038942366 0.002676005 -0.0005290891 0.99999982 0.000292273 -0.009511724 0.0038943909 -0.00029021035 0.99999237 1.2563635
242 0.99998639 -0.00051707263 -0.0051922037 0.0015686613 0.00051759321 0.99999986 9.8918706e-05 -0.014813334 0.0051921519 -0.00010160481 0.99998652 1.270118
243 0.99998928 0.00023339748 -0.0046239649 -0.0029498669 -0.00022744334 0.99999914 0.0012881537 -0.019231643 0.0046242616 -0.0012870882 0.99998848 1.2589216
244 0.99998256 0.0011710449 -0.0057879601 -0.0068236795 -0.0011671687 0.99999909 0.0006730263 -0.018224365 0.005788743 -0.00066625904 0.99998302 1.2612099
245 0.99998694 0.00020423672 -0.0051057311 -0.0065153016 -0.00020053837 0.99999972 0.00072485447 -0.018634144 0.0051058777 -0.00072382112 0.9999867 1.2701367
246 0.99997931 -1.0003576e-06 -0.0064328066 -0.0048289409 4.5544067e-06 0.99999985 0.00055247348 -0.017775617 0.0064328051 -0.00055249134 0.99997916 1.2632251
247 0.99998146 0.00018071392 -0.0060859709 0.0012491635 -0.00017398044 0.99999937 0.0011069046 -0.013763716 0.0060861671 -0.0011058253 0.99998087 1.2593035
248 0.99998261 0.00032925373 -0.0058879497 -0.0060326712 -0.00033028961 0.99999993 -0.0001749608 -0.021879627 0.0058878917 0.00017690249 0.99998265 1.2741062
249 0.99998159 -4.266107e-05 -0.0060670374 -0.0051810249 4.7285175e-05 0.99999971 0.00076202716 -0.019568967 0.0060670031 -0.00076230002 0.99998131 1.2785836
250 0.99997136 -0.00038922537 -0.0075576847 -0.0093871639 0.00039257852 0.99999983 0.00044219651 -0.018626238 0.0075575113 -0.00044515083 0.99997134 1.2892904
251 0.99998337 -0.00051335252 -0.0057442615 -0.0080435572 0.00050895248 0.99999958 -0.00076742433 -0.025513698 0.005744653 0.00076448801 0.99998321 1.2894391
252 0.99998683 0.0006660991 -0.0050888016 -0.0076595133 -0.00066678332 0.99999977 -0.00013276016 -0.022500409 0.005088712 0.00013615154 0.99998704 1.2552266
253 0.9999876 0.00037518625 -0.0049662552 -0.0092206051 -0.00037179749 0.9999997 0.00068326125 -0.02788199 0.00496651 -0.00068140634 0.99998743 1.2654575
254 0.99997433 -0.00070396055 -0.007130341 -0.0083146154 0.00071349092 0.99999886 0.0013341383 -0.025057869 0.0071293936 -0.0013391914 0.99997369 1.2637995
255 0.99995554 -0.0010062006 -0.0093761801 -0.0059624842 0.0010216061 0.99999814 0.0016384017 -0.020558978 0.009374514 -0.0016479076 0.9999547 1.2548455
256 0.99994761 -0.0011838145 -0.01016723 -0.0052053735 0.0011988073 0.9999982 0.001468656 -0.022985098 0.010165473 -0.0014807676 0.99994723 1.2551049
257 0.99988745 -0.0013154251 -0.014945348 -0.0088398634 0.0013312293 0.99999857 0.0010475683 -0.016131125 0.014943949 -0.0010673461 0.99988776 1.2458547
258 0.99984801 -0.0014147117 -0.017376668 -0.01229979 0.0014262759 0.99999877 0.00065312762 -0.015618857 0.017375722 -0.00067781228 0.9998488 1.2402714
259 0.99982726 -0.0015913745 -0.018517894 -0.013384376 0.0015957766 0.9999987 0.00022294528 -0.014297478 0.018517515 -0.00025245719 0.9998285 1.2403493
260 0.99979216 -0.0014683691 -0.020334016 -0.015493118 0.0014674433 0.99999892 -6.0453047e-05 -0.011559416 0.020334083 3.0601467e-05 0.99979324 1.23675
261 0.99979019 -0.0016433659 -0.020417527 -0.013811563 0.0016482296 0.99999862 0.00022138384 -0.012766766 0.020417135 -0.00025499016 0.99979152 1.2368927
262 0.99975696 -0.0017492574 -0.021976363 -0.014604811 0.0017685512 0.99999807 0.00085852971 -0.0093719283 0.021974819 -0.00089718737 0.99975812 1.2290204
