4 0.99999171 -0.0037635597 -0.0015650706 0.0036076697 0.0037652035 0.9999923 0.0010482345 -0.10252224 0.0015611139 -0.0010541178 0.99999826 6.2106367
5 0.99999427 -0.0033827721 -0.00022425833 0.00090178474 0.0033831168 0.99999301 0.0015517168 -0.12390948 0.00021900803 -0.0015524657 0.99999881 7.1512336
6 0.99999209 -0.0036558228 0.0015732107 0.00087874516 0.0036537355 0.99999238 0.0013279993 -0.14954465 -0.0015780535 -0.0013222399 0.99999792 8.0883341
7 0.99998777 -0.0028806951 0.0040230979 0.0025261595 0.0028757032 0.99999503 0.0012462211 -0.17578463 -0.0040266678 -0.0012346358 0.99999117 9.0102922
8 0.99997885 -0.0026845685 0.0059257351 0.0049210219 0.00267838 0.9999958 0.0010521517 -0.19807794 -0.0059285349 -0.0010362572 0.99998193 9.9192713
9 0.99998255 -0.0019171749 0.0055902352 0.0054296784 0.0019135069 0.99999789 0.00066157066 -0.21639601 -0.0055914919 -0.00065086126 0.99998419 10.833907
10 0.99998976 -0.0010602239 0.0044040306 0.0052791356 0.0010558321 0.99999888 0.0009996229 -0.23580886 -0.0044050855 -0.00099496187 0.99998984 11.747973
11 0.99999641 -0.00077083718 0.0025736596 0.003697485 0.00076771174 0.99999891 0.0012154962 -0.25207556 -0.0025745936 -0.0012135151 0.99999599 12.687309
12 0.99999523 0.00026126819 0.0030810889 0.0015856482 -0.00026416568 0.99999946 0.00094034614 -0.27245356 -0.0030808414 -0.0009411547 0.99999485 13.63911
13 0.99998992 0.00083817152 0.0044155134 0.0021702078 -0.0008404619 0.99999945 0.00051710362 -0.29709924 -0.0044150776 -0.00052080856 0.99999016 14.585848
14 0.99998924 0.00093580514 0.0045461078 0.0041032367 -0.00093669233 0.99999948 0.00019324527 -0.31731272 -0.0045459247 -0.00019750056 0.99998969 15.510151
15 0.99998945 0.00012333146 0.0045953241 0.0082373563 -0.00012175157 0.99999987 -0.00034388029 -0.33782774 -0.004595366 0.00034331816 0.99998942 16.40561
16 0.99998069 -0.00025750644 0.0062122871 0.013514882 0.0002630343 0.99999951 -0.0008888812 -0.35562037 -0.0062120554 0.0008904991 0.99998035 17.300484
17 0.99996922 -0.00035542474 0.0078395069 0.019518193 0.00036434914 0.99999923 -0.0011368753 -0.37319137 -0.0078390971 0.0011396977 0.99996866 18.18903
18 0.99994984 -0.00037943805 0.010010031 0.027011603 0.0003925461 0.99999901 -0.0013074702 -0.39272923 -0.010009525 0.0013113351 0.99994908 19.080838
19 0.99993426 1.4400644e-05 0.01146793 0.035423321 1.7583902e-06 0.99999895 -0.0014089713 -0.41112646 -0.011467939 0.0014088999 0.99993329 19.992427
20 0.99992608 0.0015329469 0.012062564 0.041862694 -0.0015207743 0.99999827 -0.00101814 -0.43236857 -0.012064104 0.00099972133 0.99992676 20.900919
21 0.99992994 0.0031316735 0.011416823 0.047502361 -0.0031253485 0.99999489 -0.00057171082 -0.45325455 -0.011418555 0.00053599022 0.9999347 21.804333
22 0.99992044 0.0038572141 0.012010769 0.052617445 -0.0038552137 0.99999249 -0.00018960227 -0.47679081 -0.01201141 0.00014328407 0.99992789 22.68944
23 0.99993121 0.0041760631 0.01096209 0.056716086 -0.0041751737 0.99999122 -0.00010390474 -0.49735297 -0.010962428 5.8129925e-05 0.99993995 23.555721
24 0.99991837 0.0039399343 0.012155418 0.06556463 -0.0039375437 0.99999216 -0.00022049874 -0.51836088 -0.012156192 0.00017261922 0.99992613 24.426818
25 0.99989388 0.0045155845 0.013851403 0.074378925 -0.0045085609 0.99998963 -0.00053816754 -0.53942543 -0.01385369 0.00047566153 0.99990396 25.282748
26 0.9998697 0.0050274521 0.015340484 0.086357446 -0.0050153786 0.99998702 -0.00082531961 -0.55973631 -0.015344435 0.00074827476 0.99988203 26.145873
27 0.99981379 0.0055658757 0.018478029 0.10075156 -0.0055577725 0.99998438 -0.00048978136 -0.58119083 -0.018480468 0.00038699447 0.99982919 27.012011
28 0.99975309 0.005733533 0.02146875 0.11813329 -0.0057270975 0.99998348 -0.00036117238 -0.60392826 -0.021470468 0.00023813056 0.99976949 27.877601
29 0.99969992 0.0058514191 0.023787738 0.1376111 -0.0058482549 0.99998282 -0.00020252971 -0.62399042 -0.023788516 6.3353144e-05 0.99971705 28.739853
30 0.99964902 0.0072682376 0.025476301 0.15065235 -0.0072844228 0.99997326 0.000542611 -0.64432176 -0.025471678 -0.0007279998 0.99967532 29.57277
31 0.99963862 0.0089430596 0.025350963 0.16255517 -0.0089639156 0.99995951 0.00070922983 -0.66437866 -0.025343595 -0.00093621655 0.9996784 30.383048
32 0.99966849 0.01098004 0.023289193 0.16931261 -0.011000171 0.99993917 0.00073655476 -0.67756498 -0.023279691 -0.00099249483 0.99972854 31.145209
33 0.9996847 0.011845427 0.022140682 0.17757624 -0.011855249 0.99992962 0.00031251232 -0.68992561 -0.022135423 -0.00057489617 0.99975485 31.886305
34 0.99972152 0.013151786 0.019594643 0.18833341 -0.0131457 0.99991344 -0.00043927208 -0.69471465 -0.019598726 0.00018156542 0.99980795 32.61787
35 0.99973516 0.013767633 0.018441404 0.20025129 -0.013779159 0.99990488 0.00049818969 -0.70040422 -0.018432792 -0.00075216389 0.99982986 33.357414
36 0.99971087 0.014172689 0.019425405 0.2142798 -0.014208796 0.99989751 0.0017220384 -0.70894794 -0.01939901 -0.0019975513 0.99980986 34.106626
37 0.99970535 0.014832435 0.019215784 0.22553095 -0.014881309 0.99988632 0.0024030732 -0.71909556 -0.019177958 -0.0026883205 0.99981251 34.840649
38 0.99972052 0.015686489 0.017687406 0.23332324 -0.015733633 0.99987296 0.0025295187 -0.7338343 -0.017645481 -0.0028070982 0.9998404 35.552892
39 0.99974069 0.016305757 0.015896529 0.23889854 -0.016351797 0.9998624 0.0027706897 -0.74737526 -0.015849164 -0.0030299074 0.99986984 36.280546
40 0.99973244 0.017506366 0.015119836 0.24221026 -0.017554878 0.99984109 0.0030818992 -0.76776407 -0.015063482 -0.0033465008 0.99988098 37.020057
41 0.99970928 0.01926787 0.014496051 0.24522735 -0.019315116 0.9998085 0.0031264804 -0.78646699 -0.014433036 -0.0034055637 0.99989008 37.740534
42 0.99968762 0.021059276 0.013461341 0.24706536 -0.02109714 0.99977379 0.002677162 -0.79959643 -0.013401917 -0.0029603208 0.99990585 38.438724
43 0.99968398 0.022129023 0.011928028 0.25212925 -0.022168693 0.99974905 0.0032041022 -0.81218485 -0.011854132 -0.0034675177 0.99992376 39.142807
44 0.99971737 0.02237443 0.0080375325 0.25549516 -0.022401746 0.99974346 0.0033251371 -0.81879011 -0.0079610729 -0.0035042513 0.99996221 39.838451
45 0.99971139 0.023433525 0.0052940537 0.25358 -0.023456327 0.99971561 0.0042872845 -0.82808231 -0.0051920821 -0.0044102257 0.99997683 40.523391
46 0.99970273 0.024379887 0.00032321258 0.25016932 -0.024381317 0.99968685 0.0056242671 -0.83754279 -0.00018599205 -0.005630475 0.99998417 41.164525
47 0.99965928 0.026038457 -0.001829237 0.24267513 -0.026030547 0.99965218 0.0042206475 -0.84245595 0.0019385004 -0.0041715928 0.99998946 41.785544
48 0.99961378 0.02779027 0.00014847065 0.23733653 -0.027790658 0.99960247 0.0047396404 -0.84663276 -1.6695422e-05 -0.0047419354 0.9999888 42.410805
49 0.99955984 0.029475636 0.0033677012 0.23353823 -0.029494517 0.99954862 0.0057024837 -0.85119308 -0.0031980967 -0.0057993019 0.99997811 43.020082
50 0.99949472 0.030384335 0.0093338724 0.23766388 -0.030435403 0.9995222 0.0053791467 -0.85836557 -0.0091659714 -0.0056605084 0.99994201 43.611997
51 0.99939906 0.03173365 0.013946849 0.24209254 -0.031815334 0.9994776 0.0056746095 -0.86684952 -0.013759487 -0.0061149227 0.99988667 44.214459
52 0.99930893 0.033479278 0.01615029 0.24585446 -0.033582007 0.99941709 0.0061322793 -0.87188801 -0.015935573 -0.0066704002 0.99985081 44.812511
53 0.99922622 0.03514028 0.017668057 0.25190876 -0.035257526 0.99935791 0.0063690633 -0.87693209 -0.017432903 -0.0069870666 0.99982366 45.399849
54 0.99912369 0.036513749 0.020460616 0.2590683 -0.03665568 0.99930607 0.0066053192 -0.88328252 -0.020205234 -0.0073495283 0.99976888 45.984349
55 0.99898892 0.037877124 0.024217574 0.26742331 -0.038046768 0.99925422 0.0065830339 -0.8899813 -0.023950169 -0.007497778 0.99968508 46.544222
56 0.99884496 0.039013236 0.028048885 0.27970318 -0.039225956 0.99920527 0.007074017 -0.89811759 -0.027750615 -0.0081660903 0.99958156 47.086549
57 0.99869546 0.039979694 0.031765157 0.29541094 -0.040238553 0.9991615 0.0075519651 -0.90778328 -0.031436599 -0.008820297 0.99946687 47.594535
58 0.99846568 0.04109952 0.037109822 0.31341997 -0.041360381 0.99912444 0.0062890969 -0.91678408 -0.036818854 -0.0078143235 0.99929144 48.083943
59 0.99801758 0.042996683 0.045958865 0.33547286 -0.043314802 0.99904371 0.0059481236 -0.92351836 -0.045659168 -0.0079270307 0.99892566 48.578695
60 0.99748856 0.044084913 0.055435733 0.36406371 -0.044488784 0.99899137 0.006072014 -0.93115897 -0.055112139 -0.0085230326 0.99844383 49.063421
61 0.9967199 0.043762328 0.06807595 0.40347912 -0.044129411 0.99901816 0.0038971562 -0.94078176 -0.067838567 -0.0068885243 0.99767257 49.494532
62 0.99597743 0.043267399 0.078466088 0.44621217 -0.043690216 0.99903829 0.0036790697 -0.95172695 -0.078231449 -0.0070924704 0.99691003 49.927599
63 0.99519145 0.043467454 0.087775733 0.48673058 -0.04392243 0.99902957 0.0032577999 -0.96134916 -0.087548952 -0.0070974577 0.99613497 50.303219
64 0.99408798 0.043754149 0.099371501 0.52752307 -0.044198144 0.99902015 0.0022699452 -0.96657634 -0.09917482 -0.0066485607 0.99504785 50.627383
65 0.9934059 0.04526258 0.10533777 0.56506075 -0.045771798 0.99894893 0.0024204951 -0.97014737 -0.10511751 -0.0072260331 0.99443359 50.95041
66 0.9927625 0.04600539 0.11093308 0.60448067 -0.046550024 0.9989132 0.0023232792 -0.97233539 -0.11070565 -0.0074704018 0.9938252 51.275343
67 0.99179949 0.046718526 0.11895874 0.64049161 -0.047300999 0.99887846 0.002076163 -0.97521382 -0.11872834 -0.0076860042 0.99289707 51.559523
68 0.99072903 0.047491915 0.12728131 0.67948998 -0.048050641 0.99884397 0.0013211106 -0.97818721 -0.12707144 -0.007424811 0.99186582 51.847778
69 0.98977232 0.049303442 0.13386546 0.72208725 -0.049605512 0.99876825 -0.0010798019 -0.98316162 -0.13375382 -0.0055717063 0.99099896 52.162962
70 0.98793308 0.051032956 0.14623236 0.76682253 -0.051000466 0.99869066 -0.0039737324 -0.98681602 -0.1462437 -0.0035321363 0.98924233 52.445076
71 0.98591953 0.05316246 0.15854485 0.80924931 -0.052858584 0.9985831 -0.0061359531 -0.99103621 -0.15864643 -0.0023308997 0.98733275 52.734413
72 0.98350638 0.053302185 0.1728413 0.86356922 -0.052613615 0.99857815 -0.0085660632 -0.99534283 -0.17305215 -0.00066902706 0.98491247 53.028079
73 0.98168318 0.054216446 0.18264377 0.91588196 -0.053423327 0.99852893 -0.0092634296 -0.99675763 -0.18287734 -0.00066368413 0.98313555 53.302402
74 0.97881121 0.054143415 0.19747691 0.98062812 -0.053206251 0.99853289 -0.010052334 -0.99830416 -0.19773147 -0.00066766765 0.98025604 53.584474
75 0.97409016 0.054768955 0.21942824 1.0570972 -0.053639698 0.99849854 -0.011105311 -0.99997457 -0.21970702 -0.00095249013 0.97556547 53.85584
76 0.97021107 0.055479574 0.23582308 1.129689 -0.053986458 0.99845971 -0.012788653 -1.0040344 -0.23616937 -0.00032355925 0.97171189 54.105854
77 0.96534299 0.057121849 0.2546567 1.2096318 -0.055275372 0.99836714 -0.014407176 -1.0072904 -0.25506387 -0.00016837684 0.96692423 54.357513
78 0.96121114 0.058232855 0.26959619 1.2868377 -0.055926696 0.99830283 -0.016234129 -1.0096597 -0.27008402 0.00052680229 0.96283665 54.592201
79 0.95770009 0.059083692 0.28163749 1.3637104 -0.056171123 0.99825133 -0.018411199 -1.0135795 -0.28223282 0.0018125143 0.95934427 54.822896
80 0.95422284 0.060170876 0.29298169 1.4414356 -0.0566345 0.99818349 -0.020546132 -1.0175008 -0.29368579 0.003012718 0.9558973 55.049901
81 0.95037769 0.061781094 0.30490222 1.5225517 -0.057722907 0.99808314 -0.022315692 -1.0219002 -0.30569648 0.0036084946 0.95212222 55.280272
82 0.94641559 0.062629093 0.31682038 1.6083418 -0.05785723 0.99802519 -0.024456845 -1.0271198 -0.31772645 0.0048159919 0.94817023 55.50793
83 0.94066879 0.064748169 0.33309148 1.7111715 -0.059407814 0.99788974 -0.026204381 -1.0326611 -0.33408528 0.0048614079 0.94253035 55.760586
84 0.93134502 0.065992207 0.35810823 1.831438 -0.060137794 0.99781185 -0.027474294 -1.0393487 -0.35913775 0.004052209 0.93327581 56.012568
85 0.91979111 0.068150162 0.38644521 1.9661489 -0.061845801 0.9976718 -0.028739587 -1.0445732 -0.38750413 0.0025344038 0.92186453 56.261241
86 0.90319097 0.070623326 0.42338924 2.1313149 -0.063894301 0.99750299 -0.030086315 -1.0544726 -0.42445686 0.00012153028 0.9054482 56.534269
87 0.88338076 0.073453585 0.46286394 2.3112196 -0.066399804 0.99729444 -0.031539595 -1.0617112 -0.46392837 -0.0028726032 0.8858681 56.797787
88 0.86375247 0.075904398 0.49816687 2.496244 -0.068278398 0.99710229 -0.033540595 -1.0719071 -0.49926925 -0.0050432636 0.86643226 57.054456
89 0.84338147 0.078227263 0.53159027 2.6978923 -0.070030992 0.99690945 -0.035596317 -1.0847287 -0.53273201 -0.0072065198 0.84625336 57.326141
90 0.81917626 0.081485952 0.56772381 2.9159165 -0.072929632 0.99661989 -0.037814683 -1.0959112 -0.56888625 -0.010426997 0.82235016 57.595494
91 0.79249898 0.083628593 0.60411229 3.1574941 -0.073781553 0.99642513 -0.04114769 -1.1077983 -0.60539384 -0.011962841 0.7958362 57.864118
92 0.76223025 0.084686481 0.64174237 3.4316442 -0.07260902 0.99633394 -0.045238128 -1.1228052 -0.64322082 -0.012114415 0.76558494 58.139275
93 0.72774572 0.085151844 0.68054049 3.7428833 -0.069896196 0.99630452 -0.049916955 -1.1417194 -0.68227615 -0.011240342 0.7310082 58.422168
94 0.6911479 0.085583873 0.71762804 4.0754057 -0.066899892 0.9962764 -0.054383983 -1.1642687 -0.71961034 -0.010421863 0.69429995 58.695213
95 0.65159754 0.085941938 0.75368074 4.4281641 -0.062712548 0.99626323 -0.059385158 -1.1899602 -0.75596815 -0.0085700169 0.65455236 58.952972
96 0.60967902 0.08644155 0.78792092 4.7945941 -0.057898127 0.99623696 -0.064495041 -1.21849 -0.79053106 -0.0062978716 0.61238963 59.19061
97 0.56688159 0.087082032 0.81918375 5.1765961 -0.05311736 0.99619173 -0.069140953 -1.2500865 -0.82208507 -0.0043181438 0.56934836 59.412122
98 0.52349173 0.087732948 0.84750184 5.5660855 -0.047908264 0.99614174 -0.07352771 -1.2832248 -0.85068283 -0.0021111937 0.52567513 59.610906
99 0.4784823 0.08821866 0.8736545 5.983523 -0.042675445 0.99610102 -0.077210443 -1.3213353 -0.87705961 -0.00033976283 0.48038152 59.800826
100 0.43183026 0.088193333 0.89763277 6.4358595 -0.036505248 0.99610149 -0.080306158 -1.365777 -0.90121588 0.0019103234 0.43336632 59.978516
101 0.37906258 0.088800057 0.9211005 6.8797571 -0.02667718 0.99601992 -0.085044252 -1.4128455 -0.92498646 0.0076647314 0.37992285 60.111771
102 0.32149109 0.088746065 0.94274474 7.3538758 -0.016891823 0.99597747 -0.087996789 -1.46419 -0.94676196 0.012365509 0.32169699 60.221364
103 0.26829104 0.089214132 0.95919799 7.8318752 -0.010474346 0.99591375 -0.08969932 -1.515339 -0.963281 0.014018554 0.26812922 60.310777
104 0.22958218 0.089753641 0.96914206 8.3375694 -0.0072391204 0.99586882 -0.090513953 -1.5680591 -0.9732624 0.013764656 0.22928349 60.399677
105 0.18889311 0.089898494 0.97787406 8.8831959 -0.0029876302 0.99584874 -0.09097384 -1.6285149 -0.98199315 0.014262808 0.18837757 60.474282
106 0.15450384 0.090036636 0.98388109 9.4305957 0.001081747 0.99582285 -0.091299318 -1.6908587 -0.98799163 0.015170408 0.15376107 60.53426
107 0.12446572 0.090014629 0.98813242 10.000152 0.0045211846 0.99581458 -0.091283931 -1.7563902 -0.99221365 0.015829252 0.12353782 60.583701
108 0.10229046 0.088991653 0.99076596 10.581996 0.005941544 0.99591785 -0.090067828 -1.8196724 -0.99473687 0.015099761 0.10134415 60.626227
109 0.084512919 0.0885173 0.99248289 11.187095 0.0073933329 0.99596316 -0.089457262 -1.8839069 -0.99639499 0.014898053 0.083517323 60.663975
110 0.073105201 0.088254873 0.99341167 11.791971 0.0085725508 0.99598446 -0.089114294 -1.9512353 -0.99728743 0.015030793 0.072055081 60.699501
111 0.062486837 0.087809828 0.99417547 12.424514 0.0095423394 0.99602393 -0.088572855 -2.0176211 -0.99800021 0.0150214 0.06140048 60.733251
112 0.050682966 0.08719332 0.9949013 13.011165 0.010381604 0.9960817 -0.087825637 -2.0806849 -0.99866087 0.014779937 0.049579173 60.755283
113 0.038213372 0.086728229 0.99549886 13.612854 0.012383847 0.99610882 -0.087256737 -2.1485058 -0.9991929 0.015662482 0.036990651 60.768065
114 0.026256746 0.086860504 0.99587442 14.250138 0.013278925 0.99609961 -0.08723025 -2.2156338 -0.99956707 0.015514526 0.025000923 60.779068
115 0.019205364 0.086410864 0.99607447 14.891178 0.013084085 0.99615111 -0.086669786 -2.2776527 -0.99972998 0.01469725 0.018000839 60.789144
116 0.017002805 0.085574696 0.99618668 15.551742 0.012293479 0.99623743 -0.085788878 -2.3410558 -0.9997799 0.013705254 0.015886821 60.80148
117 0.01716205 0.085236035 0.99621299 16.213787 0.011770152 0.99627339 -0.085443971 -2.3998663 -0.99978348 0.013191974 0.016094854 60.812396
118 0.01655573 0.084337314 0.99629973 16.901576 0.012737398 0.99633758 -0.084552177 -2.4592802 -0.99978185 0.014090091 0.015420859 60.818114
119 0.01595784 0.083171436 0.99640749 17.600082 0.014128439 0.99641606 -0.083398423 -2.5203987 -0.99977288 0.015408543 0.014725567 60.823095
120 0.014325663 0.083342005 0.99641804 18.300845 0.015790207 0.99637711 -0.083565599 -2.5769841 -0.99977273 0.016930782 0.012957776 60.830107
121 0.015594411 0.084259405 0.99632183 18.996671 0.015115152 0.9963092 -0.084494918 -2.6293577 -0.99976418 0.016377207 0.014263263 60.844236
122 0.016743479 0.084225548 0.99630605 19.706489 0.014757156 0.99631631 -0.084474417 -2.6860885 -0.99975095 0.016117042 0.015438873 60.857407
123 0.017374179 0.08379701 0.99633139 20.437842 0.014912322 0.99634917 -0.084058548 -2.747017 -0.99973788 0.016318065 0.016061142 60.869334
124 0.018853093 0.082448854 0.99641697 21.147955 0.014416856 0.996468 -0.082725856 -2.8098643 -0.99971836 0.015924841 0.017597852 60.884726
125 0.021791532 0.081777587 0.99641236 21.8738 0.013409457 0.99653539 -0.082080948 -2.8724368 -0.99967264 0.01515002 0.020619442 60.901431
126 0.022644526 0.080764573 0.99647596 22.599802 0.013842492 0.99661059 -0.081090049 -2.93283 -0.99964778 0.015629958 0.021449794 60.913478
127 0.022484067 0.079770318 0.99655968 23.316577 0.014775215 0.99667622 -0.080113 -2.9945594 -0.99963805 0.016525652 0.021230714 60.927235
128 0.023345196 0.081250674 0.99642027 24.057084 0.015230111 0.99654727 -0.081617855 -3.0585036 -0.99961149 0.017080978 0.022027137 60.949165
129 0.023108733 0.079429965 0.99657257 24.756437 0.014354686 0.99670957 -0.079773743 -3.117512 -0.99962993 0.016148959 0.021892505 60.96839
130 0.024287229 0.079140945 0.99656754 25.467416 0.014495804 0.99672884 -0.079507029 -3.1885675 -0.99959996 0.016377055 0.023060572 60.982781
131 0.029113556 0.079814696 0.99638449 26.179919 0.014409685 0.99666986 -0.080258593 -3.2591094 -0.99947228 0.016694202 0.027866502 61.001157
132 0.030041229 0.080512912 0.99630077 26.869102 0.013949025 0.99661974 -0.080959289 -3.3240779 -0.99945136 0.016329543 0.028816607 61.024626
133 0.033189553 0.080180257 0.99622769 27.577988 0.012691414 0.99666259 -0.080638075 -3.3871127 -0.99936853 0.015319882 0.032061188 61.053941
134 0.035853006 0.078906323 0.99623711 28.295551 0.011891766 0.99677369 -0.079376787 -3.4538686 -0.99928636 0.014692917 0.034799001 61.084447
135 0.035941659 0.078117523 0.99629608 29.018898 0.012062954 0.9968336 -0.078594842 -3.5201929 -0.99928112 0.014843105 0.034885528 61.110242
136 0.037336344 0.077766588 0.99627224 29.745062 0.012788326 0.99684848 -0.078290822 -3.5923865 -0.99922096 0.01566375 0.036224176 61.136963
137 0.037704276 0.077696887 0.99626383 30.476952 0.013483332 0.99684235 -0.07825229 -3.6646942 -0.99919801 0.016383405 0.036537609 61.164965
138 0.03818107 0.07771357 0.99624437 31.207051 0.013845482 0.9968344 -0.078290224 -3.7379948 -0.99917495 0.01678269 0.036984226 61.195409
139 0.038691581 0.077077301 0.9962741 31.935511 0.013540158 0.99688862 -0.077650692 -3.8084615 -0.9991595 0.016494139 0.037527561 61.227421
140 0.037741339 0.076382764 0.99636404 32.664248 0.013243428 0.99694854 -0.07692922 -3.8823526 -0.99919982 0.01609869 0.036614606 61.25513
141 0.038837097 0.076193393 0.99633643 33.394234 0.01314946 0.9969633 -0.076753895 -3.9513587 -0.99915907 0.016082187 0.037717262 61.283884
142 0.040091594 0.07642021 0.99626936 34.107248 0.012132146 0.9969602 -0.076961419 -4.0106403 -0.99912239 0.015172394 0.039042585 61.316815
143 0.039664302 0.075866149 0.99632881 34.835279 0.01208066 0.99700412 -0.076398506 -4.073841 -0.99914007 0.015066605 0.038628963 61.345665
144 0.040610581 0.076100843 0.99627279 35.578082 0.011656958 0.99699133 -0.076630895 -4.1368495 -0.99910709 0.014725538 0.039601297 61.378143
145 0.043130988 0.075919756 0.99618068 36.317436 0.01085406 0.99701403 -0.076453207 -4.2008349 -0.9990105 0.01411011 0.042178166 61.415058
146 0.045298521 0.075513995 0.99611531 37.07269 0.0094458937 0.99706185 -0.076015303 -4.2725813 -0.99892887 0.012852582 0.044452134 61.45431
147 0.04576149 0.07568645 0.99608106 37.806162 0.0087406232 0.99705707 -0.076162169 -4.3380161 -0.99891419 0.012191666 0.044965275 61.494123
148 0.046925693 0.076845696 0.99593812 38.543184 0.0081330268 0.99697396 -0.077308824 -4.397513 -0.99886531 0.011727763 0.04615871 61.531926
149 0.049398773 0.077565492 0.99576272 39.293012 0.0071602325 0.9969267 -0.078011372 -4.4559898 -0.99875351 0.01098356 0.048691573 61.572615
150 0.054880918 0.077260509 0.99549934 40.025063 0.0051892552 0.9969663 -0.077660438 -4.5116067 -0.99847946 0.009427978 0.054313506 61.621655
151 0.058745263 0.077655973 0.995248 40.784051 0.003055411 0.99695103 -0.077969202 -4.571498 -0.99826837 0.0076212146 0.058328884 61.672709
152 0.060997356 0.077701579 0.99510895 41.563293 0.0026866611 0.9969489 -0.078009933 -4.6319533 -0.99813435 0.0074319217 0.060602495 61.721232
153 0.063869917 0.077193048 0.99496829 42.322472 0.0026521895 0.99698722 -0.077519934 -4.6872623 -0.99795475 0.0075900378 0.063472766 61.771002
154 0.06713794 0.07831415 0.99466548 43.116711 0.0017972387 0.99690363 -0.078611678 -4.7447242 -0.99774212 0.007065479 0.066789313 61.828172
155 0.070148483 0.078948218 0.99440756 43.923489 0.00079664711 0.99685845 -0.079198996 -4.8036434 -0.99753628 0.0063478828 0.06986522 61.885406
156 0.072365731 0.07859969 0.99427628 44.708297 0.00076057895 0.99688525 -0.078861291 -4.8712648 -0.99737791 0.0064630821 0.072080555 61.942501
157 0.073584229 0.079173353 0.99414132 45.483894 0.00036597324 0.99684148 -0.07941548 -4.9336508 -0.99728898 0.0062075575 0.073322842 62.002196
158 0.080015782 0.085060761 0.99315768 46.237746 -0.0010604811 0.99635901 -0.085249504 -4.9878119 -0.99679307 0.0057680823 0.079814658 62.059804
159 0.082150645 0.087621589 0.99276068 46.984117 -0.0023568561 0.99614188 -0.087724986 -5.0391224 -0.99661717 0.0048668715 0.082040217 62.125828
160 0.08583628 0.089760439 0.99225764 47.76718 -0.0055703203 0.99596097 -0.089613578 -5.0941715 -0.99629372 0.0021649044 0.085989586 62.199989
161 0.087267522 0.086954447 0.99238265 48.53551 -0.0086982354 0.99621164 -0.086525049 -5.1551332 -0.99614698 -0.0010811504 0.087693279 62.275546
162 0.091741865 0.085651211 0.9920924 49.338096 -0.011202638 0.9963196 -0.084980218 -5.2209396 -0.99571984 -0.0033178076 0.092363746 62.357871
163 0.096406236 0.084189423 0.99177518 50.156275 -0.013308623 0.9964363 -0.083291419 -5.289049 -0.99525313 -0.0051693493 0.097183127 62.443032
164 0.10397958 0.086054817 0.99084956 50.952703 -0.014363329 0.99627576 -0.085018794 -5.3623712 -0.99447575 -0.0053916795 0.10482838 62.531233
165 0.10441686 0.08497019 0.99089718 51.766972 -0.01594039 0.9963585 -0.083758766 -5.4384784 -0.9944059 -0.0070494595 0.10539109 62.621512
166 0.1064397 0.082970167 0.99085144 52.570411 -0.01795859 0.99651026 -0.081514859 -5.5106603 -0.99415701 -0.0091178781 0.10755828 62.709214
167 0.11128155 0.082110631 0.99039098 53.34228 -0.02098914 0.99655264 -0.080263111 -5.5772901 -0.99356728 -0.011855652 0.11262136 62.801274
168 0.11795404 0.08443212 0.98942311 54.126334 -0.022570988 0.99634924 -0.082332359 -5.6448336 -0.99276255 -0.012620823 0.11942915 62.900083
169 0.12185677 0.086905218 0.98873578 54.887389 -0.023757169 0.99612937 -0.084627127 -5.7061362 -0.99226337 -0.013177175 0.12344974 63.000298
170 0.12316455 0.087485983 0.9885225 55.637176 -0.024999422 0.99606393 -0.085038619 -5.7651599 -0.99207137 -0.014238748 0.12486687 63.099127
171 0.1262876 0.087706809 0.98810879 56.399122 -0.026470079 0.99602696 -0.08502657 -5.8245474 -0.99164049 -0.015417517 0.12810747 63.201598
172 0.12785958 0.08677192 0.98798917 57.149391 -0.027362437 0.99609477 -0.083942728 -5.8877264 -0.9914148 -0.016300909 0.12973457 63.303636
173 0.12836008 0.086164197 0.98797746 57.887177 -0.028424987 0.99612883 -0.083182067 -5.9506275 -0.99132022 -0.01740599 0.1303124 63.402193
174 0.12844867 0.084719359 0.98809089 58.625939 -0.029286747 0.99623387 -0.081610357 -6.0226131 -0.99128366 -0.018455226 0.13044608 63.50054
175 0.13124226 0.084556566 0.98773766 59.373281 -0.030663415 0.99622525 -0.08120886 -6.0896354 -0.99087603 -0.019629376 0.13333965 63.604135
176 0.13615573 0.084401327 0.98708564 60.108426 -0.032203547 0.99621478 -0.080739855 -6.1510806 -0.99016394 -0.020794465 0.13835839 63.710605
177 0.1365414 0.084559216 0.98701885 60.825298 -0.033868899 0.99616622 -0.080657554 -6.2131496 -0.99005526 -0.022416148 0.13888187 63.816624
178 0.13871418 0.08561065 0.98662517 61.525613 -0.036401211 0.99602399 -0.081308382 -6.2674576 -0.98966328 -0.024635726 0.14127899 63.926167
179 0.13790899 0.086002396 0.98670397 62.180787 -0.038112699 0.99594586 -0.08148102 -6.3190232 -0.98971138 -0.026368988 0.14062768 64.025962
180 0.13737346 0.087811482 0.98661933 62.840139 -0.039649095 0.99575178 -0.083103688 -6.3668751 -0.9897255 -0.027702324 0.14027152 64.126317
181 0.13780469 0.08823777 0.98652116 63.525982 -0.040012507 0.9957066 -0.083470097 -6.4201061 -0.98965092 -0.027970615 0.14074367 64.229018
182 0.13690014 0.088062147 0.98666278 64.196924 -0.041144733 0.99568651 -0.083158676 -6.4726415 -0.98973003 -0.029211543 0.13993293 64.328266
183 0.13817553 0.088222506 0.98647065 64.86426 -0.041839647 0.99565548 -0.083183423 -6.5250244 -0.98952364 -0.029779671 0.14126643 64.428481
184 0.13876869 0.088509997 0.98636163 65.505572 -0.043895019 0.99556888 -0.083160721 -6.5792765 -0.98935158 -0.03175626 0.14203895 64.526949
185 0.14236783 0.088893325 0.98581408 66.12502 -0.045342249 0.99549919 -0.083218485 -6.6257672 -0.98877478 -0.032851394 0.1457577 64.62347
186 0.14683476 0.089980751 0.98505992 66.764212 -0.047028703 0.99536275 -0.083911686 -6.6747232 -0.98804247 -0.03400494 0.15038555 64.725002
187 0.1497052 0.089762871 0.98464766 67.385624 -0.049037027 0.99531888 -0.083280126 -6.7215895 -0.98751395 -0.035816727 0.15340613 64.828572
188 0.14733332 0.090222536 0.98496336 67.997804 -0.050811855 0.99520637 -0.083560228 -6.7690594 -0.98778091 -0.037736611 0.15121145 64.932691
189 0.14327876 0.09151038 0.98544258 68.599912 -0.052490514 0.99501713 -0.084767616 -6.8128573 -0.98828944 -0.039580991 0.14736826 65.027664
190 0.141328 0.092558915 0.98562634 69.205641 -0.054022305 0.99485702 -0.08567955 -6.8588557 -0.98848777 -0.04113689 0.14560141 65.122092
191 0.13964406 0.092497371 0.9858721 69.788583 -0.055435508 0.99479623 -0.085482483 -6.9069017 -0.98864883 -0.042715202 0.14404503 65.21272
192 0.13818598 0.092719645 0.98605666 70.347445 -0.056917527 0.99470617 -0.085556541 -6.955326 -0.98876949 -0.044301195 0.14273183 65.298352
193 0.13249399 0.093168366 0.98679533 70.869702 -0.056973728 0.99464223 -0.086259542 -7.0087446 -0.98954505 -0.04479254 0.13709228 65.368166
194 0.12877149 0.092471054 0.98735355 71.396602 -0.057115592 0.99468175 -0.085708315 -7.0666308 -0.99002818 -0.045356499 0.1333682 65.440275
195 0.12294924 0.09251625 0.98809122 71.926342 -0.057804287 0.99462239 -0.085935122 -7.1257212 -0.99072813 -0.046550253 0.12763592 65.508854
196 0.11629973 0.092275843 0.98891838 72.454109 -0.05877283 0.99456942 -0.085891281 -7.185532 -0.99147375 -0.048132403 0.12109148 65.575469
197 0.10867681 0.092012404 0.98980963 72.998989 -0.060682821 0.99446411 -0.085782371 -7.2435697 -0.99222327 -0.05074189 0.11365877 65.645553
198 0.10269786 0.09182581 0.99046514 73.546823 -0.062440092 0.99436132 -0.085712829 -7.3000277 -0.99275096 -0.053042214 0.1078524 65.712442
199 0.098665831 0.091363144 0.99091769 74.086216 -0.06378024 0.99430959 -0.08532527 -7.3547527 -0.99307462 -0.054782283 0.10393155 65.772747
200 0.094524906 0.09142085 0.99131594 74.639785 -0.064332014 0.99425408 -0.085557562 -7.4102396 -0.99344175 -0.055686035 0.099863069 65.826767
201 0.095869658 0.091368471 0.99119163 75.183172 -0.065737645 0.99418545 -0.085286191 -7.4667462 -0.99322084 -0.056982249 0.10131858 65.882886
202 0.095870667 0.091322223 0.99119579 75.71636 -0.06670679 0.99413335 -0.08514084 -7.5241912 -0.99315613 -0.057956984 0.10140005 65.939257
203 0.095454004 0.092065269 0.99116727 76.260296 -0.067911231 0.99399617 -0.085787866 -7.5814938 -0.99311463 -0.059122597 0.10113319 66.000469
204 0.095383082 0.092633481 0.99112115 76.809173 -0.070024083 0.99381853 -0.086146639 -7.6324572 -0.99297471 -0.061185422 0.10128006 66.063681
205 0.098599274 0.091265631 0.9909333 77.371589 -0.07214705 0.99382055 -0.084352814 -7.6850544 -0.99250847 -0.063175792 0.10457454 66.127598
206 0.1052346 0.091009772 0.99027417 77.969643 -0.073991929 0.99375969 -0.083467118 -7.7328311 -0.99169095 -0.064488671 0.1113119 66.205309
207 0.11052526 0.092344759 0.98957397 78.560087 -0.077231575 0.99346135 -0.084081545 -7.7787751 -0.99086807 -0.067133226 0.11693452 66.28537
208 0.11658037 0.092989492 0.98881849 79.142365 -0.080067324 0.9932466 -0.083966085 -7.8265125 -0.98994864 -0.069383257 0.12323849 66.371098
209 0.12309444 0.093448257 0.98798543 79.730294 -0.083319898 0.99301472 -0.083543012 -7.8759613 -0.98889111 -0.07203517 0.1300207 66.459314
210 0.13397059 0.094964688 0.98642466 80.317115 -0.087879227 0.99261469 -0.083625354 -7.9246437 -0.98708115 -0.075482904 0.14132661 66.552607
211 0.14030639 0.095705785 0.98547174 80.941268 -0.090210306 0.99241306 -0.083536224 -7.9736522 -0.98599001 -0.077179046 0.14787555 66.652126
212 0.14750873 0.095468821 0.98444244 81.557319 -0.093071078 0.99225378 -0.082280586 -8.0217223 -0.98467204 -0.07948602 0.15525149 66.755813
213 0.154781 0.094643579 0.98340504 82.198215 -0.0944506 0.99225894 -0.080629827 -8.0682522 -0.98342361 -0.080403237 0.16252198 66.867044
214 0.16332902 0.094893041 0.98199744 82.825597 -0.097499442 0.99204336 -0.079647379 -8.1134747 -0.98174211 -0.082735481 0.1712815 66.983858
215 0.17184043 0.094252996 0.98060556 83.44384 -0.099094337 0.99201743 -0.07798467 -8.1528972 -0.98012818 -0.083771545 0.17980865 67.099277
216 0.18313464 0.096290643 0.9783608 84.106916 -0.10188611 0.99169147 -0.078531083 -8.1972532 -0.97779394 -0.085299619 0.19142376 67.240026
217 0.19150147 0.095209692 0.97686352 84.784619 -0.10434635 0.99161812 -0.076191991 -8.2439707 -0.97592986 -0.087341269 0.19983113 67.37924
218 0.20465704 0.094654173 0.97424643 85.480124 -0.10617708 0.9915872 -0.074034634 -8.3031717 -0.97305806 -0.088290943 0.21298542 67.534456
219 0.21418792 0.096256826 0.97203816 86.176311 -0.10883055 0.99128844 -0.074182364 -8.3520861 -0.97071083 -0.089898487 0.22279771 67.697529
220 0.22159739 0.099507489 0.97004788 86.88076 -0.11174044 0.9908183 -0.076112171 -8.3939589 -0.968715 -0.091527325 0.23068178 67.869299
221 0.22663177 0.099420297 0.96889302 87.57863 -0.11378384 0.99066754 -0.075039684 -8.4437369 -0.9673114 -0.093238001 0.23582918 68.046791
222 0.23170785 0.10066463 0.96756299 88.293768 -0.11565481 0.99042753 -0.075346919 -8.4749457 -0.96588587 -0.094444845 0.2411322 68.227664
223 0.23487837 0.099705675 0.9668976 89.038051 -0.11625603 0.99046651 -0.073895214 -8.5070817 -0.96504754 -0.095051297 0.24423056 68.411682
224 0.23985986 0.099425893 0.96570273 89.79264 -0.11512445 0.99063561 -0.073398461 -8.5552294 -0.9639573 -0.093570658 0.24906009 68.602013
225 0.24606861 0.099532794 0.96412836 90.538179 -0.11563807 0.9906233 -0.072754426 -8.597597 -0.96232954 -0.093587365 0.25527109 68.796494
226 0.24905182 0.099523088 0.96336305 91.275139 -0.1161629 0.99059476 -0.072305519 -8.6441483 -0.96149854 -0.093899235 0.25827034 68.99165
227 0.25055549 0.099058458 0.96302098 92.010465 -0.11621954 0.99063493 -0.071661289 -8.6926611 -0.96110095 -0.093966732 0.25972157 69.188125
228 0.25430705 0.098975137 0.96204567 92.754575 -0.11679669 0.9906118 -0.07103999 -8.7376187 -0.96004507 -0.094297789 0.26347955 69.394352
229 0.25802996 0.099429982 0.96100689 93.497486 -0.11770889 0.99051541 -0.070878273 -8.7836401 -0.95893964 -0.09483034 0.26728647 69.604582
230 0.26769619 0.099454084 0.95835675 94.219165 -0.11988044 0.99036734 -0.06929 -8.832727 -0.95601648 -0.096339566 0.27704018 69.821078
231 0.27533711 0.10069145 0.95606001 94.933819 -0.12233185 0.99008468 -0.069044372 -8.8846454 -0.95353262 -0.09794612 0.28492485 70.044627
232 0.28142104 0.10238409 0.95410677 95.639421 -0.12486679 0.98974485 -0.069377963 -8.9390454 -0.95142554 -0.099611839 0.29131942 70.270806
233 0.28711856 0.10378392 0.95225619 96.306845 -0.12717834 0.98944257 -0.069490721 -8.9874119 -0.94941491 -0.10115429 0.29728642 70.491576
234 0.289389 0.10310813 0.95164213 96.989335 -0.12814402 0.98940558 -0.068231839 -9.0356312 -0.94859538 -0.10220172 0.2995358 70.709374
235 0.29134214 0.10235665 0.95112717 97.674028 -0.1287132 0.98941248 -0.067050307 -9.0866553 -0.94792022 -0.10288805 0.30143223 70.9291
236 0.29450608 0.10109567 0.95028725 98.372495 -0.12893586 0.98949999 -0.065308433 -9.1398592 -0.94691171 -0.10329238 0.30444864 71.156163
237 0.29807657 0.10039631 0.94924758 99.051837 -0.13049473 0.98940266 -0.063666164 -9.1933922 -0.94558001 -0.10489442 0.30801896 71.383001
238 0.30498287 0.099967532 0.9470966 99.685171 -0.1325318 0.98925398 -0.061739583 -9.2379793 -0.94309111 -0.10669091 0.31495442 71.603031
239 0.30814926 0.099499007 0.94612051 100.30065 -0.13402877 0.98913681 -0.060369967 -9.2823708 -0.94184945 -0.10820442 0.31813753 71.814412
240 0.31048113 0.098707763 0.94544078 100.93261 -0.13420939 0.98918301 -0.059200491 -9.3271385 -0.94105758 -0.1085064 0.3203702 72.030459
241 0.31060168 0.097424885 0.94553425 101.55609 -0.134424 0.98923841 -0.057770637 -9.3723046 -0.94098717 -0.10915885 0.32035538 72.242924
242 0.31311826 0.09726734 0.94472009 102.15594 -0.13569896 0.98911696 -0.056862295 -9.4126871 -0.93996958 -0.11039292 0.32290968 72.45281
243 0.3159754 0.09618191 0.94387955 102.75768 -0.13564726 0.98920752 -0.055391252 -9.4562446 -0.93902047 -0.11053241 0.32561208 72.663855
244 0.32189334 0.096921227 0.94180199 103.34048 -0.13743458 0.98899346 -0.054804708 -9.4963395 -0.93674782 -0.1117949 0.33167076 72.877461
245 0.32541272 0.095670018 0.94071985 103.91424 -0.13875299 0.98893037 -0.052575691 -9.5351249 -0.93533643 -0.1134189 0.33508505 73.085432
246 0.32672399 0.095058555 0.94032725 104.46254 -0.13817299 0.98904338 -0.051974038 -9.5767214 -0.93496509 -0.11294667 0.33627875 73.283963
247 0.32734894 0.094510179 0.94016516 105.01008 -0.13878158 0.9890038 -0.051098387 -9.6174644 -0.93465631 -0.11375061 0.33686565 73.483156
248 0.33094405 0.096017539 0.93875273 105.5516 -0.14017356 0.98877527 -0.05171773 -9.6567172 -0.93318137 -0.11447265 0.34068844 73.68745
249 0.33354266 0.096252172 0.93780853 106.0909 -0.14208258 0.98854386 -0.050926056 -9.6910357 -0.93196668 -0.11626025 0.34339733 73.89049
250 0.33820135 0.095947943 0.93616979 106.62277 -0.14398894 0.98835151 -0.049278496 -9.7221975 -0.92999306 -0.11813205 0.34807729 74.095005
251 0.34697722 0.096954044 0.93284873 107.19803 -0.14487394 0.98824468 -0.048825022 -9.756038 -0.92661665 -0.11820431 0.35694454 74.318312
252 0.34998619 0.097258823 0.93169223 107.72417 -0.14671627 0.98801207 -0.048024679 -9.7820222 -0.92519407 -0.11988645 0.36006006 74.527259
253 0.35379882 0.096402623 0.93034024 108.23422 -0.14731125 0.9880032 -0.046356755 -9.8146761 -0.92364813 -0.12064862 0.36375559 74.732604
254 0.35536689 0.098023131 0.92957295 108.74807 -0.15001494 0.98757586 -0.046790232 -9.8457563 -0.92261041 -0.12282214 0.36565672 74.94402
255 0.35784476 0.098647953 0.92855573 109.24554 -0.15251153 0.98722557 -0.046106366 -9.8774852 -0.92124233 -0.12511654 0.36831848 75.150596
256 0.36020523 0.099631417 0.92753749 109.7512 -0.15536634 0.986801 -0.045661346 -9.9074894 -0.91984431 -0.12766066 0.37093029 75.364584
257 0.36318604 0.10125974 0.92619781 110.25838 -0.15811067 0.98635684 -0.045837561 -9.9280881 -0.91820313 -0.12979421 0.37424131 75.580942
258 0.36885965 0.10283669 0.92377877 110.7684 -0.16105733 0.98589826 -0.045442656 -9.9504614 -0.91542513 -0.13201939 0.38022072 75.797674
259 0.3729513 0.10390431 0.92201478 111.29317 -0.16276855 0.9856268 -0.045233694 -9.964811 -0.91346253 -0.13320505 0.38450319 76.023501
260 0.37978319 0.10547256 0.91904314 111.83617 -0.1653327 0.98522221 -0.04474581 -9.9838147 -0.91018124 -0.13495419 0.39160893 76.264742
261 0.3893555 0.10698972 0.91485273 112.37757 -0.16833968 0.98476773 -0.043521808 -10.009153 -0.90557391 -0.13706057 0.40143538 76.511441
262 0.3988119 0.10834378 0.91061009 112.91713 -0.17064061 0.98442095 -0.042391775 -10.03668 -0.9010166 -0.13848072 0.41108667 76.761834
263 0.40516875 0.10904303 0.90771578 113.46097 -0.17228546 0.9841797 -0.041327087 -10.065559 -0.89786194 -0.1396418 0.41754542 77.019237
264 0.41152336 0.10946164 0.90480202 113.99724 -0.17414488 0.98391422 -0.03982769 -10.093901 -0.89460726 -0.14117662 0.42396591 77.279888
265 0.41697026 0.10952954 0.90229658 114.55355 -0.17573101 0.98369666 -0.038201668 -10.119046 -0.89177042 -0.14263254 0.42942002 77.553787
266 0.42186974 0.10951679 0.90001779 115.12165 -0.1772348 0.98348784 -0.036597528 -10.143959 -0.88916467 -0.1440751 0.43431398 77.836351
267 0.42467805 0.11010247 0.89862452 115.72258 -0.17858576 0.98326272 -0.036075357 -10.163448 -0.88755605 -0.14516114 0.43723286 78.134594
268 0.42780911 0.11105029 0.89702131 116.35668 -0.17946989 0.98310032 -0.036113659 -10.182847 -0.88587245 -0.14553857 0.44050949 78.451864
269 0.43044841 0.11151355 0.89570024 116.98255 -0.18119607 0.98281387 -0.035281332 -10.202521 -0.88424104 -0.14711058 0.44325652 78.77192
270 0.4345153 0.11184519 0.89369298 117.60567 -0.18270189 0.98257542 -0.034138755 -10.222641 -0.88193908 -0.1484456 0.44737841 79.090087
271 0.44008995 0.11250587 0.89087782 118.22427 -0.18338724 0.98247039 -0.033480234 -10.252711 -0.87902788 -0.14864132 0.45300753 79.410196
272 0.44526246 0.11203393 0.88836354 118.88142 -0.1840394 0.98240909 -0.031650679 -10.278278 -0.87628243 -0.14940105 0.45804858 79.751937
273 0.44793669 0.11374112 0.88680083 119.55324 -0.18421002 0.98233449 -0.032946969 -10.293077 -0.87488253 -0.14859946 0.46097596 80.105432
274 0.44907543 0.11645823 0.88587175 120.23336 -0.18540146 0.98203521 -0.03511438 -10.304596 -0.87404669 -0.14847292 0.46259945 80.464427
275 0.44986319 0.11806617 0.88525901 120.93383 -0.1865807 0.98177524 -0.036123496 -10.319798 -0.87339041 -0.14892163 0.46369345 80.833219
276 0.45052713 0.11752791 0.88499295 121.62844 -0.18699882 0.98173001 -0.035178402 -10.333794 -0.87295865 -0.14964382 0.46427362 81.1962
277 0.45116036 0.11719621 0.88471431 122.32258 -0.18758866 0.98164591 -0.034375627 -10.348754 -0.87250495 -0.15045346 0.46486444 81.558713
278 0.45042069 0.11770219 0.88502397 123.06429 -0.1880337 0.98154433 -0.034841592 -10.365601 -0.87279126 -0.15072097 0.46423989 81.940311
279 0.45419441 0.11815714 0.88303248 123.77884 -0.18890389 0.98140134 -0.034155578 -10.381466 -0.87064506 -0.15129501 0.46806739 82.311884
280 0.45716978 0.11866238 0.88142785 124.51181 -0.18880837 0.98141837 -0.034194468 -10.390245 -0.86910716 -0.15078829 0.47107931 82.692071
281 0.46034682 0.1180116 0.87986027 125.26871 -0.18778652 0.98164134 -0.033412284 -10.405008 -0.86765033 -0.14984467 0.47405649 83.08813
282 0.46792234 0.11655897 0.87604949 126.01556 -0.18560882 0.98211758 -0.031532584 -10.419658 -0.86405909 -0.14784772 0.48118917 83.489075
283 0.47198719 0.11582245 0.87396412 126.77652 -0.18315035 0.98258624 -0.031306691 -10.439741 -0.86237121 -0.14529049 0.48498108 83.903785
284 0.47394527 0.11736595 0.87269762 127.53516 -0.18307868 0.98255376 -0.032713603 -10.460504 -0.86131187 -0.14426788 0.48716396 84.325172
