4 0.99999957 -0.0001283656 -0.00092081354 0.0013736437 0.00012858431 0.99999996 0.00023746573 -0.018462847 0.00092078303 -0.00023758403 0.99999955 0.94960419
5 0.99999903 0.00038000912 0.0013426976 -0.0013180112 -0.00038067866 0.9999998 0.0004984316 -0.022368387 -0.001342508 -0.00049894226 0.99999897 0.94057702
6 0.99999835 -0.0002730008 0.0017967017 9.5465969e-05 0.00027341411 0.99999994 -0.00022979493 -0.027089741 -0.0017966388 0.0002302858 0.99999836 0.9370596
7 0.9999967 0.00077499296 0.0024495796 9.6628087e-05 -0.00077477304 0.9999997 -9.0725011e-05 -0.027464853 -0.0024496491 8.8826843e-05 0.999997 0.92192378
8 0.99999817 0.00019532764 0.001902093 -0.0013294331 -0.00019494845 0.99999996 -0.00019953798 -0.023422356 -0.0019021319 0.00019916681 0.99999817 0.90895293
9 0.99999965 0.00076509805 -0.00033655235 -0.0049628645 -0.00076522918 0.99999963 -0.00038968116 -0.019267165 0.00033625408 0.00038993856 0.99999987 0.91460248
10 0.99999893 0.00085886197 -0.0011855686 -0.0052986788 -0.00085845905 0.99999957 0.00034032205 -0.02000745 0.0011858604 -0.00033930393 0.99999924 0.91403771
11 0.99999828 0.00029034654 -0.0018301514 -0.0057366647 -0.0002899484 0.99999993 0.00021780754 -0.017199617 0.0018302145 -0.00021727651 0.9999983 0.93930315
12 0.99999934 0.0010314008 0.00050721917 -0.0045779757 -0.0010312612 0.99999943 -0.00027553952 -0.021531372 -0.00050750307 0.00027501626 0.99999983 0.95176742
13 0.99999894 0.00057560554 0.0013345444 -0.0023256825 -0.00057504164 0.99999975 -0.00042288928 -0.025536544 -0.0013347875 0.00042212142 0.99999902 0.94671169
14 0.99999999 9.6205183e-05 0.00013086734 -0.0021308717 -9.6162811e-05 0.99999994 -0.0003237485 -0.020693238 -0.00013089848 0.00032373591 0.99999994 0.92429196
15 0.99999967 -0.0008149238 4.9720109e-05 8.2600707e-05 0.00081495039 0.99999952 -0.00053707924 -0.020688002 -4.9282407e-05 0.00053711958 0.99999985 0.89546485
16 0.99999862 -0.00038334833 0.0016170539 0.0011673658 0.00038422975 0.99999978 -0.0005448046 -0.017484747 -0.0016168447 0.00054542517 0.99999854 0.89489413
17 0.99999867 -9.9464512e-05 0.0016271956 0.00047887762 9.9868875e-05 0.99999996 -0.00024842345 -0.016781297 -0.0016271709 0.00024858563 0.99999865 0.88858112
18 0.99999764 -2.5358137e-05 0.0021705484 0.00049509203 2.5730205e-05 0.99999998 -0.00017138857 -0.018524114 -0.002170544 0.00017144402 0.99999763 0.89186094
19 0.99999886 0.00039284233 0.0014579443 -0.00072050056 -0.00039269393 0.99999992 -0.00010207486 -0.017205012 -0.0014579842 0.00010150222 0.99999893 0.91165094
20 0.99999866 0.0015231388 0.00059467018 -0.0039796231 -0.0015233714 0.99999876 0.0003908303 -0.019962026 -0.00059407416 -0.00039173568 0.99999975 0.90853553
21 0.9999985 0.001604208 -0.00064646801 -0.0052278705 -0.0016039202 0.99999861 0.00044544649 -0.019974135 0.00064718171 -0.00044440894 0.99999969 0.90343736
22 0.99999956 0.00072998142 0.00059278792 -0.0049183558 -0.0007302091 0.99999966 0.00038396304 -0.023045714 -0.00059250744 -0.00038439573 0.99999975 0.88512074
23 0.9999994 0.00031985128 -0.0010490702 -0.0062276643 -0.00031976579 0.99999995 8.1653645e-05 -0.020422074 0.0010490962 -8.131814e-05 0.99999945 0.86627116
24 0.99999926 -0.00023737154 0.0011938841 -0.00061368964 0.00023750495 0.99999997 -0.00011161038 -0.020920146 -0.0011938575 0.00011189385 0.99999928 0.87114358
25 0.9999984 0.00057192936 0.0016973663 -0.0015083403 -0.00057140229 0.99999979 -0.0003109881 -0.020881908 -0.0016975438 0.00031001773 0.99999851 0.85597927
26 0.99999876 0.0005080483 0.001490522 0.00011135746 -0.00050763084 0.99999983 -0.0002804355 -0.019846032 -0.0014906642 0.00027967851 0.99999885 0.86321883
27 0.99999493 0.00054391034 0.0031362642 0.0012094502 -0.00054501465 0.99999979 0.00035126825 -0.020733767 -0.0031360725 -0.00035297578 0.99999502 0.8662739
28 0.99999551 0.00017038214 0.0029905524 0.0015083508 -0.00017081722 0.99999997 0.00014522986 -0.022305354 -0.0029905276 -0.00014574005 0.99999552 0.8657744
29 0.9999973 0.00012161335 0.0023186321 0.0010749471 -0.0001220123 0.99999998 0.00017192357 -0.019744825 -0.0023186111 -0.00017220601 0.9999973 0.8624788
30 0.99999755 0.0014352743 0.0016846919 -0.0066576128 -0.0014365479 0.99999868 0.00075500584 -0.020201921 -0.001683606 -0.00075742413 0.9999983 0.8329951
31 0.99999858 0.0016796379 -0.00012658678 -0.0085944184 -0.0016796169 0.99999858 0.00016570117 -0.020559738 0.00012686491 -0.00016548832 0.99999998 0.8103081
32 0.9999958 0.0020378528 -0.0020625399 -0.012442672 -0.0020378389 0.99999792 8.8383621e-06 -0.013838904 0.0020625536 -4.6352011e-06 0.99999787 0.76207694
33 0.99999898 0.00085548327 -0.001144079 -0.0088556486 -0.00085598331 0.99999954 -0.00043665352 -0.013004675 0.0011437049 0.00043763239 0.99999925 0.74107883
34 0.99999595 0.0012893945 -0.0025374982 -0.0053829199 -0.0012913824 0.99999886 -0.000781921 -0.005081853 0.0025364871 0.00078519471 0.99999647 0.73162148
35 0.99999912 0.00063408785 -0.0011656711 -0.0025047879 -0.00063301301 0.99999937 0.00092221755 -0.0053980681 0.0011662552 -0.00092147885 0.9999989 0.73963882
36 0.99999944 0.00042800695 0.00096724549 0.00033246088 -0.00042920359 0.99999914 0.0012372948 -0.0089132926 -0.00096671509 -0.0012377093 0.99999877 0.74933845
37 0.99999975 0.00067311357 -0.00021928811 -0.0028472425 -0.00067296476 0.99999954 0.00067798895 -0.011453373 0.00021974437 -0.0006778412 0.99999975 0.73408497
38 0.99999846 0.00085627927 -0.0015303449 -0.0056500347 -0.00085612159 0.99999963 0.00010368656 -0.016536228 0.0015304332 -0.00010237624 0.99999882 0.71222313
39 0.9999982 0.00062319317 -0.0017946902 -0.0070530109 -0.00062281196 0.99999978 0.00021296521 -0.015494375 0.0017948226 -0.00021184707 0.99999837 0.72760219
40 0.99999897 0.0012056634 -0.00078175643 -0.0080763762 -0.0012054304 0.99999923 0.00029846835 -0.022572657 0.00078211568 -0.00029752569 0.99999965 0.73941101
41 0.99999825 0.0017624945 -0.00062453782 -0.0075082769 -0.0017624738 0.99999845 3.3623452e-05 -0.021058215 0.00062459611 -3.2522662e-05 0.9999998 0.72037869
42 0.99999788 0.0017851296 -0.0010259585 -0.0079859357 -0.0017856117 0.9999983 -0.00046922272 -0.015469244 0.0010251191 0.00047105369 0.99999936 0.69809952
43 0.99999823 0.0010767319 -0.0015441907 -0.0041081704 -0.0010759694 0.9999993 0.00049447752 -0.01456324 0.0015447221 -0.00049281514 0.99999869 0.70405041
44 0.99999239 0.00024588881 -0.003892405 -0.0047349776 -0.0002457553 0.99999997 3.4778352e-05 -0.0089412766 0.0038924134 -3.3821508e-05 0.99999242 0.69561046
45 0.99999561 0.0010666324 -0.0027643735 -0.0071593184 -0.0010641468 0.99999903 0.00090046576 -0.01173287 0.0027653313 -0.00089752011 0.99999577 0.68486732
46 0.99998704 0.0009530984 -0.0050008052 -0.0065166049 -0.00094700812 0.99999881 0.0012200858 -0.012365261 0.0050019621 -0.0012153342 0.99998675 0.64106067
47 0.99999638 0.0016586508 -0.0021175885 -0.0074876822 -0.0016617354 0.99999756 -0.0014556864 -0.0085909624 0.0021151689 0.0014592 0.9999967 0.62097952
48 0.99999654 0.0017514045 0.0019635228 -0.0040159822 -0.0017525275 0.9999983 0.0005703116 -0.0069227006 -0.0019625206 -0.00057375075 0.99999791 0.62524583
49 0.99999349 0.0016862299 0.0031912293 -0.0036802766 -0.0016895947 0.99999802 0.0010519746 -0.0075532242 -0.0031894491 -0.0010573596 0.99999435 0.60924877
50 0.99998175 0.00090863384 0.0059731971 0.0024423892 -0.00090777122 0.99999958 -0.00014712504 -0.010480329 -0.0059733283 0.00014170005 0.99998215 0.59187408
51 0.99998849 0.0013541565 0.0046021598 -0.00083751463 -0.0013561763 0.99999899 0.00043579714 -0.011755578 -0.004601565 -0.00044203346 0.99998932 0.60242289
52 0.99999607 0.0017541465 0.00218805 -0.0043089339 -0.0017553048 0.99999832 0.00052757328 -0.0085735245 -0.0021871208 -0.0005314119 0.99999747 0.59800845
53 0.99999747 0.0016668878 0.001509199 -0.0031400528 -0.0016673238 0.99999857 0.00028764081 -0.0087562263 -0.0015087173 -0.00029015641 0.99999882 0.58731674
54 0.99999517 0.0013805525 0.0027830231 -0.0028116364 -0.001381489 0.99999899 0.00033461828 -0.010178702 -0.0027825584 -0.00033846139 0.99999607 0.58448284
55 0.99999201 0.0013670761 0.0037561761 -0.0027191323 -0.0013675197 0.99999906 0.00011552673 -0.010503863 -0.0037560146 -0.00012066245 0.99999294 0.55987038
56 0.99999207 0.001152832 0.0038112359 -0.00041179504 -0.0011552661 0.99999913 0.00063651214 -0.011731347 -0.0038104988 -0.00064091009 0.99999253 0.5423998
57 0.99999268 0.00098521362 0.0036964143 0.0019718239 -0.00098752485 0.99999932 0.0006234887 -0.013193458 -0.0036957975 -0.00062713444 0.99999297 0.50814589
58 0.99998486 0.0010882316 0.0053940233 0.0029623951 -0.0010826015 0.99999887 -0.001046584 -0.012589987 -0.0053951561 0.0010407286 0.9999849 0.48965107
59 0.99995891 0.0019017413 0.0088630353 0.0040813876 -0.0019020453 0.99999819 2.5874842e-05 -0.0096881722 -0.00886297 -4.2731674e-05 0.99996072 0.49517738
60 0.99995449 0.0011155519 0.0094747144 0.0067329054 -0.0011206717 0.99999923 0.00053506535 -0.010246437 -0.0094741102 -0.00054565904 0.99995497 0.48547444
61 0.99991866 -0.00041304804 0.012747734 0.015985111 0.00043359191 0.99999861 -0.0016088481 -0.011549826 -0.012747052 0.0016142445 0.99991745 0.43256609
62 0.99994562 -0.00048035862 0.010417411 0.013697265 0.00047786272 0.99999986 0.00024207696 -0.012047538 -0.010417525 -0.00023708571 0.99994571 0.4349252
63 0.99995626 0.00020002192 0.0093512351 0.011390521 -0.00019991317 0.99999998 -1.256356e-05 -0.010523911 -0.0093512374 1.0693575e-05 0.99995628 0.37760326
64 0.99993177 0.00024643001 0.011678574 0.012445647 -0.00024089743 0.99999986 -0.00047514194 -0.0057497005 -0.011678689 0.00047229618 0.99993169 0.32647537
65 0.99998087 0.0015599311 0.0059852642 0.0054374254 -0.001562446 0.99999869 0.00041553557 -0.0040727725 -0.0059846082 -0.00042487928 0.999982 0.32514957
66 0.99998388 0.00076523446 0.0056268162 0.0051040227 -0.00076614991 0.99999969 0.00016054063 -0.0027494455 -0.0056266916 -0.00016484903 0.99998416 0.32727097
67 0.99996707 0.00073346076 0.0080818216 0.0044239731 -0.00073452979 0.99999972 0.0001293092 -0.0033415478 -0.0080817245 -0.00013524128 0.99996733 0.28641334
68 0.99996434 0.00073766738 0.00841248 0.0045951388 -0.00073468619 0.99999967 -0.00035746093 -0.0033636367 -0.0084127409 0.00035126765 0.99996455 0.29084088
69 0.99997601 0.0015628936 0.0067486246 0.002390537 -0.0015488951 0.99999664 -0.0020790073 -0.0052858111 -0.0067518512 0.0020685045 0.99997507 0.31803507
70 0.99991934 0.0014428737 0.012618926 0.0067252098 -0.001414327 0.99999642 -0.0022708481 -0.0030161537 -0.012622157 0.0022528177 0.9999178 0.28556705
71 0.99991933 0.0019336204 0.012553457 -0.00018373013 -0.0019146338 0.99999701 -0.0015243021 -0.0030714768 -0.012556367 0.0015001439 0.99992004 0.29244579
72 0.9998933 -0.00012563165 0.014607565 0.0071936927 0.00014991051 0.99999861 -0.0016609915 -0.0020972439 -0.014607336 0.0016630041 0.99989192 0.2985843
73 0.99994974 0.00090084702 0.0099849849 0.0040521685 -0.0008991675 0.99999958 -0.00017269294 0.0011920633 -0.0099851362 0.00016370608 0.99995013 0.27923802
74 0.99988553 -7.1176689e-05 0.015130182 0.012058355 7.0906914e-05 1 1.8366686e-05 0.0017788416 -0.015130183 -1.7291749e-05 0.99988553 0.28915431
75 0.9997473 0.00067043181 0.022469709 0.021279995 -0.00067375262 0.99999976 0.00014022028 0.0022911489 -0.02246961 -0.00015532387 0.99974751 0.28112596
76 0.99985691 0.0005561088 0.016907 0.01599891 -0.00054301203 0.99999955 -0.00077921639 -0.0003161212 -0.016907426 0.00076992419 0.99985676 0.25987895
77 0.99980882 0.001561702 0.019490666 0.018302852 -0.0015508945 0.99999864 -0.00056959974 0.0011027874 -0.019491529 0.00053926288 0.99980988 0.26343453
78 0.99987845 0.00089874079 0.015565311 0.014800978 -0.00088375047 0.99999914 -0.00096991069 0.0020052213 -0.01556617 0.00095603695 0.99987838 0.24661991
79 0.99992001 0.00047346487 0.012639222 0.011802969 -0.00045487027 0.99999881 -0.0014740164 0.00068490343 -0.012639905 0.0014681493 0.99991904 0.24291018
80 0.99992826 0.00070626927 0.011957111 0.010589437 -0.0006887744 0.99999869 -0.00146719 0.0010892926 -0.011958132 0.001458849 0.99992743 0.23973844
81 0.99991989 0.0013672187 0.012583748 0.0099951957 -0.0013539807 0.99999852 -0.0010604504 0.00118349 -0.012585179 0.0010433273 0.99992026 0.2440671
82 0.99991978 0.00044013669 0.012658451 0.012240301 -0.00042225846 0.99999891 -0.0014149935 0.00091207687 -0.01265906 0.0014095349 0.99991888 0.24303173
83 0.99984848 0.001998934 0.017292269 0.017364482 -0.0019862231 0.99999774 -0.00075220171 0.0021266026 -0.017293733 0.00071774143 0.99985019 0.27227563
84 0.99964245 0.0014451967 0.026699728 0.029345063 -0.0014539268 0.9999989 0.00030756548 0.0023385255 -0.026699254 -0.00034627496 0.99964345 0.2777349
85 0.99952947 0.0025633235 0.03056582 0.0364686 -0.0025816845 0.99999651 0.00056125443 0.004684475 -0.030564275 -0.00063990165 0.9995326 0.28046515
86 0.99917737 0.0032202328 0.040425467 0.046730708 -0.003268686 0.99999402 0.001132542 0.0020717039 -0.040421578 -0.0012637485 0.99918191 0.31580759
87 0.99902164 0.0038404697 0.04405696 0.051099095 -0.0039031071 0.99999149 0.0013358048 0.0055169046 -0.044051455 -0.0015064569 0.99902813 0.31498875
88 0.99918111 0.0031847908 0.040335629 0.045047806 -0.0032137595 0.99999462 0.00065337139 0.0026851014 -0.040333331 -0.00078246537 0.99918597 0.31333781
89 0.9992311 0.0030995948 0.039084611 0.039405734 -0.0031250022 0.99999494 0.00058898562 0.0011513763 -0.039082588 -0.00071067225 0.99923573 0.33628121
90 0.99904929 0.0044842466 0.043363703 0.041167478 -0.0045226426 0.99998946 0.00078737537 0.0039663494 -0.043359715 -0.00098274533 0.99905904 0.34423874
91 0.9989774 0.0026431253 0.045135084 0.045945156 -0.0026422013 0.99999651 -8.0130259e-05 0.0050373263 -0.045135138 -3.9207662e-05 0.99898089 0.35850172
92 0.99882577 0.00093686502 0.048437529 0.051792974 -0.00091047077 0.99999942 -0.00056697373 0.0046819659 -0.048438032 0.00052220702 0.99882605 0.38521435
93 0.99863907 -0.00020537269 0.0521533 0.056646128 0.00025563752 0.99999951 -0.00095712123 0.0040857797 -0.052153078 0.00096915099 0.99863863 0.41717004
94 0.99862889 -0.00024205591 0.052347691 0.057275692 0.00028850872 0.99999957 -0.00087983511 0.0027797595 -0.052347455 0.00089373152 0.99862853 0.42701877
95 0.99854817 -0.0010842503 0.053855106 0.06004082 0.0011657961 0.99999822 -0.0014827789 0.0019082896 -0.053853402 0.0015434102 0.99854766 0.43350862
96 0.99851253 -0.0013904758 0.054504946 0.060908112 0.0014900773 0.99999729 -0.0017867872 0.00103191 -0.054502314 0.001865346 0.9985119 0.43341138
97 0.99857493 -0.0011719288 0.053354732 0.059615754 0.0012620243 0.99999783 -0.0016549547 0.00014825409 -0.053352677 0.0017199313 0.99857425 0.43867688
98 0.99863618 -0.0014426529 0.052189129 0.059136823 0.0015342703 0.99999735 -0.001715467 4.7024014e-05 -0.052186516 0.0017931996 0.99863575 0.43453223
99 0.99862552 -0.0012507085 0.052397629 0.058789094 0.0013195079 0.99999831 -0.0012784514 -0.0017414581 -0.052395942 0.0013458332 0.99862548 0.4564175
100 0.998601 -0.0019855981 0.052840415 0.062487183 0.0020387674 0.99999747 -0.00095233954 -0.0044242747 -0.05283839 0.0010587365 0.99860252 0.48397589
101 0.99827697 -0.0049209845 0.058471143 0.073315392 0.0050905872 0.99998326 -0.0027520204 -0.0074816438 -0.058456621 0.003044931 0.99828531 0.45998503
102 0.9980578 -0.0043674886 0.06214141 0.079718437 0.0044671574 0.99998895 -0.0014650617 -0.00819839 -0.062134325 0.0017398117 0.99806628 0.48271441
103 0.99842785 -0.0014134846 0.056034259 0.069883371 0.0014661014 0.99999852 -0.00089791405 -0.0074170018 -0.056032907 0.0009786543 0.99842844 0.48389632
104 0.99919576 0.00038979109 0.040095793 0.050589581 -0.00037129619 0.99999982 -0.00046871347 -0.0061433681 -0.040095969 0.00045344909 0.99919573 0.51362657
105 0.99912505 -0.00045143154 0.041820229 0.053093743 0.00046176003 0.99999987 -0.00023731415 -0.010207218 -0.041820116 0.00025641742 0.99912512 0.55136734
106 0.99938242 -0.00086508523 0.035128822 0.044687877 0.00087538544 0.99999958 -0.00027783298 -0.012019133 -0.035128567 0.00030841265 0.99938275 0.55225826
107 0.99953403 -0.0006543415 0.030517178 0.03908072 0.00065649052 0.99999978 -6.0400568e-05 -0.013226857 -0.030517132 8.0406661e-05 0.99953424 0.57396028
108 0.99974994 0.00059695219 0.022354142 0.029938685 -0.00062162429 0.99999921 0.0010967602 -0.009969644 -0.022353469 -0.0011103818 0.99974951 0.58596911
109 0.99983955 0.00015239387 0.017912256 0.023964791 -0.00016122693 0.99999987 0.00049168636 -0.0095535729 -0.017912178 -0.00049449541 0.99983944 0.60912283
110 0.99993384 -0.00015428219 0.011501949 0.015223857 0.00015138185 0.99999996 0.00025303101 -0.012985339 -0.011501988 -0.00025127308 0.99993382 0.60931923
111 0.9999429 -2.2829184e-05 0.010686178 0.012014617 1.8058552e-05 0.9999999 0.00044652647 -0.0097869598 -0.010686188 -0.000446308 0.9999428 0.63672352
112 0.99992976 0.00020300714 0.011850151 0.014069094 -0.00021049233 0.99999978 0.00063040951 -0.010968404 -0.01185002 -0.0006328596 0.99992959 0.59017235
113 0.99992011 -0.00090465373 0.012607856 0.017026227 0.00089926948 0.9999995 0.00043271767 -0.014902952 -0.012608241 -0.00042134524 0.99992042 0.60521174
114 0.99992805 0.00015277695 0.01199473 0.012526622 -0.00015124251 0.99999998 -0.00012883328 -0.011423913 -0.011994749 0.0001270099 0.99992805 0.64067986
115 0.99997511 0.0008058002 0.007009748 0.0059371852 -0.00080909389 0.99999956 0.00046705051 -0.0059396817 -0.0070093685 -0.00047271043 0.99997532 0.64405689
116 0.99999726 0.0009767987 0.0021271277 -0.00047577759 -0.00097862168 0.99999915 0.00085614393 -0.0058978842 -0.0021262897 -0.00085822324 0.99999737 0.66368784
117 0.99999985 0.00050785091 -0.00020329971 -0.00038085614 -0.00050777999 0.99999981 0.00034871216 -0.0017853002 0.00020347677 -0.00034860888 0.99999992 0.66473877
118 0.99999935 -0.00091259105 0.00068583413 0.0053878136 0.00091198258 0.99999919 0.00088697301 -0.00049263232 -0.00068664302 -0.00088634696 0.99999937 0.6903537
119 0.99999885 -0.0013364667 0.00071162026 0.0058059504 0.0013356486 0.99999845 0.0011488199 -0.0019143718 -0.00071315451 -0.0011478681 0.99999909 0.70116536
120 0.99999729 -0.0015197217 0.0017651957 0.0033731985 0.0015200646 0.99999883 -0.00019293832 0.0020089542 -0.0017649004 0.00019562101 0.99999842 0.70306823
121 0.99999897 0.00056551977 -0.0013212424 -0.0049843047 -0.00056672482 0.99999942 -0.0009118672 0.0060468239 0.0013207259 0.00091261504 0.99999871 0.69789312
122 0.99999928 0.00025968291 -0.0011752689 -0.0029564133 -0.00025963802 0.99999997 3.834842e-05 0.0035031227 0.0011752788 -3.8043248e-05 0.99999931 0.71218857
123 0.99999979 -0.00020766292 -0.00061555327 -0.00057742314 0.00020792547 0.99999989 0.00042650003 0.0010867309 0.00061546463 -0.00042662793 0.99999972 0.73398227
124 0.99999878 0.00037146967 -0.0015149464 -0.0039884446 -0.00036940931 0.99999901 0.0013600748 -0.0028612541 0.0015154502 -0.0013595135 0.99999793 0.71303817
125 0.99999517 0.00076291841 -0.0030115279 -0.003917511 -0.00076084262 0.99999947 0.00069036765 -0.0022405123 0.003012053 -0.00068807302 0.99999523 0.72871402
126 0.99999954 -0.00050084777 -0.00081540679 0.0029683101 0.00050166737 0.99999937 0.0010052474 -0.00063069287 0.0008149028 -0.001005656 0.99999916 0.72860328
127 0.99999955 -0.00091698351 0.00023442375 0.0016234983 0.00091675404 0.9999991 0.000977075 -0.0034151531 -0.0002353195 -0.00097685966 0.9999995 0.7195498
128 0.99999953 -0.00052374675 -0.00082150386 -0.0062170842 0.00052251588 0.99999874 -0.0014978129 -0.0042988157 0.0008222873 0.0014973829 0.99999854 0.7435476
129 0.99999959 0.00089162453 0.00016622076 -0.0037894555 -0.00089193017 0.9999979 0.0018478203 -0.00165333 -0.00016457285 -0.0018479678 0.99999828 0.70208902
130 0.9999993 -0.0002344142 -0.001163922 0.0010246014 0.00023474525 0.99999993 0.00028429975 -0.014116318 0.0011638552 -0.00028457277 0.99999928 0.71452578
131 0.99998834 -0.00030151092 -0.0048193471 -0.0020872312 0.00029821361 0.99999972 -0.0006848863 -0.013622057 0.0048195522 0.00068344112 0.99998815 0.71608973
132 0.99999946 0.00038407128 -0.00096213838 -0.004327499 -0.00038473446 0.99999969 -0.00068918261 -0.0093534487 0.00096187339 0.00068955241 0.9999993 0.69255883
133 0.99999425 0.00099971109 -0.0032405148 -0.0088823983 -0.00099852627 0.99999943 0.00036722643 -0.0052684865 0.0032408801 -0.00036398858 0.99999468 0.71221256
134 0.99999613 0.00058569799 -0.0027197637 -0.007519135 -0.00058216456 0.99999899 0.0012997773 -0.0085314664 0.0027205222 -0.0012981889 0.99999546 0.72121644
135 0.99999998 -0.00017764882 -7.5052815e-05 -0.00063114457 0.00017770771 0.99999968 0.00078534646 -0.0086546094 7.4913274e-05 -0.00078535978 0.99999969 0.72678805
136 0.99999876 -0.0008324889 -0.0013348749 -0.0014729717 0.00083291818 0.9999996 0.00032106497 -0.014842278 0.0013346071 -0.00032217642 0.99999906 0.73008068
137 0.99999969 -0.00072177477 -0.0003130106 -0.001578062 0.00072178816 0.99999974 4.2666055e-05 -0.014724609 0.00031297973 -4.2891969e-05 0.99999995 0.73583687
138 0.99999982 -0.00039844353 -0.00044750332 -0.003880739 0.00039842925 0.99999992 -3.2008847e-05 -0.015843968 0.00044751604 3.1830543e-05 0.9999999 0.73421911
139 0.99999982 0.0002647707 -0.00053289743 -0.005148068 -0.00026442487 0.99999975 0.00064893623 -0.013095155 0.00053306911 -0.0006487952 0.99999965 0.73242527
140 0.9999995 0.00036905529 0.00092543626 -0.00048979481 -0.00036971343 0.99999968 0.00071110122 -0.017035169 -0.00092517353 -0.00071144301 0.99999932 0.73279863
141 0.99999939 9.5375438e-06 -0.0011004929 -0.0020944844 -9.3279798e-06 0.99999998 0.00019043232 -0.012574301 0.0011004947 -0.00019042194 0.99999938 0.73369322
142 0.99999869 0.00091779648 -0.0013295426 -0.0059915781 -0.00091805081 0.99999956 -0.00019068908 -0.0042449433 0.001329367 0.00019190942 0.9999991 0.71619444
143 0.99999991 8.4015546e-05 0.00042247245 -0.00040332486 -8.4251901e-05 0.99999984 0.00055946926 -0.0069346099 -0.00042242537 -0.00055950481 0.99999975 0.73130532
144 0.99999946 0.00034992834 -0.0009765272 -0.0037482596 -0.0003501446 0.99999991 -0.00022129339 -0.0059768064 0.00097644968 0.0002216352 0.9999995 0.74614455
145 0.9999965 0.0006077892 -0.0025762379 -0.0076028219 -0.00060725512 0.99999979 0.00020808875 -0.0069838544 0.0025763638 -0.00020652359 0.99999666 0.74296278
146 0.99999666 0.0012393012 -0.0022697835 -0.0074170677 -0.0012382517 0.99999913 0.00046372025 -0.013639597 0.0022703562 -0.00046090813 0.99999732 0.75951066
147 0.99999964 0.00066797549 -0.00051553049 -0.0071623163 -0.000668049 0.99999977 -0.00014242544 -0.0093434105 0.00051543524 0.00014276979 0.99999986 0.73736662
148 0.99999914 0.00051572075 -0.0012087021 -0.0045553998 -0.00051709816 0.99999922 -0.0011395488 -0.0030784138 0.0012081135 0.0011401728 0.99999862 0.74036479
149 0.99999646 0.00077675099 -0.0025439339 -0.0059317173 -0.00077849388 0.99999946 -0.00068419695 -0.00020159087 0.002543401 0.00068617497 0.99999653 0.75318147
150 0.99998299 0.0015388612 -0.0056254234 -0.013215325 -0.0015366849 0.99999874 0.00039117486 0.0018745267 0.0056260183 -0.0003825237 0.9999841 0.73567531
151 0.99999023 0.0018256402 -0.004024668 -0.0096324124 -0.0018268196 0.99999829 -0.0002893888 -0.00058846617 0.0040241328 0.00029673832 0.99999186 0.76299612
152 0.99999739 0.00019163768 -0.0022779663 -0.0028476928 -0.00019171581 0.99999998 -3.4076769e-05 0.00061160314 0.0022779597 3.4513402e-05 0.9999974 0.78308288
153 0.99999586 -0.00018873716 -0.0028721793 -0.0035174857 0.00019017087 0.99999986 0.00049890622 0.0042190951 0.0028720847 -0.00049945035 0.99999575 0.76279683
154 0.99999427 0.00059486894 -0.0033319999 -0.0064774935 -0.00059849265 0.99999923 -0.0010866576 0.0044547318 0.0033313509 0.0010886456 0.99999386 0.7983252
155 0.99999495 0.00075846466 -0.003087333 -0.0030456253 -0.00076027105 0.99999954 -0.00058396528 0.004849882 0.0030868886 0.00058630954 0.99999506 0.81092926
156 0.99999753 -0.00013934275 -0.002218817 -0.0019545737 0.00014009825 0.99999993 0.00034034274 -0.0050874425 0.0022187694 -0.00034065275 0.99999748 0.78976326
157 0.99999918 0.00029633478 -0.0012492177 -0.0034593493 -0.00029702833 0.9999998 -0.0005550422 -0.00084415768 0.001249053 0.0005554128 0.99999907 0.78038073
158 0.99997818 0.00087132756 -0.0065487317 -0.0019998704 -0.00090966301 0.99998246 -0.0058531776 0.0060525895 0.0065435168 0.005859007 0.99996143 0.75796008
159 0.99999687 0.0011034575 -0.0022475626 -0.0060367785 -0.0011090475 0.99999629 -0.0024874011 0.012743996 0.0022448095 0.0024898859 0.99999438 0.75090802
160 0.99998799 0.0028689609 -0.0039728828 -0.0094513496 -0.0028765513 0.99999405 -0.0019061613 0.014137463 0.0039673905 0.0019175666 0.99999029 0.78830789
161 0.99999407 0.0029917716 -0.0017038516 -0.0089866354 -0.0029864951 0.99999076 0.0030909641 0.0084136772 0.0017130833 -0.0030858572 0.99999377 0.77434135
162 0.99998676 0.0021133699 -0.0046912377 -0.011395584 -0.0021063131 0.99999664 0.0015086905 0.0041423396 0.0046944104 -0.0014987893 0.99998786 0.80938541
163 0.9999868 0.0017082022 -0.0048467746 -0.0089721206 -0.0017002739 0.99999721 0.0016394241 0.0019367147 0.0048495615 -0.0016311617 0.99998691 0.82536329
164 0.99997046 0.00040324707 -0.0076752055 -0.0100263 -0.00041737083 0.99999822 -0.0018386682 -0.0064660713 0.0076744504 0.0018418173 0.99996885 0.80455611
165 0.99999866 0.0015346545 -0.00057275052 -0.0040192126 -0.0015339339 0.99999803 0.001256399 -0.0062387469 0.00057467754 -0.0012555188 0.99999905 0.82275168
166 0.99999589 0.0018455922 -0.0021956163 -0.0021683467 -0.0018407254 0.99999585 0.0022165723 -0.0042689265 0.0021996981 -0.0022125216 0.99999513 0.81141471
167 0.99998351 0.0026295267 -0.0051049841 -0.0081682037 -0.002623622 0.99999588 0.0011630107 -0.0031945996 0.0051080213 -0.001149598 0.99998629 0.78014061
168 0.99997616 0.0010228572 -0.0068282642 -0.0095048514 -0.0010380533 0.99999699 -0.0022222975 -0.0041029222 0.0068259706 0.0022293326 0.99997422 0.79306916
169 0.99999156 0.00084899969 -0.0040207743 -0.0083363377 -0.00085863461 0.99999676 -0.0023951663 0.0019138483 0.0040187278 0.0023985985 0.99998905 0.77002126
170 0.99999835 0.0011256852 -0.0014223846 -0.0052956208 -0.0011263221 0.99999927 -0.00044710879 0.0050629434 0.0014218802 0.00044871012 0.99999889 0.75853683
171 0.99999395 0.0011975446 -0.0032661586 -0.0063288402 -0.0011977807 0.99999928 -7.0334359e-05 0.0060467721 0.0032660721 7.4246075e-05 0.99999466 0.77104626
172 0.99999834 0.00075614809 -0.0016572889 -0.004763656 -0.00075441857 0.99999917 0.0010439587 0.0013025124 0.0016580769 -0.0010427066 0.99999808 0.75979076
173 0.99999931 0.0010169583 -0.00059518262 -0.0016562512 -0.0010165134 0.9999992 0.00074725557 -0.0002429356 0.00059594207 -0.00074665004 0.99999954 0.74699092
174 0.99999962 0.00085168369 -0.00016263983 -0.00061961071 -0.0008514268 0.9999984 0.0015730723 -0.0097640058 0.00016397933 -0.0015729333 0.99999875 0.74868357
175 0.99999507 0.0011432572 -0.002925479 -0.0047339761 -0.0011423357 0.9999993 0.00031665779 -0.0053674106 0.002925839 -0.00031331435 0.99999567 0.75742515
176 0.99998649 0.0011344059 -0.0050728951 -0.0071331319 -0.0011328296 0.99999931 0.0003135883 -0.0011417997 0.0050732473 -0.00030783734 0.99998708 0.74531758
177 0.99999853 0.0016287926 -0.00053007792 -0.0053708017 -0.0016287581 0.99999867 6.5466272e-05 -0.0035336959 0.00053018384 -6.4602808e-05 0.99999986 0.72729404
178 0.99999436 0.002345887 -0.0024049938 -0.010992519 -0.0023476617 0.99999697 -0.00073535684 0.0026626839 0.0024032615 0.0007409988 0.99999684 0.71081821
179 0.99999821 0.0017725301 0.00066179447 -0.0060041273 -0.0017724318 0.99999842 -0.0001491589 0.0022707424 -0.00066205781 0.00014798565 0.99999977 0.66470243
180 0.99999868 0.0015765037 0.00040266567 -0.0065682204 -0.0015758519 0.99999746 -0.0016139776 0.0064017655 -0.00040520909 0.001613341 0.99999862 0.6685969
181 0.99999984 0.00032588602 -0.00046625444 -0.0053182433 -0.00032606627 0.99999987 -0.00038655344 0.004374974 0.00046612841 0.00038670541 0.99999982 0.69549585
182 0.99999895 0.0012046881 0.00080940005 -0.0036603665 -0.0012049679 0.99999921 0.00034525718 0.0041164674 -0.00080898349 -0.00034623212 0.99999961 0.68025233
183 0.99999892 0.00058552321 -0.0013450901 -0.0056716897 -0.00058563203 0.99999983 -8.0513085e-05 0.0036826578 0.0013450427 8.1300727e-05 0.99999909 0.67681427
184 0.9999977 0.0019992285 -0.00078043368 -0.0065531083 -0.0019992369 0.999998 -1.0019236e-05 -0.00037060085 0.00078041209 1.1579484e-05 0.9999997 0.6510592
185 0.99999231 0.001139725 -0.0037526 -0.0074921732 -0.0011405738 0.99999932 -0.00022406575 0.0054775083 0.0037523421 0.00022834415 0.99999293 0.62857526
186 0.99998833 0.0013015985 -0.0046518358 -0.0071726825 -0.0013058413 0.99999873 -0.00090915241 0.0047487757 0.0046506465 0.00091521636 0.99998877 0.64899803
187 0.99999372 0.0017601939 -0.0030747017 -0.008882725 -0.0017586991 0.99999833 0.00048882075 0.0057442139 0.003075557 -0.0004834102 0.99999515 0.63163609
188 0.99999558 0.0019702427 0.0022282753 -0.0088444403 -0.0019698647 0.99999805 -0.00017184622 0.0039741237 -0.0022286096 0.00016745606 0.9999975 0.62270687
189 0.99999024 0.0020212013 0.0039281884 -0.0028765252 -0.0020172353 0.99999745 -0.0010133345 0.0071517319 -0.0039302265 0.0010054006 0.99999177 0.61107467
190 0.9999969 0.0016963154 0.0018203518 -0.0041192356 -0.0016948237 0.99999823 -0.00082064071 0.0059237696 -0.0018217407 0.00081755299 0.99999801 0.614726
191 0.99999757 0.0015547286 0.0015625467 -0.0046032841 -0.0015551724 0.99999875 0.00028282552 0.0024294202 -0.001562105 -0.00028525487 0.99999874 0.59187528
192 0.99999783 0.0016040214 0.0013281695 -0.0039336639 -0.0016040222 0.99999871 -5.0793842e-07 -0.00013678818 -0.0013281686 -1.622476e-06 0.99999912 0.56744094
193 0.9999835 0.00055147365 0.0057183047 0.0061792296 -0.0005493042 0.99999978 -0.00038095101 -0.0078051439 -0.0057185135 0.00037780363 0.99998358 0.52950979
194 0.99999294 0.00046342131 0.003727706 0.0017539527 -0.00046628392 0.9999996 0.00076709401 -0.01171559 -0.003727349 -0.00076882677 0.99999276 0.53482184
195 0.99998257 0.0011910605 0.0057830627 0.0036953836 -0.0011916738 0.99999928 0.00010260798 -0.012901045 -0.0057829363 -0.00010949772 0.99998327 0.53725092
196 0.99997714 0.0015409839 0.0065829262 0.0023477724 -0.0015438135 0.99999872 0.00042477668 -0.013763094 -0.0065822632 -0.00043492978 0.99997824 0.53512459
197 0.99996884 0.0025627891 0.0074665843 -0.0027051832 -0.0025669543 0.99999656 0.00054831225 -0.010816576 -0.0074651533 -0.00056746155 0.99997197 0.55231358
198 0.99998044 0.0022683946 0.0058282347 -0.0034065977 -0.0022709047 0.99999733 0.00042409957 -0.0091319841 -0.0058272571 -0.00043732664 0.99998293 0.55469701
199 0.99999092 0.0016831694 0.0039146966 -0.0010562425 -0.0016856674 0.99999838 0.00063489861 -0.0080850673 -0.0039136216 -0.00064149172 0.99999214 0.54544407
200 0.99999121 0.00090672721 0.0040944189 0.0045111906 -0.00090685067 0.99999959 2.8297199e-05 -0.007554666 -0.0040943916 -3.2009977e-05 0.99999162 0.55888981
201 0.99999808 0.0012871775 -0.0014751704 -0.00075223961 -0.0012869172 0.99999916 0.00017739503 -0.0096300986 0.0014753975 -0.00017549627 0.9999989 0.54910747
202 0.99999953 0.00096711796 -9.0076137e-05 -0.0010958118 -0.00096710532 0.99999952 0.00014024341 -0.011606496 9.0211726e-05 -0.00014015624 0.99999999 0.53910215
203 0.99999919 0.0012380232 0.00030545965 -0.0048228229 -0.0012378304 0.99999904 -0.00063036893 -0.010840597 -0.00030623977 0.00062999031 0.99999975 0.55023301
204 0.99999776 0.002114923 -0.00012589429 -0.0069234101 -0.0021149694 0.9999977 -0.00036954789 -0.0038621788 0.00012511244 0.00036981332 0.99999992 0.55479393
205 0.99999247 0.0018457757 -0.003414866 -0.0061400468 -0.0018404442 0.99999708 0.001563761 -0.0040844411 0.0034177424 -0.0015574643 0.99999295 0.56842643
206 0.99997595 0.0012822076 -0.0068157746 -0.014714122 -0.0012795488 0.9999991 0.00039442958 0.0021908417 0.0068162743 -0.00038569898 0.99997669 0.60478818
207 0.99998042 0.0027851415 -0.005604121 -0.013860971 -0.0027909948 0.99999557 -0.0010369125 0.0029158778 0.0056012083 0.0010525333 0.99998376 0.59744772
208 0.99997722 0.0023173293 -0.0063388223 -0.016901753 -0.0023197735 0.99999724 -0.00037826642 0.00058992383 0.0063379282 0.00039296243 0.99997984 0.59024623
209 0.99997293 0.0026973063 -0.0068450309 -0.014829058 -0.0026982444 0.99999635 -0.0001278206 -0.00056441193 0.0068446612 0.0001462867 0.99997656 0.59637824
210 0.99992882 0.0036294274 -0.01136558 -0.015965758 -0.003641504 0.99999283 -0.0010420419 -0.00022528813 0.011361716 0.0010833556 0.99993487 0.59596737
211 0.99997662 0.0017912345 -0.0065998302 -0.010308929 -0.0017945493 0.99999827 -0.00049635522 0.0031138782 0.0065989297 0.00050818734 0.9999781 0.63384342
212 0.9999691 0.0022557738 -0.0075302938 -0.011461256 -0.0022514823 0.9999973 0.00057833318 0.0032519158 0.007531578 -0.00056136099 0.99997148 0.6264495
213 0.99997183 0.00078094754 -0.0074657086 -0.010658104 -0.00077379397 0.99999924 0.00096103081 0.0061746945 0.0074664534 -0.00095522681 0.99997167 0.65202228
214 0.9999574 0.0023525563 -0.0089249787 -0.013500018 -0.0023514243 0.99999723 0.00013732923 0.0051130714 0.008925277 -0.00011633697 0.99996016 0.63960205
215 0.9999612 0.00091513817 -0.0087609111 -0.0084909704 -0.00090805971 0.99999926 0.00081190267 0.010008825 0.0087616476 -0.00080391574 0.99996129 0.63002181
216 0.9999296 0.0018801594 -0.011715884 -0.0196128 -0.0019005161 0.9999967 -0.0017266427 0.0067041833 0.011712599 0.0017487873 0.99992988 0.67898236
217 0.99996023 0.001805827 -0.0087332017 -0.0072515548 -0.0017931575 0.99999733 0.0014583388 0.0070522857 0.0087358119 -0.0014426208 0.9999608 0.69335625
218 0.99990767 0.00082365811 -0.013563957 -0.012112396 -0.00081367928 0.99999939 0.00074118974 -0.0060427732 0.013564559 -0.00073008459 0.99990773 0.71494109
219 0.99994831 0.0019239497 -0.0099841751 -0.01100654 -0.0019362439 0.99999738 -0.0012218457 0.0029962213 0.0099817982 0.0012411143 0.99994941 0.71661149
220 0.99996632 0.0023285498 -0.0078694247 -0.0112979 -0.0023507527 0.99999328 -0.0028133396 0.010858064 0.0078628209 0.002831744 0.99996508 0.72612668
221 0.99998425 0.0016546817 -0.0053621184 -0.011730084 -0.0016521497 0.99999852 0.00047659439 0.0038770581 0.0053628991 -0.00046772786 0.99998551 0.72170021
222 0.99998435 0.0014767072 -0.0053961443 -0.0093369408 -0.0014817521 0.99999847 -0.00093104284 0.02331747 0.0053947612 0.00093902401 0.99998501 0.73789007
223 0.99999444 0.00035905848 -0.0033147334 -0.0015676134 -0.00035548627 0.99999936 0.0010782034 0.025714941 0.0033151184 -0.0010770191 0.99999392 0.76693403
224 0.99998636 -0.00151426 -0.0049991258 -0.00084370875 0.0015138481 0.99999885 -8.6170258e-05 0.0094570605 0.0049992505 7.8601166e-05 0.9999875 0.77965316
225 0.99997927 4.3162939e-05 -0.0064389111 -0.0037695846 -4.3805788e-05 0.99999999 -9.969712e-05 0.013957159 0.0064389068 9.9977114e-05 0.99997927 0.7715164
226 0.99999507 0.00030103398 -0.0031264921 -0.0010785579 -0.00030076084 0.99999995 8.7833495e-05 0.008972765 0.0031265184 -8.6892735e-05 0.99999511 0.76372846
227 0.99999879 -5.5485714e-05 -0.0015553808 -0.000140476 5.6213472e-05 0.99999989 0.00046785728 0.0066765325 0.0015553547 -0.00046794414 0.99999868 0.76263662
228 0.99999224 0.00029999094 -0.0039283801 -0.0065390521 -0.00029934215 0.99999994 0.00016574258 0.0097953574 0.0039284296 -0.00016456536 0.99999227 0.77337668
229 0.99999204 0.00063820151 -0.0039378661 -0.0075281248 -0.00063939409 0.99999975 -0.00030159797 0.0081161701 0.0039376727 0.00030411342 0.9999922 0.77337591
230 0.99994665 0.0014709048 -0.010223994 -0.015613517 -0.0014670476 0.99999885 0.00038475786 0.0026047778 0.010224548 -0.00036973825 0.99994766 0.75488351
231 0.99996472 0.0019010149 -0.0081821493 -0.016182146 -0.001907172 0.9999979 -0.00074476497 -0.0018796999 0.0081807163 0.00076034346 0.99996625 0.75042277
232 0.99997606 0.0020959365 -0.0065944217 -0.014735627 -0.002103586 0.99999712 -0.0011532804 -0.0049657736 0.0065919855 0.0011671248 0.99997759 0.74279827
233 0.99997908 0.0018992174 -0.0061838615 -0.01618012 -0.0019047904 0.99999778 -0.00089545481 -0.0015282986 0.0061821471 0.00090721503 0.99998048 0.70446333
234 0.99999662 0.00080511007 -0.0024720105 -0.0046923938 -0.00080275306 0.99999922 0.00095432693 0.0010900839 0.0024727769 -0.00095233929 0.99999649 0.71800492
235 0.9999977 0.00043270218 -0.0020993682 -0.0037502957 -0.00043076712 0.99999948 0.00092210048 -0.0023425357 0.0020997661 -0.00092119403 0.99999737 0.72087988
236 0.99999446 4.6276216e-06 -0.0033282269 -0.0048964994 -2.1070184e-07 0.99999912 0.0013271081 -0.0045099153 0.0033282301 -0.0013271 0.99999358 0.73634212
237 0.99999152 0.0013235784 -0.0038987146 -0.0078226367 -0.0013190996 0.99999847 0.0011511318 -0.0077229885 0.0039002322 -0.0011459792 0.99999174 0.71812695
238 0.99997098 0.0015903173 -0.0074505934 -0.013455773 -0.0015831877 0.99999828 0.00096272374 -0.0036101234 0.0074521117 -0.00095090011 0.99997178 0.67180331
239 0.9999931 0.0013000088 -0.0034811727 -0.0057579486 -0.0012968214 0.99999874 0.0009177112 -0.0049390406 0.0034823614 -0.0009131904 0.99999352 0.65223369
240 0.99999695 3.4408642e-05 -0.0024690383 -0.0027441727 -3.2316081e-05 0.99999964 0.00084755548 -0.004778831 0.0024690666 -0.00084747311 0.99999659 0.66934939
241 0.99999997 0.0002082471 -0.00014893879 -0.00030323866 -0.00020803462 0.99999896 0.0014252203 -0.0061896661 0.00014923544 -0.0014251893 0.99999897 0.6601974
242 0.9999955 0.001128636 -0.0027785457 -0.0057554719 -0.0011271386 0.99999922 0.00054042303 -0.0044179082 0.0027791535 -0.00053728879 0.99999599 0.63675662
243 0.99999547 -0.00022104102 -0.0030029804 -0.0040496013 0.00022426996 0.9999994 0.0010749512 -0.0078517419 0.003002741 -0.0010756198 0.99999491 0.63910143
244 0.99997831 0.0014481456 -0.0064252441 -0.010991493 -0.0014500342 0.99999891 -0.00028929051 -0.0072179497 0.0064248182 0.00029860106 0.99997932 0.6218636
245 0.99999194 0.0011272007 -0.0038530044 -0.0047955847 -0.0011205883 0.9999979 0.0017179013 -0.0059987797 0.0038549327 -0.0017135699 0.9999911 0.61147582
246 0.9999989 -0.00065635775 -0.0013277516 -0.0014990711 0.00065691864 0.9999997 0.00042204522 -0.011197732 0.0013274742 -0.00042291699 0.99999903 0.58450351
247 0.99999957 0.00057795781 -0.00072267434 -0.0017162796 -0.00057739095 0.99999953 0.00078436089 -0.010746862 0.00072312733 -0.00078394329 0.99999943 0.58396485
248 0.99999148 0.0012000041 -0.0039494054 -0.0082284827 -0.0012046764 0.99999858 -0.001180867 -0.010879985 0.0039479827 0.0011856147 0.9999915 0.57994915
249 0.99999406 0.0017782519 -0.0029513345 -0.0061841323 -0.001777132 0.99999835 0.00038203395 -0.0053934563 0.002952009 -0.00037678677 0.99999557 0.57721832
250 0.99998538 0.0016703058 -0.0051422413 -0.0087731543 -0.001665561 0.99999818 0.0009268605 -0.0033882946 0.0051437801 -0.00091828224 0.99998635 0.57060834
251 0.9999554 0.00042284933 -0.0094349608 -0.0082463971 -0.00043152931 0.99999949 -0.00091796335 -0.0046307309 0.0094345678 0.00092199387 0.99995507 0.61793926
252 0.99999276 0.0016981469 -0.0034041227 -0.0072928152 -0.0016970995 0.99999851 0.00031053938 0.00063358627 0.003404645 -0.00030476 0.99999416 0.56665379
253 0.99999136 0.00040680302 -0.0041369711 -0.0066817856 -0.00040236564 0.99999934 0.0010733929 -0.0072734316 0.004137405 -0.001071719 0.99999087 0.55071632
254 0.99999458 0.0026438529 -0.0019635888 -0.0088965455 -0.0026452939 0.99999623 -0.00073161432 -0.0066778856 0.0019616471 0.00073680463 0.9999978 0.55640104
255 0.99999288 0.0023914239 -0.0029198383 -0.0090462328 -0.0023907077 0.99999711 0.00024873534 -0.007943736 0.0029204247 -0.00024175309 0.99999571 0.53944967
256 0.99999216 0.0027604336 -0.0028383518 -0.011610069 -0.0027604103 0.99999619 1.2107466e-05 -0.0065115939 0.0028383744 -4.2723553e-06 0.99999597 0.54973733
257 0.99999044 0.0026180666 -0.0035008113 -0.013127292 -0.0026206377 0.9999963 -0.00073005032 0.0025834367 0.0034988871 0.0007392177 0.99999361 0.55161848
258 0.99997571 0.0026883978 -0.0064313099 -0.01023277 -0.0026925144 0.99999618 -0.00063152734 0.0014464023 0.0064295875 0.00064882839 0.99997912 0.55452084
