4 0.99995304 -0.0015366398 0.0095696948 0.010838632 0.0015149951 0.99999622 0.0022687151 -0.11532876 -0.0095731452 -0.0022541098 0.99995167 6.5728918
5 0.99994966 6.0124092e-05 0.010034762 0.016536392 -8.9458435e-05 0.99999567 0.0029229412 -0.1334449 -0.010034544 -0.002923691 0.99994542 7.8686078
6 0.99994942 0.0011066101 0.0099982064 0.02672596 -0.0011408415 0.99999345 0.0034188062 -0.1468968 -0.009994358 -0.003430039 0.99994421 9.1794964
7 0.99995927 0.0014758475 0.0089056269 0.040240795 -0.0015067869 0.99999279 0.0034685385 -0.15881492 -0.008900444 -0.0034818154 0.99995437 10.496441
8 0.99996691 0.0016353353 0.0079711987 0.053157801 -0.001662708 0.99999268 0.0034286608 -0.16946694 -0.0079655336 -0.0034418005 0.99996239 11.81399
9 0.99997645 0.0023883394 0.0064367661 0.066301915 -0.0024100983 0.99999134 0.0033749531 -0.17964208 -0.00642865 -0.0033903861 0.99997363 13.138214
10 0.99997638 0.0038509735 0.0056956509 0.073166685 -0.0038721162 0.99998558 0.0037059347 -0.19263794 -0.0056812974 -0.0037279007 0.99997695 14.464848
11 0.99997269 0.0058033652 0.0045800231 0.075130555 -0.0058224199 0.99997434 0.0041583789 -0.20627981 -0.004555773 -0.0041849315 0.9999809 15.803768
12 0.99996985 0.0071120147 0.0031212345 0.077020216 -0.0071251475 0.99996566 0.0042172783 -0.22063869 -0.0030911339 -0.0042393898 0.99998627 17.149787
13 0.99996233 0.0084740592 0.0018859784 0.079798472 -0.0084830186 0.99995246 0.0047951645 -0.2395583 -0.001845254 -0.0048109821 0.99998676 18.488636
14 0.9999715 0.007540573 -0.00042062287 0.084173543 -0.0075380835 0.99995567 0.0056322632 -0.25248715 0.00046307509 -0.0056289315 0.99998409 19.833441
15 0.99997338 0.0070627593 -0.001837848 0.087647431 -0.0070534944 0.99996257 0.0049989987 -0.2615657 0.0018730864 -0.0049859018 0.99998585 21.167389
16 0.99997044 0.0074850747 -0.0017647267 0.082088655 -0.0074777814 0.99996356 0.004102997 -0.28070013 0.0017953741 -0.0040896789 0.99999006 22.50735
17 0.99996451 0.0080453955 -0.0025052684 0.071401438 -0.0080370282 0.99996209 0.0033316484 -0.29777872 0.0025319784 -0.0033113946 0.99999135 23.875487
18 0.99996358 0.0081304641 -0.0025989931 0.061682721 -0.0081250106 0.99996472 0.0021014584 -0.31579124 0.0026159878 -0.0020802643 0.99999445 25.204216
19 0.99995891 0.009066973 -8.4529153e-05 0.05964584 -0.0090668604 0.99995808 0.0012327122 -0.3304513 9.570293e-05 -0.0012318943 0.99999928 26.527156
20 0.99993416 0.011354508 0.0016671082 0.05543923 -0.011358477 0.99993257 0.0023918124 -0.34936161 -0.0016398377 -0.00241059 0.99999579 27.862439
21 0.9999261 0.012132274 0.0007944227 0.053915152 -0.012135047 0.99991988 0.0035862237 -0.36887749 -0.00075084972 -0.0035955983 0.99999329 29.208451
22 0.99990191 0.013809691 0.0023451051 0.051516572 -0.013817426 0.99989898 0.0033153165 -0.39561956 -0.0022990845 -0.0033473939 0.99999179 30.587718
23 0.99989321 0.014203956 0.0034413105 0.047849743 -0.014210948 0.99989693 0.0020165375 -0.42859239 -0.0034123129 -0.0020652257 0.99999208 31.968815
24 0.99988743 0.014523587 0.003772176 0.045170691 -0.014523425 0.99989447 -6.9786774e-05 -0.4623698 -0.0037727915 1.4994961e-05 0.99999292 33.330796
25 0.99985587 0.016726247 0.0029167089 0.037649069 -0.016727244 0.99985998 0.00031859561 -0.49302925 -0.0029109715 -0.00036733727 0.99999573 34.703938
26 0.99985315 0.017128772 -0.00056673507 0.033728333 -0.017129291 0.99985279 -0.00092870269 -0.52028944 0.00055074449 0.00093827512 0.99999945 36.064081
27 0.99982742 0.018068569 -0.0043234376 0.02743017 -0.018075229 0.99983544 -0.0015068337 -0.54731391 0.0042955005 0.0015847219 0.99998956 37.440954
28 0.99979874 0.01822136 -0.0083953314 0.015485195 -0.018235431 0.99983238 -0.0016028245 -0.57095992 0.0083647196 0.0017555955 0.99996351 38.838786
29 0.99973488 0.02031713 -0.010835799 -0.00056419015 -0.020342513 0.99979051 -0.0022377273 -0.60135074 0.010788066 0.0024575626 0.99993883 40.229112
30 0.99969727 0.02246925 -0.010026636 -0.020130519 -0.022507371 0.99973975 -0.0037057597 -0.63272056 0.0099407624 0.0039303124 0.9999429 41.617821
31 0.99968213 0.022928863 -0.010485087 -0.039091384 -0.022983862 0.99972248 -0.0051555629 -0.66731544 0.010363967 0.0053949133 0.99993178 43.007183
32 0.99965005 0.023861916 -0.01142 -0.0598193 -0.023923648 0.99969968 -0.0053001144 -0.70529692 0.0112901 0.0055714691 0.99992078 44.373696
33 0.99960399 0.025525636 -0.011846487 -0.08019321 -0.025571104 0.99966609 -0.0037028033 -0.74181725 0.011748016 0.004004266 0.99992301 45.753975
34 0.99958469 0.025261844 -0.013868008 -0.097527123 -0.025302083 0.99967605 -0.0027340055 -0.77508039 0.013794451 0.0030837608 0.99990014 47.1442
35 0.99958229 0.025538134 -0.013530887 -0.11726188 -0.02556346 0.99967169 -0.0017023033 -0.80988193 0.013482972 0.0020474897 0.99990704 48.555914
36 0.99961366 0.024805372 -0.012540292 -0.13366928 -0.024828111 0.9996903 -0.0016610477 -0.84318654 0.012495206 0.0019717588 0.99992003 49.95936
37 0.99956963 0.026362664 -0.012868288 -0.15769813 -0.026367827 0.99965222 -0.00023194444 -0.87249689 0.0128577 0.00057115443 0.99991721 51.409829
38 0.99953869 0.027631473 -0.012606761 -0.18341343 -0.027635971 0.99961798 -0.00018291552 -0.90144993 0.012596893 0.00053123224 0.99992055 52.844514
39 0.99950819 0.028820994 -0.012359744 -0.20694371 -0.028828711 0.99958421 -0.00044693358 -0.93539081 0.012341725 0.00080303028 0.99992355 54.273131
40 0.99947153 0.030212747 -0.01199531 -0.2313494 -0.030228966 0.99954225 -0.0011733337 -0.96946953 0.011954371 0.0015353205 0.9999274 55.701685
41 0.99942657 0.031695523 -0.01191472 -0.25437293 -0.031703071 0.99949717 -0.00044536743 -1.0009754 0.011894615 0.0008228463 0.99992896 57.104094
42 0.99939326 0.032874325 -0.011507654 -0.27758676 -0.032885465 0.99945876 -0.00078042651 -1.0323293 0.011475771 0.0011583886 0.99993352 58.530006
43 0.99936562 0.03390281 -0.010908261 -0.30292345 -0.033909186 0.99942478 -0.00040038106 -1.0627932 0.010888414 0.00077001836 0.99994046 59.937462
44 0.9993355 0.034704707 -0.011143182 -0.32766346 -0.034712458 0.99939716 -0.00050314225 -1.0930304 0.011119004 0.0008896162 0.99993782 61.367359
45 0.9993425 0.034072812 -0.012395044 -0.3479427 -0.03409672 0.99941699 -0.0017228916 -1.1251517 0.012329115 0.0021443903 0.99992173 62.79289
46 0.99940611 0.031737391 -0.013423872 -0.36108739 -0.03177285 0.99949209 -0.002436714 -1.1581255 0.01333972 0.0028617827 0.99990697 64.192098
47 0.99939616 0.03166 -0.014317433 -0.37998642 -0.031689761 0.99949597 -0.0018567608 -1.189381 0.014251433 0.0023093568 0.99989581 65.59503
48 0.99934459 0.032176242 -0.016586667 -0.40245074 -0.03220368 0.9994803 -0.0013899459 -1.2138738 0.016533326 0.0019231878 0.9998615 66.985921
49 0.99932161 0.031765435 -0.018636388 -0.42955634 -0.031804953 0.99949236 -0.0018280697 -1.2410816 0.01856886 0.0024195602 0.99982469 68.385357
50 0.99924146 0.032685298 -0.021170932 -0.46612414 -0.032728389 0.99946279 -0.0016921673 -1.274469 0.021104252 0.0023837753 0.99977448 69.793412
51 0.99914341 0.035490953 -0.021280491 -0.50404738 -0.035511341 0.99936905 -0.00058097503 -1.3044125 0.021246446 0.0013361772 0.99977341 71.21958
52 0.99904383 0.038814752 -0.020121517 -0.53978852 -0.038816302 0.99924626 0.0003134857 -1.3360381 0.02011852 0.00046785791 0.99979753 72.643047
53 0.99888012 0.042685303 -0.020408306 -0.57847142 -0.042658858 0.99908814 0.0017293928 -1.3693078 0.020463518 -0.00085686016 0.99979027 74.023992
54 0.99871224 0.045451437 -0.022539984 -0.61967046 -0.045399619 0.99896491 0.0028054307 -1.3991397 0.022644166 -0.0017785105 0.99974204 75.410638
55 0.99855913 0.048251777 -0.023483306 -0.66311525 -0.048186357 0.99883271 0.0033438807 -1.4239657 0.023617245 -0.0022074868 0.99971868 76.786426
56 0.99844764 0.050955198 -0.022492599 -0.70402989 -0.050889048 0.99869811 0.0035037668 -1.4486605 0.022641854 -0.0023536999 0.99974091 78.155518
57 0.99842903 0.052699535 -0.019033159 -0.73603659 -0.052626829 0.99860493 0.0043009601 -1.4721754 0.019233267 -0.0032925479 0.99980964 79.529156
58 0.99846541 0.051913802 -0.019282242 -0.75943951 -0.051818829 0.99864188 0.0053929137 -1.49214 0.019536023 -0.0043854539 0.99979957 80.889864
59 0.99848333 0.05082409 -0.021165354 -0.78433285 -0.050738326 0.99870147 0.0045697179 -1.5145283 0.021370124 -0.0034888919 0.99976558 82.262388
60 0.99848027 0.04988571 -0.023422316 -0.81331124 -0.049816909 0.99875213 0.0035119602 -1.5382729 0.023568287 -0.0023397947 0.99971953 83.633239
61 0.99844459 0.049641131 -0.025381014 -0.84849128 -0.049589509 0.99876608 0.0026594757 -1.5591807 0.025481717 -0.0013967062 0.99967435 85.014868
62 0.99833764 0.051304708 -0.026264389 -0.88607265 -0.051251141 0.99868206 0.0027089169 -1.5826953 0.026368757 -0.0013583329 0.9996514 86.372161
63 0.9982612 0.052853088 -0.0260989 -0.92947446 -0.052778231 0.99859989 0.0035490644 -1.6050808 0.026249941 -0.0021654388 0.9996531 87.72875
64 0.9982649 0.054418734 -0.022490533 -0.96873882 -0.054367295 0.99851676 0.0028925234 -1.6298032 0.022614584 -0.0016647543 0.99974291 89.082079
65 0.99819855 0.056852976 -0.01916818 -1.0062281 -0.056824914 0.99838209 0.0020056339 -1.6518992 0.019251195 -0.0009127898 0.9998143 90.449974
66 0.99820452 0.057704988 -0.016059405 -1.0358844 -0.057685671 0.99833335 0.0016635606 -1.6780509 0.016128636 -0.00073417525 0.99986969 91.826961
67 0.99815159 0.058764252 -0.01549855 -1.0643632 -0.058753387 0.9982718 0.0011554837 -1.7051202 0.015539668 -0.0002427546 0.99987926 93.208533
68 0.99811012 0.059293529 -0.016139729 -1.0913586 -0.059285494 0.99824053 0.00097594259 -1.7297436 0.016169201 -1.7245397e-05 0.99986931 94.586924
69 0.99805827 0.059596224 -0.01811097 -1.1209191 -0.059571612 0.99822218 0.0018956328 -1.7562016 0.018191746 -0.00081305138 0.99983422 95.943782
70 0.99797255 0.060426561 -0.019986075 -1.153114 -0.060419758 0.99817255 0.00094434412 -1.781898 0.020006617 0.0002651253 0.99979985 97.310501
71 0.99787964 0.061600852 -0.021014154 -1.1888551 -0.061609062 0.99810027 0.00025684563 -1.8083154 0.020990057 0.0010383624 0.99977918 98.670912
72 0.99783035 0.062622967 -0.020321929 -1.2257464 -0.062645444 0.99803568 -0.00047100893 -1.8354889 0.020252516 0.0017430644 0.99979342 100.01605
73 0.9978066 0.063109481 -0.019980531 -1.2625791 -0.06313627 0.9980046 -0.00071247108 -1.8607931 0.0198957 0.0019724057 0.99980015 101.34039
74 0.99777255 0.063348354 -0.020903466 -1.2939427 -0.063381813 0.99798885 -0.00094164054 -1.8877213 0.020801777 0.0022644438 0.99978109 102.66706
75 0.99777124 0.063968186 -0.018990967 -1.324729 -0.063986844 0.99795061 -0.0003761652 -1.9210908 0.018927986 0.0015905 0.99981962 104.01554
76 0.99773758 0.064556033 -0.018768661 -1.3529462 -0.064564588 0.99791346 0.00015012547 -1.9533109 0.018739193 0.0010620061 0.99982388 105.34761
77 0.99767062 0.065677758 -0.018433553 -1.3831679 -0.065669963 0.99784081 0.0010281802 -1.9855409 0.018461282 0.00018474653 0.9998296 106.67766
78 0.99767151 0.06587584 -0.017662221 -1.413496 -0.065855527 0.99782761 0.0017295576 -2.018165 0.01773779 -0.00056237451 0.99984255 108.00669
79 0.9976738 0.065661618 -0.018318359 -1.4454505 -0.065622913 0.99784076 0.0027063854 -2.0494803 0.018456512 -0.001497985 0.99982858 109.34001
80 0.99763009 0.06503403 -0.022467973 -1.4805096 -0.064974624 0.99788119 0.0033645101 -2.0800134 0.022639177 -0.0018966876 0.99974194 110.69173
81 0.99742987 0.066564923 -0.02651019 -1.5217675 -0.06644406 0.9977754 0.0054149246 -2.1119338 0.026811662 -0.0036395622 0.99963392 111.99964
82 0.99743516 0.066223464 -0.027158676 -1.5643369 -0.066101956 0.99779848 0.0053484264 -2.1417353 0.027453079 -0.0035394663 0.99961687 113.32405
83 0.99736729 0.065710515 -0.030670087 -1.6096012 -0.065595438 0.99783496 0.0047441562 -2.1657892 0.030915429 -0.0027198477 0.99951834 114.62865
84 0.99740365 0.065388287 -0.030172062 -1.6531285 -0.065302224 0.99785812 0.0038298961 -2.1873037 0.03035787 -0.0018496488 0.99953742 115.91192
85 0.99741006 0.064976248 -0.030842867 -1.6979619 -0.064911191 0.99788615 0.0031067726 -2.2087486 0.030979539 -0.0010966781 0.99951946 117.23827
86 0.99730955 0.065544295 -0.032827345 -1.7423069 -0.065453421 0.99784819 0.0038362307 -2.2248558 0.033008153 -0.0016772467 0.99945371 118.556
87 0.99725307 0.066493811 -0.032633069 -1.7876943 -0.066391301 0.9977847 0.0042158755 -2.2482395 0.03284111 -0.0020377421 0.99945855 119.86466
88 0.99720054 0.068097541 -0.030884129 -1.8364305 -0.06796666 0.99767362 0.0052690075 -2.2731029 0.03117109 -0.0031551654 0.99950912 121.20757
89 0.99713971 0.069202423 -0.03038853 -1.8852678 -0.069054863 0.99759548 0.0058797718 -2.2937007 0.030722357 -0.0037644775 0.99952091 122.54355
90 0.99707155 0.070520312 -0.029584443 -1.9362287 -0.070350391 0.99749947 0.0067467551 -2.3158315 0.029986252 -0.0046457198 0.99953955 123.88588
91 0.99695528 0.072035389 -0.029851385 -1.9893803 -0.071862931 0.9973912 0.0068115625 -2.336604 0.030264185 -0.0046456146 0.99953118 125.23205
92 0.99688011 0.073252646 -0.029395975 -2.0421528 -0.073088864 0.99730347 0.0066091708 -2.3579927 0.02980085 -0.0044400319 0.99954603 126.58044
93 0.99674951 0.075221386 -0.028847505 -2.0946847 -0.075041064 0.99715378 0.0072846466 -2.3773398 0.029313363 -0.0050962199 0.99955732 127.93284
94 0.99667286 0.07698707 -0.026762492 -2.1444291 -0.076810196 0.99701689 0.0075766394 -2.3957943 0.027265962 -0.005495798 0.99961315 129.29163
95 0.99658206 0.078290885 -0.026358476 -2.1907583 -0.078132218 0.99691839 0.0069979576 -2.4148411 0.026825128 -0.0049145923 0.9996281 130.63887
96 0.99649311 0.079825746 -0.025087281 -2.2351481 -0.079645195 0.99679017 0.0081169001 -2.4319177 0.025654695 -0.0060903531 0.99965235 131.9682
97 0.99638068 0.08141735 -0.024429042 -2.2747519 -0.081195476 0.99664855 0.009942213 -2.4472193 0.02515664 -0.007922701 0.99965217 133.31482
98 0.99629564 0.082236528 -0.025143329 -2.3152184 -0.081989908 0.99657578 0.010688457 -2.4627771 0.025936217 -0.0085873634 0.99962675 134.66455
99 0.99630256 0.08211079 -0.025279417 -2.3573557 -0.081854635 0.99658343 0.011007736 -2.4810221 0.026096904 -0.0088977975 0.99961986 136.0232
100 0.99632801 0.081863939 -0.0250764 -2.3958407 -0.081618545 0.99660658 0.010659285 -2.5001047 0.025863918 -0.0085734448 0.99962875 137.36561
101 0.99627665 0.082234721 -0.02589044 -2.4392376 -0.081964034 0.9965706 0.011349815 -2.5150239 0.026735002 -0.0091854705 0.99960039 138.70389
102 0.99619381 0.083171517 -0.026085036 -2.4836742 -0.082889874 0.99648997 0.011700273 -2.5309536 0.026966609 -0.0094935543 0.99959129 140.04389
103 0.99611384 0.083298335 -0.02861168 -2.5316435 -0.082990959 0.99648074 0.011769398 -2.5479731 0.029491362 -0.0093491493 0.99952135 141.38706
104 0.99598688 0.083427078 -0.032405091 -2.5834329 -0.083089527 0.99647417 0.011629313 -2.5659333 0.033261039 -0.0088901188 0.9994072 142.75073
105 0.99588497 0.083088931 -0.036185377 -2.6370218 -0.082746627 0.99651139 0.010859172 -2.5815047 0.036961421 -0.0078202677 0.99928613 144.09451
106 0.99580528 0.083074286 -0.038347589 -2.6904532 -0.082713243 0.99651361 0.010909976 -2.5908898 0.039120236 -0.0076923579 0.99920494 145.421
107 0.99575331 0.082640223 -0.040570553 -2.7474705 -0.082277989 0.99655382 0.010521142 -2.6017546 0.041300213 -0.0071383982 0.99912132 146.75225
108 0.99565187 0.08192197 -0.044341561 -2.8087867 -0.081510996 0.99661167 0.011001292 -2.6162511 0.045092568 -0.0073391316 0.99895589 148.0892
109 0.9955411 0.080897515 -0.04851339 -2.876712 -0.080444421 0.99669585 0.011223479 -2.6309387 0.04926105 -0.0072708027 0.99875951 149.42604
110 0.99532798 0.081644564 -0.051540273 -2.9516598 -0.081131871 0.99663149 0.011965793 -2.6436722 0.052343605 -0.0077283295 0.99859927 150.76249
111 0.9952152 0.081900558 -0.053282579 -3.0309853 -0.081347568 0.99660773 0.01246923 -2.6563738 0.054123072 -0.0080751584 0.99850166 152.10311
112 0.99514572 0.082097555 -0.054267984 -3.1133823 -0.081549607 0.99659407 0.012239143 -2.6696678 0.05508796 -0.0077541981 0.99845143 153.45797
113 0.99506135 0.082538942 -0.05513853 -3.1973549 -0.082029754 0.99656418 0.011438712 -2.6823406 0.055893228 -0.0068592198 0.99841323 154.80999
114 0.99502772 0.083216332 -0.054725673 -3.2738866 -0.082679273 0.99650379 0.012009359 -2.696293 0.055533719 -0.0074249658 0.99842924 156.1596
115 0.99506059 0.083915984 -0.053033606 -3.3491298 -0.083366749 0.99644061 0.012488823 -2.7107476 0.053892855 -0.0080058955 0.99851467 157.5024
116 0.99501234 0.083763865 -0.054167206 -3.4190733 -0.083105087 0.99643804 0.014305961 -2.7186764 0.055172592 -0.0097330376 0.99842943 158.83916
117 0.9949392 0.08296402 -0.056683261 -3.4924256 -0.082212779 0.99649477 0.015463024 -2.7249892 0.057767453 -0.010724681 0.9982725 160.1879
118 0.99483464 0.083507701 -0.057710756 -3.5736068 -0.082761624 0.99645334 0.015203329 -2.7256162 0.058775676 -0.010348563 0.99821761 161.54617
119 0.99478303 0.083905224 -0.058023004 -3.6544504 -0.083182729 0.99642492 0.014761182 -2.7278073 0.059054113 -0.0098576608 0.99820615 162.89446
120 0.99479955 0.084855748 -0.056332782 -3.7373467 -0.084178721 0.99634816 0.014288549 -2.7338374 0.057339535 -0.0094722199 0.99830984 164.2451
121 0.99490556 0.085143419 -0.053977322 -3.8138628 -0.084523096 0.99632759 0.013676828 -2.7425431 0.054943592 -0.0090448219 0.99844853 165.57296
122 0.99484918 0.086618689 -0.052653065 -3.8906742 -0.085997944 0.99619763 0.013946926 -2.755132 0.053660928 -0.0093470324 0.99851551 166.901
123 0.99478648 0.088408331 -0.050831711 -3.9642197 -0.087774581 0.99603372 0.014571839 -2.7679756 0.051918375 -0.010034136 0.99860096 168.25333
124 0.9948564 0.089341741 -0.047737058 -4.0298727 -0.088706286 0.99594068 0.015272346 -2.778969 0.04890774 -0.010959214 0.99874321 169.59834
125 0.99495333 0.08918101 -0.045985369 -4.0913976 -0.088570157 0.99595454 0.015158269 -2.7871119 0.04715117 -0.011008838 0.99882714 170.9494
126 0.99497779 0.089471341 -0.044878797 -4.1512972 -0.08893277 0.99594112 0.013860806 -2.7926062 0.045936788 -0.0097999983 0.99889632 172.31549
127 0.99483486 0.09137779 -0.044200969 -4.2137642 -0.090875968 0.99577419 0.013236406 -2.796126 0.045223702 -0.0091512324 0.99893501 173.6956
128 0.99464984 0.093157998 -0.044646522 -4.2801618 -0.092676239 0.99561465 0.012745906 -2.8010427 0.045638118 -0.0085400412 0.99892157 175.07886
129 0.99452789 0.094317023 -0.044928787 -4.3498195 -0.093832922 0.99550601 0.012769176 -2.8091809 0.045931232 -0.0084835018 0.99890862 176.44164
130 0.99436193 0.095493379 -0.046101945 -4.4187765 -0.095043191 0.99540238 0.011865093 -2.816091 0.047023028 -0.00741652 0.99886631 177.81438
131 0.994338 0.095833507 -0.045911877 -4.4866445 -0.095387038 0.99536998 0.011823476 -2.8270061 0.046832394 -0.0073771327 0.99887556 179.17829
132 0.99438944 0.095121377 -0.046277339 -4.5557036 -0.09466429 0.99543716 0.011975241 -2.8429425 0.047205289 -0.0075272417 0.99885689 180.53932
133 0.99418333 0.096585503 -0.047652737 -4.6324589 -0.096118494 0.99529748 0.012001472 -2.8574618 0.048587822 -0.0073513535 0.9987919 181.92955
134 0.99412787 0.097412012 -0.047124306 -4.7076265 -0.097058744 0.99523101 0.0097327814 -2.8723725 0.047847665 -0.0051018027 0.99884165 183.2966
135 0.99371857 0.10024876 -0.049735461 -4.788108 -0.099834015 0.99494586 0.010760318 -2.8893305 0.050562804 -0.0057274363 0.9987045 184.69404
136 0.99353097 0.1011341 -0.051654012 -4.8640783 -0.10066523 0.9948526 0.011605946 -2.904867 0.05256189 -0.0063311032 0.99859764 186.1001
137 0.99335452 0.10257817 -0.052197253 -4.9395922 -0.1020309 0.99469556 0.013050376 -2.921062 0.053259065 -0.007637917 0.99855156 187.47775
138 0.99322946 0.10307246 -0.053584928 -5.0184163 -0.10249902 0.99464347 0.013348879 -2.9389258 0.054673805 -0.0077660965 0.99847411 188.87005
139 0.99324534 0.10393362 -0.051589926 -5.0936819 -0.10335654 0.99454944 0.013737597 -2.9516939 0.052736534 -0.0083126483 0.9985739 190.25961
140 0.9932085 0.10489706 -0.050334065 -5.1715412 -0.10433414 0.994448 0.013690932 -2.9662783 0.051490753 -0.0083463888 0.99863863 191.66721
141 0.99326124 0.10484273 -0.049397742 -5.2444471 -0.1043561 0.99446342 0.012336421 -2.9776737 0.050417636 -0.0070983329 0.99870304 193.09652
142 0.99332553 0.10362817 -0.050651947 -5.3108943 -0.103211 0.9946009 0.010790301 -2.9886465 0.051496656 -0.0054904428 0.99865811 194.48635
143 0.99329421 0.10333314 -0.051854677 -5.382655 -0.10289604 0.99463083 0.01103629 -3.0033728 0.052716679 -0.0056266409 0.9985937 195.90365
144 0.99317755 0.10188879 -0.056719101 -5.4597046 -0.10119873 0.99475435 0.014915717 -3.0199803 0.057941322 -0.0090740534 0.99827879 197.30795
145 0.99330936 0.10032745 -0.057192243 -5.5403834 -0.099686484 0.99492091 0.013959325 -3.0387918 0.058302267 -0.0081646344 0.99826563 198.73291
146 0.99345204 0.099034609 -0.056966852 -5.6227302 -0.098477163 0.99506052 0.012517645 -3.0569033 0.05792515 -0.006825746 0.99829763 200.15042
147 0.99323613 0.10068504 -0.057832014 -5.7110253 -0.10013142 0.9948969 0.012399578 -3.0730615 0.058785349 -0.0065249066 0.99824936 201.55041
148 0.99284246 0.10385198 -0.058980034 -5.8100433 -0.1032559 0.99456884 0.0130739 -3.089966 0.060017459 -0.0068902858 0.99817358 202.97539
149 0.99223527 0.10767056 -0.062259478 -5.9123166 -0.10699067 0.99415909 0.014162499 -3.1036182 0.063420716 -0.0073913472 0.99795955 204.39835
150 0.99172278 0.11153385 -0.063609449 -6.0155856 -0.11076002 0.99372507 0.015575362 -3.1145386 0.06494749 -0.0084010565 0.99785336 205.83372
151 0.99127601 0.11408564 -0.066002787 -6.1198539 -0.11319723 0.99342602 0.017059013 -3.1250819 0.067515081 -0.0094388569 0.99767364 207.27982
152 0.99106324 0.11466007 -0.068167032 -6.2226792 -0.11371886 0.993358 0.017543794 -3.1332657 0.069725845 -0.0096351317 0.9975197 208.69511
153 0.99103665 0.11448319 -0.068847552 -6.3293193 -0.113572 0.99338392 0.017019467 -3.1425516 0.0703405 -0.0090477609 0.99748204 210.13545
154 0.99095108 0.11553345 -0.068322892 -6.4385691 -0.114626 0.993262 0.017069383 -3.1506914 0.069834623 -0.0090833429 0.99751727 211.58191
155 0.99090716 0.11642172 -0.067446439 -6.5460891 -0.11554754 0.99316093 0.016733451 -3.1604346 0.068933311 -0.0087880261 0.9975826 213.04425
156 0.99086171 0.11794015 -0.065446337 -6.6538728 -0.11709234 0.9929813 0.016655646 -3.1700933 0.066951364 -0.0088401772 0.99771712 214.50877
157 0.99090354 0.11845974 -0.063855322 -6.7584509 -0.11762376 0.99291759 0.016709026 -3.1752124 0.065382425 -0.0090461298 0.99781931 215.9732
158 0.99107819 0.11773618 -0.06246789 -6.8632034 -0.11698118 0.9930112 0.015621643 -3.1797561 0.063870552 -0.0081747018 0.99792475 217.49289
159 0.99105199 0.11850346 -0.061424107 -6.9662089 -0.11777626 0.99292161 0.015340036 -3.1856581 0.062807175 -0.0079684715 0.99799391 219.0083
160 0.99109838 0.11954419 -0.05859375 -7.0646926 -0.11884588 0.99279517 0.015273496 -3.1950989 0.059997455 -0.0081739108 0.9981651 220.50483
161 0.99114842 0.12071913 -0.055242453 -7.1583195 -0.12005662 0.99265107 0.015170362 -3.2061385 0.056667839 -0.0084038582 0.99835776 221.99704
162 0.99120504 0.12205747 -0.051132956 -7.2449324 -0.1214518 0.99248692 0.014800783 -3.2181384 0.05255534 -0.0084604209 0.99858221 223.47039
163 0.99127622 0.12298843 -0.047385035 -7.3251023 -0.12246022 0.99237596 0.013904341 -3.2279637 0.048733847 -0.0079802601 0.99877996 224.95217
164 0.99138008 0.12317788 -0.044640501 -7.3985154 -0.12274075 0.99236106 0.012414556 -3.2401057 0.045828698 -0.0068283343 0.99892601 226.45456
165 0.99153809 0.12204053 -0.044253244 -7.4689149 -0.12165751 0.99250824 0.011257359 -3.2562527 0.045295567 -0.0057783597 0.99895696 227.95244
166 0.99159674 0.12277031 -0.040784667 -7.5414347 -0.12240019 0.9924146 0.011460495 -3.2736353 0.041882311 -0.0063721379 0.99910227 229.47746
167 0.99168692 0.12329926 -0.036801731 -7.6066735 -0.1229861 0.99235104 0.01066368 -3.292851 0.037835064 -0.0060489307 0.99926573 230.99749
168 0.99164776 0.12420597 -0.034750903 -7.6688389 -0.12392048 0.99223905 0.010260135 -3.3117592 0.035755576 -0.0058680909 0.99934337 232.51996
169 0.99167518 0.1241229 -0.034261702 -7.7238913 -0.12385502 0.99225146 0.0098411147 -3.3313706 0.035217734 -0.0055157049 0.99936448 234.00567
170 0.99164394 0.1247588 -0.032826216 -7.7792391 -0.12449525 0.99217014 0.009961356 -3.3524673 0.033811962 -0.0057914099 0.99941147 235.52042
171 0.99156369 0.12553369 -0.032291901 -7.8329242 -0.12529358 0.99207547 0.0093624993 -3.3712164 0.033211315 -0.005237546 0.99943467 237.03388
172 0.99163678 0.12481733 -0.032820225 -7.8856783 -0.12461531 0.9921717 0.0081381918 -3.3919267 0.033579089 -0.0039802272 0.99942818 238.55264
173 0.99159798 0.1252112 -0.032490503 -7.9405468 -0.12503653 0.99212477 0.0073608706 -3.4132539 0.033156299 -0.0032365238 0.99944498 240.07111
174 0.99135799 0.12714896 -0.03228779 -7.9969851 -0.12692776 0.9918727 0.0088183969 -3.4391721 0.033146631 -0.0046439707 0.99943975 241.59224
175 0.99110587 0.1287923 -0.033492152 -8.0562814 -0.12854536 0.9916587 0.0094334976 -3.460476 0.034427749 -0.0050443337 0.9993945 243.11877
176 0.99092217 0.13026323 -0.033237987 -8.1155085 -0.13003215 0.99146859 0.0090306694 -3.4776646 0.034130787 -0.0046266831 0.9994067 244.62573
177 0.99084543 0.13105099 -0.032419154 -8.1726056 -0.13085228 0.99136802 0.0081857797 -3.4971641 0.03321207 -0.0038687216 0.99944088 246.13857
178 0.99076567 0.13180346 -0.031800503 -8.2281353 -0.13159463 0.99126641 0.0085815289 -3.5139351 0.032653849 -0.0043175081 0.99945743 247.64648
179 0.99078635 0.13202993 -0.030175106 -8.2779931 -0.13182875 0.9912354 0.0085705553 -3.5293655 0.031042205 -0.0045136421 0.99950792 249.16333
180 0.99075964 0.13234946 -0.029647609 -8.3273624 -0.13214319 0.99119133 0.0088203669 -3.5486139 0.030553827 -0.0048211335 0.99952153 250.69386
181 0.990672 0.13356012 -0.027031608 -8.3775628 -0.13335563 0.99102512 0.0092390699 -3.5686658 0.028022977 -0.0055480701 0.99959192 252.23042
182 0.99063245 0.13439022 -0.024220867 -8.4198303 -0.13421722 0.99091422 0.0086389853 -3.5840292 0.025161799 -0.0053072012 0.99966934 253.7522
183 0.99056797 0.13549251 -0.020418243 -8.4598567 -0.13535038 0.99076385 0.0081950322 -3.6033318 0.021340025 -0.0053541189 0.99975798 255.27199
184 0.99039701 0.13716161 -0.017334648 -8.4976346 -0.13702567 0.9905283 0.00880558 -3.624543 0.018378249 -0.0063457278 0.99981101 256.79066
185 0.98999822 0.14008283 -0.01674354 -8.5387263 -0.13992391 0.99010843 0.010318377 -3.638454 0.01802335 -0.0078723527 0.99980661 258.32139
186 0.98957425 0.14299231 -0.017205903 -8.5790173 -0.14278812 0.98967342 0.01256799 -3.6512997 0.018825352 -0.0099801605 0.99977301 259.8503
187 0.98920377 0.1455119 -0.017384179 -8.6188669 -0.14528349 0.98929438 0.013755359 -3.6623017 0.019199641 -0.011081219 0.9997543 261.40453
188 0.98895121 0.14720441 -0.017503939 -8.6565224 -0.14698114 0.98904807 0.013428817 -3.6700514 0.01928902 -0.010707696 0.99975665 262.97609
189 0.98871467 0.14867979 -0.018375248 -8.6950084 -0.14845719 0.98883407 0.01294336 -3.6764588 0.020094489 -0.010069352 0.99974742 264.54046
190 0.98864373 0.14941145 -0.016119274 -8.7289373 -0.14921902 0.98872446 0.01255052 -3.6899347 0.017812713 -0.01000269 0.99979134 266.12669
191 0.98850408 0.15059066 -0.013497017 -8.7581936 -0.15042755 0.9885434 0.012384614 -3.7000991 0.015207396 -0.010211918 0.99983225 267.68656
192 0.98835528 0.15153679 -0.013801433 -8.7903557 -0.15138372 0.98840768 0.011537335 -3.7130588 0.015389775 -0.0093136732 0.99983823 269.2396
193 0.98832213 0.15169277 -0.01444651 -8.8210244 -0.15155294 0.98839508 0.010332324 -3.7240066 0.015846199 -0.0080222533 0.9998423 270.78056
194 0.98819015 0.15257134 -0.01422115 -8.8517519 -0.15244175 0.98826385 0.0097955135 -3.7407051 0.015548764 -0.0075119327 0.99985093 272.34024
195 0.98803412 0.15377001 -0.01197491 -8.8790624 -0.15366354 0.98807884 0.0093595789 -3.7604251 0.013271379 -0.0074074758 0.99988453 273.89413
196 0.987807 0.15532639 -0.010539301 -8.9051231 -0.15523566 0.98783691 0.0089445094 -3.7835364 0.01180043 -0.0071993731 0.99990449 275.44463
197 0.98753571 0.15716001 -0.0086008478 -8.9309719 -0.15708354 0.98754475 0.0089450762 -3.8103173 0.0098995313 -0.0074825303 0.99992304 277.00013
198 0.98724845 0.15905037 -0.0065965058 -8.9533086 -0.15898345 0.98723388 0.009665003 -3.8327147 0.0080495172 -0.0084930236 0.99993157 278.5482
199 0.98708731 0.16007811 -0.0058033616 -8.9730523 -0.16001729 0.98706595 0.0097555079 -3.8566939 0.0072899446 -0.0087008995 0.99993561 280.10814
200 0.98694833 0.16098916 -0.0039378374 -8.9893573 -0.16094025 0.98690735 0.01058309 -3.8805364 0.005590044 -0.009811206 0.99993628 281.67449
201 0.9868326 0.16163753 -0.0058953657 -9.0069616 -0.16156358 0.98679652 0.011389625 -3.8996696 0.007658518 -0.010287177 0.9999178 283.24227
202 0.98681569 0.16172135 -0.0064058687 -9.025557 -0.16164856 0.9867914 0.010600343 -3.9185424 0.0080355586 -0.0094250847 0.99992333 284.81789
203 0.98657421 0.16324724 -0.0046571725 -9.0426595 -0.16319312 0.98654049 0.010283112 -3.9352271 0.0062731796 -0.0093850347 0.99993632 286.38356
204 0.9864578 0.16398955 -0.0029106027 -9.056514 -0.16395451 0.9864198 0.0097351263 -3.9525735 0.0044675357 -0.0091260845 0.99994841 287.93456
205 0.98623674 0.16533097 -0.0016709604 -9.0702131 -0.16530681 0.98619258 0.0098863426 -3.970929 0.0032824078 -0.009474053 0.99994977 289.50427
206 0.98582109 0.16779986 9.9633424e-05 -9.0816455 -0.16778932 0.98575218 0.011800726 -3.9878023 0.0018819467 -0.011650122 0.9999304 291.07788
207 0.9854853 0.16976061 0.00029835873 -9.0939441 -0.16975172 0.98541244 0.012106337 -4.004035 0.001761173 -0.011981264 0.99992671 292.65754
208 0.98509096 0.17203329 0.00062279112 -9.1058721 -0.17202769 0.98501405 0.012396819 -4.0148171 0.0015192077 -0.012319131 0.999923 294.22758
209 0.98471575 0.17416889 0.00036005921 -9.1178101 -0.17415902 0.98463336 0.012870801 -4.0215514 0.0018871671 -0.012736788 0.99991714 295.79546
210 0.98439583 0.17595073 0.002491772 -9.1245481 -0.17596819 0.98431623 0.012515633 -4.030991 -0.00025055662 -0.01275881 0.99991861 297.39594
211 0.98423181 0.17681453 0.004939236 -9.1275482 -0.17686216 0.98416298 0.011953518 -4.039063 -0.0027474575 -0.012638597 0.99991639 298.98766
212 0.98382033 0.17899974 0.0075292838 -9.1279437 -0.17908191 0.98375834 0.012210225 -4.0479425 -0.005221369 -0.013361026 0.99989714 300.57661
213 0.98336072 0.18148605 0.008034199 -9.1282556 -0.18157694 0.98329616 0.012584029 -4.0560132 -0.0056161717 -0.013833465 0.99988858 302.15724
214 0.98290842 0.18381797 0.010100858 -9.125256 -0.18393762 0.98285748 0.01257018 -4.0697909 -0.0076170796 -0.014213264 0.99987001 303.74412
215 0.98265032 0.18510453 0.011605935 -9.1181687 -0.18524188 0.98261781 0.01214802 -4.0831133 -0.009155545 -0.014087161 0.99985889 305.33373
216 0.98265338 0.18503035 0.012495455 -9.1064193 -0.18517517 0.98263656 0.011637739 -4.0959303 -0.010125157 -0.013749712 0.99985424 306.9561
217 0.98245828 0.18600871 0.013286008 -9.0952233 -0.18616317 0.98245124 0.011520683 -4.1080478 -0.010909909 -0.013791956 0.9998454 308.57024
218 0.98221649 0.18743188 0.010958478 -9.0874473 -0.18755744 0.9821822 0.011840867 -4.1212845 -0.0085438664 -0.013685639 0.99986988 310.18553
219 0.98176827 0.18985361 0.0093108406 -9.0828799 -0.18995637 0.98172176 0.011783624 -4.1350382 -0.0069034916 -0.013337442 0.99988726 311.82073
220 0.98143313 0.19163846 0.0079837158 -9.0813616 -0.19172288 0.98137981 0.011657013 -4.1535678 -0.0056011257 -0.01297124 0.99990022 313.4575
221 0.98126571 0.19247141 0.0085083093 -9.0784294 -0.19255928 0.98122233 0.011115514 -4.1708977 -0.0062091247 -0.012545627 0.99990206 315.10549
222 0.98124788 0.19242909 0.011120512 -9.0705408 -0.19254761 0.98122814 0.010799589 -4.1856265 -0.008833605 -0.012738302 0.99987988 316.78295
223 0.98095007 0.19375935 0.013939172 -9.0597242 -0.19391142 0.98096248 0.010529308 -4.201588 -0.011633653 -0.01303169 0.99984744 318.43716
224 0.98073718 0.19461423 0.016730603 -9.0456138 -0.19479635 0.98079232 0.010034152 -4.2200352 -0.014456459 -0.013099926 0.99980972 320.06747
225 0.98019271 0.1973066 0.017099156 -9.0312505 -0.19749438 0.98025215 0.010078842 -4.2376571 -0.014772863 -0.013256195 0.99980304 321.68734
226 0.97982071 0.19919136 0.016559387 -9.01674 -0.19937005 0.97987387 0.0099335689 -4.2556697 -0.01424743 -0.013034562 0.99981358 323.29444
227 0.97957153 0.20044567 0.016160839 -9.001817 -0.20061857 0.97961949 0.0098859124 -4.2760585 -0.013849886 -0.012926123 0.99982057 324.91464
228 0.97958041 0.20033482 0.016976793 -8.9858167 -0.20050813 0.97964885 0.0091928435 -4.2985698 -0.01478965 -0.012409114 0.99981366 326.53374
229 0.9796204 0.19998632 0.018691668 -8.9676622 -0.20017158 0.97972294 0.0086124999 -4.3235337 -0.016590275 -0.012178521 0.99978824 328.16779
230 0.97929842 0.20132821 0.021013996 -8.9478819 -0.20153861 0.97944444 0.0084062314 -4.3495985 -0.018889632 -0.012467341 0.99974388 329.8073
231 0.97895913 0.20268779 0.023594566 -8.9220634 -0.2029202 0.97916345 0.0078876508 -4.3758494 -0.021504208 -0.012509502 0.99969053 331.44984
232 0.97866426 0.2038789 0.02548909 -8.8926217 -0.20413184 0.97891288 0.0077229229 -4.4013673 -0.023377059 -0.012761283 0.99964531 333.09471
233 0.97811799 0.20631646 0.026809468 -8.8631824 -0.20658542 0.97839858 0.0076534436 -4.4288395 -0.024651315 -0.013024416 0.9996113 334.72893
234 0.9776655 0.20804265 0.029806932 -8.8291169 -0.20831407 0.97804179 0.0062762787 -4.4593297 -0.027846694 -0.012345305 0.99953601 336.36449
235 0.97696579 0.21101409 0.031795054 -8.7934702 -0.21131099 0.97739885 0.0062486088 -4.4887945 -0.029757907 -0.012823321 0.99947492 337.99192
236 0.97651412 0.2125193 0.035436563 -8.7510021 -0.21281831 0.9770797 0.0048477617 -4.5229787 -0.033594107 -0.012275457 0.99936021 339.6079
237 0.97624872 0.21338813 0.037469613 -8.7051496 -0.21366614 0.97690029 0.0035328097 -4.5586995 -0.035850219 -0.011454888 0.99929156 341.22337
238 0.97546223 0.21662928 0.0393093 -8.6579573 -0.21691837 0.97618446 0.003193761 -4.5926415 -0.037681269 -0.011642302 0.99922203 342.8464
239 0.97484869 0.21891905 0.041767458 -8.6024325 -0.2192484 0.97566302 0.0034188158 -4.624901 -0.040002524 -0.012490276 0.99912155 344.48503
240 0.97474355 0.21938717 0.041764866 -8.5461689 -0.21971091 0.97555948 0.0032696724 -4.657078 -0.04002679 -0.012363289 0.99912216 346.11388
241 0.97474445 0.21921927 0.04261681 -8.4877191 -0.21952837 0.97560244 0.0026564566 -4.6857252 -0.04099472 -0.011944965 0.999088 347.72637
242 0.97447242 0.21926518 0.048231824 -8.4246284 -0.21959304 0.97559028 0.0015422367 -4.7153612 -0.046716344 -0.01209424 0.99883502 349.31926
243 0.97424008 0.21904819 0.053611418 -8.3502387 -0.21938837 0.97563743 0.00047258149 -4.749192 -0.052201792 -0.012222129 0.9985618 350.91481
244 0.9739203 0.21929471 0.058215982 -8.2696494 -0.21962834 0.97558332 -0.00068296723 -4.7860164 -0.056944316 -0.012120724 0.99830382 352.50838
245 0.97391635 0.2181961 0.062269125 -8.181071 -0.21848536 0.97583767 -0.0022082514 -4.8246841 -0.061246395 -0.01145424 0.99805699 354.0898
246 0.97372581 0.21838891 0.064531821 -8.0889438 -0.21864102 0.9758 -0.0032153415 -4.862045 -0.063672351 -0.010978442 0.99791051 355.66826
247 0.9736248 0.21809761 0.066994075 -7.9929119 -0.21831092 0.97587013 -0.0042095338 -4.9037361 -0.066295611 -0.010527032 0.99774453 357.2583
248 0.97343471 0.21856913 0.068208805 -7.8953282 -0.2187463 0.97576914 -0.0049520126 -4.9453918 -0.06763841 -0.010099963 0.99765882 358.84603
249 0.97298465 0.21996117 0.070128275 -7.797238 -0.22011564 0.97545757 -0.0056132122 -4.9891666 -0.069641851 -0.0099747609 0.99752223 360.44106
250 0.9725067 0.22107944 0.073175324 -7.6946596 -0.22118673 0.97520815 -0.0067357801 -5.0381709 -0.072850321 -0.0096348191 0.99729638 362.04192
251 0.97196585 0.2226987 0.075416881 -7.5870309 -0.22277998 0.9748403 -0.0074405459 -5.0844159 -0.075176421 -0.0095694142 0.99712437 363.63638
252 0.97152786 0.22367502 0.078122507 -7.475851 -0.22374723 0.9746148 -0.00794031 -5.1339649 -0.077915406 -0.009765462 0.99691218 365.22964
253 0.97105396 0.22467112 0.081099438 -7.3597511 -0.22473921 0.97438263 -0.0084062102 -5.1843534 -0.080910523 -0.010063339 0.9966706 366.82861
254 0.97048067 0.22503877 0.086745895 -7.2351059 -0.22500332 0.97430335 -0.010313572 -5.2358819 -0.086837777 -0.0095089912 0.99617712 368.42734
255 0.96957448 0.22714105 0.091281467 -7.1064063 -0.22710564 0.97380892 -0.010912936 -5.2912844 -0.09136949 -0.010149632 0.99576537 370.02474
256 0.96883298 0.22857185 0.095486055 -6.9661678 -0.22850181 0.97347173 -0.011814784 -5.3484464 -0.09565351 -0.010372184 0.99536069 371.63793
257 0.96808345 0.22925296 0.10127957 -6.8184075 -0.22918141 0.97330341 -0.012499695 -5.4089337 -0.10144135 -0.011110646 0.99477951 373.24641
258 0.96742365 0.23180853 0.10176598 -6.6688101 -0.2319206 0.97267366 -0.010893378 -5.4670689 -0.10151027 -0.013063115 0.99474876 374.86486
259 0.96699749 0.23394759 0.10091782 -6.5218646 -0.23413547 0.97215097 -0.01014645 -5.523747 -0.1004811 -0.01381685 0.99484306 376.47355
260 0.96661142 0.23650324 0.098633736 -6.3791736 -0.23676477 0.97152325 -0.00921463 -5.5748969 -0.098004265 -0.014446027 0.99508118 378.05705
261 0.96638956 0.23818809 0.096735107 -6.238825 -0.23852518 0.97110134 -0.0082341387 -5.6245331 -0.095900874 -0.015116374 0.99527614 379.65126
262 0.96600674 0.23972744 0.096756221 -6.0970887 -0.2401733 0.97070338 -0.0071851228 -5.674463 -0.09564407 -0.016297384 0.99528221 381.27083
263 0.96554384 0.2412457 0.097599392 -5.9547938 -0.24171778 0.97032029 -0.0071361588 -5.7202537 -0.096424246 -0.016701234 0.99520024 382.87388
264 0.96505541 0.24195286 0.10063246 -5.8043096 -0.24240128 0.97014358 -0.0079332262 -5.7682254 -0.099547407 -0.016737434 0.99489208 384.48261
265 0.96422465 0.24300652 0.10591831 -5.6504956 -0.24341878 0.96987744 -0.0092160691 -5.8195071 -0.10496736 -0.016896146 0.99433216 386.0762
266 0.96331317 0.24436455 0.11096728 -5.4885984 -0.24478856 0.96952487 -0.0099980493 -5.872339 -0.11002872 -0.017532269 0.99377381 387.67206
267 0.96254791 0.24531427 0.11542295 -5.3197755 -0.24570646 0.96928135 -0.011040286 -5.9255106 -0.11458566 -0.017733361 0.99325512 389.24686
268 0.96192535 0.24619072 0.11870037 -5.1409756 -0.24659362 0.96905053 -0.011512954 -5.9786071 -0.11786105 -0.018196152 0.99286341 390.85477
