4 0.99994559 0.0020977849 0.010218283 0.0087899952 -0.0021123774 0.99999676 0.0014174972 -0.03159133 -0.010215277 -0.001439005 0.99994679 1.311844
5 0.99999861 0.001603098 0.00046609678 -0.0067340314 -0.0016034024 0.9999985 0.00065352309 -0.021045517 -0.00046504842 -0.00065426952 0.99999968 1.2956668
6 0.99999945 0.0010515144 -3.6586404e-05 -0.0029639096 -0.0010514962 0.99999932 0.00049586431 -0.017283859 3.7107788e-05 -0.00049582557 0.99999988 1.3108798
7 0.99999933 0.00036973701 -0.0010926824 0.00036573049 -0.00036968425 0.99999993 4.8488026e-05 -0.016420261 0.0010927003 -4.8084046e-05 0.9999994 1.3169657
8 0.99999955 0.00015912527 -0.00093440148 0.0012057618 -0.00015916392 0.99999999 -4.1284371e-05 -0.015220341 0.0009343949 4.1433076e-05 0.99999956 1.3175665
9 0.99999854 0.00075257183 -0.0015343819 0.0026124432 -0.00075265903 0.99999972 -5.625538e-05 -0.014711291 0.0015343392 5.7410165e-05 0.99999882 1.3242445
10 0.99999865 0.0014647833 -0.00074191681 -0.0016325367 -0.0014645394 0.99999887 0.00032919747 -0.01747716 0.00074239818 -0.00032811046 0.99999967 1.3265993
11 0.99999746 0.0019549856 -0.0011173758 -0.0055901561 -0.0019544859 0.99999799 0.00044812677 -0.018625474 0.0011182496 -0.00044594174 0.99999928 1.3388496
12 0.99999808 0.0013089123 -0.0014591161 -0.0041589432 -0.0013088402 0.99999914 5.0409545e-05 -0.019980542 0.0014591809 -4.8499698e-05 0.99999893 1.345942
13 0.9999983 0.0013638644 -0.0012393378 -0.0012255847 -0.0013631599 0.99999891 0.0005690792 -0.024575106 0.0012401126 -0.00056738882 0.99999907 1.3387593
14 0.99999689 -0.00093196897 -0.0023136105 0.0020030746 0.00093386259 0.99999923 0.00081752563 -0.019360998 0.0023128468 -0.00081968369 0.99999699 1.3447334
15 0.99999889 -0.00047755427 -0.0014124103 0.0041599417 0.00047664515 0.99999968 -0.0006439332 -0.016560658 0.0014127173 0.00064325927 0.9999988 1.3338738
16 0.99999991 0.00042397588 7.9447192e-05 -0.0029138016 -0.00042390457 0.99999951 -0.00089547277 -0.02585389 -7.9826812e-05 0.00089543901 0.9999996 1.3398567
17 0.99999957 0.00056171251 -0.00073474952 -0.0081028732 -0.0005622833 0.99999954 -0.00077686881 -0.022753207 0.0007343128 0.00077728161 0.99999943 1.3680722
18 0.99999999 8.8161587e-05 -8.3826406e-05 -0.0062092935 -8.8264703e-05 0.99999924 -0.0012309078 -0.02248997 8.3717824e-05 0.0012309152 0.99999924 1.328681
19 0.99999638 0.00093874817 0.0025214435 0.0015431023 -0.00093661192 0.9999992 -0.00084828197 -0.017428174 -0.0025222378 0.00084591728 0.99999646 1.3229076
20 0.99999587 0.0022875597 0.0017410555 -0.0039071907 -0.0022896072 0.99999669 0.0011749381 -0.020592587 -0.001738362 -0.0011789195 0.99999779 1.3352586
21 0.9999993 0.00077980205 -0.00088619058 -0.0035095478 -0.00077875219 0.999999 0.001184428 -0.022776562 0.00088711331 -0.001183737 0.99999891 1.3459568
22 0.99999739 0.0016773605 0.0015538563 -0.0031095086 -0.0016769708 0.99999856 -0.00025206683 -0.031728324 -0.0015542769 0.0002494604 0.99999876 1.37916
23 0.9999993 0.00039130603 0.001114043 -0.0063861281 -0.00038987607 0.9999991 -0.0012835106 -0.037643217 -0.0011145442 0.0012830754 0.99999856 1.3809674
24 0.99999989 0.00031253397 0.00036047598 -0.0068462643 -0.00031178301 0.99999779 -0.0020814116 -0.036624785 -0.00036112569 0.002081299 0.99999777 1.3618934
25 0.9999972 0.0022043551 -0.00086102205 -0.012256074 -0.0022040321 0.9999975 0.00037591704 -0.030744865 0.00086184856 -0.00037401826 0.99999956 1.373106
26 0.99999393 0.00039878647 -0.0034620887 -0.0074235191 -0.00040330792 0.99999907 -0.0013053901 -0.027821585 0.0034615649 0.0013067785 0.99999315 1.3601167
27 0.99999254 0.00094031259 -0.0037462532 -0.0050760238 -0.00094272562 0.99999935 -0.00064240295 -0.025836493 0.0037456467 0.00064592985 0.99999278 1.3769008
28 0.99999171 0.00015355396 -0.0040695678 -0.0055111168 -0.00015424539 0.99999997 -0.00016958953 -0.021642777 0.0040695416 0.00017021584 0.9999917 1.3979049
29 0.99999484 0.0021019831 -0.0024286055 -0.00386228 -0.0021036386 0.99999756 -0.00067930843 -0.028237325 0.0024271717 0.00068441384 0.99999682 1.3904585
30 0.9999973 0.0021684699 0.00083885595 -0.0039415183 -0.002167251 0.9999966 -0.0014512752 -0.02834794 -0.00084200014 0.0014494533 0.9999986 1.388906
31 0.9999998 0.00047442214 -0.00042579092 -0.0043651658 -0.00047504323 0.99999882 -0.0014597708 -0.029551293 0.00042509787 0.0014599728 0.99999884 1.3896011
32 0.99999913 0.00093511018 -0.00093140728 -0.0056858759 -0.00093526519 0.99999955 -0.00016600717 -0.031074002 0.00093125163 0.00016687814 0.99999955 1.3668324
33 0.99999854 0.0016462476 -0.00046452652 -0.0039095946 -0.0016455086 0.99999739 0.0015866672 -0.029305343 0.00046713735 -0.0015859005 0.99999863 1.3805956
34 0.99999787 -0.0002747568 -0.0020457625 -0.00014408648 0.00027663278 0.99999954 0.0009167822 -0.028127665 0.0020455097 -0.00091734617 0.99999749 1.3904466
35 0.99999992 0.00026199072 0.00031097272 0.00062780522 -0.00026231397 0.99999942 0.0010399057 -0.030935426 -0.00031070009 -0.0010399872 0.99999941 1.4119414
36 0.99999924 -0.00073395235 0.00098930139 0.0033734687 0.00073388685 0.99999973 6.6566635e-05 -0.030839154 -0.00098934998 -6.5840549e-05 0.99999951 1.403595
37 0.99999875 0.0015401344 -0.00036338708 -0.0051679479 -0.0015396168 0.99999781 0.0014205192 -0.027037349 0.00036557408 -0.0014199579 0.99999893 1.4507025
38 0.99999916 0.0012686533 0.00026016463 -0.006494053 -0.0012686678 0.99999919 5.5908335e-05 -0.028801469 -0.0002600935 -5.6238351e-05 0.99999996 1.4349036
39 0.99999926 0.0011933286 0.00025423814 -0.0045853011 -0.0011932632 0.99999926 -0.00025709017 -0.033819172 -0.00025454474 0.00025678661 0.99999993 1.4288061
40 0.99999894 0.0014013163 0.00038524321 -0.0057804281 -0.0014010404 0.99999876 -0.00071559172 -0.033620778 -0.0003862455 0.00071505122 0.99999967 1.4287616
41 0.99999891 0.0014748381 5.855966e-05 -0.0052940498 -0.0014748804 0.99999865 0.00073007032 -0.030033924 -5.7482846e-05 -0.00073015589 0.99999973 1.4026203
42 0.99999921 0.0011833346 0.00041750964 -0.0052458341 -0.0011832002 0.99999925 -0.00032198471 -0.030900599 -0.00041789034 0.00032149046 0.99999986 1.4261013
43 0.9999993 0.0010245212 0.0005866106 -0.00816786 -0.0010247557 0.9999994 0.00039955247 -0.029649925 -0.0005862009 -0.00040015333 0.99999975 1.4076774
44 0.99999965 0.00080362798 -0.00023131587 -0.008129683 -0.00080365359 0.99999967 -0.0001106686 -0.029957528 0.00023122686 0.00011085446 0.99999997 1.4300938
45 0.99999908 -0.00061821247 -0.0012088685 -0.0033002698 0.00061668627 0.99999901 -0.001262474 -0.031537544 0.0012096478 0.0012617274 0.99999847 1.425685
46 0.99999679 -0.0023276012 -0.0010039944 0.0052392388 0.0023268502 0.99999701 -0.00074849297 -0.030402085 0.0010057336 0.00074615442 0.99999922 1.3993173
47 0.99999958 -8.4837376e-05 -0.00091160625 0.00082000121 8.5339937e-05 0.99999984 0.00055126743 -0.027824552 0.00091155934 -0.00055134499 0.99999943 1.4031315
48 0.99999726 0.00051092299 -0.002283146 -0.0018523955 -0.00051002322 0.99999979 0.00039465646 -0.021979565 0.0022833472 -0.00039349092 0.99999732 1.3911133
49 0.99999785 -0.00040271933 -0.002034876 -0.0030743175 0.0004016947 0.99999979 -0.00050391922 -0.025374428 0.0020350786 0.00050310073 0.9999978 1.3997292
50 0.99999636 0.00091951521 -0.0025380801 -0.0093351341 -0.00091937806 0.99999958 5.5201078e-05 -0.031125206 0.0025381298 -5.2867422e-05 0.99999678 1.4085505
51 0.99999611 0.0027844866 -0.00014586525 -0.0068162583 -0.0027843234 0.99999551 0.0011070119 -0.027767296 0.00014894705 -0.0011066015 0.99999938 1.4267002
52 0.9999939 0.0033068628 0.0011267302 -0.0043438542 -0.0033079171 0.99999409 0.00093506179 -0.030972084 -0.0011236314 -0.00093878321 0.99999893 1.423923
53 0.99999254 0.0038463362 -0.00034162154 -0.0095719305 -0.0038458531 0.99999162 0.001403705 -0.034100085 0.0003470178 -0.0014023807 0.99999896 1.3814334
54 0.99999385 0.0027494331 -0.0021761798 -0.01150465 -0.0027472967 0.99999574 0.00098410685 -0.032751364 0.0021788763 -0.00097812219 0.99999715 1.3871443
55 0.99999563 0.002793022 -0.00096708239 -0.01110818 -0.0027925442 0.99999598 0.00049505892 -0.029221792 0.00096846121 -0.00049235614 0.99999941 1.3763428
56 0.99999587 0.0027025579 0.00098210015 -0.007331553 -0.0027027629 0.99999633 0.0002074538 -0.02966249 -0.00098153589 -0.00021010733 0.9999995 1.369585
57 0.99999268 0.0017251142 0.0034150578 0.00034133091 -0.0017284438 0.99999803 0.00097227022 -0.028348293 -0.0034133738 -0.00097816584 0.9999937 1.3739189
58 0.99999963 -0.00080746368 -0.00030635162 0.0038553824 0.00080779329 0.99999909 0.0010773369 -0.025650291 0.00030548143 -0.001077584 0.99999937 1.3608085
59 0.99999773 -0.0010736124 -0.0018382284 0.0031186616 0.0010719231 0.999999 -0.00091968827 -0.029669314 0.001839214 0.00091771575 0.99999789 1.3726086
60 0.99999716 -0.0009149708 -0.0022008549 0.0015655675 0.00091239534 0.9999989 -0.0011709317 -0.029969356 0.0022019239 0.0011689203 0.99999689 1.371034
61 0.99999814 -0.00022267544 -0.0019143172 -0.0015223766 0.00022085901 0.99999953 -0.00094902611 -0.025869411 0.0019145276 0.00094860155 0.99999772 1.3819923
62 0.99999822 0.0016661336 -0.00088503836 -0.001770702 -0.0016661293 0.99999861 5.5605041e-06 -0.027246915 0.0008850464 -4.0859058e-06 0.99999961 1.3577415
63 0.99999882 0.0015287349 0.00012220021 -0.0064108145 -0.0015288379 0.99999847 0.00084752844 -0.026425414 -0.00012090437 -0.00084771427 0.99999963 1.3571953
64 0.99999213 0.0015804547 0.0036391018 -0.0023664575 -0.0015787724 0.99999865 -0.00046510299 -0.029693628 -0.0036398319 0.00045935401 0.99999327 1.3537971
65 0.99999132 0.002454345 0.0033664207 -0.005288595 -0.0024519853 0.99999675 -0.00070489474 -0.026380519 -0.0033681398 0.00069663421 0.99999409 1.3683226
66 0.99999475 0.00085668533 0.0031236795 -0.0016081385 -0.00085617463 0.99999962 -0.00016482738 -0.029052391 -0.0031238195 0.0001621521 0.99999511 1.3772472
67 0.99999926 0.0010688384 0.00058931066 -0.0045833197 -0.0010685586 0.99999932 -0.0004748731 -0.029681876 -0.00058981782 0.00047424304 0.99999971 1.3818038
68 0.99999966 0.0005336397 -0.00062960009 -0.004079032 -0.00053377636 0.99999983 -0.00021690682 -0.026501825 0.00062948423 0.00021724281 0.99999978 1.3786146
69 0.99999791 0.00029034446 -0.0020226068 -0.0059967598 -0.00028872446 0.99999964 0.00080119091 -0.028187527 0.0020228387 -0.00080060526 0.99999763 1.3571316
70 0.99999799 0.00085129487 -0.0018154196 -0.0057386285 -0.00085322253 0.99999907 -0.0010613188 -0.028680646 0.0018145144 0.0010628656 0.99999779 1.3670267
71 0.9999988 0.0011917474 -0.00098486992 -0.0068552746 -0.0011924847 0.99999901 -0.00074837097 -0.028168147 0.00098397707 0.00074954452 0.99999923 1.3608284
72 0.99999919 0.001038718 0.00073589897 -0.0069044043 -0.0010382149 0.99999923 -0.00068381546 -0.027997668 -0.0007366087 0.00068305088 0.9999995 1.345607
73 0.99999982 0.00049205009 0.0003559197 -0.0083463207 -0.00049197195 0.99999985 -0.0002195968 -0.02525268 -0.0003560277 0.00021942165 0.99999991 1.3248313
74 0.99999956 0.00024515409 -0.00090682082 -0.0031996411 -0.00024541444 0.99999993 -0.00028699574 -0.026237097 0.0009067504 0.00028721816 0.99999955 1.3270467
75 0.99999806 0.00060685521 0.0018732001 -0.0005518724 -0.00060814036 0.99999958 0.00068557909 -0.032199112 -0.0018727832 -0.00068671693 0.99999801 1.3488644
76 0.99999981 0.00057891105 0.0001882148 -0.00087944034 -0.0005790125 0.99999969 0.00053943941 -0.031840457 -0.00018790246 -0.00053954828 0.99999984 1.3323695
77 0.99999935 0.0011074382 0.00027776582 -0.003148331 -0.0011076872 0.99999898 0.0008978621 -0.032701176 -0.00027677121 -0.00089816919 0.99999956 1.3303774
78 0.99999972 0.00018469475 0.00072371474 -0.0035793889 -0.00018523791 0.9999997 0.00075052475 -0.034299976 -0.00072357591 -0.0007506586 0.99999946 1.3293316
79 0.99999971 -0.00023118524 -0.00071918663 -0.0061676337 0.00023185512 0.99999954 0.0009314902 -0.034102138 0.00071897096 -0.00093165668 0.99999931 1.3336195
80 0.99999104 -0.00063613933 -0.0041847487 -0.0080257953 0.00063775333 0.99999972 0.00038436305 -0.034794111 0.0041845031 -0.00038702844 0.99999117 1.3520532
81 0.9999902 0.001494681 -0.0041683075 -0.009475981 -0.0014872578 0.9999973 0.0017833936 -0.037016641 0.0041709619 -0.0017771767 0.99998972 1.3083938
82 0.99999974 -0.00033943074 -0.00064285765 -0.004970415 0.00033936045 0.99999994 -0.00010945456 -0.037389107 0.00064289477 0.00010923637 0.99999979 1.3248866
83 0.99999388 -0.00049154428 -0.0034651666 -0.0077429641 0.00048865318 0.99999953 -0.00083512906 -0.031616054 0.0034655755 0.00083343068 0.99999365 1.3051999
84 0.9999998 -0.00029599606 0.00055727514 -0.0023285045 0.00029648617 0.99999957 -0.00087960727 -0.027818485 -0.00055701454 0.00087977232 0.99999946 1.2838875
85 0.99999973 -0.00038994051 -0.0006223869 -0.0030516255 0.00038946409 0.99999963 -0.00076540431 -0.026783764 0.00062268513 0.00076516171 0.99999951 1.3270021
86 0.99999779 0.00055105396 -0.0020287253 -0.002361779 -0.0005498397 0.99999967 0.00059904445 -0.020399675 0.0020290547 -0.00059792765 0.99999776 1.3184176
87 0.99999954 0.00093921726 0.00016906378 -0.00053846084 -0.0009392834 0.99999948 0.00039155347 -0.028503189 -0.00016869594 -0.00039171209 0.99999991 1.3093421
88 0.99999736 0.0015700024 0.0016758782 -0.0028487179 -0.0015719593 0.99999808 0.0011669898 -0.030785549 -0.0016740428 -0.0011696211 0.99999791 1.3436748
89 0.99999931 0.0010881072 0.00045306742 -0.005656701 -0.0010883984 0.9999992 0.00064305534 -0.028090742 -0.00045236734 -0.00064354802 0.99999969 1.3367224
90 0.99999889 0.0012936751 0.0007424898 -0.008047244 -0.0012943583 0.99999874 0.00092047327 -0.030657416 -0.00074129807 -0.00092143329 0.9999993 1.3431084
91 0.99999881 0.0015182606 -0.0002709702 -0.011168293 -0.0015182482 0.99999885 4.5859459e-05 -0.030722725 0.00027103951 -4.5448005e-05 0.99999996 1.3469744
92 0.99999914 0.0012260766 0.00046901689 -0.010266686 -0.0012259974 0.99999923 -0.00016912715 -0.031398573 -0.00046922389 0.00016855199 0.99999988 1.3491909
93 0.99999797 0.0019539837 0.00049772526 -0.010651284 -0.0019543387 0.99999784 0.00071378124 -0.029147719 -0.00049632946 -0.00071475251 0.99999962 1.3532041
94 0.99999634 0.0017585041 0.002057961 -0.0083672521 -0.001759429 0.99999835 0.00044771481 -0.029068462 -0.0020571703 -0.000451334 0.99999778 1.3594859
95 0.99999902 0.0013228903 0.00044752821 -0.0079781553 -0.0013226459 0.99999898 -0.00054593371 -0.0299609 -0.00044824996 0.00054534126 0.99999975 1.347818
96 0.99999817 0.0015080928 0.0011800752 -0.0072445113 -0.0015095264 0.99999812 0.0012148982 -0.027032395 -0.0011782408 -0.0012166774 0.99999857 1.3298823
97 0.99999867 0.0015502928 0.00051054834 -0.0036990175 -0.0015512461 0.99999704 0.0018719998 -0.026615299 -0.00050764468 -0.0018727892 0.99999812 1.3470212
98 0.99999938 0.00080540079 -0.00077293249 -0.0051022302 -0.00080487078 0.99999944 0.00068578891 -0.029493804 0.0007734844 -0.00068516637 0.99999947 1.3500922
99 0.99999998 -0.00013395048 -0.00016194044 -0.0052468975 0.0001340002 0.99999994 0.0003070533 -0.033315095 0.0001618993 -0.00030707499 0.99999994 1.3590144
100 0.99999994 -0.00023936866 0.00023102121 -0.0017480187 0.00023944505 0.99999992 -0.00033066921 -0.034121855 -0.00023094203 0.00033072451 0.99999992 1.3426592
101 0.99999956 0.00035652818 -0.00086814443 -0.0074065857 -0.00035598844 0.99999974 0.00062178925 -0.029894941 0.00086836589 -0.00062147992 0.99999943 1.3387159
102 0.99999954 0.0009316798 -0.00022284041 -0.0071408307 -0.00093160549 0.99999951 0.0003333376 -0.031837742 0.00022315086 -0.00033312985 0.99999992 1.3404261
103 0.9999968 0.00013099441 -0.0025246429 -0.010155015 -0.00013134979 0.99999998 -0.00014059874 -0.033700977 0.0025246244 0.0001409299 0.9999968 1.343682
104 0.99999288 0.00014232556 -0.0037704097 -0.0098811875 -0.00014404026 0.99999989 -0.0004545101 -0.034960094 0.0037703446 0.00045504996 0.99999279 1.3642858
105 0.99999309 -0.00030429886 -0.0037051511 -0.00738455 0.00030029278 0.99999937 -0.0010817274 -0.031933641 0.003705478 0.0010806073 0.99999255 1.3445375
106 0.99999767 -1.0040665e-05 -0.002160519 -0.0034061868 9.7632902e-06 0.99999999 -0.00012839387 -0.024165342 0.0021605203 0.00012837248 0.99999766 1.3273684
107 0.99999753 -0.0004138973 -0.0021847487 -0.0038005166 0.00041264962 0.99999975 -0.00057150621 -0.0258041 0.0021849847 0.00057060326 0.99999745 1.3322621
108 0.99999251 -0.00072825203 -0.0038013313 -0.00464647 0.00072889606 0.99999972 0.000168039 -0.029057423 0.0038012079 -0.00017080852 0.99999276 1.3381167
109 0.99999074 -0.001023781 -0.0041806555 -0.0061514443 0.0010232929 0.99999947 -0.00011888873 -0.030013688 0.004180775 0.00011460959 0.99999125 1.3382906
110 0.99999499 0.00072635686 -0.0030809947 -0.0077544766 -0.00072483154 0.99999961 0.00049615907 -0.02847156 0.0030813539 -0.00049392339 0.99999513 1.338282
111 0.99999839 0.00023857129 -0.0017801205 -0.0077513399 -0.00023793037 0.99999991 0.00036024546 -0.029496073 0.0017802063 -0.00035982133 0.99999835 1.3426826
112 0.99999951 0.00021453727 -0.00096469086 -0.0075921063 -0.00021483604 0.99999993 -0.00030960543 -0.030938003 0.00096462437 0.00030981253 0.99999949 1.3570544
113 0.99999956 0.00049098442 -0.00080315046 -0.0080517346 -0.00049168223 0.9999995 -0.00086887873 -0.030007366 0.00080272345 0.00086927324 0.9999993 1.3543227
114 0.99999972 0.00064737723 0.00036490399 0.00042499289 -0.00064759707 0.99999961 0.00060265323 -0.029478612 -0.00036451371 -0.00060288937 0.99999975 1.351533
115 0.99999842 0.00066913492 0.0016487558 0.00089663752 -0.00067015457 0.99999958 0.00061796085 -0.030635767 -0.0016483416 -0.00061906479 0.99999845 1.3446328
116 0.99999915 -0.00024423339 -0.0012840836 0.00310489 0.00024643701 0.9999985 0.0017162263 -0.024471893 0.0012836625 -0.0017165413 0.9999977 1.3383865
117 0.99999623 -0.00085528272 -0.0026083224 0.0019517331 0.00085774677 0.99999919 0.00094371471 -0.025561989 0.0026075131 -0.00094594844 0.99999615 1.3505058
118 0.99999934 0.00056606379 -0.0010041151 -0.0022549303 -0.0005664089 0.99999978 -0.00034344122 -0.021926882 0.0010039204 0.00034400974 0.99999944 1.360517
119 0.99999987 0.00042667486 -0.00027471605 -0.0009982767 -0.000426803 0.9999998 -0.00046653631 -0.022887183 0.00027451694 0.0004666535 0.99999985 1.3505145
120 0.99999803 0.00097471143 0.001726842 -0.0022011978 -0.00097414271 0.99999947 -0.00033014705 -0.026278193 -0.0017271629 0.00032846421 0.99999845 1.3529406
121 0.99999706 0.00031241384 0.0024026575 0.00075330696 -0.0003114274 0.99999987 -0.00041092586 -0.027744489 -0.0024027856 0.0004101764 0.99999703 1.3297978
122 0.99999809 0.0014621346 0.0012983602 -0.0023888761 -0.0014626308 0.99999886 0.00038125197 -0.031094569 -0.0012978013 -0.00038315026 0.99999908 1.3299526
123 0.9999969 0.0017576488 0.0017628169 0.00050551724 -0.0017590251 0.99999815 0.00077950128 -0.031805514 -0.0017614435 -0.00078259971 0.99999814 1.3540214
124 0.99999503 0.00088868179 0.0030244185 0.0054845621 -0.00089161882 0.99999913 0.00096989495 -0.030250002 -0.0030235539 -0.00097258676 0.99999496 1.3462978
125 0.99999844 -0.00016355989 0.0017569027 0.0055915397 0.00016348642 0.99999999 4.1964437e-05 -0.02841325 -0.0017569096 -4.1677142e-05 0.99999846 1.3521834
126 0.9999992 0.00034705114 0.0012191656 0.0053019808 -0.00034559511 0.99999923 -0.0011942903 -0.025852985 -0.0012195791 0.001193868 0.99999854 1.3671562
127 0.99999785 0.0019415222 0.00073173075 0.0015572533 -0.0019411115 0.99999796 -0.0005615984 -0.0226195 -0.00073281961 0.00056017682 0.99999957 1.3813357
128 0.99999828 0.0018131514 -0.00039928415 -0.0030514242 -0.0018133625 0.99999822 -0.00052901846 -0.023621767 0.00039832424 0.00052974159 0.99999978 1.3846625
129 0.99999928 0.0011654734 -0.00028350309 -0.0063361601 -0.0011654743 0.99999932 -3.0168141e-06 -0.026229882 0.00028349938 3.3472275e-06 0.99999996 1.3643148
130 0.99999866 0.0012286506 -0.0010838487 -0.0048794137 -0.0012297457 0.99999873 -0.0010103102 -0.02502857 0.001082606 0.0010116417 0.9999989 1.374255
131 0.99999992 0.00034314176 0.00019338638 -0.0023131583 -0.00034313725 0.99999994 -2.3344025e-05 -0.027461219 -0.00019339438 2.3277666e-05 0.99999998 1.3653554
132 0.99999967 -0.00072153651 -0.00037874364 -0.0034074457 0.00072158056 0.99999973 0.00011617743 -0.032521361 0.00037865971 -0.00011645069 0.99999992 1.3624877
133 0.99999797 0.0014774374 -0.0013732316 -0.0093242698 -0.0014775819 0.9999989 -0.00010422973 -0.032218721 0.0013730761 0.00010625858 0.99999905 1.3920126
134 0.99999928 0.00093739139 0.00074583732 -0.0068747832 -0.00093574304 0.99999713 -0.0022073492 -0.032150443 -0.00074790433 0.0022066497 0.99999729 1.3688105
135 0.99999238 0.0028178275 -0.0027021151 -0.011498723 -0.002815759 0.99999574 0.00076897813 -0.031846447 0.0027042704 -0.00076136376 0.99999605 1.3994485
136 0.99999764 0.00085856854 -0.0019963261 -0.0028479634 -0.00085727319 0.99999942 0.00064963413 -0.031126954 0.0019968827 -0.0006479212 0.9999978 1.4078433
137 0.99999881 0.0013818449 -0.00068755266 -0.00098344477 -0.0013808935 0.99999809 0.0013823465 -0.032470736 0.00068946154 -0.0013813954 0.99999881 1.3794282
138 0.99999888 0.00048949386 -0.001413034 -0.0023245164 -0.00048927509 0.99999987 0.00015516578 -0.03648895 0.0014131098 -0.00015447424 0.99999899 1.3941736
139 0.99999776 0.00083508717 0.0019471076 0.0025248068 -0.0008362403 0.99999948 0.00059149137 -0.031248918 -0.0019466127 -0.00059311829 0.99999793 1.3912941
140 0.99999875 0.0009656402 0.0012556149 -0.0015941011 -0.0009657459 0.99999953 8.3577335e-05 -0.034298033 -0.0012555336 -8.4789835e-05 0.99999921 1.4094073
141 0.99999942 8.6942479e-06 0.0010746016 0.0023746065 -7.3517337e-06 0.99999922 -0.001249311 -0.030909299 -0.0010746117 0.0012493024 0.99999864 1.4308813
142 0.99999876 -0.001139656 -0.0010866711 0.0052174789 0.0011378418 0.99999796 -0.0016687356 -0.027744084 0.0010885707 0.0016674971 0.99999802 1.3911729
143 0.99999921 -0.00030316315 -0.001223408 0.003224328 0.00030331064 0.99999995 0.00012037751 -0.029864795 0.0012233714 -0.00012074848 0.99999924 1.4188726
144 0.9999849 -0.0016291122 -0.0052475827 -0.0007940315 0.0016467455 0.99999301 0.0033577138 -0.032381573 0.0052420759 -0.0033663045 0.99998059 1.4061373
145 0.99999878 -0.0015148461 -0.0003738914 0.0043397946 0.0015144718 0.99999835 -0.00099946298 -0.039863359 0.00037540481 0.00099889551 0.99999943 1.4268097
146 0.99999919 -0.0012200524 0.00036946551 0.0026533766 0.001220573 0.99999826 -0.001412006 -0.037854558 -0.00036774215 0.0014124558 0.99999893 1.4195036
147 0.99999824 0.0016731665 -0.00085066712 -0.0050308006 -0.0016733396 0.99999858 -0.00020283584 -0.034378693 0.00085032653 0.00020425894 0.99999962 1.4024394
148 0.99999428 0.0031568846 -0.0012122293 -0.012888034 -0.0031562127 0.99999486 0.00055578675 -0.036085649 0.0012139776 -0.00055195752 0.99999911 1.4279961
149 0.99998705 0.0038034859 -0.0033812218 -0.014728705 -0.0038009923 0.9999925 0.00074358484 -0.034003995 0.0033840246 -0.00073072321 0.99999401 1.4262217
150 0.9999916 0.0038156889 -0.0014973867 -0.010266894 -0.0038138034 0.99999193 0.0012600434 -0.032584936 0.0015021825 -0.0012543221 0.99999809 1.4387109
151 0.99999363 0.0024963952 -0.0025495293 -0.0083167274 -0.0024933193 0.99999616 0.0012089131 -0.034255338 0.0025525374 -0.0012025486 0.99999602 1.4494669
152 0.9999974 0.00056385871 -0.0022106335 -0.005448484 -0.00056333806 0.99999981 0.00023613795 -0.033219687 0.0022107663 -0.000234892 0.99999753 1.4186437
153 0.9999998 -0.00013728386 -0.00061743749 -0.0042026035 0.00013691432 0.99999981 -0.00059851012 -0.035329336 0.00061751954 0.00059842547 0.99999963 1.4438681
154 0.99999931 0.0010521898 0.00051676565 -0.0056008748 -0.0010522465 0.99999944 0.00010933159 -0.03368049 -0.00051665032 -0.00010987528 0.99999986 1.4502083
155 0.99999917 0.00091243232 0.00091159102 -0.0033086422 -0.00091222027 0.99999956 -0.00023300161 -0.035382666 -0.00091180322 0.00023216985 0.99999956 1.4658837
156 0.99999684 0.0015217898 0.0020001777 -0.0047335635 -0.0015221016 0.99999883 0.00015440007 -0.035011158 -0.0019999404 -0.00015744406 0.99999799 1.4680855
157 0.99999863 0.00050850943 0.001577068 -0.0049768688 -0.00050888814 0.99999984 0.00023974623 -0.03036304 -0.0015769459 -0.00024054845 0.99999873 1.4678532
158 0.99999864 -0.00067100628 0.0015096073 -0.0039046953 0.00067238999 0.99999935 -0.00091628065 -0.03066769 -0.0015089915 0.00091729444 0.99999844 1.5229813
159 0.99999912 0.00078407878 0.0010718307 -0.0046056362 -0.00078391061 0.99999968 -0.00015731329 -0.030376297 -0.0010719537 0.00015647293 0.99999941 1.5186133
160 0.99999548 0.0010334094 0.0028236193 -0.0024981582 -0.0010341702 0.99999943 0.00026797397 -0.032969635 -0.0028233407 -0.00027089286 0.99999598 1.4994256
161 0.99999372 0.0011678127 0.0033452804 -0.0019521747 -0.0011688116 0.99999927 0.0002966625 -0.034349949 -0.0033449315 -0.00030057064 0.99999436 1.4947978
162 0.99999057 0.0013429948 0.0041302118 -0.00091443283 -0.0013435322 0.99999909 0.00012734539 -0.03474932 -0.004130037 -0.00013289326 0.99999146 1.4755252
163 0.99999219 0.00096148118 0.0038342254 -0.00039607156 -0.00095982441 0.99999945 -0.00043391869 -0.032073221 -0.0038346405 0.00043023512 0.99999256 1.4836331
164 0.99999574 0.00024576109 0.002910148 0.001931946 -0.00024243843 0.99999932 -0.0011420464 -0.033067992 -0.0029104267 0.001141336 0.99999511 1.5038749
165 0.99999926 -0.0010974896 0.00052737267 0.00083483222 0.0010980697 0.99999879 -0.0011008675 -0.034923227 -0.00052616384 0.0011014457 0.99999925 1.4992071
166 0.9999939 0.00070809741 0.0034210947 -0.0007147787 -0.00071023647 0.99999955 0.00062408193 -0.034914886 -0.0034206513 -0.0006265079 0.99999395 1.5264434
167 0.99999163 0.00054581933 0.0040538422 0.0013237515 -0.00054459617 0.99999981 -0.00030282591 -0.036765146 -0.0040540067 0.00030061567 0.99999174 1.5211057
168 0.9999974 0.0009197966 0.0020863476 -0.0017203599 -0.00091948968 0.99999957 -0.0001480627 -0.035637858 -0.0020864829 0.00014614394 0.99999781 1.5234402
169 0.99999985 -7.1323704e-05 0.00053779563 0.0009601269 7.1514698e-05 0.99999993 -0.00035513062 -0.035015354 -0.00053777027 0.00035516903 0.99999979 1.4864452
170 0.99999881 0.00063097007 0.0014102974 0.001071828 -0.00063138985 0.99999976 0.00029722704 -0.036158056 -0.0014101095 -0.00029811713 0.99999896 1.5154742
171 0.9999995 0.00079893157 0.0006051895 0.00027082931 -0.00079861228 0.99999954 -0.00052764163 -0.034065087 -0.00060561077 0.00052715806 0.99999968 1.5141486
172 0.9999997 -0.00068062073 -0.00037068435 0.00072585476 0.00068014541 0.99999895 -0.001280894 -0.035123146 0.00037155576 0.0012806415 0.99999911 1.5194096
173 0.99999982 0.00042140127 0.00042439522 -0.00076294675 -0.00042109133 0.99999964 -0.00073014798 -0.034052628 -0.00042470275 0.00072996914 0.99999964 1.519233
174 0.99999818 0.0019063281 1.859158e-05 -0.0022883868 -0.0019063534 0.9999971 0.0014714469 -0.037703955 -1.5786466e-05 -0.0014714797 0.99999892 1.5219278
175 0.99999784 0.0016430346 -0.0012735269 -0.005480521 -0.0016424535 0.99999855 0.00045717848 -0.035759473 0.0012742762 -0.00045508578 0.99999908 1.5274013
176 0.99999883 0.0014966643 0.00030410685 -0.0046097264 -0.0014965527 0.99999881 -0.00036679517 -0.032274763 -0.00030465545 0.00036633963 0.99999989 1.5078634
177 0.99999924 0.00081954931 0.00092242818 -0.0024088269 -0.00081887498 0.9999994 -0.00073117612 -0.033770269 -0.00092302686 0.00073042021 0.99999931 1.513663
178 0.99999957 0.00074397379 0.0005617528 -0.0027459196 -0.00074423973 0.99999961 0.00047334397 -0.029737081 -0.00056140042 -0.00047376185 0.99999973 1.5087324
179 0.99999867 0.00022206255 0.0016134808 0.0021642037 -0.0002223906 0.99999995 0.00020313724 -0.02841613 -0.0016134356 -0.00020349579 0.99999868 1.5174818
180 0.99999983 0.00031284591 0.00049012623 0.0011341144 -0.00031300141 0.9999999 0.00031720603 -0.032506208 -0.00049002695 -0.00031735939 0.99999983 1.531103
181 0.99999606 0.0011992295 0.0025386504 -0.00013913233 -0.0012011646 0.99999899 0.00076090179 -0.033927191 -0.0025377353 -0.00076394813 0.99999649 1.537133
182 0.99999553 0.00084388772 0.0028667165 0.0028203073 -0.00084326127 0.99999962 -0.00021972563 -0.029313683 -0.0028669008 0.00021730726 0.99999587 1.5221576
183 0.99999205 0.001110969 0.0038288187 0.0011800061 -0.0011112476 0.99999938 7.0645569e-05 -0.032572198 -0.0038287378 -7.4899773e-05 0.99999267 1.5200925
184 0.9999942 0.0016640766 0.0029730043 -0.002142259 -0.0016671227 0.99999809 0.0010224288 -0.034265038 -0.0029712972 -0.0010273792 0.99999506 1.5188963
185 0.99999566 0.0029226473 0.00037805874 -0.010658609 -0.002923241 0.99999448 0.0015795734 -0.02912909 -0.00037344012 -0.0015806717 0.99999868 1.5310367
186 0.99999549 0.0029032551 -0.00077311846 -0.010534696 -0.002901577 0.99999345 0.0021628566 -0.030398785 0.00077939272 -0.0021606036 0.99999736 1.5291499
187 0.99999675 0.0025267176 -0.00034631222 -0.0086041555 -0.0025263179 0.99999615 0.0011498024 -0.032098114 0.00034921611 -0.0011489238 0.99999928 1.5544295
188 0.99999852 0.0017171884 -7.0980232e-05 -0.0059496954 -0.0017172125 0.99999847 -0.00034049835 -0.030560883 7.0395424e-05 0.00034061974 0.99999994 1.57172
189 0.99999856 0.0015028483 -0.00079050752 -0.0069439025 -0.0015033294 0.99999868 -0.00060830286 -0.02875327 0.00078959229 0.00060949037 0.9999995 1.5645747
190 0.9999971 0.00074102034 0.0022897175 0.00032908695 -0.00074089983 0.99999972 -5.3477923e-05 -0.034342288 -0.0022897565 5.1781317e-05 0.99999738 1.5862769
191 0.99999587 0.0011891078 0.0026179623 0.00037824756 -0.001189707 0.99999927 0.00022735075 -0.030023925 -0.00261769 -0.00023046442 0.99999655 1.5598933
192 0.99999952 0.00096932934 -0.00017337128 -0.0062252687 -0.00096948215 0.99999914 -0.00088347559 -0.033513997 0.00017251476 0.00088364325 0.99999959 1.5530467
193 0.99999988 0.000175946 -0.00045508297 -0.0049392598 -0.0001765324 0.99999915 -0.0012888326 -0.029820303 0.00045485582 0.0012889128 0.99999907 1.5410076
194 0.99999955 0.0008962805 0.00030422017 -0.0031228873 -0.0008961294 0.99999948 -0.0004964648 -0.033678001 -0.00030466498 0.00049619196 0.99999983 1.5597059
195 0.99999665 0.0012143476 0.0022866887 0.00017923592 -0.0012141487 0.99999926 -8.8359222e-05 -0.035328181 -0.0022867943 8.5582546e-05 0.99999738 1.5538548
196 0.99999766 0.0015776931 0.0014824767 -0.0016201421 -0.0015774138 0.99999874 -0.00018951566 -0.038328447 -0.0014827738 0.00018717674 0.99999888 1.5504238
197 0.99999645 0.0018532714 0.0019149488 -0.0030208271 -0.0018538521 0.99999824 0.00030151943 -0.041668714 -0.0019143866 -0.00030506839 0.99999812 1.5553753
198 0.99999644 0.0019056319 0.0018663551 -0.0032148581 -0.0019075489 0.99999765 0.0010258985 -0.037212337 -0.0018643957 -0.001029455 0.99999773 1.5479435
199 0.99999916 0.0010396533 0.00076867406 -0.0031228021 -0.0010398192 0.99999944 0.0002154651 -0.040061981 -0.00076844961 -0.0002162642 0.99999968 1.5597316
200 0.99999812 0.00091657588 0.0017090127 -0.0008607004 -0.00091848306 0.99999896 0.0011155016 -0.039772853 -0.0017079885 -0.0011170692 0.99999792 1.566115
201 0.99999766 0.00065508576 -0.0020618866 -0.0055312428 -0.00065409528 0.99999967 0.00048101628 -0.0370986 0.002062201 -0.00047966648 0.99999776 1.5675433
202 0.99999993 9.0140816e-05 -0.00037621926 -0.0032344043 -9.0464877e-05 0.99999962 -0.00086143468 -0.037838024 0.00037614147 0.00086146865 0.99999956 1.5753909
203 0.99999723 0.0015466544 0.001777025 -0.0015989707 -0.0015466029 0.9999988 -3.0361037e-05 -0.033986798 -0.0017770698 2.7612601e-05 0.99999842 1.5654806
204 0.99999807 0.00075366264 0.0018126241 -0.0011080096 -0.00075320054 0.99999968 -0.00025560127 -0.033930759 -0.0018128161 0.00025423551 0.99999832 1.5507882
205 0.99999836 0.0013589541 0.0011980683 -0.003491346 -0.0013593772 0.99999901 0.00035243884 -0.03467809 -0.0011975881 -0.00035406689 0.99999922 1.5694882
206 0.99999585 0.0025005646 0.0014297003 -0.0033205391 -0.0025036792 0.99999449 0.0021808688 -0.033438909 -0.001424239 -0.0021844393 0.9999966 1.5733802
207 0.99999801 0.0019893315 0.00014462248 -0.0064277238 -0.0019893798 0.99999797 0.00033464523 -0.036468418 -0.00014395646 -0.00033493227 0.99999993 1.5793645
208 0.9999973 0.002306725 0.00027040703 -0.0071594631 -0.0023068173 0.99999728 0.00034136467 -0.031460665 -0.00026961886 -0.00034198753 0.99999991 1.5697849
209 0.99999759 0.0021686155 -0.00034036176 -0.0082195977 -0.0021684719 0.99999756 0.0004217525 -0.028002119 0.00034127555 -0.00042101342 0.99999985 1.5676733
210 0.99999603 0.0018098025 0.0021609895 -0.0019706865 -0.0018098533 0.99999836 2.1549799e-05 -0.030852998 -0.0021609469 -2.5460787e-05 0.99999766 1.6002177
211 0.99999647 0.00087725772 0.0025081882 -0.001931651 -0.00087695287 0.99999961 -0.00012263774 -0.028781767 -0.0025082948 0.00012043775 0.99999685 1.591486
212 0.99999439 0.0022242994 0.0025038586 -0.0031843867 -0.0022260856 0.99999727 0.00071084232 -0.02889089 -0.0025022707 -0.00071641213 0.99999661 1.5887101
213 0.9999967 0.0025313135 0.00042984897 -0.0071145764 -0.0025315105 0.99999669 0.00045822716 -0.029114222 -0.00042868763 -0.00045931382 0.9999998 1.5803598
214 0.99999511 0.0023749128 0.0020348904 -0.0034608748 -0.0023756536 0.99999711 0.00036170928 -0.034955343 -0.0020340255 -0.00036654171 0.99999786 1.5865609
215 0.99999793 0.0013076889 0.0015570879 -0.0026914768 -0.0013074754 0.99999914 -0.00013810497 -0.03438468 -0.0015572671 0.00013606883 0.99999878 1.5892996
216 0.99999953 -7.9451447e-05 0.00096865565 -0.00093387676 7.9777618e-05 0.99999994 -0.00033669155 -0.033273945 -0.00096862885 0.00033676867 0.99999947 1.6221243
217 0.99999918 0.00099613174 0.00079860526 -0.003097678 -0.00099615712 0.9999995 3.1374071e-05 -0.032029506 -0.00079857361 -3.2169581e-05 0.99999968 1.6139008
218 0.9999962 0.0014471285 -0.0023465754 -0.0075189838 -0.001447411 0.99999895 -0.0001187137 -0.033836079 0.0023464011 0.00012210971 0.99999724 1.6149989
219 0.99999568 0.0024620528 -0.0016077484 -0.0069051803 -0.0024626431 0.9999969 -0.00036527993 -0.035031226 0.0016068441 0.00036923766 0.99999864 1.6348685
220 0.99999754 0.0018147327 -0.001278968 -0.0062889242 -0.0018152155 0.99999828 -0.00037642893 -0.039732978 0.0012782827 0.00037874961 0.99999911 1.6363811
221 0.99999945 0.00084529475 0.00061866097 -0.0030303675 -0.00084502824 0.99999955 -0.00043090801 -0.03782177 -0.00061902493 0.00043038498 0.99999972 1.6476461
222 0.99999656 -4.1452259e-05 0.002624237 0.00016144921 4.0945765e-05 0.99999998 0.00019305982 -0.033978654 -0.002624245 -0.0001929517 0.99999654 1.6771984
223 0.99999511 0.0013590593 0.0028181323 -0.00092554498 -0.001359847 0.99999904 0.00027759756 -0.034652399 -0.0028177523 -0.00028142843 0.99999599 1.6539613
224 0.9999956 0.00087238577 0.0028347098 -0.0015477757 -0.00087254696 0.99999962 5.5627837e-05 -0.03660774 -0.0028346601 -5.810101e-05 0.99999598 1.6300688
225 0.99999616 0.0027479859 0.00035284451 -0.0058981396 -0.0027480268 0.99999622 0.00011564559 -0.035708116 -0.00035252539 -0.00011661478 0.99999993 1.6196159
226 0.99999803 0.0019188626 -0.00050054263 -0.0059610971 -0.0019189874 0.99999813 -0.00024904433 -0.03609806 0.00050006381 0.00025000437 0.99999984 1.6068569
227 0.99999911 0.0012781682 -0.00038110333 -0.0043968814 -0.0012782164 0.99999918 -0.00012617575 -0.038124463 0.00038094174 0.00012666277 0.99999992 1.6199402
228 0.99999955 -0.00012163387 0.000938423 -0.0022346782 0.00012211748 0.99999986 -0.00051530022 -0.039773892 -0.00093836019 0.00051541459 0.99999943 1.618841
229 0.99999832 -0.0003596542 0.0017965975 -0.0013778279 0.00036005841 0.99999991 -0.00022466838 -0.0410961 -0.0017965166 0.00022531488 0.99999836 1.6338276
230 0.99999637 0.001375091 0.0023170252 -0.002605283 -0.0013757038 0.99999902 0.00026288813 -0.041547289 -0.0023166614 -0.00026607472 0.99999728 1.6393113
231 0.99999557 0.0013888587 0.00263267 -0.00045240908 -0.0013888958 0.99999904 1.228572e-05 -0.040991418 -0.0026326504 -1.594217e-05 0.99999653 1.6424402
232 0.99999747 0.0012223076 0.0018890603 -0.0013711969 -0.0012227315 0.99999923 0.00022326694 -0.039595237 -0.0018887859 -0.00022557618 0.99999819 1.6448503
233 0.99999603 0.0024966852 0.0013071841 -0.0037841233 -0.0024969508 0.99999686 0.00020161685 -0.04174555 -0.0013066766 -0.00020488002 0.99999913 1.6341771
234 0.9999933 0.001745386 0.0032182324 -0.00069990828 -0.0017430517 0.99999822 -0.00072800943 -0.044105541 -0.0032194973 0.000722395 0.99999456 1.6356073
235 0.99999344 0.0030523225 0.001951183 -0.0043300462 -0.0030530838 0.99999526 0.00038730602 -0.041492909 -0.0019499916 -0.0003932606 0.99999802 1.6275522
236 0.9999914 0.0015216726 0.0038570581 0.0006252341 -0.0015193721 0.99999867 -0.00059930576 -0.04517241 -0.0038579649 0.0005934403 0.99999238 1.6162684
237 0.99999706 0.00085903452 0.0022674537 -0.0018925943 -0.00085710475 0.99999927 -0.00085190811 -0.044988165 -0.0022681839 0.00084996216 0.99999707 1.6158856
238 0.99999273 0.0033238374 0.0018709279 -0.0048624159 -0.0033239595 0.99999447 6.214703e-05 -0.041679343 -0.001870711 -6.8365466e-05 0.99999825 1.6235323
239 0.9999944 0.0023786479 0.002352808 -0.00058551539 -0.0023804263 0.99999688 0.00075337377 -0.038540391 -0.0023510086 -0.00075897024 0.99999695 1.6394319
240 0.99999989 0.0004739706 3.0148638e-05 -0.0032548155 -0.00047396619 0.99999988 -0.00014608872 -0.039421468 -3.0217876e-05 0.00014607442 0.99999999 1.6296585
241 0.99999951 -0.00018984563 0.0009665238 -0.001275008 0.00019024285 0.9999999 -0.00041090071 -0.035059535 -0.00096644569 0.00041108439 0.99999945 1.6134192
242 0.99998359 5.3541525e-05 0.0057281778 0.0027030906 -5.4383916e-05 0.99999999 0.00014690531 -0.034109324 -0.0057281699 -0.00014721442 0.99998358 1.594048
243 0.99998491 -0.00021583448 0.005489918 0.0053811471 0.00021507288 0.99999997 0.00013931654 -0.035991025 -0.0054899479 -0.00013813371 0.99998492 1.5972346
244 0.99998867 0.00024675407 0.0047529318 0.0034051841 -0.0002462073 0.99999996 -0.00011562227 -0.037751028 -0.0047529601 0.00011445075 0.9999887 1.5955765
245 0.99999009 -0.001163774 0.0042964898 0.0047079733 0.0011663462 0.99999914 -0.00059621731 -0.037466798 -0.0042957923 0.0006012226 0.99999059 1.5839205
246 0.99999703 0.00016686728 0.0024326821 0.0012122824 -0.00016568214 0.99999987 -0.00048736743 -0.03443634 -0.0024327632 0.00048696293 0.99999692 1.5812077
247 0.9999965 -0.00032771974 0.0026254996 0.0013821247 0.00032885134 0.99999985 -0.00043058178 -0.037166089 -0.0026253581 0.00043144367 0.99999646 1.5930546
248 0.99999899 0.00045281462 0.0013504654 -0.0011558611 -0.00045219549 0.99999979 -0.00045873088 -0.036081973 -0.0013506728 0.00045811974 0.99999898 1.5908649
249 0.99999695 0.0014147494 0.0020223514 -0.0028248415 -0.0014142987 0.99999897 -0.00022426198 -0.037384254 -0.0020226666 0.00022140109 0.99999793 1.598196
250 0.99999417 0.0011192853 0.0032275549 -0.00089323647 -0.0011179273 0.99999929 -0.00042253237 -0.041206593 -0.0032280255 0.00041892173 0.9999947 1.6043646
251 0.99999588 0.0016513463 0.0023483458 -0.0012584495 -0.0016509045 0.99999862 -0.0001900738 -0.036666344 -0.0023486564 0.00018619612 0.99999722 1.5983355
252 0.99999569 0.0010139218 0.0027570642 -0.00067419254 -0.0010142492 0.99999948 0.00011737954 -0.038789352 -0.0027569437 -0.00012017538 0.99999619 1.5974344
253 0.99999491 0.0010428924 0.0030152382 -0.00051594247 -0.0010435429 0.99999943 0.00021415092 -0.038755378 -0.0030150132 -0.00021729636 0.99999543 1.603504
254 0.99998223 0.00032997625 0.0059516017 0.0032642017 -0.00032650065 0.99999978 -0.00058493891 -0.038292815 -0.0059517933 0.00058298532 0.99998212 1.6039421
255 0.99998711 0.0022071018 0.0045722985 -0.0013485362 -0.0022091394 0.99999746 0.00044063315 -0.040206161 -0.0045713144 -0.00045072831 0.99998945 1.6030298
256 0.99998957 0.0014841769 0.0043184517 0.0015570933 -0.0014845402 0.99999889 8.0913887e-05 -0.040184266 -0.0043183268 -8.7323958e-05 0.99999067 1.6197848
257 0.99998274 0.00076898354 0.0058250449 0.0031196901 -0.00077286152 0.99999948 0.00066352073 -0.04179223 -0.0058245316 -0.00066801123 0.99998281 1.6158415
258 0.99999603 0.0028163846 0.00010586229 -0.0060317794 -0.002816558 0.99999463 0.0016752863 -0.040269603 -0.00010114347 -0.0016755778 0.99999859 1.6258818
