4 0.99998655 -0.0033236198 0.0039848571 -0.0038276877 0.0033267752 0.9999941 -0.00078530026 -0.10574458 -0.0039822235 0.00079854745 0.99999179 5.8620085
5 0.99999257 -0.0036350943 0.0012943407 -0.0068791902 0.0036340466 0.99999301 0.00081136464 -0.12221514 -0.0012972807 -0.00080665403 0.99999887 6.4482993
6 0.99999421 -0.0034011855 -0.0002179886 -0.0088734582 0.0034016641 0.99999167 0.0022308271 -0.1366863 0.0002103997 -0.002231555 0.99999753 7.0191904
7 0.99999672 -0.0020081014 0.001600318 -0.013229604 0.002004385 0.99999524 0.0023209576 -0.14593945 -0.0016049708 -0.0023177416 0.99999606 7.5751713
8 0.99998374 -8.7396878e-05 0.005704257 -0.01342154 6.9389479e-05 0.99999496 0.0031571168 -0.15290395 -0.0057045043 -0.003156669 0.99997879 8.1360859
9 0.99998241 0.0012650978 0.0057979607 -0.013678375 -0.0012887002 0.99999083 0.0040690606 -0.15905893 -0.0057927599 -0.0040764602 0.99997495 8.7150132
10 0.99998066 0.0013757736 0.0060680494 -0.012054694 -0.0014050857 0.99998729 0.004829112 -0.16497848 -0.0060613287 -0.0048375442 0.99996997 9.3014406
11 0.99998796 0.0018932674 0.0045303396 -0.012317105 -0.0019172752 0.99998405 0.0053011026 -0.16847094 -0.004520231 -0.0053097241 0.99997573 9.9000938
12 0.99998959 0.0026358484 0.003729549 -0.012996515 -0.0026563906 0.99998121 0.0055140561 -0.17431479 -0.0037149447 -0.0055239053 0.99997788 10.484692
13 0.99998608 0.0035754163 0.0038847007 -0.014006455 -0.0035959865 0.99997942 0.0053014881 -0.17360869 -0.0038656657 -0.0053153831 0.99997844 11.113652
14 0.99997469 0.0042938424 0.005675429 -0.011741632 -0.0043268723 0.99997364 0.0058206086 -0.17270448 -0.0056502868 -0.0058450176 0.99996699 11.751412
15 0.99995984 0.0037646742 0.0081349387 -0.0048876131 -0.0038278626 0.99996246 0.0077661174 -0.18008696 -0.0081053967 -0.0077969446 0.99993679 12.393607
16 0.99996206 0.0035548707 0.0079547134 0.0013003545 -0.0036235376 0.9999561 0.0086346754 -0.19345026 -0.0079236693 -0.0086631717 0.99993112 13.064362
17 0.99996364 0.0038941894 0.0075880905 0.0058987409 -0.0039626654 0.99995132 0.0090302591 -0.20890743 -0.0075525559 -0.0090599997 0.99993047 13.707854
18 0.9999648 0.0036218518 0.0075700281 0.011577524 -0.003686947 0.99995614 0.0086030303 -0.21801496 -0.0075385374 -0.0086306376 0.99993438 14.382738
19 0.99996571 0.0039916716 0.0072582678 0.014744655 -0.0040505759 0.99995878 0.0081191334 -0.22048127 -0.0072255599 -0.0081482548 0.99994074 15.075613
20 0.99997875 0.0042721431 0.0049279869 0.014497979 -0.0043169533 0.99994905 0.0091187459 -0.21638063 -0.0048887793 -0.0091398258 0.99994632 15.77788
21 0.99998453 0.0036624853 0.0041901391 0.021056434 -0.0037100689 0.99992801 0.011405552 -0.21473098 -0.0041480648 -0.011420921 0.99992621 16.511508
22 0.99999572 0.0028273174 0.00077271477 0.025379691 -0.0028365737 0.99992083 0.012254109 -0.21112686 -0.00073800706 -0.012256248 0.99992466 17.269232
23 0.99999353 0.0030235566 -0.0019580929 0.027643919 -0.0029998745 0.99992361 0.011985963 -0.21122637 0.001994184 -0.011980012 0.99992629 18.057851
24 0.99999569 0.0029413515 -7.2879787e-05 0.033655998 -0.0029402555 0.99992267 0.01207883 -0.20702436 0.0001084026 -0.012078564 0.99992708 18.848457
25 0.99999261 0.0037846745 -0.00069825125 0.03502153 -0.0037757654 0.9999166 0.012345714 -0.20085353 0.00074491794 -0.012342987 0.99992358 19.675266
26 0.99998955 0.0045735888 -0.00012181714 0.033442653 -0.0045719241 0.99992597 0.011270522 -0.19346168 0.00017335522 -0.011269848 0.99993652 20.489583
27 0.99998564 0.0050802167 0.0017168561 0.037589517 -0.0050987629 0.99992669 0.010977203 -0.18297825 -0.0016609635 -0.010985799 0.99993831 21.339921
28 0.99998125 0.0053983737 0.0028948523 0.037860977 -0.0054286604 0.99992946 0.010558956 -0.18113722 -0.0028376468 -0.010574473 0.9999401 22.205139
29 0.99996917 0.0061361151 0.0049024208 0.040390555 -0.0061877451 0.99992475 0.010586993 -0.17823997 -0.004837089 -0.010617001 0.99993198 23.070067
30 0.99994364 0.0065680953 0.008342941 0.049882687 -0.0066546747 0.99992379 0.010392721 -0.17267876 -0.0082740451 -0.010447655 0.99991123 23.960996
31 0.99988681 0.0068046658 0.013419867 0.06645804 -0.006942158 0.99992356 0.010225693 -0.16769788 -0.013349259 -0.010317698 0.9998577 24.867349
32 0.99981375 0.0072747769 0.01787685 0.087874189 -0.0074580081 0.99992006 0.010204517 -0.16087033 -0.017801187 -0.010335942 0.99978816 25.794036
33 0.99972625 0.007925913 0.022014368 0.1122075 -0.0081583064 0.99991167 0.010486835 -0.15547671 -0.021929307 -0.010663564 0.99970269 26.734952
34 0.99965519 0.0089762841 0.024676958 0.13650686 -0.009246466 0.99989825 0.010856599 -0.15526931 -0.024576997 -0.01108103 0.99963656 27.688877
35 0.99964223 0.010160867 0.024742759 0.15939657 -0.01044008 0.99988292 0.011181799 -0.15919389 -0.024626247 -0.011436115 0.99963135 28.670343
36 0.99960511 0.01094218 0.02588271 0.18245832 -0.011240213 0.99987181 0.01139751 -0.16985395 -0.02575468 -0.011683937 0.99960005 29.65476
37 0.99956461 0.01342167 0.026276822 0.20192146 -0.013740677 0.99983355 0.011997656 -0.18157512 -0.026111422 -0.012353494 0.99958274 30.643939
38 0.99948924 0.015604646 0.027888614 0.22227958 -0.015951485 0.99979757 0.012257738 -0.19941726 -0.027691693 -0.012696342 0.99953592 31.615306
39 0.99939346 0.017695704 0.029993405 0.24286977 -0.018067922 0.99976245 0.012184803 -0.2162954 -0.029770664 -0.012719331 0.99947586 32.590463
40 0.99929967 0.019015977 0.032227128 0.26841576 -0.019429592 0.99973215 0.012570212 -0.23082722 -0.031979463 -0.013187568 0.99940156 33.598665
41 0.99919242 0.019692819 0.035024651 0.29627638 -0.020151764 0.99971494 0.012799125 -0.24551315 -0.034762619 -0.013494598 0.99930452 34.603293
42 0.99907274 0.021075995 0.037543319 0.32564056 -0.021583857 0.99968018 0.013173851 -0.26174393 -0.037253662 -0.013971965 0.9992082 35.625134
43 0.99907896 0.021133218 0.037344877 0.35836148 -0.02163768 0.99967925 0.013156071 -0.27055564 -0.037054872 -0.01395201 0.99921587 36.659214
44 0.99912437 0.019833346 0.036839641 0.3928512 -0.0203457 0.99970064 0.013585264 -0.27499308 -0.036559175 -0.014322896 0.99922888 37.690264
45 0.99912931 0.019345763 0.036964659 0.42818704 -0.019878374 0.99970298 0.014095899 -0.27968317 -0.036680986 -0.014818423 0.99921719 38.754874
46 0.99909356 0.019640327 0.037766886 0.46434924 -0.020207762 0.99968764 0.014702109 -0.28191822 -0.037466338 -0.015451967 0.99917846 39.821756
47 0.99905741 0.018824135 0.039114869 0.50365842 -0.019442631 0.99969088 0.015492542 -0.28662348 -0.038811147 -0.016238436 0.99911465 40.88154
48 0.99905581 0.018200802 0.03944922 0.54655027 -0.018826903 0.99970164 0.015558122 -0.28507789 -0.039154282 -0.016286139 0.99910049 41.946164
49 0.99909349 0.017772748 0.038682733 0.58693979 -0.018423266 0.99969364 0.016525789 -0.28040033 -0.038377176 -0.017223471 0.99911492 43.002082
50 0.99916315 0.018769954 0.036341655 0.62325433 -0.019460032 0.99963514 0.018728969 -0.27548807 -0.035976856 -0.019420506 0.99916394 44.061883
51 0.99915018 0.019657285 0.036228968 0.65931154 -0.020353247 0.99961333 0.018942494 -0.27306408 -0.035842604 -0.019663774 0.99916401 45.129
52 0.99917117 0.019469595 0.035748388 0.69425878 -0.02014519 0.99962329 0.018636734 -0.27760063 -0.035372074 -0.019341446 0.99918707 46.19359
53 0.99925085 0.01890746 0.033768082 0.72807436 -0.019539388 0.99963817 0.01848291 -0.27936807 -0.033406401 -0.019128872 0.99925881 47.232195
54 0.99926462 0.018477499 0.033598122 0.761816 -0.019088891 0.99965626 0.017968474 -0.27605694 -0.033254563 -0.018596612 0.99927392 48.291514
55 0.99916515 0.018248308 0.036551767 0.7986267 -0.018896298 0.99966889 0.017461751 -0.27160886 -0.03622102 -0.018137867 0.99917923 49.363377
56 0.99911662 0.018472903 0.037746105 0.8352853 -0.019147663 0.9996618 0.017593699 -0.26735915 -0.037408335 -0.018300907 0.99913251 50.442324
57 0.99904563 0.0186489 0.039497871 0.87350288 -0.0193875 0.99964266 0.01840004 -0.26583128 -0.039140619 -0.019148245 0.99905027 51.515653
58 0.99891727 0.020045306 0.04198223 0.91230355 -0.020872725 0.99959454 0.019364088 -0.26898402 -0.041577052 -0.020219406 0.99893073 52.605891
59 0.99887356 0.02110898 0.042497739 0.94839946 -0.021964989 0.99956304 0.019777317 -0.27407788 -0.042061693 -0.020688502 0.99890083 53.654711
60 0.99886868 0.02153765 0.042397239 0.98716396 -0.022423578 0.99953764 0.020532443 -0.27349826 -0.041935418 -0.021459913 0.99888987 54.715547
61 0.99897035 0.022170504 0.039581939 1.0232046 -0.023005602 0.99951953 0.020768658 -0.27139328 -0.039102472 -0.021657881 0.99900051 55.78433
62 0.99900098 0.022614007 0.038544535 1.0592535 -0.023408587 0.99952001 0.0202895 -0.26574909 -0.03806721 -0.021171504 0.99905092 56.856154
63 0.99904374 0.023057848 0.037147888 1.0962675 -0.023825235 0.99950896 0.020349131 -0.25647551 -0.036660442 -0.02121473 0.99910261 57.941553
64 0.99912776 0.023359514 0.034613427 1.1289761 -0.024074315 0.99950236 0.02038018 -0.24931912 -0.034120133 -0.021195699 0.99919299 59.005494
65 0.99918615 0.023317673 0.032914331 1.1614265 -0.023980062 0.99951478 0.019875496 -0.24362795 -0.032434912 -0.020648608 0.99926057 60.074783
66 0.99922558 0.02270562 0.032136084 1.1936219 -0.023357283 0.99952604 0.020050257 -0.24063073 -0.031665602 -0.020785342 0.99928241 61.129534
67 0.99923554 0.022050533 0.03228218 1.2252948 -0.022726892 0.99952657 0.020736682 -0.24146498 -0.031809644 -0.021454504 0.99926369 62.188177
68 0.99924814 0.021501085 0.032262943 1.256171 -0.022183456 0.99953446 0.020943612 -0.24210548 -0.031797615 -0.02164357 0.99926 63.257026
69 0.99931169 0.019870738 0.031326281 1.2880664 -0.020538981 0.99956513 0.021156282 -0.24390509 -0.030892269 -0.021785131 0.99928532 64.32384
70 0.99935663 0.017885683 0.031087988 1.3220213 -0.018535061 0.99961328 0.020727322 -0.24146984 -0.030705246 -0.021290205 0.99930175 65.400229
71 0.99933998 0.017323348 0.031930117 1.3541365 -0.017967976 0.99963818 0.020013641 -0.23527538 -0.031571863 -0.020574152 0.99928975 66.468131
72 0.99931861 0.017083713 0.032718398 1.3863264 -0.017746128 0.99964114 0.020063773 -0.23013368 -0.032363895 -0.020630727 0.99926324 67.533696
73 0.99926514 0.017957583 0.033863411 1.4201353 -0.018640804 0.99962675 0.01996925 -0.21839571 -0.033492174 -0.020585818 0.99922699 68.621431
74 0.99936854 0.019579674 0.029651009 1.4465625 -0.020191838 0.9995861 0.020488965 -0.2095974 -0.029237571 -0.021074736 0.99935034 69.703299
75 0.99931776 0.021404824 0.030097928 1.4703072 -0.022028376 0.99954625 0.020540853 -0.20681586 -0.0296446 -0.021189848 0.99933591 70.80648
76 0.99937249 0.022177228 0.027619288 1.4932068 -0.022752496 0.99952692 0.02069146 -0.20352049 -0.027147345 -0.021306884 0.99940438 71.886946
77 0.99949427 0.020921041 0.023948934 1.5141732 -0.021419807 0.99955489 0.020762783 -0.20382445 -0.023503897 -0.021265265 0.99949759 72.961454
78 0.99953015 0.020127235 0.023117146 1.5382393 -0.020612884 0.99956762 0.020965745 -0.20607132 -0.02268517 -0.021432407 0.99951294 74.039583
79 0.99965756 0.01704033 0.019859954 1.5619901 -0.017451919 0.99963254 0.020738977 -0.20796309 -0.019499258 -0.021078471 0.99958769 75.127643
80 0.99972565 0.014698128 0.018237944 1.5810446 -0.015071772 0.99967574 0.020521804 -0.21221747 -0.017930399 -0.020791053 0.99962308 76.216641
81 0.99974055 0.014514743 0.017555421 1.5933029 -0.014875848 0.99967671 0.020616915 -0.21697384 -0.017250498 -0.020872718 0.99963335 77.289619
82 0.99975545 0.014540969 0.016662093 1.6034744 -0.014885867 0.99967348 0.020766101 -0.22291491 -0.016354694 -0.021009053 0.99964555 78.36872
83 0.99978182 0.014293648 0.015232967 1.6145244 -0.014607696 0.99967877 0.020708621 -0.22393387 -0.014932073 -0.020926622 0.99966954 79.439167
84 0.99980566 0.014425106 0.013438291 1.6243062 -0.014699236 0.99968114 0.02052899 -0.22320193 -0.013137873 -0.020722534 0.99969898 80.506491
85 0.99982046 0.015818123 0.010433799 1.6281128 -0.016039024 0.99964143 0.021439391 -0.22169935 -0.010090927 -0.02160289 0.99971574 81.567381
86 0.99981538 0.016773709 0.0093747839 1.6322749 -0.016978536 0.999609 0.022214082 -0.22144701 -0.0089985062 -0.022369152 0.99970932 82.626991
87 0.99979383 0.017691364 0.0099668176 1.6396663 -0.017930059 0.99954161 0.024391831 -0.21880217 -0.0095307246 -0.024565509 0.99965283 83.689454
88 0.9997987 0.01892519 0.0066654092 1.642513 -0.019089453 0.99949224 0.025509365 -0.21372669 -0.0061792554 -0.02563147 0.9996524 84.742161
89 0.99979156 0.019712214 0.0053196914 1.6459754 -0.019842609 0.99947303 0.025687023 -0.20482484 -0.00481054 -0.025787226 0.99965592 85.796342
90 0.99977395 0.021224224 0.0012709136 1.6482338 -0.021249947 0.99944149 0.025787994 -0.19311353 -0.00072287333 -0.025809172 0.99966666 86.857712
91 0.9997578 0.022006282 0.00031895989 1.6435863 -0.022007044 0.99941067 0.026341529 -0.18251254 0.00026090756 -0.02634217 0.99965299 87.890423
92 0.99974767 0.022437318 -0.0010916032 1.639013 -0.022400017 0.99938967 0.026803218 -0.17157332 0.0016923298 -0.026772004 0.99964017 88.916035
93 0.99973545 0.022646216 -0.0040260392 1.6327135 -0.022529277 0.99938037 0.027040499 -0.16596382 0.0046359102 -0.026942643 0.99962627 89.922948
94 0.99973127 0.022508839 -0.0055469906 1.6251569 -0.022349601 0.99937826 0.027266719 -0.16122962 0.0061572848 -0.02713542 0.99961284 90.906423
95 0.99974132 0.021468083 -0.007512524 1.6167543 -0.021255077 0.99939935 0.027368798 -0.157979 0.0080955682 -0.027202041 0.99959721 91.869989
96 0.99970338 0.022043929 -0.010356198 1.6029017 -0.021755624 0.99939395 0.027171962 -0.15708438 0.0109489 -0.026938598 0.99957717 92.808565
97 0.99966446 0.021992016 -0.013687316 1.5868311 -0.021614589 0.99939795 0.027137409 -0.15285709 0.014275884 -0.026832459 0.99953804 93.72655
98 0.9995872 0.022611982 -0.017724638 1.5665513 -0.022124701 0.99938449 0.027221737 -0.14918736 0.018329267 -0.026818349 0.99947231 94.626973
99 0.99950093 0.022955097 -0.021702091 1.5432535 -0.022349291 0.99936478 0.027756634 -0.14428788 0.022325464 -0.027257756 0.99937914 95.506667
100 0.99940494 0.024039839 -0.024736365 1.5169897 -0.02333768 0.99932714 0.028293141 -0.14107594 0.025399886 -0.027699016 0.99929359 96.35949
101 0.99931548 0.025178565 -0.027104136 1.4863851 -0.024409679 0.99930036 0.028334341 -0.14388442 0.027798594 -0.027653344 0.99923101 97.187082
102 0.99922379 0.026329799 -0.029301523 1.4543329 -0.02549994 0.99927288 0.02834344 -0.14510047 0.030026498 -0.027574254 0.99916873 98.011763
103 0.99914 0.028080923 -0.030508348 1.4219398 -0.027217472 0.99922716 0.028358005 -0.14725344 0.031281092 -0.027503258 0.99913219 98.812783
104 0.99905407 0.029894029 -0.031580636 1.3892836 -0.028992686 0.99916966 0.028623376 -0.14777195 0.032410084 -0.027680694 0.99909131 99.597849
105 0.99889962 0.031255069 -0.034967179 1.3562982 -0.030226669 0.99910575 0.029562312 -0.14597648 0.035859885 -0.028472842 0.99895117 100.32658
106 0.99875387 0.031923942 -0.038361538 1.3256929 -0.03075449 0.99905539 0.030697922 -0.14252665 0.039305303 -0.02947988 0.99879232 101.01453
107 0.99854378 0.032594424 -0.042987856 1.295596 -0.031261978 0.99902058 0.031312216 -0.13700372 0.04396636 -0.029922735 0.99858483 101.65453
108 0.99838351 0.033382858 -0.045999776 1.2646797 -0.031955868 0.99899538 0.031415549 -0.13153317 0.047002308 -0.029894805 0.99844737 102.25914
109 0.99814684 0.034924614 -0.049831511 1.2281806 -0.033386999 0.99895025 0.031362153 -0.12685842 0.050874516 -0.029640311 0.99826515 102.84075
110 0.99801647 0.037347833 -0.050678433 1.1910246 -0.03576795 0.99885617 0.031731616 -0.12060983 0.051805577 -0.029856013 0.99821084 103.40312
111 0.99789316 0.038961095 -0.051877744 1.1581399 -0.037283979 0.9987625 0.032912984 -0.11453625 0.053095876 -0.030909434 0.99811097 103.94812
112 0.99782979 0.04041054 -0.051987742 1.1257545 -0.038700142 0.99868922 0.033496653 -0.10831134 0.05327322 -0.031412027 0.99808583 104.47993
113 0.99776183 0.041920239 -0.052096628 1.0953432 -0.040196172 0.99862286 0.033712394 -0.1022867 0.05343812 -0.031542857 0.99807289 104.99306
114 0.99790754 0.043293368 -0.048023566 1.0670811 -0.041691198 0.998556 0.033876908 -0.095688228 0.04942087 -0.031803864 0.99827159 105.5154
115 0.99843966 0.043612924 -0.034873827 1.0573872 -0.042459327 0.99854761 0.033162522 -0.093941624 0.036269495 -0.031630059 0.9988414 105.99854
116 0.99904079 0.040830938 -0.01582286 1.0671647 -0.040331975 0.99871562 0.030664872 -0.10168579 0.017054615 -0.029997292 0.99940451 106.44238
117 0.99926427 0.038007194 0.0051392055 1.0872683 -0.03813417 0.99889662 0.027408342 -0.11326466 -0.0040918209 -0.027584157 0.99961115 106.8526
118 0.99895712 0.035062963 0.029245509 1.1208513 -0.035777343 0.99906492 0.024272304 -0.12893769 -0.028367105 -0.025293319 0.99927756 107.23823
119 0.99794172 0.03202665 0.055557526 1.1671814 -0.033229751 0.9992298 0.020867961 -0.14552726 -0.054846409 -0.022671172 0.99823743 107.62082
120 0.996496 0.026856872 0.079211494 1.2243641 -0.028252715 0.99946368 0.016553791 -0.16738306 -0.078724434 -0.018733726 0.99672042 108.00059
121 0.99423719 0.024717022 0.10431448 1.2852743 -0.026246708 0.99956673 0.01331686 -0.18858316 -0.10394013 -0.015978029 0.99445524 108.3786
122 0.9905439 0.023061752 0.13524407 1.3637221 -0.024711642 0.99963907 0.010533098 -0.20733937 -0.13495236 -0.013775599 0.99075636 108.74805
123 0.98577897 0.021881865 0.16661643 1.4538157 -0.023520695 0.99969232 0.0078688241 -0.22556314 -0.16639299 -0.011675856 0.98599043 109.11568
124 0.97958827 0.019916769 0.20002542 1.5610468 -0.021276093 0.99976277 0.0046482493 -0.24284499 -0.19988541 -0.0088091298 0.97977972 109.47636
125 0.97125388 0.018545875 0.23732253 1.6842565 -0.019644547 0.9998044 0.002265256 -0.26083644 -0.23723411 -0.0068622319 0.97142831 109.82978
126 0.96128256 0.017248225 0.27502429 1.8212685 -0.017917821 0.9998394 -7.7681604e-05 -0.27751677 -0.27498149 -0.0048531616 0.96143731 110.17199
127 0.94953403 0.016293606 0.31324059 1.9713324 -0.016476969 0.99986206 -0.0020620403 -0.29291316 -0.31323101 -0.0032032772 0.9496716 110.49919
128 0.93705548 0.017928752 0.34871997 2.12375 -0.017623832 0.99983644 -0.0040471184 -0.30493838 -0.34873553 -0.0023534068 0.93721826 110.81953
129 0.9213627 0.019496349 0.38821476 2.2931605 -0.018833881 0.99980738 -0.005511788 -0.31392648 -0.38824747 -0.0022332339 0.92155249 111.13053
130 0.90271658 0.021081548 0.42971896 2.4837262 -0.019950184 0.99977543 -0.0071382736 -0.32272542 -0.42977298 -0.0021291334 0.90293451 111.45056
131 0.88271674 0.019664335 0.46949387 2.6928311 -0.017263635 0.99980656 -0.0094178668 -0.33528406 -0.46958828 0.00020813881 0.88288554 111.7565
132 0.86013148 0.019061927 0.50971611 2.9155758 -0.015587981 0.99981698 -0.011086022 -0.34749485 -0.50983419 0.001589992 0.86027127 112.05051
133 0.83541394 0.018930286 0.54929521 3.1506018 -0.014326645 0.99981707 -0.012667403 -0.35940667 -0.54943457 0.0027129692 0.83553239 112.33089
134 0.81051517 0.019840401 0.58538154 3.3875432 -0.014344328 0.99979869 -0.01402523 -0.37213161 -0.585542 0.0029707581 0.81063667 112.59311
135 0.78455972 0.021021647 0.61969683 3.6343272 -0.014487101 0.99977371 -0.015573572 -0.38368288 -0.61988403 0.003240788 0.78468679 112.84709
136 0.75565954 0.022659189 0.65457257 3.900719 -0.015267828 0.99973916 -0.01698207 -0.39369419 -0.65478669 0.0028387626 0.75580845 113.10458
137 0.72232385 0.023148219 0.69116745 4.1934974 -0.014102218 0.99972479 -0.018744342 -0.4043535 -0.69141119 0.0037924929 0.72245156 113.3571
138 0.68543341 0.022739751 0.72778017 4.5013444 -0.012039442 0.99972947 -0.019897991 -0.41520166 -0.72803581 0.0048766822 0.68552181 113.59094
139 0.64823234 0.023339116 0.76108485 4.8215169 -0.01046513 0.99970875 -0.021743282 -0.42438267 -0.76137072 0.0061298484 0.64828785 113.81294
140 0.60707081 0.024184557 0.79427965 5.1501621 -0.01004553 0.9996904 -0.022761153 -0.43234051 -0.79458428 0.0058386727 0.60712586 114.01385
141 0.56558781 0.025412035 0.82429648 5.496144 -0.010279011 0.99966466 -0.023765514 -0.44157403 -0.82462406 0.0049685336 0.5656594 114.20807
142 0.52027819 0.025713084 0.85360967 5.8659264 -0.0073925985 0.99964471 -0.025606247 -0.45128387 -0.85396488 0.0070119798 0.52028347 114.38636
143 0.47211327 0.026117552 0.88115093 6.2474222 -0.0059978148 0.99963299 -0.026415812 -0.45907622 -0.88151753 0.0071862769 0.47209668 114.5476
144 0.42319895 0.027199957 0.90562842 6.6362616 -0.0041016016 0.99959649 -0.028105552 -0.46673249 -0.90602754 0.0081797148 0.42313978 114.68722
145 0.37677211 0.028043121 0.92588141 7.0411275 -0.0021020992 0.99956489 -0.029419433 -0.47723284 -0.92630364 0.0091381289 0.37666715 114.81168
146 0.32852417 0.02912476 0.94404642 7.4579027 -0.00017261284 0.99952622 -0.030776297 -0.49046468 -0.94449559 0.0099478044 0.32837357 114.9173
147 0.2805577 0.030479669 0.95935311 7.8842649 0.0021475929 0.99947319 -0.032382378 -0.50559004 -0.9598348 0.011145427 0.28034447 115.0034
148 0.23062973 0.032548814 0.97249706 8.3337178 0.0059747459 0.9993741 -0.034865293 -0.52349216 -0.97302328 0.013851398 0.23029092 115.07086
149 0.18345183 0.034074882 0.98243797 8.7729155 0.0084599291 0.99930726 -0.036239708 -0.53913914 -0.98299233 0.014959599 0.18303649 115.11801
150 0.14105478 0.03591059 0.9893503 9.2321875 0.0094645139 0.99924727 -0.037619206 -0.55560365 -0.98995659 0.014670091 0.14060874 115.15857
151 0.10018227 0.03722644 0.99427247 9.7071998 0.010539583 0.999204 -0.038473042 -0.57435521 -0.99491332 0.014333536 0.099710177 115.18636
152 0.064541783 0.038452204 0.99717391 10.21614 0.01090341 0.99917047 -0.039234912 -0.5966987 -0.99785548 0.013404889 0.064068988 115.20657
153 0.028151181 0.038565024 0.99885949 10.738144 0.013406607 0.999151 -0.03895412 -0.62627975 -0.99951381 0.014487923 0.027610257 115.19934
154 -0.0056333127 0.038765912 0.99923246 11.261618 0.016086585 0.99912245 -0.038670952 -0.65797603 -0.99985477 0.015856395 -0.0062519805 115.17354
155 -0.033502636 0.038545349 0.99869508 11.805193 0.017405411 0.99912692 -0.037978126 -0.69208062 -0.9992871 0.016110333 -0.034144286 115.13566
156 -0.053134176 0.037300207 0.99789052 12.384262 0.016435697 0.99919938 -0.036473987 -0.72464525 -0.99845215 0.014463013 -0.053704695 115.09286
157 -0.074062758 0.037733513 0.99653947 12.966806 0.015021475 0.99921269 -0.036718337 -0.75117397 -0.99714048 0.012250033 -0.074571266 115.04607
158 -0.08276363 0.036968068 0.99588331 13.603712 0.014468707 0.99925092 -0.035890642 -0.77868427 -0.99646421 0.011438706 -0.083236521 114.99295
159 -0.089440418 0.037070852 0.99530206 14.253567 0.015577783 0.99923687 -0.035817546 -0.81116371 -0.99587038 0.012301065 -0.089949652 114.93079
160 -0.092392304 0.038094445 0.99499372 14.900843 0.0168159 0.99918502 -0.036693436 -0.84228335 -0.99558072 0.013341526 -0.092957606 114.86904
161 -0.093517723 0.037944243 0.99489432 15.56325 0.01699131 0.99918874 -0.036510884 -0.87854181 -0.99547266 0.013490145 -0.094086586 114.80808
162 -0.096504617 0.037938614 0.99460924 16.255652 0.017088993 0.9991891 -0.036455203 -0.91662653 -0.99518586 0.013478777 -0.097074703 114.74224
163 -0.099192003 0.037506902 0.99436121 16.949598 0.016863669 0.99920917 -0.036007538 -0.94976826 -0.99492544 0.013196921 -0.09974607 114.67567
164 -0.1011204 0.036711295 0.99419665 17.653977 0.016254084 0.99924647 -0.035244548 -0.98355066 -0.99474145 0.012595815 -0.10164092 114.60675
165 -0.10326885 0.035335926 0.99402563 18.379264 0.015553062 0.99930388 -0.033907758 -1.0146305 -0.99453191 0.011958529 -0.10374655 114.53263
166 -0.10318022 0.033916656 0.99408427 19.112571 0.014589353 0.99936251 -0.03258245 -1.05021 -0.99455571 0.011141183 -0.10360927 114.4582
167 -0.10378858 0.033163469 0.99404635 19.866164 0.013601862 0.99939775 -0.031921829 -1.0925353 -0.99450641 0.010207762 -0.10417716 114.38159
168 -0.10431988 0.033432661 0.99398171 20.623672 0.012900453 0.99939617 -0.032260853 -1.1366376 -0.99446016 0.0094573674 -0.10468819 114.30508
169 -0.10533187 0.033405267 0.99387591 21.377159 0.012085999 0.99940475 -0.032310211 -1.1812721 -0.99436372 0.0086086896 -0.10567292 114.22914
170 -0.11046465 0.032709329 0.99334168 22.137042 0.011147952 0.99943614 -0.031670301 -1.2222748 -0.99381757 0.0075752781 -0.11076701 114.14749
171 -0.11531842 0.032085078 0.99281027 22.917618 0.0099920475 0.99946504 -0.03113953 -1.2638618 -0.99327836 0.0063292473 -0.11557734 114.05855
172 -0.12368185 0.033034602 0.99177192 23.713852 0.010328664 0.99943438 -0.032001761 -1.3117478 -0.99226821 0.0062856435 -0.1239531 113.95707
173 -0.13070519 0.033807616 0.9908447 24.522867 0.0098516669 0.99941331 -0.032800414 -1.3620656 -0.99137237 0.0054742891 -0.13096158 113.85371
174 -0.1345029 0.03408659 0.99032677 25.323942 0.0088465935 0.99940959 -0.033197701 -1.415988 -0.99087375 0.0042958326 -0.13472505 113.74967
175 -0.13931477 0.033422394 0.98968397 26.131424 0.0078914106 0.99943593 -0.032640875 -1.4741721 -0.99021674 0.0032626478 -0.13949995 113.64081
176 -0.14099477 0.033107894 0.9894566 26.935281 0.0065197357 0.99944998 -0.032513234 -1.5276551 -0.98998891 0.0018668008 -0.14113308 113.53203
177 -0.1426377 0.032980365 0.98922536 27.740372 0.0047046954 0.99945594 -0.032643071 -1.5739505 -0.98976382 -2.127772e-06 -0.14271527 113.42213
178 -0.14499501 0.032547488 0.98889693 28.559252 0.0027906251 0.99946823 -0.03248625 -1.6174398 -0.98942849 -0.0019507028 -0.14500875 113.30629
179 -0.14959409 0.032387321 0.98821693 29.384952 0.0015412349 0.99946975 -0.032522805 -1.6622143 -0.98874633 -0.0033421442 -0.14956469 113.18399
180 -0.15325312 0.032018015 0.98766814 30.206525 2.803348e-05 0.99947504 -0.032396418 -1.7066483 -0.988187 -0.004937164 -0.15317358 113.06008
181 -0.15629209 0.03146067 0.98720972 31.030975 -0.0015675128 0.99948338 -0.032099973 -1.7543196 -0.98770967 -0.0065644354 -0.15616205 112.93602
182 -0.15941212 0.030845589 0.98673013 31.842824 -0.0025050515 0.99949584 -0.031649355 -1.7996202 -0.98720898 -0.0075171004 -0.15925449 112.80794
183 -0.15923069 0.030617565 0.98676653 32.634881 -0.003499346 0.99949513 -0.031577185 -1.8378102 -0.98723524 -0.0084810943 -0.15904317 112.68313
184 -0.15885532 0.031201026 0.98680875 33.431538 -0.004213081 0.99946994 -0.032279564 -1.8762963 -0.98729292 -0.0092852856 -0.15863968 112.55825
185 -0.15930591 0.031551516 0.98672497 34.233988 -0.0035571296 0.99946427 -0.032533162 -1.9142017 -0.9872229 -0.0086926333 -0.15910834 112.42959
186 -0.16258991 0.031256623 0.98619855 35.053221 -0.0020799607 0.99948498 -0.032020636 -1.9567819 -0.98669158 -0.0072574861 -0.16244117 112.29585
187 -0.16928203 0.032238962 0.98504024 35.872025 -0.0013148866 0.99945651 -0.032936752 -2.0104697 -0.98556681 -0.0068708159 -0.16914765 112.15684
188 -0.1738462 0.032944219 0.98422162 36.671409 -0.0014463506 0.99943059 -0.033708772 -2.0651488 -0.98477179 -0.0072836712 -0.17369958 112.02062
189 -0.17656123 0.033012707 0.9837359 37.468092 -0.0019230924 0.99942385 -0.033884327 -2.1195225 -0.98428782 -0.0078744731 -0.17639603 111.88305
190 -0.17666645 0.032264118 0.98374185 38.248196 -0.0027253005 0.99944268 -0.033268489 -2.1715251 -0.98426704 -0.0085584176 -0.17648007 111.74911
191 -0.17606623 0.031521166 0.98387353 39.038738 -0.0037387569 0.9994585 -0.032689532 -2.2168417 -0.98437126 -0.0094339864 -0.17585306 111.61236
192 -0.17627278 0.031522984 0.98383649 39.816465 -0.0052270991 0.99944296 -0.032959561 -2.2645192 -0.98432752 -0.010952484 -0.17600983 111.48033
193 -0.17679375 0.031884794 0.98373135 40.58158 -0.006320072 0.9994177 -0.033529049 -2.3128212 -0.98422767 -0.012144979 -0.1764893 111.34983
194 -0.17854842 0.0317491 0.98341878 41.338481 -0.0075582134 0.99940546 -0.033637481 -2.360303 -0.98390214 -0.013438808 -0.17820231 111.21937
195 -0.18115315 0.0309656 0.98296729 42.102443 -0.0083409864 0.99941979 -0.033021067 -2.4073161 -0.98341956 -0.014180787 -0.18078978 111.08487
196 -0.18338921 0.030056696 0.9825808 42.859851 -0.0095533136 0.99943072 -0.03235516 -2.4548324 -0.982994 -0.01532049 -0.18299769 110.95157
197 -0.18482581 0.030068305 0.98231123 43.619964 -0.010248047 0.99941848 -0.032520164 -2.502914 -0.9827179 -0.016077338 -0.1844102 110.81557
198 -0.18698088 0.029835664 0.98191039 44.376664 -0.011380231 0.99940577 -0.032534353 -2.5526185 -0.98229767 -0.01725767 -0.18653025 110.67906
199 -0.18899698 0.029635775 0.98153038 45.139844 -0.012096448 0.99939833 -0.03250448 -2.6005777 -0.9819032 -0.01801628 -0.18852479 110.53802
200 -0.19146269 0.029572249 0.98105431 45.89727 -0.012936062 0.99938309 -0.032649342 -2.6487513 -0.98141468 -0.018942111 -0.19096204 110.39607
201 -0.19410457 0.029001926 0.98055206 46.640503 -0.013598705 0.99938723 -0.032250939 -2.6965003 -0.98088662 -0.019594293 -0.19359126 110.25448
202 -0.19756032 0.02889268 0.97986487 47.386505 -0.014289407 0.99937442 -0.032348976 -2.7448096 -0.98018662 -0.020392563 -0.19702389 110.10914
203 -0.20023512 0.028003253 0.97934761 48.095482 -0.014935615 0.99938799 -0.031629983 -2.789531 -0.97963406 -0.020960593 -0.19969434 109.96971
204 -0.20288652 0.027173054 0.97882517 48.7753 -0.016177371 0.99938539 -0.031096996 -2.8274903 -0.97906865 -0.02214398 -0.20232225 109.83415
205 -0.20455029 0.026436854 0.978499 49.457517 -0.016163932 0.99940763 -0.030380746 -2.8655197 -0.97872263 -0.022030782 -0.20400181 109.69264
206 -0.20629074 0.025481289 0.97815892 50.12743 -0.015996536 0.99943939 -0.029409271 -2.9015339 -0.97836001 -0.021714015 -0.20576749 109.5523
207 -0.20575203 0.025148241 0.97828099 50.777296 -0.015812077 0.99945376 -0.029018115 -2.9348344 -0.97847645 -0.021439191 -0.20524201 109.41672
208 -0.20574847 0.024992586 0.97828573 51.451311 -0.015352457 0.99946831 -0.0287626 -2.9708047 -0.97848451 -0.020936951 -0.2052554 109.27604
209 -0.20626555 0.024904851 0.97817907 52.135167 -0.014986352 0.99947832 -0.028607263 -3.0074606 -0.97838132 -0.02056003 -0.20578473 109.13275
210 -0.20616327 0.024537207 0.97820993 52.821468 -0.014498018 0.99949916 -0.02812676 -3.0438053 -0.97841024 -0.019980811 -0.20570429 108.9893
211 -0.20421988 0.02428929 0.97862368 53.504544 -0.014705035 0.99950316 -0.027876171 -3.0782251 -0.97881463 -0.020083564 -0.20376126 108.85014
212 -0.20133176 0.023767374 0.97923473 54.165471 -0.015089848 0.99951163 -0.027362011 -3.1096691 -0.97940691 -0.020285345 -0.2008748 108.71782
213 -0.20053915 0.022729355 0.979422 54.827924 -0.015340237 0.99953535 -0.026337075 -3.1422453 -0.97956562 -0.020306181 -0.20009731 108.58614
214 -0.19996927 0.021368973 0.97956913 55.469156 -0.015640237 0.99956509 -0.024997976 -3.1736056 -0.97967737 -0.020319521 -0.1995481 108.45903
215 -0.20032327 0.020276997 0.97952002 56.12005 -0.015707613 0.99959077 -0.02390487 -3.2066201 -0.97960397 -0.020174623 -0.19992281 108.33031
216 -0.20268325 0.019477548 0.97905064 56.752431 -0.016992318 0.99958162 -0.02340375 -3.2392837 -0.97909695 -0.021379889 -0.2022675 108.20537
217 -0.20557945 0.01819894 0.97847121 57.353184 -0.017991023 0.99958777 -0.022371656 -3.268839 -0.97847508 -0.022202852 -0.2051673 108.0839
218 -0.2093114 0.017700013 0.97768884 57.978233 -0.018338905 0.9995892 -0.022022633 -3.2993098 -0.97767709 -0.022539332 -0.20890083 107.95207
219 -0.21353153 0.01697885 0.97678863 58.608493 -0.018651346 0.99959582 -0.021452581 -3.3282791 -0.97675815 -0.022799226 -0.21312856 107.81612
220 -0.21918016 0.01613728 0.97555096 59.266755 -0.019237543 0.99959731 -0.020857207 -3.3592883 -0.97549477 -0.02333869 -0.21878147 107.67179
221 -0.22773763 0.015017447 0.97360674 59.942416 -0.019884571 0.99960077 -0.020069618 -3.3945268 -0.97351952 -0.02393036 -0.22734811 107.51618
222 -0.23699058 0.013764301 0.97141445 60.599654 -0.020923985 0.99959532 -0.019268312 -3.426332 -0.97128663 -0.024892271 -0.23660669 107.35716
223 -0.24957523 0.013157851 0.96826603 61.262475 -0.022017939 0.99957201 -0.019258499 -3.4540225 -0.9681051 -0.026125668 -0.24917872 107.1852
224 -0.25921671 0.012301997 0.96574085 61.925907 -0.023010419 0.99955633 -0.018909031 -3.4794029 -0.96554507 -0.02712364 -0.25881865 107.00582
225 -0.26554818 0.011115818 0.96403352 62.644671 -0.022691921 0.99958439 -0.017776348 -3.5042853 -0.96383054 -0.026596251 -0.2651856 106.80489
226 -0.26882316 0.010120935 0.96313639 63.343435 -0.023950329 0.99956531 -0.017188571 -3.5285134 -0.96289177 -0.02768812 -0.26846393 106.61458
227 -0.26880617 0.010260666 0.96313965 64.053829 -0.024714478 0.9995405 -0.01754611 -3.5588168 -0.9628772 -0.028519998 -0.26842909 106.42016
228 -0.26931436 0.010422955 0.96299593 64.758206 -0.025143428 0.99952442 -0.017850006 -3.5900164 -0.96272408 -0.029020283 -0.26892424 106.22638
229 -0.27020885 0.0099978329 0.96274984 65.453245 -0.024770238 0.99954285 -0.01733202 -3.6189982 -0.96248308 -0.028530809 -0.2698377 106.03281
230 -0.26873005 0.0096700139 0.96316701 66.158307 -0.024690876 0.99955181 -0.016924229 -3.6486643 -0.96289906 -0.028329487 -0.26837086 105.83821
231 -0.26800339 0.0094669138 0.96337147 66.869355 -0.024253058 0.99956847 -0.016569651 -3.6768318 -0.96311269 -0.027805428 -0.26765816 105.6447
232 -0.26780109 0.0085435548 0.96343636 67.588585 -0.024796409 0.99956828 -0.015756485 -3.7032602 -0.96315512 -0.028109367 -0.26747365 105.45158
233 -0.26500699 0.0072681548 0.96421911 68.31304 -0.025173162 0.99957856 -0.014453307 -3.7340157 -0.96391788 -0.028102673 -0.26471237 105.25956
234 -0.26829366 0.013186528 0.96324693 69.044585 -0.022911755 0.99953606 -0.020064936 -3.7985858 -0.96306471 -0.027452974 -0.26786709 105.06079
235 -0.27403877 0.015634118 0.96159158 69.771825 -0.021222411 0.99952601 -0.022298937 -3.8653145 -0.9614845 -0.026518066 -0.27357711 104.86371
236 -0.27935155 0.015532578 0.96006327 70.494729 -0.020698669 0.99953933 -0.022193982 -3.9309504 -0.95996581 -0.026071957 -0.27890138 104.66835
237 -0.28380758 0.012710309 0.95879702 71.196589 -0.02120371 0.9995844 -0.019527386 -3.9889427 -0.95864682 -0.025872076 -0.28342015 104.47299
238 -0.28361622 0.012228352 0.95885992 71.91286 -0.022221071 0.99956633 -0.019320137 -4.0269994 -0.95868041 -0.0267864 -0.28322152 104.26915
239 -0.28344033 0.012240852 0.95891176 72.640398 -0.022978623 0.99954469 -0.01955169 -4.0638764 -0.95871457 -0.02757621 -0.28303002 104.06082
240 -0.28255533 0.011506555 0.959182 73.371863 -0.023582083 0.99954246 -0.018937525 -4.0993022 -0.95896113 -0.027970409 -0.28215473 103.85157
241 -0.28053784 0.011401535 0.95977526 74.126432 -0.024733322 0.99951149 -0.019103011 -4.1336558 -0.95952429 -0.029097549 -0.28011882 103.63783
242 -0.28103053 0.010897964 0.95963696 74.872312 -0.025971261 0.99948289 -0.018956173 -4.170619 -0.95934739 -0.030250247 -0.2806022 103.4255
243 -0.28209512 0.010691766 0.95932688 75.618181 -0.027045026 0.99945183 -0.019091693 -4.2069881 -0.9590052 -0.031330695 -0.28165135 103.21207
244 -0.2819902 0.010861297 0.95935582 76.354152 -0.027749917 0.99942517 -0.019471667 -4.2426801 -0.95901592 -0.032112865 -0.28152673 103.00193
245 -0.28047159 0.010317154 0.95980689 77.086433 -0.028678775 0.99940568 -0.019123224 -4.2775536 -0.95943384 -0.032889609 -0.28000904 102.79501
246 -0.27925062 0.0097765045 0.9601685 77.833484 -0.029567792 0.99938637 -0.018775172 -4.3128124 -0.95976295 -0.033633042 -0.27879022 102.58405
247 -0.27837476 0.0097824628 0.96042273 78.598686 -0.030688861 0.99934692 -0.019073973 -4.3518963 -0.95998217 -0.034783994 -0.27789277 102.3712
248 -0.27796901 0.0095169441 0.96054291 79.363218 -0.031974552 0.99930508 -0.019154026 -4.3896803 -0.96005777 -0.036037157 -0.27747157 102.15825
249 -0.28260383 0.0095375872 0.95918931 80.112745 -0.032387655 0.9992855 -0.019478581 -4.4262079 -0.95868983 -0.036570616 -0.28209303 101.94143
250 -0.28603329 0.00959306 0.95817168 80.880387 -0.032558885 0.99927512 -0.019724054 -4.4567913 -0.95766641 -0.03683874 -0.28551363 101.71402
251 -0.28740839 0.009400843 0.95776201 81.64945 -0.032454808 0.99928197 -0.019547524 -4.4864966 -0.95725815 -0.036702107 -0.28689695 101.48333
252 -0.28898545 0.0084463967 0.95729624 82.435229 -0.032045231 0.9993153 -0.018490847 -4.51719 -0.95679705 -0.036020367 -0.28851694 101.24624
253 -0.28845361 0.0081628323 0.95745909 83.241361 -0.03246429 0.99930529 -0.018300105 -4.5448045 -0.95694339 -0.036361963 -0.28798824 101.00403
254 -0.28728115 0.007487033 0.95781706 84.025996 -0.033080939 0.99929528 -0.01773333 -4.5768413 -0.95727492 -0.036779942 -0.28683105 100.77462
255 -0.28624354 0.0073273386 0.95812889 84.814125 -0.033384738 0.99928726 -0.017615877 -4.6067853 -0.95757515 -0.037029315 -0.28579492 100.54252
256 -0.28330843 0.0075242982 0.95899935 85.597071 -0.034406293 0.99924568 -0.018004407 -4.6389997 -0.95841151 -0.038096415 -0.28283586 100.31929
257 -0.28098413 0.0071590135 0.95968573 86.410077 -0.03577897 0.99919882 -0.017929411 -4.672111 -0.95904528 -0.039374449 -0.28050289 100.08753
258 -0.28008971 0.0055161167 0.959958 87.205118 -0.037231887 0.99916863 -0.016604683 -4.7019819 -0.95925159 -0.040391851 -0.2796515 99.859778
259 -0.27720662 0.0040953314 0.96080162 88.016571 -0.038503801 0.99914022 -0.015367707 -4.7358996 -0.96003855 -0.041254547 -0.27681062 99.62936
260 -0.27698338 0.0030951169 0.96086974 88.837496 -0.038657891 0.99914923 -0.014362068 -4.7644671 -0.96009679 -0.041123254 -0.2766281 99.390727
261 -0.27639745 0.0034649223 0.96103719 89.642155 -0.038701099 0.99914216 -0.014732868 -4.7926673 -0.9602639 -0.041265325 -0.27602627 99.158936
262 -0.27581488 0.0035089696 0.96120438 90.45797 -0.039329652 0.99911464 -0.014932896 -4.8248691 -0.96040585 -0.041922552 -0.27543271 98.928425
263 -0.27434588 0.0033938579 0.96162511 91.270027 -0.040578173 0.99906216 -0.015102693 -4.8541277 -0.96077459 -0.043164354 -0.2739509 98.702209
264 -0.27235476 0.0030098764 0.96219221 92.085464 -0.041746178 0.99901646 -0.014941594 -4.8844638 -0.96129091 -0.044237264 -0.27196126 98.477402
265 -0.27031738 0.00090034247 0.96277086 92.92065 -0.042971421 0.99899167 -0.012999309 -4.9159915 -0.96181185 -0.044885574 -0.27000615 98.24816
266 -0.26573454 -0.00035924783 0.96404619 93.748661 -0.045891089 0.99887094 -0.012277425 -4.9454401 -0.96295339 -0.047503668 -0.26545102 98.027518
267 -0.26371697 -0.0017613988 0.96459851 94.572692 -0.047912465 0.99878784 -0.011275225 -4.9738164 -0.96340948 -0.049189764 -0.26348172 97.808455
268 -0.25847868 -0.0023617668 0.96601409 95.384739 -0.050482559 0.99866357 -0.011066147 -5.0011783 -0.96469703 -0.05162723 -0.2582525 97.597852
269 -0.25566425 -0.003791277 0.96675822 96.191888 -0.052258359 0.99858443 -0.0099039064 -5.0312473 -0.96535223 -0.053053276 -0.25550048 97.389237
270 -0.25187914 -0.0038922494 0.96775089 97.018051 -0.053578367 0.99851422 -0.0099290072 -5.0583595 -0.96627446 -0.054351426 -0.25171346 97.178124
271 -0.25164402 -0.0041854558 0.96781083 97.858813 -0.054173274 0.99848372 -0.0097676838 -5.087542 -0.96630255 -0.054887464 -0.25148922 96.963727
272 -0.25142724 -0.0045076561 0.96786572 98.709521 -0.054891739 0.99844601 -0.0096094178 -5.1164856 -0.96631843 -0.055543905 -0.25128398 96.747219
273 -0.25053087 -0.0046874975 0.96809728 99.559233 -0.055844447 0.9983931 -0.0096176199 -5.1460796 -0.96649664 -0.056472371 -0.25039008 96.53278
274 -0.24900557 -0.004813811 0.96849011 100.37725 -0.057198445 0.99831522 -0.0097440641 -5.1759192 -0.96681158 -0.057822458 -0.24886141 96.329251
275 -0.24764031 -0.0048240529 0.96884005 101.20409 -0.058523957 0.99823597 -0.0099885911 -5.2081031 -0.96708288 -0.059173935 -0.24748581 96.12643
276 -0.24702458 -0.0055087715 0.96899357 102.02609 -0.060262837 0.99813547 -0.0096883001 -5.239725 -0.96713356 -0.060787554 -0.24689598 95.925082
277 -0.24549181 -0.0067027357 0.96937551 102.86427 -0.062092168 0.99803136 -0.008823802 -5.2712068 -0.96740809 -0.062356802 -0.24542473 95.720751
278 -0.24529112 -0.0070207299 0.96942406 103.67963 -0.064289325 0.9978903 -0.0090400909 -5.3015823 -0.96731547 -0.064541077 -0.24522501 95.523986
279 -0.24402838 -0.0074821547 0.96973924 104.49701 -0.065610496 0.99780634 -0.0088117303 -5.3274116 -0.96754612 -0.065775389 -0.24398399 95.323905
280 -0.24144497 -0.0077787713 0.97038335 105.31869 -0.066576854 0.99774446 -0.0085671497 -5.3514408 -0.96812805 -0.066673571 -0.24141828 95.123504
281 -0.23944376 -0.0089515952 0.97086898 106.12133 -0.067327675 0.99770337 -0.0074058955 -5.3742516 -0.96857304 -0.067139652 -0.23949656 94.93015
