4 0.99998927 0.00031276433 0.0046224056 -0.0062966529 -0.00030529632 0.99999865 -0.0016162271 -0.02137349 -0.0046229048 0.0016147985 0.99998801 0.60097835
5 0.99999635 -0.00030508157 -0.0026851966 -0.0054409966 0.00030939365 0.99999866 0.0016056036 -0.015992149 0.0026847032 -0.0016064285 0.99999511 0.58628679
6 0.99999884 0.00023575062 -0.0015071578 -0.0027874481 -0.00023360302 0.99999896 0.0014249513 -0.014924323 0.0015074922 -0.0014245976 0.99999785 0.57087604
7 0.99999738 0.00139307 0.0018186022 -0.0042706188 -0.001393225 0.99999903 8.3948578e-05 -0.010478957 -0.0018184835 -8.648208e-05 0.99999834 0.55595983
8 0.99998972 0.001922044 0.0041056292 -0.0011061465 -0.0019254589 0.9999978 0.00082795428 -0.0082641351 -0.0041040288 -0.00083585099 0.99999123 0.56089588
9 0.99999907 0.0013577193 9.37873e-05 -0.0035597512 -0.0013578043 0.99999866 0.00091194314 -0.0079824102 -9.2549012e-05 -0.00091206964 0.99999958 0.57889408
10 0.99999996 0.00011508722 0.00026913332 -0.0017657519 -0.00011529185 0.9999997 0.00076040656 -0.0083079957 -0.00026904572 -0.00076043755 0.99999967 0.58639793
11 0.99999868 0.00052035036 -0.0015383781 -0.0038861318 -0.00051962812 0.99999975 0.00046984123 -0.0063887868 0.0015386222 -0.00046904123 0.99999871 0.59861673
12 0.9999994 0.00074354567 -0.00080119895 -0.003310717 -0.0007433765 0.9999997 0.00021142258 -0.0089490946 0.00080135591 -0.00021082687 0.99999966 0.58455001
13 0.99999955 0.00093878812 0.00015571262 -0.0033483572 -0.00093875507 0.99999954 -0.00021215814 -0.0027708966 -0.00015591172 0.00021201187 0.99999997 0.62894627
14 0.99999814 0.0007204843 0.0017888808 -0.00020382591 -0.00072142555 0.9999996 0.00052557331 -0.0024776522 -0.0017885015 -0.00052686287 0.99999826 0.6377595
15 0.99999686 -0.00051807747 0.0024512 0.0032572028 0.000513283 0.99999795 0.001956195 -0.011106491 -0.0024522084 -0.0019549307 0.99999508 0.64216955
16 0.99999996 -0.00020274957 -0.00018349673 0.00080213273 0.00020290875 0.9999996 0.00086789122 -0.018569351 0.0001833207 -0.00086792842 0.99999961 0.67065959
17 0.99999987 0.00034246748 -0.00036803727 -0.00044459079 -0.00034232237 0.99999986 0.00039426873 -0.021014822 0.00036817225 -0.00039414269 0.99999985 0.64335004
18 0.99999996 -0.00027558959 -1.639834e-05 0.0006175621 0.00027558255 0.99999987 -0.00042731378 -0.015199429 1.6516101e-05 0.00042730924 0.99999991 0.67479859
19 0.99999988 0.00036616053 -0.00031001315 -0.0020471503 -0.00036631088 0.99999982 -0.00048505978 -0.0084346838 0.00030983548 0.00048517329 0.99999983 0.69283214
20 0.99999723 0.00028766595 -0.0023342902 -0.0053375445 -0.00028535512 0.99999947 0.00099022419 -0.0016227594 0.0023345739 -0.00098955535 0.99999679 0.70225615
21 0.99999954 -0.00059840228 -0.00074760578 0.0029646438 0.00060010821 0.99999721 0.002283721 -0.0050276561 0.00074623711 -0.0022841686 0.99999711 0.73363676
22 0.9999938 -0.00083166331 -0.0034205131 0.0011667322 0.00083452744 0.9999993 0.00083599764 -0.0050342082 0.0034198155 -0.00083884697 0.9999938 0.75772694
23 0.99999625 0.00019602663 -0.0027300365 0.0016824935 -0.00019678047 0.99999994 -0.0002758652 -0.0097586036 0.0027299822 0.00027640138 0.99999624 0.78855966
24 0.99999822 -8.2398269e-05 0.0018849238 0.0075760484 8.2212655e-05 0.99999999 9.8550706e-05 -0.0052516042 -0.0018849319 -9.8395566e-05 0.99999822 0.79058635
25 0.99999945 0.00084330848 -0.00062615383 0.0014370099 -0.00084314265 0.99999961 0.0002650662 -0.0038122931 0.00062637712 -0.00026453812 0.99999977 0.82682289
26 0.99999952 0.00078967248 0.00058049914 -0.0010001765 -0.00078904923 0.99999911 -0.0010730804 -0.0026658434 -0.00058134601 0.0010726218 0.99999926 0.81434707
27 0.99999818 0.00050666857 0.0018399954 0.0042463013 -0.00050614517 0.99999983 -0.0002849089 0.00091844386 -0.0018401394 0.00028397708 0.99999827 0.8504018
28 0.99999925 0.00031745516 0.0011801087 -0.0011750265 -0.00031696885 0.99999986 -0.0004122511 -0.0076628376 -0.0011802395 0.00041187674 0.99999922 0.86518526
29 0.99999771 0.00073787375 0.0020074017 5.9441513e-05 -0.00073795344 0.99999973 3.8958298e-05 -0.006235464 -0.0020073724 -4.0439578e-05 0.99999798 0.86491439
30 0.99999398 0.00043115363 0.0034417164 0.0051479249 -0.00043056102 0.99999989 -0.00017292534 -0.0038399568 -0.0034417906 0.00017144243 0.99999406 0.89097381
31 0.99998708 0.00023548351 0.0050781941 0.009042065 -0.00023481057 0.99999996 -0.00013311065 -0.0043798912 -0.0050782252 0.00013191652 0.9999871 0.90646264
32 0.99998995 0.00047032562 0.0044575541 0.0089957455 -0.00047037429 0.99999989 9.8712171e-06 -0.0025885147 -0.004457549 -1.1967837e-05 0.99999007 0.92691199
33 0.99999123 0.00065690945 0.0041361628 0.0075391393 -0.00065821082 0.99999973 0.00031327817 -0.0041550432 -0.004135956 -0.00031599789 0.9999914 0.94120619
34 0.9999959 0.0010593478 0.0026602945 0.003372101 -0.001060393 0.99999936 0.00039154005 -0.0097722663 -0.0026598781 -0.0003943594 0.99999638 0.95417869
35 0.99999929 0.001193043 6.2899008e-05 -0.0012033815 -0.0011930634 0.99999924 0.00032581563 -0.014594373 -6.2510247e-05 -0.00032589044 0.99999994 0.98163135
36 0.99999904 0.00078725221 0.0011380624 -0.0010777257 -0.00078751175 0.99999966 0.00022762706 -0.021682394 -0.0011378828 -0.00022852308 0.99999933 0.98450615
37 0.99999681 0.0024961849 0.00038765674 -0.0058887576 -0.002496419 0.9999967 0.00060458361 -0.0230642 -0.00038614631 -0.00060554944 0.99999974 0.98915258
38 0.9999963 0.0021914731 0.0016087392 -0.0047693613 -0.0021919299 0.99999756 0.0002822501 -0.029565711 -0.0016081167 -0.0002857753 0.99999867 0.97128297
39 0.99999559 0.0020911858 0.0021065421 -0.0061548443 -0.0020911076 0.99999781 -3.9313262e-05 -0.028934345 -0.0021066197 3.4908083e-05 0.99999778 0.97507158
40 0.99999663 0.0013339604 0.0022276159 -0.0042217722 -0.001334912 0.99999902 0.00042578934 -0.026899966 -0.0022270458 -0.00042876157 0.99999743 1.0082623
41 0.99999586 0.00068652049 0.0027942194 -0.0040010164 -0.00068731483 0.99999972 0.00028332967 -0.027400804 -0.0027940241 -0.00028524901 0.99999606 1.00474
42 0.99999586 0.0013993534 0.0025124309 -0.0058543491 -0.0014004268 0.99999893 0.00042551864 -0.029437231 -0.0025118328 -0.00042903536 0.99999675 1.0219517
43 0.99999998 5.6447291e-05 -0.00019815926 -0.0056424981 -5.6451665e-05 1 -2.2064322e-05 -0.022567407 0.00019815802 2.2075508e-05 0.99999998 1.0343736
44 0.99999904 -0.0012853944 -0.00051453947 -0.0036514468 0.0012856096 0.99999909 0.00041819642 -0.01809235 0.00051400145 -0.00041885751 0.99999978 1.031471
45 0.99999988 -0.00046908772 0.0001149458 -0.0035209455 0.00046902868 0.99999976 0.00051312937 -0.019236158 -0.00011518648 -0.0005130754 0.99999986 1.0650273
46 0.99999964 0.00031785188 0.00079089926 -0.002959125 -0.00031834396 0.99999976 0.00062212439 -0.017344306 -0.00079070132 -0.00062237594 0.99999949 1.0673515
47 0.9999988 -0.00078605157 0.0013331792 -0.00033761441 0.00078496194 0.99999936 0.00081764692 -0.020307504 -0.0013338211 -0.00081659945 0.99999878 1.0603291
48 0.99999975 -0.00062110342 0.00033330972 0.0015021336 0.00062107943 0.9999998 7.2083168e-05 -0.014935295 -0.00033335443 -7.1876139e-05 0.99999994 1.0653821
49 0.99999962 -0.00039079837 -0.00078454667 -0.0010804123 0.00039154614 0.99999947 0.00095319232 -0.011785555 0.00078417375 -0.00095349914 0.99999924 1.0566347
50 0.99999658 0.0010816955 -0.0023814266 -0.0044810309 -0.001076552 0.99999709 0.0021600539 -0.012697276 0.0023837562 -0.0021574828 0.99999483 1.0603484
51 0.99999959 0.00089576459 -0.00011675036 -0.0024116478 -0.0008957399 0.99999958 0.00021133089 -0.017624059 0.00011693962 -0.00021122622 0.99999997 1.0675807
52 0.99999987 -0.00019928665 -0.000474775 -0.0031478129 0.00019913685 0.99999993 -0.00031554252 -0.024781685 0.00047483785 0.00031544794 0.99999984 1.0648804
53 0.99999788 -0.000569488 -0.0019781033 -0.0029144344 0.00056910593 0.99999982 -0.00019370893 -0.021196516 0.0019782132 0.00019258277 0.99999802 1.038936
54 0.99999989 -0.00044777296 -0.0001602852 -0.001736377 0.00044768992 0.99999977 -0.00051775294 -0.016315682 0.000160517 0.00051768113 0.99999985 1.0597347
55 0.99999558 -0.00024451926 0.0029642947 0.0010543656 0.00024585488 0.99999987 -0.00045021152 -0.014806309 -0.0029641842 0.00045093832 0.99999551 1.0724019
56 0.99999926 0.00023044778 0.001192539 -0.0025328648 -0.00023063224 0.99999996 0.00015454585 -0.014652536 -0.0011925034 -0.00015482077 0.99999928 1.0794755
57 0.99999847 0.00020790471 0.0017378558 -0.0019968901 -0.00020936464 0.99999963 0.00083993425 -0.017409548 -0.0017376806 -0.00084029681 0.99999814 1.0738673
58 0.99999592 0.0014379326 0.0024679764 -0.0038478158 -0.0014404346 0.99999845 0.0010123229 -0.02330416 -0.002466517 -0.0010158738 0.99999644 1.0906768
59 0.99999929 0.0010826836 0.00050756796 -0.0074436655 -0.0010828989 0.99999932 0.00042399972 -0.02557475 -0.00050710856 -0.00042454906 0.99999978 1.0491144
60 0.99999989 0.00046119157 -0.00011651178 -0.0059124804 -0.00046110373 0.99999961 0.00075290095 -0.020549472 0.00011685897 -0.00075284715 0.99999971 1.0613295
61 0.99999581 0.00064084558 -0.0028220511 -0.0088671833 -0.00064035964 0.99999978 0.00017309707 -0.020055753 0.0028221614 -0.00017128922 0.999996 1.0691678
62 0.99999938 0.00042401755 -0.0010272837 -0.0060290243 -0.00042453447 0.99999978 -0.00050301949 -0.016772735 0.0010270702 0.0005034553 0.99999935 1.0722968
63 0.99999892 0.00044530119 -0.0013986152 -0.0045581841 -0.00044526397 0.9999999 2.6923933e-05 -0.012873352 0.001398627 -2.6301151e-05 0.99999902 1.0859828
64 0.99999674 0.00030083726 -0.0025360904 -0.0064977025 -0.00030091259 0.99999995 -2.932309e-05 -0.014664148 0.0025360815 3.0086136e-05 0.99999678 1.0643468
65 0.99999857 -6.0770882e-05 -0.0016877703 -0.0041991846 5.9850186e-05 0.99999985 -0.00054555541 -0.016217976 0.0016878032 0.00054545362 0.99999843 1.0696655
66 0.99999951 -0.00060738921 -0.00078251241 -0.0021134489 0.00060751152 0.9999998 0.00015607895 -0.018032655 0.00078241745 -0.00015655426 0.99999968 1.0550903
67 0.99999979 -0.00063340286 0.00013054238 -0.0018546682 0.00063331266 0.99999956 0.00068980536 -0.022118956 -0.00013097925 -0.00068972254 0.99999975 1.0588843
68 0.99999985 -0.00054319323 -2.380769e-05 -0.0031325507 0.00054319813 0.99999983 0.0002064876 -0.022890972 2.3695523e-05 -0.0002065005 0.99999998 1.0690452
69 0.99999824 -0.0016252996 -0.0009414808 -0.0020107954 0.001625481 0.99999866 0.00019188396 -0.024202659 0.00094116767 -0.00019341398 0.99999954 1.0670159
70 0.99999797 -0.0019999672 -0.00022982589 0.00062939293 0.0019998673 0.99999791 -0.00043386719 -0.020340372 0.00023069313 0.00043340669 0.99999988 1.0767348
71 0.99999946 -0.00058442164 0.00085518393 -0.00081052578 0.0005850187 0.99999959 -0.00069808676 -0.01596939 -0.00085477559 0.00069858668 0.99999939 1.0682833
72 0.99999966 -0.00023774316 0.00078769657 -0.0015655995 0.00023769258 0.99999997 6.4314387e-05 -0.016225614 -0.00078771184 -6.4127135e-05 0.99999969 1.0659385
73 0.99999896 0.00087207581 0.0011470832 -0.0016257838 -0.00087199129 0.99999962 -7.4179532e-05 -0.010129433 -0.0011471474 7.3179208e-05 0.99999934 1.0882759
74 0.99998974 0.001638032 -0.004223125 -0.0099903789 -0.0016361826 0.99999856 0.00044133652 -0.013001546 0.0042238419 -0.00043442219 0.99999099 1.0821023
75 0.99999823 0.0018281671 0.00044601048 -0.0085807028 -0.0018281945 0.99999833 6.0921017e-05 -0.020003933 -0.00044589836 -6.1736303e-05 0.9999999 1.1032248
76 0.99999662 0.00077577213 -0.0024822957 -0.0092186605 -0.00077553614 0.99999969 9.6033267e-05 -0.019110875 0.0024823695 -9.4107832e-05 0.99999691 1.0805053
77 0.99999247 -0.0012571649 -0.0036722038 -0.0082098004 0.001257129 0.99999921 -1.2095245e-05 -0.022733258 0.0036722161 7.4787197e-06 0.99999326 1.0744408
78 0.99999934 -0.00078974878 -0.00083607542 -0.0012382075 0.00078990384 0.99999967 0.0001851442 -0.024669068 0.00083592893 -0.0001858045 0.99999963 1.0781165
79 0.99998992 -0.0030948213 -0.0032526838 -0.00090416883 0.0030938818 0.99999517 -0.00029383045 -0.024732667 0.0032535774 0.00028376407 0.99999467 1.0880395
80 0.99999593 -0.002347758 -0.0016183541 -0.0021124687 0.0023473637 0.99999721 -0.00024547893 -0.026882531 0.0016189259 0.00024167907 0.99999866 1.088839
81 0.99999975 -0.00018188561 -0.00068395306 -0.0069122521 0.00018194367 0.99999998 8.483475e-05 -0.026882994 0.00068393762 -8.495917e-05 0.99999976 1.0726994
82 0.9999996 2.8619202e-05 -0.00089552639 -0.0083577892 -2.8497496e-05 0.99999999 0.00013591682 -0.028315296 0.00089553027 -0.00013589125 0.99999959 1.0787618
83 0.99999895 -0.00024868738 -0.0014283129 -0.0064443743 0.00024857516 0.99999997 -7.8746766e-05 -0.023347017 0.0014283324 7.839164e-05 0.99999898 1.0702303
84 0.99999839 0.00012834706 -0.0017921005 -0.0061683913 -0.00012871615 0.99999997 -0.00020584125 -0.021463975 0.001792074 0.00020607159 0.99999837 1.0671358
85 0.99999446 0.0014048964 -0.0030175098 -0.010154053 -0.0014022878 0.99999864 0.00086642274 -0.0204273 0.0030187229 -0.00086218652 0.99999507 1.0606516
86 0.99999896 0.00096366687 -0.0010711855 -0.0065352005 -0.0009628554 0.99999925 0.00075780088 -0.022572549 0.001071915 -0.00075676869 0.99999914 1.0593576
87 0.99999941 0.00093839375 0.00055545766 -0.0022153758 -0.00093960704 0.99999716 0.0021880918 -0.020998617 -0.0005534028 -0.0021886125 0.99999745 1.0622825
88 0.99999371 0.0012446158 -0.003320761 -0.0072779565 -0.0012411065 0.99999867 0.0010586264 -0.020736766 0.0033220742 -0.0010544983 0.99999393 1.0524934
89 0.99999878 0.0007881953 -0.00134886 -0.0032223316 -0.00078799097 0.99999968 0.00015200919 -0.01805735 0.0013489794 -0.00015094611 0.99999908 1.054065
90 0.99999066 0.0015124255 -0.004049989 -0.0030802565 -0.0015123535 0.99999886 2.0830147e-05 -0.015620129 0.0040500158 -1.4704938e-05 0.9999918 1.0613173
91 0.99999923 0.00078292179 -0.00096349117 -0.0056182142 -0.00078240814 0.99999955 0.00053337498 -0.016156988 0.00096390833 -0.00053262073 0.99999939 1.0326344
92 0.9999989 0.00043128155 -0.0014203852 -0.0045453464 -0.00043067016 0.99999981 0.00043071314 -0.016184719 0.0014205707 -0.00043010095 0.9999989 1.0255429
93 0.99999566 0.00020876468 -0.002939034 -0.0047195032 -0.00020826104 0.99999996 0.0001716672 -0.021492336 0.0029390697 -0.00017105436 0.99999567 1.0067077
94 0.99999883 -0.00013818683 -0.0015257078 -0.0031019693 0.00013847992 0.99999997 0.00019199801 -0.021937266 0.0015256812 -0.00019220907 0.99999882 0.98326559
95 0.99999752 -0.0010413575 -0.0019673829 -0.002540016 0.0010414741 0.99999946 5.8198354e-05 -0.023087313 0.0019673212 -6.0247188e-05 0.99999806 0.96332858
96 0.9999958 0.00057794489 -0.0028389172 -0.0062697076 -0.00057867743 0.9999998 -0.00025722094 -0.024934485 0.002838768 0.00025886268 0.99999594 0.93832638
97 0.99999445 -5.0823089e-05 -0.0033298064 -0.0061069093 5.0467381e-05 0.99999999 -0.00010690947 -0.020858755 0.0033298119 0.00010674083 0.99999445 0.91787784
98 0.99999165 0.00062025071 -0.0040387279 -0.0074980194 -0.00062026686 0.99999981 -2.7472068e-06 -0.020939027 0.0040387255 5.252273e-06 0.99999184 0.90038384
99 0.99999199 0.0003353548 -0.0039893536 -0.007272451 -0.00033357367 0.99999984 0.00044712762 -0.019222288 0.003989503 -0.0004457933 0.99999194 0.87977602
100 0.99999478 0.0010751905 -0.0030466596 -0.0072827052 -0.001073767 0.99999931 0.00046884617 -0.020639045 0.0030471616 -0.00046557232 0.99999525 0.85295322
101 0.99999654 0.0011398331 -0.0023689136 -0.0095001932 -0.0011398695 0.99999935 -1.4014876e-05 -0.026465801 0.002368896 1.671508e-05 0.99999719 0.82768467
102 0.99999692 0.0011533159 -0.0021978362 -0.0090755385 -0.0011534165 0.99999933 -4.4512222e-05 -0.024827412 0.0021977834 4.7047105e-05 0.99999758 0.82488112
103 0.99999773 0.0017530625 -0.0012073564 -0.0082612483 -0.0017530834 0.99999846 -1.6213402e-05 -0.02509184 0.0012073261 1.8329962e-05 0.99999927 0.8012425
104 0.99999778 0.0018075605 -0.0010798671 -0.008056264 -0.0018073065 0.99999834 0.00023617982 -0.023026993 0.0010802922 -0.00023422765 0.99999939 0.78536601
105 0.99999328 0.0013359326 -0.0034151039 -0.0093882554 -0.0013330684 0.99999876 0.00084079757 -0.019363733 0.0034162229 -0.00083623935 0.99999382 0.72915678
106 0.99999391 0.00063354611 -0.0034306453 -0.0060058661 -0.00063000553 0.99999927 0.0010330271 -0.01709786 0.0034312972 -0.0010308595 0.99999358 0.68840568
107 0.99998899 0.00065331068 -0.0046476012 -0.0050737188 -0.00065112332 0.99999968 0.00047214043 -0.014310334 0.0046479082 -0.00046910907 0.99998909 0.64055498
108 0.99999514 0.00078930221 -0.0030168074 -0.0044601689 -0.00078927813 0.99999969 9.1726417e-06 -0.013633842 0.0030168137 -6.7914971e-06 0.99999545 0.60524661
109 0.99999145 0.0015526671 -0.0038323997 -0.0092520631 -0.0015533522 0.99999878 -0.00017580852 -0.01393576 0.0038321221 0.00018176008 0.99999264 0.58254093
110 0.99999672 0.0024108958 -0.00086045091 -0.0086859585 -0.002410603 0.99999704 0.00034110569 -0.011724172 0.00086127073 -0.00033903037 0.99999957 0.56343268
111 0.99999801 0.0015588397 -0.0012443613 -0.0048021078 -0.0015574235 0.99999814 0.001138207 -0.011433351 0.0012461333 -0.0011362668 0.99999858 0.54589373
112 0.99999898 0.0014224378 -0.00013286218 -0.004312656 -0.0014223606 0.99999882 0.00057943835 -0.01148235 0.00013368623 -0.00057924878 0.99999982 0.53268503
113 0.99999887 0.0015020209 -0.00011768863 -0.0032423888 -0.001501996 0.99999885 0.00021146508 -0.01133061 0.00011800612 -0.00021128807 0.99999997 0.51392962
114 0.9999908 0.0013587952 0.0040679511 -0.00055097254 -0.0013601438 0.99999902 0.00032876345 -0.011071654 -0.0040675004 -0.00033429343 0.99999167 0.52303411
115 0.99991308 0.00032782654 0.013180167 0.014130641 -0.00032571726 0.99999993 -0.0001621807 -0.014041244 -0.01318022 0.0001578736 0.99991312 0.48282729
116 0.99981295 -0.002725559 0.019147713 0.026188867 0.0027582473 0.99999478 -0.0016809652 -0.021345136 -0.019143032 0.0017334649 0.99981525 0.44272651
117 0.99977397 -0.0027871801 0.021076824 0.027547411 0.0028384425 0.99999309 -0.0024026457 -0.02304849 -0.021069982 0.002461928 0.99977497 0.40929772
118 0.99970253 -0.0029578563 0.024209522 0.032578025 0.0030121661 0.99999303 -0.0022071629 -0.02501686 -0.024202825 0.0022794294 0.99970447 0.38523159
119 0.99964566 -0.0031134281 0.02643588 0.036022323 0.0031793576 0.99999194 -0.0024522754 -0.024626535 -0.026428032 0.0025354555 0.9996475 0.38326477
120 0.99970149 -0.0053828639 0.023831843 0.036962603 0.0054682442 0.99997886 -0.003518898 -0.028617286 -0.023812397 0.0036481659 0.99970979 0.3818152
121 0.99967752 -0.0023522042 0.025284797 0.031536958 0.0024166508 0.99999391 -0.0025185726 -0.026634437 -0.025278719 0.0025788649 0.99967712 0.38124583
122 0.99951112 -0.0018765499 0.031208882 0.040086886 0.0019386278 0.9999962 -0.0019589676 -0.022712252 -0.031205088 0.0020185123 0.99951096 0.37533963
123 0.99949368 -0.0014534112 0.031784705 0.040079602 0.001513743 0.9999971 -0.0018741576 -0.02120378 -0.031781889 0.0019213226 0.99949298 0.37622294
124 0.99941745 -0.0024158106 0.034043052 0.046097614 0.0024995007 0.99999396 -0.0024160178 -0.019141399 -0.03403701 0.002499701 0.99941745 0.37336
125 0.99926648 -0.0017329534 0.038255831 0.050435707 0.0017941741 0.99999716 -0.0015660219 -0.018646492 -0.038253008 0.0016335108 0.99926675 0.37082724
126 0.99923636 -0.0017376556 0.039034218 0.052215779 0.001800493 0.99999714 -0.0015747069 -0.01648443 -0.03903137 0.0016437852 0.99923663 0.36491673
127 0.99919844 -0.0013717522 0.040007569 0.054555623 0.0014236114 0.99999818 -0.0012677761 -0.01439354 -0.040005757 0.0013237151 0.99919857 0.35585502
128 0.9992912 0.0012868439 0.037622359 0.044583251 -0.0012362948 0.9999983 -0.001366826 -0.010566273 -0.037624054 0.0013193449 0.99929109 0.35198634
129 0.99909554 0.0014275288 0.042497824 0.050450773 -0.0013982158 0.99999876 -0.00071947007 -0.0066812041 -0.042498798 0.00065939821 0.9990963 0.35058267
130 0.99896335 0.0014207278 0.045499436 0.051492685 -0.0013868828 0.99999874 -0.0007754139 -0.0057966255 -0.04550048 0.00071150769 0.99896406 0.36895869
131 0.99900377 -0.0022844586 0.044567455 0.057529993 0.0023490901 0.99999626 -0.0013978779 -0.0087989458 -0.044564095 0.0015011783 0.9990054 0.36618629
132 0.99893368 -0.0011808382 0.046153041 0.058768366 0.0012228291 0.99999886 -0.00088159553 -0.0077671134 -0.046151948 0.00093709275 0.99893399 0.36426806
133 0.99890963 -0.00068576138 0.046680604 0.05939079 0.00072697777 0.99999936 -0.00086597334 -0.0069837923 -0.046679981 0.00089896487 0.99890949 0.36113274
134 0.99903815 0.00061894754 0.043845038 0.054053089 -0.00058697905 0.99999955 -0.00074199515 -0.0075258404 -0.043845477 0.00071554534 0.99903807 0.34940623
135 0.99907346 0.00079966191 0.043030021 0.05147271 -0.00075973234 0.99999927 -0.00094429201 -0.0058981483 -0.043030745 0.00091072578 0.99907333 0.3505092
136 0.99897299 0.0015344591 0.045283726 0.049530822 -0.0015011926 0.99999858 -0.00076862255 -0.0035745808 -0.045284841 0.00069985357 0.99897387 0.36728781
137 0.99877301 -0.0002547301 0.049521822 0.056057583 0.00030597891 0.99999943 -0.0010272951 -0.0033055633 -0.049521532 0.0010411873 0.99877251 0.38268152
138 0.99864674 -0.0010447324 0.051996146 0.060839382 0.0010693622 0.99999933 -0.00044586764 -0.00283224 -0.051995646 0.00050086698 0.99864719 0.38191436
139 0.99875119 -0.00050127583 0.04995801 0.057938603 0.00056537962 0.99999903 -0.0012690302 -0.00081522711 -0.049957325 0.0012956906 0.99875051 0.38538835
140 0.99860121 0.00076992679 0.052868126 0.060161019 -0.00074479043 0.9999996 -0.00049515383 0.00094626746 -0.052868486 0.00045508554 0.99860138 0.38054212
141 0.99868836 0.0014368237 0.051181028 0.055801109 -0.001412049 0.99999887 -0.00052021566 0.00027075615 -0.051181717 0.0004472632 0.99868926 0.39293478
142 0.99853891 -0.0015146001 0.054016182 0.062220436 0.0015882545 0.99999787 -0.0013206604 0.00057619452 -0.054014067 0.0014045222 0.99853919 0.40589364
143 0.99845952 6.1678747e-05 0.055484924 0.060849196 -3.7378899e-05 0.9999999 -0.00043899175 0.0031504544 -0.055484946 0.00043624153 0.99845943 0.40973788
144 0.99850153 -0.00036449628 0.054722645 0.060546611 0.00044185975 0.99999892 -0.0014016454 0.0035054021 -0.054722075 0.0014237248 0.99850061 0.40874155
145 0.99871472 -0.0005113935 0.050681914 0.058617255 0.00057003507 0.99999918 -0.0011426033 0.0015342657 -0.050681289 0.0011700252 0.99871419 0.41961742
146 0.99866873 -0.00034239285 0.051581433 0.059218116 0.00040938385 0.99999909 -0.0012881827 -0.00057320902 -0.051580945 0.0013075844 0.99866796 0.42605837
147 0.99872927 -0.0006860198 0.050392171 0.058753562 0.00076950365 0.99999836 -0.0016373008 -0.0018440066 -0.050390965 0.0016739972 0.99872817 0.43124353
148 0.99865931 -0.0020169829 0.05172543 0.061308648 0.002156358 0.99999419 -0.0026388526 -0.003441654 -0.051719807 0.0027468532 0.99865786 0.45067575
149 0.99883434 -0.00072674771 0.048264117 0.055325625 0.00080995818 0.99999822 -0.00170453 -0.00068879938 -0.048262792 0.0017416351 0.99883315 0.43852103
150 0.99907649 0.00062084069 0.042962564 0.04424421 -0.000544968 0.99999827 -0.0017777079 -0.00019670198 -0.042963594 0.001752653 0.9990751 0.45922693
151 0.99915186 0.00051837179 0.041174008 0.039310096 -0.00046621139 0.99999908 -0.0012764202 -0.0012717299 -0.041174632 0.0012561419 0.99915118 0.47456716
152 0.99936048 0.0010463693 0.035742535 0.030648407 -0.0010054025 0.99999882 -0.0011641174 -0.0030900749 -0.035743711 0.0011274373 0.99936035 0.50889907
153 0.99933335 -0.0010736419 0.036492393 0.040575102 0.0010795922 0.99999941 -0.00014335254 -0.0095810919 -0.036492218 0.00018265387 0.99933392 0.5212273
154 0.99942565 -0.0013625339 0.033860067 0.040106141 0.0013698639 0.99999904 -0.00019328231 -0.011855477 -0.033859772 0.00023955499 0.99942656 0.52339939
155 0.99961062 -0.00025258658 0.027902425 0.034257242 0.00024628961 0.99999994 0.00022911477 -0.013603044 -0.027902481 -0.00022215348 0.99961063 0.54471289
156 0.99980648 0.0016891222 0.019599598 0.022808581 -0.0017121206 0.99999787 0.0011566897 -0.010905406 -0.019597602 -0.0011900228 0.99980724 0.5810115
157 0.99977914 0.0021867494 0.020902042 0.015320967 -0.0021747594 0.99999746 -0.00059634186 -0.0054550743 -0.020903293 0.00055075324 0.99978135 0.58479559
158 0.99996177 0.00086627221 0.0087015055 0.0053864413 -0.00087236244 0.99999938 0.00069613386 -0.0041067154 -0.008700897 -0.00070369811 0.9999619 0.63967314
159 0.99997692 -0.00086801944 0.0067385591 0.0076838725 0.00086820921 0.99999962 -2.5235509e-05 -0.0091422383 -0.0067385347 3.1085406e-05 0.9999773 0.65351927
160 0.99999483 -0.0011285227 0.0030094649 0.003121799 0.001131307 0.99999893 -0.00092365308 -0.0078604702 -0.0030084193 0.00092705294 0.99999504 0.65090428
161 0.99999935 -0.00013402186 0.0011362449 -0.0011167042 0.00013383611 0.99999998 0.00016355407 -0.011808233 -0.0011362668 -0.0001634019 0.99999934 0.66608856
162 0.99999549 1.184861e-05 0.0030021938 0.00013682141 -1.1862199e-05 1 4.5087116e-06 -0.012669246 -0.0030021937 -4.5443039e-06 0.99999549 0.69645179
163 0.99999633 0.00032250465 0.0026900941 -0.0012840551 -0.0003235869 0.99999987 0.00040188538 -0.0076848536 -0.0026899642 -0.00040275439 0.9999963 0.69787491
164 0.99999794 0.0006776022 0.0019144254 -0.0018629456 -0.00067900311 0.9999995 0.00073120826 -0.0082462076 -0.001913929 -0.00073250665 0.9999979 0.70849866
165 0.99999742 0.00077394549 0.0021335759 -0.00011906565 -0.00077672661 0.99999885 0.0013029827 -0.0053637249 -0.002132565 -0.0013046366 0.99999688 0.72970674
166 0.99999953 0.00096035456 -0.00012197116 -0.0022553064 -0.00096019173 0.99999866 0.0013280991 -0.010532754 0.00012324644 -0.0013279814 0.99999911 0.73785521
167 0.99999933 0.001006568 0.00057835267 -0.0021843068 -0.0010069453 0.99999928 0.00065258637 -0.017592473 -0.00057769538 -0.0006531683 0.99999962 0.75845099
168 0.99999961 0.00071831143 0.00051031963 -0.0031281392 -0.00071813482 0.99999968 -0.0003461798 -0.019735257 -0.00051056814 0.00034581318 0.99999981 0.76237594
169 0.99999915 0.00084694474 0.00098966838 -0.0036671049 -0.00084688362 0.99999964 -6.2178583e-05 -0.020134525 -0.00098972068 6.1340397e-05 0.99999951 0.75834244
170 0.99998624 0.0011012706 0.005129388 0.00065525722 -0.0011042489 0.99999922 0.0005778303 -0.016297148 -0.0051287476 -0.00058348647 0.99998668 0.76518219
171 0.99998741 0.001307607 0.0048452061 0.0017024721 -0.0013099317 0.99999903 0.00047664982 -0.016705155 -0.0048445781 -0.0004829907 0.99998815 0.7865477
172 0.99996446 -6.6493311e-05 0.0084305917 0.0085027859 7.4488954e-05 0.99999955 -0.00094809778 -0.022955517 -0.0084305248 0.00094869207 0.99996401 0.8037298
173 0.99997482 0.00070925571 0.0070607155 0.0019771691 -0.00070310978 0.99999937 -0.0008728839 -0.024213465 -0.0070613302 0.00086789747 0.99997469 0.81677988
174 0.99999216 0.0011317891 0.0037947836 -0.002091856 -0.0011301457 0.99999927 -0.00043516647 -0.02737798 -0.0037952733 0.0004308744 0.99999271 0.80913444
175 0.99998775 0.0011133249 0.0048227091 -0.0012598672 -0.001115817 0.99999925 0.00051407425 -0.031093015 -0.0048221332 -0.00051944921 0.99998824 0.81626866
176 0.99999762 0.0014261164 0.0016498372 -0.0046953336 -0.0014263075 0.99999898 0.00011464128 -0.026940998 -0.001649672 -0.00011699419 0.99999863 0.81248438
177 0.99999698 0.0018682382 0.0015981108 -0.0050152891 -0.0018680162 0.99999825 -0.00014037512 -0.019820187 -0.0015983703 0.0001373894 0.99999871 0.81361856
178 0.99999533 0.0019904313 0.0023175817 -0.0023487939 -0.0019907748 0.99999801 0.00014590924 -0.016458424 -0.0023172866 -0.00015052234 0.9999973 0.82800993
179 0.99998841 0.0013999593 0.0046062749 0.0011601917 -0.0013997449 0.99999902 -4.9781268e-05 -0.017637676 -0.0046063401 4.3333082e-05 0.99998939 0.83572136
180 0.999992 0.0016323239 0.0036505667 -0.00045532793 -0.001632775 0.99999866 0.000120608 -0.017387802 -0.003650365 -0.00012656759 0.99999333 0.8318698
181 0.999994 0.0016934635 0.0030234217 -0.0037616281 -0.0016943672 0.99999852 0.00029636606 -0.020636519 -0.0030229153 -0.00030148707 0.99999539 0.83482898
182 0.99999457 0.001037069 0.0031286921 -0.0003047141 -0.0010384994 0.99999936 0.00045559698 -0.018895085 -0.0031282176 -0.00045884365 0.999995 0.82292145
183 0.99999949 0.000988015 -0.00021460072 -0.0029565231 -0.00098799964 0.99999951 7.1668071e-05 -0.012801083 0.00021467142 -7.1456009e-05 0.99999997 0.80263111
184 0.99999967 0.00070110924 -0.00040260914 -0.0034303272 -0.00070139262 0.99999951 -0.00070415406 -0.013015883 0.00040211525 0.00070443622 0.99999967 0.80719167
185 0.99999968 -0.00064077468 0.0004770857 -0.00029460211 0.00064089482 0.99999976 -0.0002517259 -0.011653479 -0.00047692429 0.00025203158 0.99999985 0.81349714
186 0.99999338 -0.0013699056 0.0033722833 0.0016761829 0.0013681441 0.99999893 0.00052461313 -0.015546725 -0.0033729984 -0.00051999588 0.99999418 0.83102234
187 0.99997668 -0.00054118333 0.0068074565 0.0041397435 0.00054734413 0.99999944 -0.00090317637 -0.027058311 -0.006806964 0.00090688133 0.99997642 0.83180314
188 0.99998926 0.00028754313 0.0046258271 -0.0009927823 -0.00028399939 0.99999967 -0.00076671625 -0.027942065 -0.004626046 0.00076539429 0.99998901 0.81226852
189 0.99999608 0.00056990843 0.0027400813 -0.0029491275 -0.00056943977 0.99999982 -0.00017181708 -0.027094657 -0.0027401787 0.0001702561 0.99999623 0.80984041
190 0.99999967 0.0008053337 8.0487795e-05 -0.0057960034 -0.00080538316 0.99999949 0.00061634134 -0.025164591 -7.9991393e-05 -0.00061640597 0.99999981 0.79280608
191 0.9999993 0.00099300508 -0.00064199174 -0.0049390001 -0.00099263436 0.99999934 0.00057751698 -0.018614832 0.00064256479 -0.00057687931 0.99999963 0.80333097
192 0.99999887 0.0014945034 0.00016185177 -0.0067912422 -0.0014944597 0.99999885 -0.00026957137 -0.021891292 -0.00016225446 0.00026932918 0.99999995 0.78996063
193 0.99999926 0.0011101603 0.00049347089 -0.0061587982 -0.0011098804 0.99999922 -0.00056723369 -0.022727018 -0.00049410023 0.00056668558 0.99999972 0.77730959
194 0.99999764 0.0012974893 0.0017419357 -0.0051127794 -0.0012973214 0.99999915 -9.7530557e-05 -0.021736135 -0.0017420608 9.5270477e-05 0.99999848 0.76920345
195 0.99999618 0.00086981936 0.0026217656 -0.0037098896 -0.00087149089 0.99999942 0.00063648568 -0.020922452 -0.0026212104 -0.00063876809 0.99999636 0.77684489
196 0.99999667 0.0012853656 0.0022357628 -0.0057233507 -0.0012868997 0.99999894 0.00068486177 -0.022144891 -0.0022348801 -0.0006877367 0.99999727 0.77017596
197 0.99999869 0.00074196451 0.0014395036 -0.0052496646 -0.00074174737 0.99999971 -0.00015137176 -0.023124186 -0.0014396155 0.00015030381 0.99999895 0.77331551
198 0.99999695 0.0012030614 0.0021576377 -0.0052007576 -0.0012030812 0.99999928 7.8512748e-06 -0.024728288 -0.0021576267 -1.0447064e-05 0.99999767 0.7701043
199 0.99999763 0.00078264148 0.0020299487 -0.0036113568 -0.00078275055 0.99999969 5.2938576e-05 -0.022726664 -0.0020299066 -5.4527395e-05 0.99999794 0.77724263
200 0.99999649 0.00092126642 0.0024848716 -0.0031838495 -0.00092098357 0.99999957 -0.00011497346 -0.023140208 -0.0024849765 0.00011268453 0.99999691 0.77176429
201 0.99999615 0.00074920348 0.002671363 -0.0027233241 -0.00075036308 0.99999962 0.00043310774 -0.02305849 -0.0026710375 -0.00043511057 0.99999634 0.75775021
202 0.99999355 0.0008043911 0.0035017425 -0.001584251 -0.00080421868 0.99999968 -5.0646183e-05 -0.023796413 -0.0035017821 4.7829689e-05 0.99999387 0.76118782
203 0.99999606 0.00073229694 0.002709456 -0.0027617128 -0.00073435334 0.99999944 0.00075805576 -0.021365883 -0.0027088994 -0.00076004247 0.99999604 0.7236191
204 0.99999555 0.0013255604 0.0026710384 -0.0027555348 -0.0013270958 0.99999896 0.00057311303 -0.016057488 -0.0026702759 -0.00057665521 0.99999627 0.69404989
205 0.99999856 3.8176708e-05 0.0016989952 0.00074981421 -3.9441043e-05 0.99999972 0.0007441389 -0.016334556 -0.0016989663 -0.00074420483 0.99999828 0.69758399
206 0.99999841 -0.0001150793 0.0017819727 0.00089982525 0.00011329601 0.99999949 0.0010008086 -0.015190739 -0.001782087 -0.0010006051 0.99999791 0.68523172
207 0.99999983 -0.00020040213 -0.00054554918 -0.00088031706 0.00020061089 0.99999991 0.00038263687 -0.013778374 0.00054547245 -0.00038274625 0.99999978 0.66455017
208 0.99999989 -0.00045963347 8.0824429e-06 -0.00045885944 0.00045963138 0.99999986 0.00025578099 -0.015984278 -8.2000073e-06 -0.00025577725 0.99999997 0.68929301
209 0.99999979 -0.0003509144 0.00053750553 7.0945335e-05 0.00035082647 0.99999993 0.00016367158 -0.016544985 -0.00053756292 -0.00016348297 0.99999984 0.69947315
210 0.99999988 -0.00049117656 -9.226621e-05 -0.0006727995 0.00049122074 0.99999976 0.00047936697 -0.016284297 9.2030734e-05 -0.00047941223 0.99999988 0.70188261
211 0.99999801 0.00015158846 -0.001990019 -0.0041629269 -0.00015114739 0.99999996 0.00022179239 -0.01486118 0.0019900526 -0.00022149117 0.999998 0.6977877
212 0.99999558 0.00030396711 -0.0029576521 -0.0049946863 -0.000302576 0.99999984 0.00047077696 -0.012717391 0.0029577947 -0.00046987996 0.99999552 0.67463707
213 0.99999964 0.00022903447 -0.00081464892 -0.0039185613 -0.0002282091 0.99999946 0.0010131145 -0.014144444 0.00081488052 -0.0010129283 0.99999915 0.67603892
214 0.99999979 0.00028542159 -0.00058803277 -0.0035933526 -0.00028463891 0.99999907 0.0013306692 -0.014189778 0.00058841203 -0.0013305015 0.99999894 0.65429801
215 0.99999993 7.600688e-05 0.00035981208 -0.0035382336 -7.6402343e-05 0.99999939 0.0010991948 -0.01647562 -0.00035972832 -0.0010992222 0.99999933 0.66410689
216 0.99999626 0.0013409751 0.0023830252 -0.0037764561 -0.0013422624 0.99999895 0.00053870039 -0.017306852 -0.0023823003 -0.00054189702 0.99999702 0.64518855
217 0.99999511 0.001064808 0.0029390927 -0.0023329671 -0.0010679932 0.99999884 0.001082374 -0.015244874 -0.0029379368 -0.0010855076 0.9999951 0.61342737
218 0.99999266 0.0004317808 0.0038077252 0.0010462539 -0.00043337377 0.99999982 0.00041753628 -0.016155892 -0.0038075442 -0.00041918338 0.99999266 0.63932236
219 0.99999062 0.00040491898 0.0043113201 0.0015198853 -0.00040772148 0.99999971 0.00064917411 -0.014737684 -0.004311056 -0.00065092584 0.9999905 0.64523509
220 0.99998308 0.00070659984 0.0057747053 0.00099945812 -0.00071067114 0.9999995 0.00070300076 -0.016529486 -0.0057742057 -0.00070709278 0.99998308 0.67440994
221 0.99996122 0.00082254972 0.0087676978 0.0043783386 -0.00083096173 0.9999992 0.00095583186 -0.020689353 -0.0087669045 -0.00096308042 0.99996111 0.69391976
222 0.99995416 0.0012219354 0.009496738 0.0057670504 -0.0012313886 0.99999875 0.00098962472 -0.01811696 -0.0094955168 -0.0010012735 0.99995442 0.67668326
223 0.99991515 0.0013421922 0.012956984 0.010521707 -0.0013459255 0.99999906 0.0002794198 -0.014275483 -0.012956597 -0.00029683523 0.99991602 0.68509561
224 0.99994975 0.0011800869 0.0099549957 0.0086341761 -0.0011857993 0.99999914 0.00056794213 -0.011954039 -0.0099543169 -0.00057971822 0.99995029 0.6875627
225 0.99997844 -0.00020238587 0.0065640738 0.0082657511 0.00019396245 0.99999916 0.0012838717 -0.010579073 -0.0065643281 -0.0012825708 0.99997763 0.74661551
226 0.9999934 0.0013169992 0.0033846478 -0.0015767351 -0.0013192564 0.99999891 0.00066475212 -0.011389092 -0.0033837687 -0.00066921295 0.99999405 0.72453042
227 0.99999971 0.00076403998 -2.5853888e-05 -0.0030368156 -0.0007640492 0.99999964 -0.0003583158 -0.017717196 2.5580111e-05 0.00035833545 0.99999994 0.73692276
228 0.99999977 0.00043848606 0.00052290532 -0.0019891734 -0.00043833388 0.99999986 -0.00029110934 -0.0184315 -0.00052303289 0.00029088006 0.99999982 0.7309757
229 0.9999995 -0.00035720096 0.00093266963 -9.4540258e-05 0.00035669585 0.99999979 0.00054168435 -0.016105941 -0.00093286292 -0.0005413514 0.99999942 0.72189429
230 0.99999882 -0.00010541086 -0.0015346308 -0.0024819322 0.00010597868 0.99999993 0.00036992481 -0.01705143 0.0015345916 -0.00037008701 0.99999875 0.73182188
231 0.99999962 -0.000450448 -0.00074996675 -0.0040509872 0.00045070024 0.99999984 0.00033620551 -0.015796975 0.00074981519 -0.0003365434 0.99999966 0.73726822
232 0.99999983 0.00054019516 -0.00021480891 -0.0061238419 -0.00054002137 0.99999953 0.00080829902 -0.014238463 0.00021524545 -0.00080818288 0.99999965 0.74501205
233 0.99999573 0.0003348511 -0.0029014855 -0.0083029864 -0.00033127852 0.99999919 0.0012316856 -0.019155211 0.0029018956 -0.0012307191 0.99999503 0.74981147
234 0.99999168 -0.0021935965 0.0034397875 -0.00063900655 0.0022125901 0.99998227 -0.005527675 -0.053639921 -0.0034276011 0.0055352399 0.99997881 0.75892038
235 0.99998082 -0.0015568197 0.0059944256 -0.0037820607 0.001569421 0.99999657 -0.0020980356 -0.051697513 -0.0059911387 0.0021074032 0.99997983 0.75464215
236 0.9999846 -0.00040138382 0.0055357929 -0.0088782296 0.00040015989 0.9999999 0.00022220091 -0.049122334 -0.0055358815 -0.00021998229 0.99998465 0.75004719
237 0.99998907 0.00059559344 0.004636398 -0.0073218216 -0.00060841045 0.999996 0.0027635133 -0.041970361 -0.0046347335 -0.002766304 0.99998543 0.7296049
238 0.99999946 0.0010136799 -0.00021266051 -0.0070679212 -0.0010136368 0.99999947 0.00020282319 -0.023663122 0.00021286599 -0.00020260752 0.99999996 0.74527262
239 0.9999997 0.00075411165 -0.0001931426 -0.0058009997 -0.00075415722 0.99999969 -0.00023594862 -0.022384012 0.00019296461 0.00023609421 0.99999995 0.75732338
240 0.9999994 0.00058610457 -0.00092986546 -0.0059026283 -0.00058555326 0.99999965 0.00059305659 -0.02068567 0.00093021273 -0.00059251175 0.99999939 0.76132637
241 0.99999714 0.0011112879 -0.0021160835 -0.007427204 -0.0011117465 0.99999936 -0.00021552899 -0.019676898 0.0021158426 0.00021788092 0.99999774 0.78472839
242 0.9999991 0.0012480201 0.00049897938 -0.0045989833 -0.0012480997 0.99999921 0.00015925375 -0.022262817 -0.00049878023 -0.00015987638 0.99999986 0.7760604
243 0.9999988 0.0010952792 0.0010971641 -0.0039099103 -0.0010951624 0.99999939 -0.00010709156 -0.02176537 -0.0010972807 0.00010588986 0.99999939 0.77634243
244 0.99999975 0.00070300202 -0.00011740446 -0.005127574 -0.00070304698 0.99999968 -0.00038336159 -0.021219897 0.00011713492 0.00038344403 0.99999992 0.76590329
245 0.99999833 0.00089889317 -0.0015923537 -0.0070865717 -0.00089840955 0.99999955 0.00030440496 -0.020255112 0.0015926266 -0.00030297386 0.99999869 0.76145082
246 0.99999881 0.00086546574 -0.0012807803 -0.0061166408 -0.00086506746 0.99999958 0.00031148966 -0.020592094 0.0012810494 -0.00031038132 0.99999913 0.77676876
247 0.99999896 0.0011041434 -0.00092350072 -0.0082449162 -0.0011044452 0.99999934 -0.00032631615 -0.024420251 0.00092313981 0.00032733577 0.99999952 0.79479666
248 0.99999909 0.0012782118 -0.00043534056 -0.0072348105 -0.0012782526 0.99999918 -9.3476471e-05 -0.022872908 0.00043522072 9.4032861e-05 0.9999999 0.79417308
249 0.99998824 0.00050703944 0.0048235078 0.00098488419 -0.00050622211 0.99999986 -0.00017066706 -0.02155542 -0.0048235936 0.00016822329 0.99998835 0.78081393
250 0.99999358 0.00024170705 0.0035748331 0.0020648986 -0.00024124419 0.99999996 -0.00012991021 -0.014923678 -0.0035748644 0.00012904697 0.9999936 0.80106026
251 0.99999897 -7.6091639e-05 0.0014361851 0.0019150512 7.5770826e-05 0.99999997 0.00022343168 -0.013807635 -0.0014362021 -0.00022332263 0.99999894 0.8033453
252 0.99999857 -0.00037936724 0.0016503177 0.0021111911 0.00037753402 0.99999931 0.0011109977 -0.014582776 -0.0016507381 -0.0011103731 0.99999802 0.82120973
253 0.99999976 0.00040910523 -0.00055903039 -0.00033273329 -0.00040900861 0.9999999 0.00017294236 -0.012062315 0.00055910109 -0.00017271367 0.99999983 0.84209802
254 0.99999907 0.00059524339 -0.0012290208 -0.0057577337 -0.00059459578 0.99999968 0.00052722547 -0.01726785 0.0012293342 -0.0005264942 0.99999911 0.81790981
255 0.99999937 0.00028486125 -0.0010853279 -0.0032422341 -0.00028477286 0.99999996 8.1596861e-05 -0.015485669 0.0010853511 -8.1287738e-05 0.99999941 0.82198756
256 0.99999482 0.0009668382 -0.0030697107 -0.0092701519 -0.00096835124 0.99999941 -0.00049144691 -0.018188141 0.0030692338 0.00049441693 0.99999517 0.81453098
257 0.99999616 0.0013299827 -0.0024329808 -0.0070705916 -0.001330008 0.99999912 -8.7737657e-06 -0.018139774 0.0024329669 1.2009616e-05 0.99999704 0.84581843
258 0.99999852 0.0014384429 -0.00094042347 -0.0039037819 -0.0014372272 0.99999813 0.0012920925 -0.015187824 0.00094228031 -0.001290739 0.99999872 0.82740889
