4 0.9997646 0.0021406326 0.021591666 0.024564457 -0.0021879765 0.99999519 0.0021693597 -0.13491168 -0.02158692 -0.0022160903 0.99976456 6.512934
5 0.9997709 0.0026869766 0.021235862 0.049346376 -0.002757062 0.99999079 0.0032717948 -0.16488251 -0.021226877 -0.0033295931 0.99976918 7.6178885
6 0.99972795 0.0034407547 0.02306995 0.072267068 -0.0035190458 0.99998812 0.0033539509 -0.1976668 -0.023058137 -0.003434222 0.99972827 8.7173115
7 0.9997007 0.0029342063 0.024288338 0.10000466 -0.0030133938 0.9999902 0.0032243978 -0.22058081 -0.02427864 -0.0032966224 0.99969983 9.9014768
8 0.99966622 0.0021147891 0.025748887 0.13392807 -0.0022145468 0.99999009 0.0038463949 -0.23995773 -0.025740499 -0.0039021326 0.99966108 11.097674
9 0.99966959 0.0024761704 0.025585259 0.16647178 -0.0025789068 0.99998868 0.0039832838 -0.25837725 -0.025575108 -0.004047949 0.99966475 12.298804
10 0.99972417 0.0027417131 0.023325996 0.1982676 -0.0028389124 0.99998736 0.0041349481 -0.27579289 -0.023314366 -0.0042000274 0.9997194 13.503437
11 0.99977828 0.0035584385 0.020754488 0.22034735 -0.0036576668 0.99998199 0.0047451089 -0.29629961 -0.02073723 -0.0048199693 0.99977338 14.688245
12 0.99982712 0.0055759048 0.017738775 0.23758145 -0.0056733305 0.99996901 0.0054467465 -0.32191314 -0.017707856 -0.0055464423 0.99982786 15.855282
13 0.999875 0.0073792029 0.013984088 0.2496813 -0.0074539832 0.9999581 0.0053030778 -0.34728362 -0.01394437 -0.0054066516 0.99988819 17.017038
14 0.99992943 0.0083222516 0.0084793434 0.25665511 -0.0083698673 0.99994926 0.0055957509 -0.36832587 -0.0084323442 -0.0056663265 0.99994843 18.15556
15 0.99995403 0.0085795801 0.004284629 0.26009349 -0.0086061476 0.99994355 0.0062215741 -0.38846034 -0.0042310086 -0.0062581618 0.9999715 19.268172
16 0.99996096 0.0088380584 -1.7976141e-05 0.25627683 -0.008837782 0.99994222 0.0061102739 -0.40674697 7.197841e-05 -0.006109876 0.99998137 20.365319
17 0.99996565 0.0080971619 -0.0017812066 0.25254956 -0.0080862905 0.99994908 0.0060273609 -0.42488224 0.0018299209 -0.00601275 0.99998029 21.474341
18 0.99995605 0.0085645751 -0.0038179709 0.2434304 -0.0085418278 0.99994585 0.0059345624 -0.44184134 0.0038685918 -0.0059016887 0.99997514 22.573725
19 0.99995382 0.0083546111 -0.004752686 0.23683134 -0.0083245342 0.99994536 0.0063130462 -0.45593979 0.0048051701 -0.0062731903 0.99996882 23.714544
20 0.99995612 0.0086969972 -0.0034868842 0.23216126 -0.0086751444 0.99994288 0.0062336063 -0.47531562 0.0035408994 -0.0062030831 0.99997453 24.902601
21 0.99994926 0.0087920068 -0.004920992 0.22524183 -0.008761321 0.9999422 0.0062225832 -0.49156868 0.0049754173 -0.0061791526 0.99996857 26.073849
22 0.99994155 0.009367634 -0.0054014857 0.21404186 -0.009333405 0.99993636 0.0063274383 -0.50998115 0.0054604159 -0.0062766537 0.99996543 27.218644
23 0.9999275 0.010113271 -0.0065373771 0.20366842 -0.010069324 0.99992666 0.0067206001 -0.52282744 0.0066048658 -0.0066542855 0.99995609 28.321663
24 0.99991485 0.011013799 -0.0070018966 0.19136111 -0.010964996 0.99991553 0.0069702992 -0.53616136 0.0070780755 -0.0068929295 0.99995123 29.412295
25 0.99991357 0.010743766 -0.0075803869 0.18069929 -0.010690429 0.999918 0.0070416744 -0.54843439 0.0076554204 -0.0069600278 0.99994651 30.495186
26 0.99989493 0.012058724 -0.0080467918 0.16455605 -0.012002877 0.99990373 0.0069526504 -0.56205202 0.0081298582 -0.0068553348 0.99994349 31.586863
27 0.99989177 0.011375504 -0.0093314624 0.14712851 -0.011318289 0.99991691 0.0061612844 -0.57795554 0.0094007758 -0.0060550009 0.99993752 32.731822
28 0.99988399 0.010545963 -0.010992204 0.13226255 -0.010474 0.99992341 0.0065836375 -0.59295058 0.011060794 -0.0064677409 0.99991795 33.963072
29 0.99987551 0.0093674315 -0.012698069 0.12454316 -0.0092892499 0.99993756 0.0062019042 -0.60793625 0.012755373 -0.0060831761 0.99990018 35.208897
30 0.99988476 0.0076374819 -0.013121067 0.11245944 -0.0075535988 0.99995074 0.0064306057 -0.62354591 0.013169535 -0.006330753 0.99989328 36.325138
31 0.99986338 0.006982543 -0.014983283 0.095273691 -0.0068825357 0.99995371 0.0067157132 -0.63801351 0.015029484 -0.0066116723 0.99986523 37.45605
32 0.99982551 0.0074138197 -0.017146753 0.072916653 -0.0072949317 0.99994893 0.0069856566 -0.6509688 0.017197669 -0.0068593529 0.99982862 38.60073
33 0.99979679 0.0080200392 -0.018495635 0.049864821 -0.0079091613 0.9999503 0.0060601074 -0.66320211 0.01854332 -0.0059125905 0.99981061 39.763171
34 0.99977605 0.0086702911 -0.019305423 0.033463176 -0.0085570236 0.99994568 0.005941951 -0.67561216 0.019355894 -0.0057754229 0.99979601 41.01303
35 0.9997704 0.010643274 -0.018598385 0.01677002 -0.010514602 0.99992014 0.0070025272 -0.68317427 0.018671432 -0.0068053644 0.99980255 42.189016
36 0.99976881 0.013763832 -0.016519939 -0.0003314805 -0.013628108 0.99987262 0.0083002953 -0.69444729 0.01663208 -0.0080732406 0.99982912 43.379405
37 0.99972559 0.015849001 -0.017250652 -0.01511536 -0.015703551 0.99984021 0.008534527 -0.70694529 0.017383161 -0.0082612882 0.99981481 44.550322
38 0.9996468 0.018715509 -0.018868626 -0.043443378 -0.018539205 0.99978317 0.0094756836 -0.71986828 0.019041879 -0.0091225273 0.99977711 45.733281
39 0.99960651 0.02129275 -0.018261311 -0.074146451 -0.021108584 0.9997249 0.010219052 -0.73441793 0.01847388 -0.0098295601 0.99978106 46.929811
40 0.99958655 0.02298021 -0.017282247 -0.10509934 -0.022779599 0.99967179 0.011716471 -0.75277282 0.017545824 -0.011317944 0.99978204 48.137933
41 0.99957788 0.024143633 -0.016160901 -0.13310287 -0.023928253 0.99962394 0.013390373 -0.76823471 0.016478118 -0.012998018 0.99977978 49.348006
42 0.99962152 0.024608787 -0.012298534 -0.15480948 -0.024438921 0.99960634 0.013776213 -0.7832415 0.01263271 -0.013470436 0.9998295 50.558738
43 0.99965189 0.024338917 -0.010185759 -0.17363482 -0.024194027 0.99960759 0.014113822 -0.79783547 0.010525279 -0.013862474 0.99984855 51.770362
44 0.99966982 0.024087365 -0.0089489466 -0.19124782 -0.023958508 0.99961151 0.014237312 -0.80917345 0.0092884105 -0.014018208 0.99985864 53.025002
45 0.99965069 0.024880636 -0.0089154288 -0.20662433 -0.024762556 0.99960722 0.013118468 -0.82005605 0.009238324 -0.012893116 0.99987424 54.361629
46 0.99960859 0.02607538 -0.01013758 -0.22177336 -0.025951524 0.99958915 0.012162631 -0.82845037 0.010450562 -0.011894785 0.99987468 55.578646
47 0.9995725 0.026905189 -0.011443735 -0.23825572 -0.026772504 0.99957426 0.01159367 -0.83366859 0.011750794 -0.011282337 0.99986734 56.778363
48 0.99953214 0.027178763 -0.014030452 -0.25182277 -0.027016908 0.99956762 0.011599283 -0.83338123 0.014339641 -0.011214797 0.99983433 57.95993
49 0.9994928 0.027496967 -0.016065191 -0.26844316 -0.02730448 0.99955411 0.012080431 -0.83055734 0.016390205 -0.011635652 0.999798 59.170931
50 0.99942973 0.028246717 -0.018502976 -0.28579089 -0.028023268 0.99953244 0.012226241 -0.82688828 0.018839677 -0.011700755 0.99975409 60.38237
51 0.99942963 0.028253562 -0.018498033 -0.30430775 -0.028028144 0.99953098 0.012333846 -0.83012156 0.018837834 -0.011808346 0.99975286 61.622009
52 0.99943812 0.028998262 -0.016809883 -0.32440734 -0.0287937 0.99950981 0.012285926 -0.84111172 0.017157915 -0.011795004 0.99978326 62.837114
53 0.99941654 0.030480806 -0.015412313 -0.33911125 -0.030297607 0.99946903 0.011983388 -0.85962766 0.015769395 -0.01150944 0.99980945 64.035427
54 0.9994944 0.028570156 -0.013953933 -0.34880354 -0.028407831 0.99952793 0.011695623 -0.87277791 0.014281493 -0.011293309 0.99983427 65.337686
55 0.99951722 0.027611056 -0.014247078 -0.36502658 -0.027432508 0.99954445 0.012578893 -0.88455549 0.014587905 -0.012181987 0.99981942 66.679833
56 0.99952121 0.028164054 -0.012812978 -0.38452244 -0.027996356 0.99952233 0.013084236 -0.90083216 0.013175364 -0.012719254 0.99983234 68.026121
57 0.99949547 0.028757669 -0.013484391 -0.40067884 -0.028590371 0.99951375 0.012439421 -0.91544634 0.013835565 -0.012047622 0.99983174 69.367167
58 0.99950202 0.028876851 -0.012722529 -0.41699636 -0.028724241 0.99951506 0.012018841 -0.93471401 0.013063426 -0.01164741 0.99984687 70.672426
59 0.99943848 0.031298309 -0.011965164 -0.43292286 -0.031151133 0.99943901 0.012294817 -0.95517098 0.01234326 -0.011915185 0.99985286 71.8113
60 0.99938583 0.033309002 -0.010885469 -0.45092361 -0.033175471 0.99937471 0.012225258 -0.97441181 0.011285875 -0.011856619 0.99986605 72.931232
61 0.9993262 0.034769408 -0.01175883 -0.46903981 -0.034636031 0.99933535 0.011362016 -0.98380736 0.012146066 -0.010947081 0.99986635 74.063158
62 0.99929465 0.035089336 -0.013377863 -0.48668892 -0.034951025 0.99933448 0.010435908 -0.9922209 0.013735151 -0.0099609769 0.99985609 75.232034
63 0.99927729 0.035755447 -0.012902361 -0.50166302 -0.035623486 0.99931197 0.010316368 -1.00729 0.013262352 -0.0098492851 0.99986358 76.552644
64 0.99928815 0.035477351 -0.012828805 -0.5210068 -0.0353419 0.99931863 0.010635047 -1.0205141 0.013197369 -0.010174082 0.99986119 78.025178
65 0.99929638 0.034951678 -0.013606802 -0.54398258 -0.034814574 0.99934182 0.010185643 -1.0371656 0.013953854 -0.0097047611 0.99985558 79.59752
66 0.999305 0.034838646 -0.013259864 -0.56752732 -0.034712902 0.99935118 0.0095977077 -1.0552361 0.013585633 -0.0091307487 0.99986606 81.153011
67 0.99930087 0.035336263 -0.012212318 -0.58893352 -0.035225448 0.99933724 0.0091727898 -1.0714082 0.012528358 -0.0087361923 0.99988339 82.676087
68 0.99930532 0.034703971 -0.013584856 -0.60234328 -0.034599296 0.99937025 0.0078657696 -1.0803515 0.013849276 -0.0073902786 0.99987682 83.951608
69 0.9992517 0.034346494 -0.017787096 -0.61853672 -0.034213076 0.99938444 0.0077515054 -1.0876076 0.018042386 -0.0071371533 0.99981179 85.207913
70 0.99926529 0.033712456 -0.018231111 -0.63769877 -0.033582416 0.99940855 0.0073924642 -1.0997012 0.018469548 -0.0067747877 0.99980651 86.454251
71 0.99929204 0.033524621 -0.017074686 -0.65908757 -0.03342422 0.99942239 0.0061318116 -1.1152878 0.017270392 -0.005556762 0.99983545 87.647403
72 0.99935579 0.032879112 -0.014387357 -0.67389311 -0.032795668 0.99944402 0.0059975992 -1.1319277 0.014576555 -0.005521892 0.99987855 88.932396
73 0.99943754 0.030831966 -0.013191847 -0.6851595 -0.030769255 0.9995143 0.0049304268 -1.1470281 0.013337456 -0.0045217497 0.99990087 90.264155
74 0.99948605 0.029532076 -0.01247101 -0.69055078 -0.029473219 0.99955361 0.0048770512 -1.1578221 0.012609474 -0.0045069832 0.99991038 91.56354
75 0.99954304 0.027965254 -0.011475021 -0.69847678 -0.027908912 0.9995977 0.0050408533 -1.1776398 0.011611375 -0.0047182939 0.99992149 92.86877
76 0.9995304 0.028080691 -0.012267096 -0.71227866 -0.028012372 0.99959123 0.0057059147 -1.1989136 0.012422309 -0.0053596042 0.99990851 94.185331
77 0.99950656 0.029138413 -0.01173083 -0.73091169 -0.029073199 0.99956102 0.0056916304 -1.2225304 0.011891527 -0.0053477686 0.99991503 95.507357
78 0.99952165 0.02944198 -0.009469768 -0.75194573 -0.029384752 0.99954934 0.0061263277 -1.2526173 0.0096458727 -0.0058451299 0.99993643 96.847974
79 0.99952188 0.029832746 -0.0081266224 -0.77063152 -0.029782468 0.99953687 0.0062388178 -1.2790765 0.0083089808 -0.0059938036 0.99994755 98.176447
80 0.99952441 0.029849885 -0.0077435133 -0.78582809 -0.029813601 0.99954409 0.0047591396 -1.3066279 0.0078820437 -0.0045260136 0.99995873 99.439703
81 0.99953508 0.029577773 -0.0074029652 -0.80201675 -0.029541282 0.99955104 0.0049905675 -1.3324724 0.0075472524 -0.0047695536 0.99996018 100.71453
82 0.99955568 0.028769405 -0.0077966474 -0.80688186 -0.028733061 0.99957585 0.0047336758 -1.3521266 0.0079295265 -0.0045075504 0.99995844 101.88097
83 0.99960144 0.02663199 -0.0093668164 -0.81408982 -0.026599516 0.99963972 0.0035742296 -1.3733518 0.0094586317 -0.0033236516 0.99994978 103.01142
84 0.99963921 0.024388242 -0.011256221 -0.82220482 -0.024366426 0.99970089 0.0020709975 -1.3938686 0.011303364 -0.0017959756 0.99993454 104.15016
85 0.99967819 0.02222734 -0.012226539 -0.82714664 -0.022206926 0.99975171 0.00180272 -1.4061664 0.012263575 -0.0015306252 0.99992367 105.29181
86 0.99967382 0.020608861 -0.015085009 -0.83729284 -0.020580175 0.99978604 0.0020542842 -1.4167245 0.01512412 -0.0017431612 0.99988414 106.48691
87 0.99966102 0.020565264 -0.015966941 -0.8522204 -0.020520887 0.99978505 0.0029380406 -1.4307103 0.016023932 -0.0026093882 0.99986824 107.71887
88 0.99966668 0.02062074 -0.015535051 -0.86334851 -0.020575261 0.9997835 0.0030815732 -1.442379 0.015595234 -0.0027609076 0.99987461 108.95476
89 0.99971362 0.020547809 -0.012267297 -0.87254626 -0.020513454 0.99978526 0.0029196483 -1.4544036 0.012324656 -0.0026671668 0.99992053 110.19054
90 0.99976557 0.019835846 -0.0086815124 -0.87618173 -0.019816482 0.99980091 0.0023105716 -1.4707886 0.0087256171 -0.0021379921 0.99995968 111.37325
91 0.99976866 0.019923328 -0.0081063395 -0.87920144 -0.019912972 0.99980074 0.0013559277 -1.489224 0.0081317398 -0.0011941918 0.99996626 112.52316
92 0.99975285 0.020266846 -0.0091389701 -0.88472372 -0.020261213 0.99979441 0.0007082788 -1.5095377 0.0091514469 -0.00052293621 0.99995803 113.63681
93 0.99968095 0.021464593 -0.013315219 -0.89589765 -0.021431452 0.99976681 0.0026265262 -1.533078 0.013368493 -0.002340323 0.99990794 114.72648
94 0.99960048 0.02380052 -0.015246478 -0.9176654 -0.023754145 0.9997126 0.0032154524 -1.5614586 0.015318627 -0.002852 0.99987863 115.85208
95 0.99956701 0.024697863 -0.015995153 -0.93972746 -0.02463903 0.99968888 0.0038647432 -1.5880303 0.016085629 -0.0034689641 0.99986464 117.00086
96 0.99956648 0.02450058 -0.016328049 -0.958015 -0.024425924 0.99969027 0.0047559386 -1.6122298 0.016439516 -0.0043550486 0.99985542 118.17709
97 0.99955268 0.024590663 -0.01702268 -0.97956181 -0.024507625 0.99968673 0.0050694641 -1.6347764 0.01714201 -0.0046500104 0.99984229 119.37805
98 0.99950598 0.025720527 -0.018063135 -1.0063209 -0.025633864 0.99965877 0.0050129132 -1.6581934 0.018185907 -0.0045474082 0.99982432 120.578
99 0.99945514 0.026758898 -0.019324055 -1.0362118 -0.026696884 0.99963753 0.0034599576 -1.682613 0.019409637 -0.0029421796 0.99980732 121.78035
100 0.99933488 0.027812672 -0.023585575 -1.07188 -0.027802281 0.99961309 0.00076826537 -1.7102406 0.02359782 -0.00011202062 0.99972156 122.95864
101 0.99922313 0.028118742 -0.027613352 -1.1043172 -0.028094786 0.99960442 0.0012551114 -1.729935 0.027637724 -0.00047834415 0.99961793 124.12965
102 0.99920028 0.029727341 -0.026741692 -1.1342229 -0.029662212 0.99955592 0.0028288337 -1.7482121 0.026813913 -0.0020333529 0.99963841 125.31815
103 0.99925191 0.029560716 -0.024936292 -1.1660581 -0.029521972 0.99956223 0.0019203721 -1.767694 0.024982145 -0.0011827661 0.99968724 126.49715
104 0.99928628 0.028374486 -0.024936733 -1.1952603 -0.028374437 0.99959724 0.0003557372 -1.7895076 0.024936786 0.00035208345 0.99968901 127.68188
105 0.99928361 0.028061484 -0.025393722 -1.2199866 -0.02809257 0.99960489 -0.00086826677 -1.8098422 0.025359326 0.0015810207 0.99967719 128.8568
106 0.99936933 0.028888358 -0.020650084 -1.2469259 -0.028888438 0.99958254 0.00029431192 -1.8339229 0.020649968 0.00030242337 0.99978676 130.117
107 0.99939796 0.028577848 -0.019673585 -1.2611325 -0.028565092 0.99959144 0.00092900155 -1.853565 0.019692098 -0.00036646354 0.99980606 131.36241
108 0.99936917 0.028825693 -0.020745456 -1.2836382 -0.028778694 0.99958247 0.0025604123 -1.8740303 0.020810602 -0.0019617691 0.99978155 132.65762
109 0.99939667 0.027889322 -0.020700487 -1.3063525 -0.027834115 0.99960814 0.0029502041 -1.8959167 0.020774656 -0.0023722436 0.99978141 133.95211
110 0.99936219 0.029173646 -0.02059472 -1.3338071 -0.029127221 0.9995724 0.0025504913 -1.9148302 0.020660323 -0.0019489968 0.99978469 135.13589
111 0.99930715 0.03079861 -0.02089721 -1.3684336 -0.030753098 0.99952384 0.0024956889 -1.9369944 0.020964125 -0.001851305 0.99977855 136.32075
112 0.99927388 0.032382926 -0.020076976 -1.4034661 -0.032306545 0.99946947 0.0041170717 -1.9562117 0.02019965 -0.0034654638 0.99979 137.49731
113 0.99930134 0.033067439 -0.017418578 -1.441506 -0.033011675 0.99944885 0.003479142 -1.9808655 0.017524026 -0.0029016941 0.99984227 138.70284
114 0.9992665 0.03527258 -0.014910772 -1.4796037 -0.035237268 0.99937547 0.0026242115 -2.0145299 0.014994024 -0.002096871 0.99988542 140.04212
115 0.99924162 0.036784755 -0.012771147 -1.5151586 -0.036780436 0.99932315 0.00057272739 -2.0587527 0.012783572 -0.00010256374 0.99991832 141.92945
116 0.99905196 0.03997319 -0.017244145 -1.5430769 -0.039988149 0.99919996 -0.00052365525 -2.1029909 0.017209419 0.0012127213 0.99985121 143.68604
117 0.99911309 0.038890063 -0.016144181 -1.5776514 -0.038946611 0.9992361 -0.0032033256 -2.1494674 0.016007273 0.0038292469 0.99986458 145.44336
118 0.99924937 0.036887156 -0.011834947 -1.5975599 -0.036962725 0.99929716 -0.0062315801 -2.1843142 0.011596765 0.0066643559 0.99991059 146.85262
119 0.99929177 0.035819528 -0.011530603 -1.6087681 -0.035905329 0.99932831 -0.0073224505 -2.2148086 0.011260572 0.0077312762 0.99990675 148.22204
120 0.99923506 0.038132276 -0.0086743723 -1.6155023 -0.038201727 0.99923807 -0.0079872546 -2.2369061 0.0083631918 0.0083125225 0.99993052 149.505
121 0.999267 0.037907706 -0.0053377453 -1.6196906 -0.037947454 0.99925112 -0.0075542663 -2.2636891 0.0050473839 0.0077512845 0.99995726 150.71387
122 0.99926734 0.038145094 -0.0031238982 -1.6250039 -0.03816642 0.99924626 -0.0070793777 -2.2898058 0.0028515006 0.0071934206 0.9999701 151.9502
123 0.99926511 0.038238096 -0.0026684199 -1.6277108 -0.038257165 0.99923968 -0.0075057682 -2.3153058 0.0023793853 0.0076023401 0.99996831 153.18971
124 0.99927808 0.037815356 -0.0036532147 -1.6333603 -0.037846523 0.99924407 -0.00887744 -2.3494363 0.0033147502 0.0090092944 0.99995396 154.43524
125 0.99925161 0.038585054 -0.0027294953 -1.6422698 -0.038611903 0.99919816 -0.010585209 -2.3801025 0.0023188763 0.01068268 0.99994029 155.69592
126 0.99920344 0.039880898 -0.0014226342 -1.6476349 -0.039894091 0.99914405 -0.010932398 -2.4123633 0.00098542303 0.010980446 0.99993927 156.94619
127 0.99918324 0.040405764 -0.00051272457 -1.6530246 -0.040408923 0.99912739 -0.010557394 -2.446074 8.5697902e-05 0.010569492 0.99994418 158.2023
128 0.99915986 0.040962651 0.0012898171 -1.6587419 -0.040947195 0.99910792 -0.010323063 -2.4862406 -0.0017115263 0.010261577 0.99994592 159.52073
129 0.99914137 0.041267329 0.0036819498 -1.6568102 -0.041229161 0.99910061 -0.0099002675 -2.5311004 -0.0040871959 0.0097399649 0.99994425 160.85873
130 0.99911941 0.041475656 0.0063408024 -1.6475179 -0.041409298 0.99908952 -0.010260413 -2.5751752 -0.0067605868 0.0099888118 0.99992729 162.10909
131 0.99912863 0.041175167 0.0068272565 -1.6328086 -0.041103115 0.99910096 -0.010377384 -2.6131558 -0.0072484094 0.010087722 0.99992288 163.32317
132 0.99911338 0.041792187 0.0050898179 -1.6161934 -0.041740447 0.99907959 -0.0098787311 -2.6497128 -0.0054979871 0.0096575229 0.99993829 164.51424
133 0.99905046 0.043341465 0.0044414594 -1.607698 -0.043302607 0.99902579 -0.008499593 -2.6809266 -0.0048055173 0.0082991972 0.99995405 165.61447
134 0.99894806 0.045630039 0.0045495178 -1.6002761 -0.045596968 0.99893445 -0.0071246792 -2.7126529 -0.0048697696 0.0069097418 0.99996431 166.70633
135 0.99891001 0.046573076 0.0031253816 -1.5953165 -0.04655421 0.99889853 -0.0058585665 -2.7379665 -0.0033947906 0.0057066825 0.99997799 167.81583
136 0.99888711 0.047165217 -8.5303555e-05 -1.5913829 -0.047165007 0.99887316 -0.0052675542 -2.7610023 -0.00016323761 0.0052657167 0.99998616 168.948
137 0.99880771 0.048749859 -0.0025768676 -1.5896768 -0.048759303 0.99880349 -0.0037408414 -2.782732 0.0023914193 0.0038620287 0.99998972 170.14807
138 0.99874845 0.049817346 -0.0044499511 -1.5873697 -0.049831978 0.9987523 -0.0032411898 -2.8001249 0.0042829321 0.0034588844 0.99998488 171.35036
139 0.998666 0.051293074 -0.0059396903 -1.5841426 -0.051309758 0.9986791 -0.0026922599 -2.8219733 0.0057937511 0.0029934337 0.99997877 172.55971
140 0.9985642 0.053093999 -0.0071126386 -1.5885629 -0.053105969 0.99858769 -0.0015053083 -2.8416089 0.0070226713 0.0018808717 0.99997361 173.74582
141 0.9984372 0.055241607 -0.0084592542 -1.6029434 -0.055249306 0.9984723 -0.00067962782 -2.8706101 0.0084087882 0.0011459347 0.99996403 174.8843
142 0.9983907 0.055897887 -0.0095640428 -1.617926 -0.055912044 0.99843489 -0.0012196809 -2.8989708 0.0094808975 0.0017524643 0.99995356 176.05622
143 0.99839197 0.055594919 -0.011077158 -1.6296747 -0.055622801 0.99844931 -0.0022253362 -2.9253954 0.010936265 0.0028379016 0.99993621 177.2444
144 0.99838031 0.05572099 -0.011487645 -1.6320067 -0.055733122 0.99844537 -0.00073885023 -2.9451436 0.011428618 0.0013778969 0.99993378 178.45198
145 0.99839018 0.055708926 -0.010658206 -1.6337424 -0.055711405 0.99844685 6.39199e-05 -2.9661616 0.010645214 0.00052996764 0.99994324 179.66582
146 0.99840533 0.055313435 -0.011280795 -1.6403512 -0.05531462 0.99846889 0.00020669002 -2.985249 0.011274957 0.00041763347 0.99993639 180.87164
147 0.99843679 0.055024647 -0.0098134456 -1.6507206 -0.055012005 0.99848443 0.0015532707 -3.0146645 0.0098840419 -0.0010109844 0.99995068 182.08688
148 0.99848962 0.054183763 -0.0090899235 -1.6650771 -0.054167766 0.99852979 0.0019965032 -3.0454782 0.0091847385 -0.0015011061 0.99995673 183.38744
149 0.99851065 0.053739688 -0.0094105443 -1.6815531 -0.053726173 0.99855423 0.0016827305 -3.0766176 0.0094873693 -0.001174631 0.99995434 184.70529
150 0.99850629 0.053891605 -0.0089957332 -1.6998494 -0.053878167 0.99854596 0.0017291756 -3.1083448 0.0090758421 -0.0012419182 0.99995808 186.04611
151 0.99837848 0.055965109 -0.010408571 -1.7222447 -0.055940425 0.99843054 0.0026475166 -3.1369313 0.010540405 -0.0020609629 0.99994236 187.41742
152 0.9983158 0.056997312 -0.010812161 -1.7438741 -0.056962759 0.99837019 0.0034770458 -3.1636924 0.010992723 -0.0028552985 0.99993554 188.79971
153 0.99828602 0.057104793 -0.012809759 -1.7659561 -0.05706464 0.99836437 0.0034784001 -3.1901709 0.012987441 -0.0027414532 0.99991194 190.18181
154 0.99826076 0.057366349 -0.013586558 -1.7879592 -0.057342851 0.99835225 0.0021127556 -3.2176911 0.013685373 -0.0013299882 0.9999055 191.53426
155 0.99825811 0.05719915 -0.014457887 -1.8065238 -0.057193627 0.99836273 0.00079519598 -3.2414178 0.014479701 3.3089118e-05 0.9998952 192.85197
156 0.99819574 0.057891683 -0.015932291 -1.8251005 -0.057906113 0.99832187 -0.00044582578 -3.2628145 0.015879747 0.0013675995 0.99987301 194.10689
157 0.9981419 0.058212471 -0.018002413 -1.8406418 -0.058238033 0.99830226 -0.00089876496 -3.280112 0.017919532 0.0019455212 0.99983758 195.33565
158 0.99806381 0.060101211 -0.016015966 -1.8475138 -0.06008721 0.99819215 0.0013540563 -3.3036517 0.016068393 -0.00038907896 0.99987086 196.54965
159 0.99811023 0.060711355 -0.0094939343 -1.852106 -0.060713758 0.99815516 3.4608928e-05 -3.3366167 0.0094785217 0.00054186992 0.99995497 197.75364
160 0.99815059 0.060604436 -0.0047463181 -1.8553363 -0.060614957 0.99815894 -0.0021061953 -3.3720474 0.0046099358 0.0023899991 0.99998656 198.95446
161 0.99827583 0.058689885 -0.00094219674 -1.854795 -0.058693048 0.99826883 -0.0037887203 -3.4071839 0.00071820643 0.0038374896 0.99999242 200.27105
162 0.99836669 0.057057853 0.002896435 -1.8460015 -0.057041479 0.99835687 -0.005450354 -3.4350924 -0.0032026613 0.0052762363 0.99998099 201.56675
163 0.99842754 0.055660401 0.0066634414 -1.8347265 -0.055617093 0.99843085 -0.006516533 -3.4663237 -0.0070156985 0.0061356862 0.9999566 202.86198
164 0.9984307 0.05512389 0.0098755619 -1.8210174 -0.055048874 0.99845381 -0.0077131168 -3.4988076 -0.01028547 0.0071573756 0.99992153 204.14732
165 0.99843338 0.054940868 0.01059761 -1.8077538 -0.054859442 0.99846335 -0.0078266959 -3.5355761 -0.011011331 0.007233057 0.99991325 205.36239
166 0.99841389 0.054846812 0.012710905 -1.7932328 -0.054762221 0.99847545 -0.0069100208 -3.5750547 -0.01307052 0.0062029849 0.99989538 206.61136
167 0.99838939 0.0552594 0.012847455 -1.7775411 -0.055181973 0.99845635 -0.0063048916 -3.6100386 -0.013176028 0.0055857904 0.99989763 207.86568
168 0.99833269 0.055922179 0.014303132 -1.7568648 -0.055858182 0.99842695 -0.0048353852 -3.6390945 -0.014551039 0.0040283774 0.99988605 209.15139
169 0.99831305 0.055833617 0.015927378 -1.7352216 -0.055775295 0.99843494 -0.0040827307 -3.6714361 -0.016130405 0.0031874904 0.99986485 210.47042
170 0.9983263 0.056019057 0.014369701 -1.7069507 -0.055970972 0.99842538 -0.0037268651 -3.6946261 -0.01455585 0.0029163425 0.99988984 211.76726
171 0.99833445 0.056428728 0.012006517 -1.6812841 -0.056388636 0.99840216 -0.0036517993 -3.7172963 -0.012193399 0.0029686871 0.99992129 213.0635
172 0.99843018 0.0548263 0.011457451 -1.6598486 -0.054768856 0.9984851 -0.0052685724 -3.7490211 -0.011728952 0.0046327915 0.99992052 214.36867
173 0.99837446 0.055763028 0.011787685 -1.6366184 -0.055704778 0.99843361 -0.0052133564 -3.7907802 -0.012059934 0.0045482529 0.99991697 215.78622
174 0.99838736 0.05551139 0.011882458 -1.6141992 -0.055422677 0.99843347 -0.0076691917 -3.843311 -0.012289572 0.006998268 0.99990003 217.28393
175 0.99841001 0.054651135 0.013810788 -1.5957067 -0.054505228 0.99845578 -0.010728963 -3.8978726 -0.014375812 0.0099591459 0.9998471 218.84145
176 0.99840262 0.054643976 0.014362458 -1.5688553 -0.054428175 0.99840481 -0.015009654 -3.9597985 -0.015159735 0.014203958 0.99978423 220.56824
177 0.99824776 0.056196663 0.01853014 -1.5364362 -0.05588154 0.99829079 -0.017106622 -4.0377207 -0.019459805 0.016041156 0.99968199 222.62039
178 0.99817744 0.054420926 0.02608045 -1.4905371 -0.05388129 0.99832716 -0.02096587 -4.1182291 -0.027177805 0.019522413 0.99944 224.62863
179 0.99788683 0.054457136 0.035444547 -1.4479362 -0.053696015 0.99831306 -0.02208302 -4.1848617 -0.036587335 0.020133126 0.99912767 226.045
180 0.99771884 0.056681076 0.03666595 -1.4054064 -0.055918222 0.99820362 -0.021507428 -4.2439244 -0.037819151 0.019408074 0.99909615 227.16456
181 0.99761557 0.057391114 0.038333482 -1.3636119 -0.056553595 0.99814397 -0.022587216 -4.2999042 -0.039558642 0.020365465 0.99900973 228.2495
182 0.99752354 0.058774162 0.038631837 -1.3310722 -0.057938205 0.99806845 -0.022414477 -4.3544198 -0.039874613 0.020120712 0.99900213 229.25233
183 0.99743836 0.060512168 0.038144741 -1.3020357 -0.05972027 0.99798203 -0.021569588 -4.4054694 -0.039372991 0.019236323 0.99903944 230.26007
184 0.99740834 0.062907697 0.034917692 -1.2741393 -0.062180612 0.99783254 -0.021533078 -4.4515931 -0.036196608 0.01930607 0.99915822 231.26478
185 0.9975067 0.063964212 0.029815945 -1.2497752 -0.063339476 0.9977615 -0.021447423 -4.4941999 -0.031121071 0.019505424 0.99932532 232.28543
186 0.99758353 0.064759597 0.025165882 -1.2299593 -0.064224585 0.99770342 -0.021516536 -4.5385197 -0.02650149 0.019848277 0.99945175 233.29371
187 0.99758745 0.065594021 0.022731566 -1.2138571 -0.065119316 0.9976558 -0.021029879 -4.5814173 -0.024057715 0.019498882 0.99952043 234.23927
188 0.99753338 0.067071697 0.020702003 -1.2000484 -0.066645992 0.99756372 -0.020611019 -4.6231825 -0.022033985 0.019180476 0.99957325 235.14408
189 0.99749925 0.068322672 0.018091185 -1.1892634 -0.067954539 0.9974831 -0.020236813 -4.6631096 -0.019428286 0.018956831 0.99963156 236.04792
190 0.99745421 0.069316395 0.016743969 -1.179113 -0.068980536 0.99742012 -0.019866272 -4.7031886 -0.018077831 0.018660691 0.99966247 236.94512
191 0.99744319 0.070074382 0.014024847 -1.170548 -0.069794392 0.99736983 -0.019546212 -4.7447952 -0.015357649 0.018517383 0.99971062 237.8567
192 0.99736867 0.071481719 0.012088656 -1.1652907 -0.071245222 0.99727823 -0.018977269 -4.7848374 -0.013412282 0.018066077 0.99974687 238.73606
193 0.99729052 0.072730794 0.011039993 -1.1621804 -0.072520786 0.99719783 -0.018360282 -4.8219672 -0.012344416 0.017509909 0.99977052 239.55666
194 0.99721759 0.073744069 0.010905384 -1.1605487 -0.07353351 0.99711941 -0.018590129 -4.8609445 -0.012244883 0.017736494 0.99976775 240.3387
195 0.99711705 0.074787169 0.012825509 -1.1572842 -0.074537307 0.99703784 -0.018963465 -4.8978019 -0.014205742 0.017952818 0.99973795 241.09023
196 0.99703731 0.075438943 0.01501996 -1.1519066 -0.07514937 0.99699137 -0.018991303 -4.932879 -0.016407455 0.017806299 0.99970686 241.81106
197 0.9969887 0.075826518 0.016245006 -1.1466822 -0.075527381 0.99697576 -0.018298194 -4.9665503 -0.017583367 0.017016152 0.99970063 242.51074
198 0.99696554 0.07574368 0.017961964 -1.1375502 -0.07542456 0.99699213 -0.017824568 -4.9998599 -0.019258037 0.016415709 0.99967981 243.19588
199 0.9969643 0.075456848 0.019195688 -1.1271018 -0.075125094 0.99702129 -0.017454229 -5.0328073 -0.020455552 0.015959167 0.99966342 243.88535
200 0.99695729 0.075393985 0.01979731 -1.1174587 -0.075064307 0.99703542 -0.016899518 -5.0644602 -0.021012743 0.015362029 0.99966122 244.58224
201 0.99691125 0.075876095 0.020268625 -1.1099146 -0.075569157 0.99701997 -0.015503698 -5.0950744 -0.021384586 0.01392413 0.99967439 245.27029
202 0.99689065 0.076088795 0.020482942 -1.1017082 -0.075803754 0.99701942 -0.014351055 -5.1263892 -0.021513847 0.012753751 0.99968724 245.97906
203 0.99677914 0.077350856 0.021171318 -1.0958878 -0.077076104 0.99693374 -0.01350058 -5.152814 -0.022150685 0.011825296 0.99968474 246.66627
204 0.99674209 0.078133848 0.020008453 -1.0903176 -0.077874147 0.99687246 -0.013446324 -5.1797124 -0.02099649 0.011844377 0.99970943 247.36359
205 0.99666095 0.079145014 0.020076013 -1.0828895 -0.078886205 0.99679387 -0.013372379 -5.2075511 -0.021070006 0.011744009 0.99970906 248.08386
206 0.99660819 0.079662034 0.020642235 -1.074405 -0.07940783 0.99675925 -0.012855939 -5.2353706 -0.021599471 0.011173181 0.99970431 248.80835
207 0.99651006 0.080597086 0.021721914 -1.0657297 -0.080324506 0.99668205 -0.013142975 -5.2691125 -0.022709129 0.011352307 0.9996777 249.55775
208 0.99641724 0.080921963 0.024583325 -1.053652 -0.080596697 0.99664915 -0.013947107 -5.3028163 -0.025629579 0.011915805 0.99960053 250.31064
209 0.9963603 0.081307086 0.025599613 -1.0419041 -0.08094151 0.99660579 -0.015008253 -5.3362591 -0.026733002 0.012881558 0.99955965 251.05604
210 0.99629317 0.081812389 0.02658349 -1.0292494 -0.081439831 0.99656818 -0.014809016 -5.371019 -0.027703823 0.012589168 0.99953694 251.80177
211 0.99620346 0.082581746 0.027548924 -1.0153015 -0.082210571 0.99651166 -0.014346008 -5.3959431 -0.028637545 0.012026732 0.99951755 252.47762
212 0.99625956 0.08284425 0.024571371 -1.0043022 -0.082480938 0.99647282 -0.015449694 -5.419234 -0.025764623 0.013365238 0.99957873 253.16366
213 0.99622231 0.083083103 0.025265402 -0.99021942 -0.082696833 0.99644674 -0.015968764 -5.4444923 -0.026502364 0.013819072 0.99955327 253.86515
214 0.99620035 0.08314828 0.025908458 -0.97797291 -0.082776353 0.99645349 -0.015113218 -5.4704487 -0.027073213 0.012911187 0.99955011 254.56809
215 0.99610915 0.084088291 0.026377014 -0.96595033 -0.083696704 0.99636885 -0.015615882 -5.5043456 -0.02759435 0.013347456 0.99953013 255.32758
216 0.99594219 0.085469612 0.02818016 -0.954155 -0.085073301 0.99626207 -0.01497657 -5.5362684 -0.029354869 0.01251842 0.9994907 256.05173
217 0.99584463 0.086588435 0.028212387 -0.94185883 -0.086196377 0.99616772 -0.01483047 -5.5702048 -0.029388418 0.01233704 0.99949197 256.78304
218 0.99587482 0.08682316 0.026364812 -0.92482114 -0.086451458 0.99614417 -0.014927236 -5.6024056 -0.027559185 0.012586384 0.99954097 257.56991
219 0.99587578 0.086946727 0.025917819 -0.9101278 -0.086594545 0.99613927 -0.014416269 -5.6347568 -0.027071207 0.012112473 0.99956016 258.32492
220 0.99577477 0.087882303 0.026633461 -0.89711048 -0.087526741 0.99606038 -0.01423618 -5.6689061 -0.027779646 0.01184489 0.99954393 259.08474
221 0.99569046 0.088724982 0.026989051 -0.88376998 -0.088361081 0.99598448 -0.014391709 -5.703406 -0.028157582 0.011944908 0.99953216 259.84213
222 0.99556888 0.089632006 0.02843827 -0.86973838 -0.089260903 0.99590893 -0.014063334 -5.7316957 -0.029582455 0.011462594 0.99949666 260.56455
223 0.99541786 0.090607287 0.030555329 -0.85148242 -0.090229281 0.995829 -0.013533646 -5.7580456 -0.031654132 0.01071465 0.99944149 261.292
224 0.99531336 0.091036383 0.032614717 -0.82702106 -0.090683301 0.99580561 -0.012149071 -5.7815264 -0.033583928 0.0091345239 0.99939419 262.03722
225 0.99530266 0.091165605 0.032580436 -0.80294605 -0.090814789 0.99579432 -0.012092818 -5.8024121 -0.033545865 0.0090772306 0.999396 262.81105
226 0.99529371 0.091636995 0.031513687 -0.78176056 -0.091322788 0.99575749 -0.011272096 -5.8227093 -0.032412934 0.0083411304 0.9994398 263.57001
227 0.99527195 0.092255066 0.030377147 -0.75509154 -0.092062511 0.99572355 -0.007680309 -5.832014 -0.03095579 0.0048474011 0.99950904 264.38359
228 0.9958976 0.087850465 0.021686298 -0.73110427 -0.087761297 0.99612877 -0.0050312471 -5.8505273 -0.022044345 0.0031073905 0.9997522 265.44809
229 0.99638347 0.084322408 0.010476225 -0.72931952 -0.084263703 0.99642582 -0.005924245 -5.867983 -0.010938329 0.0050200556 0.99992761 266.17853
230 0.9964673 0.083857974 0.0045596725 -0.72854469 -0.083825337 0.99645631 -0.0069299565 -5.8875212 -0.0051246466 0.0065232604 0.99996563 266.89543
231 0.99653278 0.083156742 0.0027208349 -0.72930465 -0.083136695 0.99651492 -0.0067960389 -5.9110598 -0.003276489 0.0065462758 0.99997324 267.62151
232 0.99652125 0.083295214 0.0027075824 -0.7330505 -0.083278369 0.99650921 -0.0058292601 -5.9343171 -0.0031836802 0.0055835 0.99997938 268.35349
233 0.99649527 0.083572973 0.0035715668 -0.73624023 -0.083551973 0.99648723 -0.0056707271 -5.9583088 -0.0040329403 0.0053524427 0.99997758 269.1277
234 0.99648542 0.083564893 0.0058088295 -0.73460642 -0.083534476 0.99649076 -0.0052945469 -5.9817734 -0.0062308834 0.0047907026 0.99996915 269.93905
235 0.99649401 0.083183513 0.0089563349 -0.72898066 -0.083135833 0.9965226 -0.0055703184 -6.005204 -0.0093885493 0.0048061979 0.99994441 270.78707
236 0.99647765 0.083105978 0.01121248 -0.72357919 -0.083041852 0.99652752 -0.0060686452 -6.0317648 -0.011677886 0.0051161656 0.99991876 271.65922
237 0.99640976 0.083748083 0.012405102 -0.71658205 -0.083686371 0.99647738 -0.005413291 -6.0533546 -0.012814758 0.0043557193 0.99990844 272.52803
238 0.996277 0.085260079 0.012762462 -0.71012075 -0.085203017 0.99635125 -0.0049504514 -6.0756765 -0.013137972 0.003844622 0.99990634 273.3734
239 0.99623097 0.085871023 0.012249401 -0.70184207 -0.085816051 0.99629867 -0.0049452784 -6.0927183 -0.012628719 0.0038754456 0.99991278 274.2387
240 0.99621139 0.08626183 0.011036261 -0.69395542 -0.086216182 0.99626602 -0.0045474398 -6.1089945 -0.011387323 0.0035787083 0.9999288 275.1035
241 0.99616475 0.086929786 0.0099516132 -0.68688909 -0.086893479 0.99620942 -0.0040245065 -6.1260767 -0.010263741 0.0031443424 0.99994242 275.95321
242 0.99610718 0.087700182 0.0088987977 -0.67846196 -0.087670568 0.99614272 -0.0036650057 -6.1420379 -0.0091858947 0.0028705771 0.99995373 276.82906
243 0.99607111 0.088108184 0.008906575 -0.67416829 -0.088082139 0.99610777 -0.0032753563 -6.1636756 -0.0091604947 0.0024779788 0.99995501 277.64803
244 0.99597823 0.08896453 0.010616471 -0.67030195 -0.088935927 0.99603235 -0.0031368491 -6.186509 -0.010853417 0.0021800489 0.99993876 278.43417
245 0.99588561 0.089686099 0.012972584 -0.66583369 -0.089651457 0.99596791 -0.0032282893 -6.2111248 -0.013209811 0.0020519969 0.99991068 279.19765
246 0.99583686 0.089858884 0.01530876 -0.65769466 -0.089813143 0.99595188 -0.003650525 -6.2347265 -0.015574821 0.0022604006 0.99987619 279.97769
247 0.99575976 0.09014987 0.018317572 -0.64980599 -0.090094816 0.99592585 -0.0038101209 -6.2601451 -0.018586427 0.0021436479 0.999825 280.7497
248 0.99564318 0.090826365 0.021101161 -0.64080931 -0.090762784 0.99586464 -0.0039532211 -6.2871642 -0.021372958 0.0020207987 0.99976957 281.52224
249 0.995517 0.091826661 0.02266701 -0.63146679 -0.091741811 0.99577141 -0.0047571491 -6.312837 -0.023007995 0.0026563115 0.99973179 282.31242
250 0.99531345 0.093565194 0.02442799 -0.62326533 -0.093491284 0.99561138 -0.0041525823 -6.337242 -0.024709324 0.001849318 0.99969301 283.09074
251 0.99518315 0.095235715 0.023252702 -0.61067198 -0.095189774 0.99545433 -0.0030768393 -6.3578282 -0.02344003 0.00084860022 0.99972492 283.90099
252 0.99509975 0.096465388 0.02170108 -0.60056814 -0.096415303 0.99533551 -0.0033446092 -6.3787426 -0.021922496 0.0012359047 0.99975895 284.70659
253 0.99498332 0.097958827 0.020304985 -0.59012867 -0.097902402 0.99518887 -0.0037565332 -6.3989895 -0.020575283 0.0017497822 0.99978681 285.52665
254 0.99484058 0.099447054 0.020063246 -0.58101718 -0.099392945 0.9950414 -0.0036783606 -6.4196753 -0.020329564 0.0016652384 0.99979198 286.3469
255 0.99469187 0.10093984 0.01998139 -0.57186066 -0.10089985 0.994892 -0.0030013723 -6.4406045 -0.020182284 0.00096932241 0.99979589 287.16102
256 0.994649 0.1016646 0.018376846 -0.56314371 -0.10163152 0.99481832 -0.0027267257 -6.4616304 -0.018558836 0.00084446913 0.99982745 287.99458
257 0.99464185 0.10223904 0.015322993 -0.5571606 -0.10221732 0.99475961 -0.0021957199 -6.4807668 -0.015467184 0.00061768063 0.99988022 288.7986
258 0.99463915 0.10227238 0.015275756 -0.54838731 -0.1022492 0.99475611 -0.0022926839 -6.5020795 -0.015430131 0.00071846039 0.99988073 289.60558
259 0.99467324 0.10190888 0.015484092 -0.53974884 -0.10187523 0.99479276 -0.0029478245 -6.5239181 -0.015703873 0.0013546778 0.99987581 290.40687
260 0.99466371 0.10217894 0.014269086 -0.535755 -0.10213721 0.99476366 -0.0036248334 -6.544018 -0.01456475 0.0021480868 0.99989166 291.19818
261 0.99465636 0.10257624 0.011698892 -0.532682 -0.10253115 0.99472004 -0.0043917573 -6.5606149 -0.012087613 0.0031687897 0.99992196 291.97172
262 0.99462226 0.10327038 0.0078622649 -0.53477165 -0.10324389 0.99464912 -0.0037039637 -6.578108 -0.0082027049 0.0028723152 0.99996227 292.73176
263 0.99449087 0.10476307 0.003556162 -0.54478086 -0.10475444 0.99449484 -0.0025292309 -6.5955609 -0.0038015548 0.0021427744 0.99999052 293.51388
264 0.99431429 0.10646512 0.0020751311 -0.55564198 -0.10646062 0.9943145 -0.0021657925 -6.6151242 -0.0022939142 0.0019325598 0.99999554 294.25635
265 0.99412947 0.10818338 0.0017251457 -0.56732052 -0.10817828 0.99412747 -0.0028127527 -6.6360815 -0.0020193077 0.0026096183 0.99999459 294.95251
266 0.99392799 0.11000869 0.0022934124 -0.57503416 -0.11000166 0.99392684 -0.0029927143 -6.6557625 -0.0026087087 0.0027222646 0.99999293 295.61018
267 0.9937578 0.11155893 0.00027847829 -0.58186517 -0.11155808 0.99375559 -0.0021228098 -6.6719214 -0.00051355754 0.0020784935 0.99999775 296.25724
268 0.99363476 0.11264646 -0.00087940375 -0.58940222 -0.11264734 0.99363444 -0.0010317921 -6.6846886 0.00075757842 0.0011242881 0.99999912 296.85606
269 0.99351377 0.11365503 -0.0035977231 -0.59932104 -0.11365827 0.99351959 -0.00071157387 -6.6968446 0.003493535 0.0011158705 0.99999331 297.46114
270 0.99334318 0.11512621 -0.0039134081 -0.6091816 -0.11512963 0.9933502 -0.00066003017 -6.7081452 0.0038113985 0.0011061868 0.99999216 298.08512
271 0.99323141 0.11606603 -0.004480226 -0.615887 -0.11606436 0.99324144 0.00063084785 -6.7179298 0.0045231668 -0.00010658236 0.9999898 298.67177
272 0.99309451 0.11711612 -0.0068656002 -0.62650311 -0.11710968 0.99311803 0.0013321816 -6.7284564 0.0069743721 -0.00051895305 0.99997558 299.24666
273 0.99344581 0.11315509 -0.016167316 -0.64411179 -0.11331281 0.99351676 -0.0091945651 -6.7632725 0.015022089 0.010966268 0.99982706 299.99639
274 0.99310555 0.11621287 -0.01536143 -0.66060309 -0.11638757 0.99314275 -0.011013205 -6.7861124 0.013976219 0.012725156 0.99982139 300.60132
275 0.99345685 0.11396358 -0.007470787 -0.68374203 -0.11407909 0.9933178 -0.017481281 -6.8185077 0.005428637 0.018219162 0.99981932 301.50415
276 0.99353776 0.11349156 -0.0015515164 -0.69249405 -0.1134988 0.99331043 -0.021267195 -6.8482718 -0.0008725095 0.02130586 0.99977266 302.26229
277 0.99317844 0.11485029 -0.020149881 -0.71829797 -0.11522191 0.99316992 -0.018365725 -6.8681494 0.017902948 0.020562153 0.99962831 302.86109
278 0.99424858 0.10700852 0.0043559833 -0.76759271 -0.10669909 0.99323698 -0.045776489 -6.9459716 -0.0092249986 0.045048435 0.99894225 304.19396
