4 0.99973599 0.0057750527 0.022239691 0.022406126 -0.0058048298 0.99998234 0.0012745912 -0.051175058 -0.022231938 -0.0014033523 0.99975185 1.2518615
5 0.99999977 0.00057026216 -0.00035823148 0.00098909712 -0.0005698672 0.99999923 0.001101658 -0.032366322 0.00035885944 -0.0011014536 0.99999933 1.1051643
6 0.99999803 0.00075583369 0.0018343089 -0.00033148599 -0.00075599495 0.99999971 8.7219712e-05 -0.036383032 -0.0018342424 -8.8606268e-05 0.99999831 1.0995486
7 0.99999913 -0.0005095907 0.0012191679 0.00050603253 0.00050974379 0.99999986 -0.00012526172 -0.026884987 -0.0012191039 0.00012588307 0.99999925 1.1844065
8 0.99999861 -0.00080447066 0.0014591789 0.0049295966 0.00080355733 0.99999948 0.00062640439 -0.023220616 -0.0014596821 -0.00062523098 0.99999874 1.1965999
9 0.99999992 0.00036501715 -0.00016397123 0.0016559569 -0.00036499477 0.99999992 0.00013652717 -0.02303748 0.00016402105 -0.00013646731 0.99999998 1.20149
10 0.99999741 0.00026934784 -0.002260305 0.001021606 -0.00026901887 0.99999995 0.00014584711 -0.022213007 0.0022603442 -0.00014523867 0.99999743 1.2049732
11 0.99999634 0.0008309689 -0.0025737895 -0.0054911688 -0.00082941982 0.99999947 0.0006028761 -0.025422158 0.0025742891 -0.00060073915 0.99999651 1.1849056
12 0.99999338 0.0020321314 -0.00301874 -0.0068771318 -0.0020300554 0.9999977 0.00069063123 -0.031176818 0.0030201365 -0.00068449845 0.99999521 1.1670077
13 0.99999133 0.0018005729 -0.0037542915 -0.0083305225 -0.0018012047 0.99999836 -0.00016493474 -0.031745847 0.0037539883 0.00017169555 0.99999294 1.1616331
14 0.99998439 0.00094661764 -0.0055070779 -0.0087461862 -0.00094524573 0.99999952 0.00025171455 -0.027145504 0.0055073135 -0.00024650508 0.9999848 1.1383805
15 0.99999115 0.00026234867 -0.0041998509 -0.0057752661 -0.00025986985 0.99999979 0.00059075132 -0.026409255 0.004200005 -0.00058965467 0.99999101 1.112471
16 0.99999072 0.00025785049 -0.0043014911 -0.008301147 -0.00025849066 0.99999996 -0.00014827019 -0.025184467 0.0043014526 0.00014938071 0.99999074 1.096985
17 0.99999817 -0.00074092118 -0.0017624289 -0.0034870234 0.00074074876 0.99999972 -9.8485155e-05 -0.02494316 0.0017625014 9.7179458e-05 0.99999844 1.1088907
18 0.99999782 0.0004676265 -0.0020359533 -0.0069699269 -0.00046784991 0.99999988 -0.00010925478 -0.02364239 0.0020359019 0.00011020706 0.99999792 1.0992757
19 0.99999954 -0.00021138781 -0.00093793137 -0.0020649766 0.00021173538 0.99999991 0.00037049521 -0.02088698 0.00093785296 -0.00037069363 0.99999949 1.1407329
20 0.99999914 0.00034272779 0.001266432 0.0012002441 -0.00034264082 0.99999994 -6.8896151e-05 -0.026866689 -0.0012664555 6.846216e-05 0.9999992 1.1879194
21 0.99999897 9.5096128e-05 -0.0014339702 -0.002630859 -9.5129864e-05 1 -2.3457942e-05 -0.02357766 0.001433968 2.3594331e-05 0.99999897 1.1711406
22 0.99999972 0.00057516398 -0.00048140359 -0.0053422493 -0.00057511559 0.99999983 0.00010064394 -0.02558375 0.00048146139 -0.00010036705 0.99999988 1.1446997
23 0.99999907 0.00074362227 -0.0011395456 -0.0042299874 -0.00074318676 0.99999965 0.00038255487 -0.019865911 0.0011398297 -0.00038170762 0.99999928 1.102956
24 0.99999949 0.00089899833 -0.00046703212 -0.0049686775 -0.00089888397 0.99999957 0.00024501531 -0.02071479 0.00046725219 -0.00024459537 0.99999986 1.0905747
25 0.9999998 -0.00027051235 -0.00057925701 -0.0028615603 0.00027055006 0.99999996 6.5030367e-05 -0.019853711 0.0005792394 -6.5187071e-05 0.99999983 1.0828267
26 0.99999903 0.0013157983 -0.000465436 -0.0076390205 -0.0013158422 0.99999913 -9.4006647e-05 -0.021388056 0.0004653119 9.4618996e-05 0.99999989 1.0916448
27 0.99999896 -0.00067679966 -0.0012750855 -0.007926472 0.00067577132 0.99999945 -0.00080674041 -0.023961224 0.0012756308 0.0008058779 0.99999886 1.1449239
28 0.99999827 -0.0008334052 -0.0016655261 -0.0031199163 0.00083407841 0.99999957 0.00040354472 -0.022618125 0.0016651891 -0.0004049332 0.99999853 1.2312202
29 0.99999786 -0.001174289 -0.0017018649 0.0062182745 0.0011736106 0.99999923 -0.00039957915 -0.023123611 0.0017023328 0.00039758097 0.99999847 1.2457083
30 0.99999841 -0.0017330145 -0.00042515779 0.002300855 0.0017331102 0.99999847 0.00022476688 -0.022512174 0.00042476762 -0.00022550337 0.99999988 1.1161866
31 0.99999804 -0.00065858542 -0.0018645251 -0.002180901 0.00065909191 0.99999975 0.00027104842 -0.021757663 0.0018643461 -0.00027227678 0.99999823 1.1309235
32 0.99999756 0.0004275281 -0.002165582 -0.0050608672 -0.00042697672 0.99999988 0.00025506645 -0.020679054 0.0021656908 -0.00025414118 0.99999762 1.1447737
33 0.99999891 0.00062238583 -0.0013422048 -0.0029672995 -0.00062364158 0.99999937 -0.00093537892 -0.020377182 0.0013416218 0.00093621495 0.99999866 1.1625512
34 0.99999946 0.00065269992 -0.00080895903 0.0068763659 -0.0006528009 0.99999978 -0.00012455877 -0.019930877 0.00080887756 0.00012508679 0.99999967 1.2498499
35 0.99999785 0.0019528244 0.00069793021 0.006137557 -0.0019535682 0.99999752 0.0010666112 -0.014498256 -0.00069584557 -0.0010679723 0.99999919 1.1760237
36 0.99999307 0.0030966674 0.0020648199 0.0052472237 -0.0030993961 0.99999433 0.0013196053 -0.019555167 -0.0020607218 -0.0013259958 0.999997 1.1903931
37 0.99999756 0.0020820012 -0.00073397481 0.0048646506 -0.0020818371 0.99999781 0.00022425997 -0.022152987 0.00073444012 -0.0002227314 0.99999971 1.1708576
38 0.9999946 0.0028516456 -0.001632965 -0.0075537409 -0.0028501529 0.99999552 0.00091567456 -0.023142664 0.0016355688 -0.00091101541 0.99999825 1.1831183
39 0.99999654 0.002563948 0.0005933952 -0.0076383156 -0.0025643955 0.99999643 0.00075453719 -0.0260365 -0.00059145849 -0.00075605628 0.99999954 1.1967045
40 0.99999817 0.0016604211 0.00094708743 -0.0082345559 -0.0016618575 0.99999747 0.0015178452 -0.030884223 -0.00094456477 -0.0015194164 0.9999984 1.2082354
41 0.99999877 0.0011345534 0.0010827119 -0.0064080055 -0.0011363921 0.99999791 0.0016991466 -0.029795886 -0.0010807818 -0.0017003749 0.99999797 1.210112
42 0.99999248 0.00045759427 0.0038523239 -0.0013877981 -0.0004594402 0.99999978 0.00047830008 -0.031262329 -0.0038521042 -0.00048006639 0.99999247 1.2106143
43 0.99999775 -0.00027475136 0.0021039648 -0.0031554515 0.00027393306 0.99999989 0.00038921272 -0.031372608 -0.0021040715 -0.0003886355 0.99999771 1.2114485
44 0.99999921 -0.00025319819 0.0012335004 -0.004127118 0.00025300915 0.99999996 0.00015340487 -0.029154625 -0.0012335392 -0.00015309266 0.99999923 1.2544692
45 0.99999968 0.00080356226 6.0457496e-05 -0.002695572 -0.00080349418 0.99999905 -0.0011178217 -0.029985869 -6.1355678e-05 0.0011177728 0.99999937 1.3364203
46 0.99999856 0.0012039971 -0.0011980513 -0.0036926766 -0.0012051785 0.99999879 -0.00098587503 -0.024459079 0.0011968629 0.00098731748 0.9999988 1.2168888
47 0.99999882 0.00083627096 -0.0012909544 -0.0038027654 -0.00083704957 0.99999947 -0.0006026979 -0.01991624 0.0012904497 0.00060377778 0.99999899 1.1996706
48 0.99999662 0.00027442898 -0.0025861495 0.00031541132 -0.00027459442 0.99999996 -6.3613556e-05 -0.013408632 0.002586132 6.4323483e-05 0.99999665 1.1815688
49 0.99999786 0.00031238525 -0.0020473073 0.00067640197 -0.00031151363 0.99999986 0.00042604619 -0.011210176 0.0020474401 -0.00042540752 0.99999781 1.2110657
50 0.99999674 0.00074889395 -0.002441249 0.0024166201 -0.00074870278 0.99999972 7.9224275e-05 -0.010905468 0.0024413077 -7.7396247e-05 0.99999702 1.2115174
51 1 4.8547265e-06 1.9014273e-06 0.0049387128 -4.8549313e-06 0.99999999 0.00010770864 -0.018259531 -1.9009044e-06 -0.00010770865 0.99999999 1.2396376
52 0.9999983 0.00074512023 0.0016891024 0.0031098441 -0.00074512034 0.99999972 -5.6072228e-07 -0.025901268 -0.0016891024 -6.9786326e-07 0.99999857 1.2150405
53 0.9999979 0.0014877851 0.0014059449 0.0063980359 -0.0014874179 0.99999886 -0.00026217145 -0.033067348 -0.0014063334 0.00026007967 0.99999898 1.1980725
54 0.9999971 -0.0019079118 0.0014666398 0.011247628 0.0019082708 0.99999815 -0.00024344497 -0.028426977 -0.0014661726 0.00024624301 0.99999889 1.3020031
55 0.99999948 -0.00097177653 -0.00031830055 0.0032876027 0.0009720546 0.99999915 0.00087464557 -0.027392805 0.00031745032 -0.00087495452 0.99999957 1.3420131
56 0.99999884 0.00054550047 0.0014197331 0.00059958859 -0.00054627406 0.9999997 0.00054455197 -0.033208018 -0.0014194356 -0.00054532691 0.99999884 1.3461179
57 0.99999961 0.00060242035 -0.00065304739 0.001929236 -0.00060285359 0.9999996 -0.00066340851 -0.03211933 0.00065264747 0.00066380194 0.99999957 1.3408364
58 0.99999969 0.0001246217 0.00077371214 0.0023005786 -0.00012431329 0.99999991 -0.00039864925 -0.035452821 -0.00077376175 0.00039855294 0.99999962 1.3050192
59 0.99999679 0.0024189386 0.00074913812 -0.00045336492 -0.0024191622 0.99999703 0.00029764342 -0.034171892 -0.00074841591 -0.00029945476 0.99999968 1.1386567
60 0.99999739 0.0020122893 0.0010814183 -0.0035676484 -0.0020122517 0.99999797 -3.5884873e-05 -0.033137636 -0.0010814883 3.3708694e-05 0.99999941 1.1197462
61 0.99999856 0.0014710798 -0.00084418196 -0.0050186116 -0.0014718326 0.99999852 -0.00089179661 -0.023413918 0.00084286881 0.00089303782 0.99999925 1.131856
62 0.99999869 0.00033171964 -0.0015859907 -0.0031485532 -0.00033327683 0.99999946 -0.00098167296 -0.021817382 0.0015856642 0.00098220025 0.99999826 1.1688319
63 0.99999966 0.0006679625 0.00047944737 0.003701912 -0.00066791326 0.99999977 -0.00010285 -0.028739088 -0.00047951596 0.00010252974 0.99999988 1.3204628
64 0.99999996 -0.00028243977 6.2119142e-05 0.00067056284 0.00028241981 0.99999991 0.00032111354 -0.028410015 -6.2209831e-05 -0.00032109599 0.99999995 1.4724469
65 0.99999957 -0.00051992538 -0.00076163484 -0.0016201596 0.00051956244 0.99999975 -0.0004766422 -0.033452439 0.00076188247 0.00047624628 0.9999996 1.572241
66 0.99999993 -0.00010526813 0.00036730938 -0.0011939651 0.00010547951 0.99999983 -0.00057552407 -0.03397723 -0.00036724873 0.00057556277 0.99999977 1.5554024
67 0.99999931 0.00050311524 0.0010618031 -0.00013797839 -0.00050270318 0.9999998 -0.00038830543 -0.030814186 -0.0010619983 0.00038777139 0.99999936 1.523001
68 0.99999893 -0.00061615062 -0.0013256204 0.0028948172 0.00061435492 0.99999889 -0.0013545971 -0.020554411 0.0013264536 0.0013537813 0.9999982 1.2754529
69 0.99999113 -0.00035421404 -0.0041962678 0.0014677837 0.00035312801 0.9999999 -0.00025954605 -0.017097935 0.0041963593 0.00025806193 0.99999116 1.2563138
70 0.99999971 -0.00062785057 -0.00043149343 0.00375296 0.00062768919 0.99999973 -0.0003740329 -0.021639594 0.00043172816 0.00037376195 0.99999984 1.2463506
71 0.99999927 -0.00016566551 0.0011984449 0.0011873174 0.00016712895 0.99999924 -0.0012211173 -0.024381866 -0.0011982417 0.0012213167 0.99999854 1.1931949
72 0.99999617 -0.00064517303 0.0026906573 0.0079534558 0.00064529452 0.99999979 -4.4282702e-05 -0.024267009 -0.0026906281 4.6018799e-05 0.99999638 1.2849331
73 0.99999718 -0.002033553 0.0012300632 0.0086485397 0.0020348172 0.9999974 -0.0010273951 -0.022816302 -0.0012279707 0.0010298952 0.99999872 1.3316679
74 0.99999889 -0.001300171 0.0007222008 0.012274377 0.0013001938 0.99999915 -3.1167872e-05 -0.01683042 -0.00072215967 3.2106838e-05 0.99999974 1.2992746
75 0.99999828 -0.0015699806 0.0009907896 0.0091204282 0.00156979 0.99999875 0.0001930925 -0.025925621 -0.00099109151 -0.00019153684 0.99999949 1.3051154
76 0.99999967 0.0001081183 -0.0008104251 0.0020852258 -0.00010759745 0.99999979 0.00064270459 -0.027863115 0.00081049441 -0.00064261717 0.99999947 1.3165079
77 0.9999993 0.0010582184 0.0005364955 -0.001540097 -0.001058219 0.99999944 7.4530775e-07 -0.031215889 -0.00053649441 -1.3130369e-06 0.99999986 1.3219987
78 0.99999743 0.00029784234 0.0022475629 -0.0042069521 -0.00029896746 0.99999983 0.00050027587 -0.037855879 -0.0022474135 -0.00050094653 0.99999735 1.340579
79 0.99999903 0.00038951136 0.0013393049 -0.0050850818 -0.00038971517 0.99999991 0.00015191927 -0.034762616 -0.0013392456 -0.00015244107 0.99999909 1.3284029
80 0.99999991 2.9111325e-05 0.00042708723 -0.0038723813 -2.848449e-05 0.99999892 -0.0014676309 -0.035563649 -0.0004271295 0.0014676186 0.99999883 1.2631413
81 0.99999991 -0.00027410959 0.00033349788 -0.0053622165 0.00027402906 0.99999993 0.0002414812 -0.032085806 -0.00033356405 -0.00024138979 0.99999992 1.274775
82 0.9999996 -0.00080674746 -0.00038592343 0.0045211959 0.0008066439 0.99999964 -0.00026841231 -0.025352723 0.00038613984 0.0002681009 0.99999989 1.1663342
83 0.99999655 -0.002128913 -0.0015362255 0.0023690338 0.0021270642 0.99999701 -0.0012040883 -0.026519132 0.0015387843 0.0012008165 0.9999981 1.1303572
84 0.9999958 -0.0022300308 -0.0018488107 0.0032048537 0.0022271608 0.99999631 -0.0015529587 -0.024510275 0.001852267 0.0015488346 0.99999709 1.1386815
85 0.99999721 -0.0021583611 -0.00096355377 0.0082641955 0.0021580808 0.99999763 -0.00029184211 -0.014465031 0.00096418138 0.00028976186 0.99999949 1.1416138
86 0.99999459 -0.0016213264 -0.0028636212 0.0047476896 0.0016218715 0.99999867 0.00018802612 -0.012610311 0.0028633126 -0.00019266953 0.99999588 1.195111
87 0.99999959 -5.66641e-05 -0.00090007198 0.0039973858 5.7443041e-05 0.99999962 0.00086541951 -0.016437866 0.00090002261 -0.00086547086 0.99999922 1.2320093
88 0.99999991 5.3061665e-05 0.00042889971 0.0089190536 -5.312702e-05 0.99999999 0.000152367 -0.015120003 -0.00042889162 -0.00015238978 0.9999999 1.2358782
89 0.99999465 -7.1480803e-05 0.003270713 0.010324898 7.1790705e-05 0.99999999 -9.4633133e-05 -0.015623501 -0.0032707062 9.4867433e-05 0.99999465 1.2357239
90 0.99999328 -0.00070555856 0.003597734 0.011278206 0.00070748915 0.99999961 -0.00053537037 -0.019610682 -0.0035973549 0.00053791213 0.99999338 1.1826154
91 0.99999982 9.570014e-05 0.00059401317 0.0073800237 -9.5139925e-05 0.99999955 -0.00094305898 -0.020950161 -0.00059410315 0.0009430023 0.99999938 1.1498507
92 0.99999942 0.00034902251 -0.0010195621 0.0039393483 -0.00034970377 0.99999972 -0.0006680835 -0.021749583 0.0010193286 0.00066843966 0.99999926 1.1136209
93 0.99999042 0.0011813791 -0.004214541 -0.00072211359 -0.0011736612 0.99999763 0.0018332401 -0.024331764 0.0042166968 -0.0018282761 0.99998944 1.0897138
94 0.9999954 0.0023295027 -0.0019436556 -0.0061050102 -0.0023284428 0.99999714 0.00054740379 -0.031475452 0.0019449252 -0.00054287558 0.99999796 1.1257107
95 0.99999931 0.00088809704 -0.00076401402 -0.0038243658 -0.00088761478 0.99999941 0.00063132536 -0.030365472 0.00076457425 -0.00063064678 0.99999951 1.1488891
96 0.99999991 -0.00021148541 -0.00035485808 0.001237162 0.00021179858 0.99999959 0.00088272846 -0.028724027 0.00035467125 -0.00088280355 0.99999955 1.1762779
97 0.99999975 8.5281389e-05 -0.00070220374 -0.0012435476 -8.5073227e-05 0.99999995 0.00029646672 -0.028297726 0.00070222899 -0.00029640691 0.99999971 1.2010308
98 0.99999882 0.0011318032 -0.0010389116 -0.0056036995 -0.001131889 0.99999936 -8.2035139e-05 -0.029647464 0.0010388181 8.3210975e-05 0.99999946 1.200094
99 0.99999868 0.0010675949 -0.0012207981 -0.0073843223 -0.0010695291 0.99999817 -0.0015847801 -0.030647713 0.001219104 0.0015860837 0.999998 1.2025593
100 0.99999061 0.001108784 -0.0041890033 -0.01204112 -0.0011205375 0.99999544 -0.0028044981 -0.032038718 0.0041858746 0.0028091657 0.99998729 1.1786513
101 0.99999179 0.00029746365 -0.0040410788 -0.0042347991 -0.00029595207 0.99999989 0.00037464606 -0.020720147 0.0040411897 -0.00037344702 0.99999176 1.1714315
102 0.99999843 0.0015657344 0.00082733542 0.0034784193 -0.0015670547 0.9999975 0.0015976002 -0.019679272 -0.00082483193 -0.0015988942 0.99999838 1.1888484
103 0.99999831 -0.00014387134 0.0018322131 0.00038182195 0.00014543714 0.99999962 -0.00085448784 -0.022816946 -0.0018320895 0.00085475287 0.99999796 1.1793747
104 0.99999934 -0.0011480322 4.5794229e-05 0.0010605732 0.0011481024 0.99999812 -0.0015639652 -0.024068523 -4.3998661e-05 0.0015640168 0.99999878 1.1850395
105 0.99999987 -0.00028234945 -0.00042222668 0.0051672743 0.00028182719 0.9999992 -0.0012364821 -0.020614324 0.00042257546 0.001236363 0.99999915 1.1751732
106 0.99998859 0.00079448444 0.0047103575 0.0057143936 -0.00080059447 0.99999884 0.0012954062 -0.022834819 -0.0047093229 -0.0012991625 0.99998807 1.2604978
107 0.99999949 -0.00032438322 0.00095794663 0.012087414 0.00032374852 0.99999973 0.00066264004 -0.019667636 -0.00095816132 -0.00066232957 0.99999932 1.2454311
108 0.99999935 0.00021653666 -0.0011183096 0.0035977899 -0.00021474709 0.9999987 0.0016001216 -0.021574771 0.0011186546 -0.0015998804 0.99999809 1.2953815
109 0.99999955 -0.00094506134 3.3720457e-05 0.004869043 0.00094504809 0.99999948 0.00039092566 -0.025071495 -3.4089888e-05 -0.00039089362 0.99999992 1.2946234
110 0.99999916 0.001293337 0.00011689664 -0.0023189724 -0.0012932905 0.99999909 -0.00039661421 -0.022480039 -0.00011740949 0.00039646269 0.99999991 1.1840323
111 0.99999863 0.0016273601 -0.00030082719 -0.0094792858 -0.0016273793 0.99999867 -6.3591754e-05 -0.025474173 0.0003007233 6.4081227e-05 0.99999995 1.1852588
112 0.9999985 0.0015510508 0.00077004247 -0.0097517118 -0.0015523165 0.99999744 0.0016458518 -0.022465285 -0.0007674877 -0.0016470447 0.99999835 1.1769857
113 0.99999617 0.00069607039 0.002678133 -0.012864446 -0.00069459529 0.99999961 -0.00055168574 -0.030050272 -0.0026785159 0.00054982341 0.99999626 1.2059393
114 0.99999432 0.0022201265 0.0025350324 -0.013490278 -0.0022181768 0.99999724 -0.00077165791 -0.038791845 -0.0025367386 0.00076603037 0.99999649 1.33961
115 0.99999637 0.0015428123 0.0022108382 -0.0056717849 -0.0015384471 0.99999687 -0.001974802 -0.049406717 -0.002213878 0.0019713936 0.99999561 1.8875314
116 0.99998504 0.0032073619 -0.0044301387 -0.0038146067 -0.0032129736 0.99999404 -0.0012601719 -0.04541541 0.0044260705 0.001274387 0.99998939 1.756773
117 0.99999873 -0.001038517 0.0012063065 -0.0024407186 0.001041691 0.99999599 -0.0026335415 -0.045690218 -0.0012035667 0.0026347948 0.9999958 1.7576837
118 0.9999883 -0.0019581259 0.0044240884 0.0040247374 0.001970782 0.99999397 -0.0028581791 -0.030198063 -0.0044184651 0.0028668646 0.99998613 1.4095007
119 0.99999938 -0.0010556049 0.00034439332 0.0058081295 0.0010559759 0.99999886 -0.0010789029 -0.021760143 -0.00034325404 0.0010792659 0.99999936 1.369618
120 0.99999316 0.0023208948 0.002878345 0.0085108765 -0.0023192868 0.99999715 -0.00056186509 -0.01240495 -0.0028796409 0.00055518554 0.9999957 1.2830783
121 0.99999447 -0.0002295908 0.0033177573 0.0069481058 0.0002277337 0.99999982 0.00056011394 -0.016873543 -0.0033178853 -0.00055935528 0.99999434 1.209038
122 0.99999757 0.00023458321 0.0021942684 0.0019219064 -0.00023580936 0.99999982 0.00055855437 -0.016715366 -0.0021941369 -0.00055907044 0.99999744 1.2365028
123 0.99999988 9.4350981e-05 0.00047141323 0.0018027068 -9.4158314e-05 0.99999991 -0.00040870778 -0.016667745 -0.00047145175 0.00040866334 0.99999981 1.2396637
124 0.99999948 -0.00041924927 -0.00093162893 -0.0013759545 0.00041793693 0.99999892 -0.0014083947 -0.024851711 0.00093221839 0.0014080046 0.99999857 1.2457575
125 0.99999921 0.00077642644 0.00098764035 -0.0035636001 -0.00077477473 0.9999983 -0.0016716706 -0.019622024 -0.0009889366 0.0016709041 0.99999812 1.2609271
126 0.99999829 0.0012976538 0.0013192863 -0.0012162457 -0.0012972637 0.99999911 -0.00029649629 -0.019085681 -0.0013196699 0.00029478432 0.99999909 1.2505588
127 0.99999946 0.00052470808 0.0008942292 -0.0028027053 -0.0005250758 0.99999978 0.00041102476 -0.020104183 -0.00089401333 -0.00041149407 0.99999952 1.2564073
128 0.99999824 0.00055719193 0.0017916004 -0.0039765775 -0.00055774278 0.9999998 0.00030697856 -0.026427447 -0.001791429 -0.00030797727 0.99999835 1.3187791
129 0.99999714 0.00030561473 0.0023728135 0.0014769545 -0.00030685034 0.99999982 0.00052038902 -0.031010721 -0.002372654 -0.00052111563 0.99999705 1.3383931
130 0.99999641 0.00020758807 0.0026714873 0.0059909829 -0.00020692023 0.99999995 -0.00025026352 -0.031473236 -0.0026715391 0.00024970983 0.9999964 1.2507593
131 0.99999983 -0.00030136674 0.00049089929 0.0080612046 0.00030141427 0.99999995 -9.6731996e-05 -0.025208661 -0.00049087011 9.6879944e-05 0.99999987 1.21448
132 0.99999826 0.0006204788 -0.0017565325 0.0094699603 -0.00061972998 0.99999972 0.00042682056 -0.023824782 0.0017567969 -0.00042573124 0.99999837 1.1914726
133 0.99999854 0.0015576178 -0.00070543613 0.0037416138 -0.0015566638 0.99999788 0.0013509249 -0.020204508 0.00070753886 -0.0013498248 0.99999884 1.1005152
134 0.99999736 0.0022970327 4.8369207e-05 0.0035417904 -0.0022970972 0.99999641 0.001378343 -0.022312207 -4.5202935e-05 -0.0013784505 0.99999905 1.0921122
135 0.99999845 0.00094954231 -0.0014804356 0.0007055892 -0.00094776633 0.99999883 0.0011998749 -0.017393991 0.0014815732 -0.00119847 0.99999818 1.1096636
136 0.99999459 0.00059417319 -0.0032347273 0.00115827 -0.00059275012 0.99999973 0.00044087654 -0.016366362 0.0032349884 -0.00043895677 0.99999467 1.1322834
137 0.99999546 0.001586393 -0.0025607991 0.0025331607 -0.0015827923 0.99999776 0.0014074962 -0.01530544 0.0025630262 -0.0014034366 0.99999573 1.2001707
138 0.99999763 0.0010677465 -0.0018952244 0.0060276158 -0.0010669756 0.99999935 0.00040772254 -0.012616384 0.0018956585 -0.00040569942 0.99999812 1.2023427
139 0.99999776 0.001475535 -0.0015152551 0.0094913749 -0.0014748183 0.9999988 0.00047400912 -0.017477342 0.0015159527 -0.00047177333 0.99999874 1.2093829
140 0.99999763 0.0017967672 -0.0012323156 0.0034651048 -0.0017953809 0.99999776 0.0011252043 -0.016285827 0.0012343346 -0.0011229891 0.99999861 1.1861632
141 0.99999673 0.002145491 -0.001388598 -0.0048245707 -0.0021444468 0.99999742 0.00075299923 -0.027582456 0.0013902099 -0.000750019 0.99999875 1.1385963
142 0.9999992 0.00066242104 -0.0010733125 -0.0035378314 -0.00066306558 0.9999996 -0.00060027035 -0.027802079 0.0010729144 0.00060098155 0.99999924 1.1720223
143 0.9999989 -0.00029299583 -0.0014546162 0.0010126329 0.00029141234 0.99999936 -0.0010886919 -0.024957807 0.0014549343 0.0010882668 0.99999835 1.1882695
144 0.99999987 0.0001101213 -0.00049253626 0.01197665 -0.00010940143 0.99999893 0.0014613532 -0.016420148 0.00049269665 -0.0014612991 0.99999881 1.2075707
145 0.99999969 -2.1818516e-05 0.00078346289 0.013311114 2.1154332e-05 0.99999964 0.00084775241 -0.019409539 -0.0007834811 -0.00084773557 0.99999933 1.2138035
146 0.99999972 -0.00039727799 -0.00062961343 0.007301389 0.00039734597 0.99999992 0.00010786101 -0.01878687 0.00062957053 -0.00010811116 0.9999998 1.2058204
147 0.99999899 -0.00030529381 0.0013906848 0.0049760382 0.00030331111 0.99999894 0.0014256891 -0.029436517 -0.0013911186 -0.0014252659 0.99999802 1.2152705
148 0.9999994 -0.00084690982 0.00069806777 0.0002158447 0.0008465732 0.99999953 0.00048236631 -0.032871853 -0.00069847596 -0.00048177505 0.99999964 1.3005927
149 0.99999986 -0.00044172945 -0.00030316216 -0.0026602506 0.00044162919 0.99999985 -0.00033068028 -0.033964576 0.00030330818 0.00033054635 0.9999999 1.3178755
150 0.9999999 0.00015149642 0.00041173348 -0.0038436637 -0.00015152471 0.99999999 6.8665354e-05 -0.034239481 -0.00041172307 -6.8727735e-05 0.99999991 1.3408733
151 0.99999679 0.0020691924 -0.0014603488 -0.0083759178 -0.0020679659 0.99999751 0.00084088518 -0.03145491 0.0014620851 -0.00083786253 0.99999858 1.3714051
152 0.99999937 0.001025533 -0.00044941167 -0.0055273064 -0.0010251707 0.99999915 0.00080565457 -0.030778455 0.00045023752 -0.00080519334 0.99999957 1.3823726
153 0.999998 0.00010888309 -0.0019945697 -0.0053434369 -0.00010910758 0.99999999 -0.00011243826 -0.031640249 0.0019945574 0.00011265566 0.999998 1.3821573
154 0.99999972 0.00028012985 -0.00069762098 -0.0028302068 -0.00028111172 0.99999897 -0.0014077522 -0.032439422 0.00069722591 0.0014079479 0.99999877 1.3525122
155 0.99999967 -0.00014885439 -0.00079440202 0.00086165404 0.00014776965 0.99999906 -0.0013653601 -0.026505051 0.00079460451 0.0013652422 0.99999875 1.3177898
156 0.99999876 0.00071298654 -0.0014011791 0.00085014921 -0.00071484083 0.99999887 -0.0013233254 -0.022382746 0.001400234 0.0013243254 0.99999814 1.2550331
157 0.99999786 0.00033052205 -0.0020407215 0.0050008802 -0.00033169012 0.99999978 -0.00057207044 -0.016487702 0.002040532 0.00057274611 0.99999775 1.2288652
158 0.99999657 0.0018498077 0.0018521528 0.016266017 -0.0018541855 0.99999549 0.0023646976 -0.021537961 -0.0018477702 -0.0023681237 0.99999549 1.2139506
159 0.99997809 0.00062614444 0.0065900369 0.016743672 -0.00062006111 0.99999938 -0.00092511294 -0.033649838 -0.0065906121 0.00092100645 0.99997786 1.2038628
160 0.99998814 -8.942884e-05 0.0048689198 0.010308905 9.8430557e-05 0.99999829 -0.0018486037 -0.034910794 -0.0048687461 0.001849061 0.99998644 1.2007871
161 0.99999057 -0.0019109986 0.0038990991 0.0087394532 0.0019166604 0.99999711 -0.001448867 -0.031892333 -0.0038963191 0.0014563266 0.99999135 1.3166528
162 0.99999095 -0.0016333522 0.0039295314 0.011347004 0.0016389962 0.99999763 -0.0014335123 -0.022371913 -0.0039271806 0.0014399398 0.99999125 1.2957853
163 0.99999171 -0.0014021418 0.0038217481 0.0088898845 0.0014053986 0.99999865 -0.00084961867 -0.023702671 -0.0038205516 0.00085498271 0.99999234 1.2954061
164 0.99999449 -0.00054411223 0.0032738661 0.0064766179 0.00054744157 0.99999933 -0.0010161336 -0.023783485 -0.003273311 0.0010179203 0.99999412 1.285585
165 0.99999972 -0.00018403797 0.00072725256 0.0027693207 0.00018409158 0.99999998 -7.3660612e-05 -0.027283751 -0.00072723899 7.3794472e-05 0.99999973 1.2153902
166 0.99999787 -8.3230727e-05 0.0020598929 0.0029112288 8.1106604e-05 0.99999946 0.0010312435 -0.029586337 -0.0020599776 -0.0010310742 0.99999735 1.2493206
167 0.99999991 0.00042104748 0.0001031654 0.0011878964 -0.00042111051 0.99999972 0.0006117101 -0.026289367 -0.00010290781 -0.00061175348 0.99999981 1.2546345
168 0.99999882 0.00068385486 0.0013723949 0.0053059247 -0.00068597862 0.99999857 0.0015476133 -0.020686783 -0.0013713346 -0.001548553 0.99999786 1.2860251
169 0.99999875 -7.6626116e-05 0.0015798043 0.0042203063 7.5295645e-05 0.99999964 0.00084221658 -0.025766834 -0.0015798683 -0.00084209657 0.9999984 1.3193485
170 0.99999874 0.00019003458 -0.001575301 0.008598158 -0.00018961197 0.99999995 0.00026841759 -0.017441589 0.0015753519 -0.00026811856 0.99999872 1.297207
171 0.99999712 0.0004095231 -0.002363888 0.0080245781 -0.0004096598 0.99999991 -5.7344029e-05 -0.017416449 0.0023638643 5.8312254e-05 0.9999972 1.2965554
172 0.99999858 -0.0016247269 -0.00045697385 0.0072742315 0.001623973 0.99999733 -0.0016451752 -0.026589871 0.00045964559 0.0016444308 0.99999854 1.3054381
173 0.99999951 0.00093906882 0.00032673268 0.0088544733 -0.00093909279 0.99999956 7.3221351e-05 -0.033854941 -0.00032666377 -7.3528148e-05 0.99999994 1.4179235
174 0.99999993 -0.00028076789 0.00023162464 0.0072467739 0.00028133379 0.99999697 -0.002446781 -0.044386465 -0.00023093696 0.002446846 0.99999698 1.4981204
175 0.9999974 -0.00089649275 0.0020954517 0.002345246 0.00090266886 0.99999525 -0.0029483047 -0.042549601 -0.0020927986 0.0029501886 0.99999346 1.5580085
176 0.99999969 -6.5391513e-05 0.00078501648 0.0053600832 6.8722993e-05 0.99999099 -0.0042445579 -0.043165503 -0.00078473185 0.0042446105 0.99999068 1.727558
177 0.99998969 0.001528561 0.0042767095 0.0054983331 -0.0015205862 0.9999971 -0.0018673364 -0.046877771 -0.0042795514 0.0018608141 0.99998911 2.0533446
178 0.99996821 -0.0018424023 0.0077574488 0.01123765 0.001869073 0.99999236 -0.0034322317 -0.04557686 -0.007751066 0.0034466219 0.99996402 2.0098285
179 0.99995567 2.0306153e-05 0.0094157123 0.0076198287 -1.4546489e-05 0.99999981 -0.00061177585 -0.036551933 -0.009415723 0.00061161176 0.99995548 1.4180804
180 0.99999676 0.0022516443 0.0011890683 0.0046495681 -0.002252407 0.99999726 0.00064050023 -0.034106709 -0.0011876228 -0.00064317642 0.99999909 1.1213969
181 0.99999828 0.00067554582 0.0017273757 0.0037980539 -0.00067384502 0.99999929 -0.00098500841 -0.032453806 -0.0017280399 0.00098384273 0.99999802 1.0866923
182 0.99999899 0.0013937034 0.00028817569 -0.0041253489 -0.001393758 0.99999901 0.00018938687 -0.032123795 -0.00028791145 -0.00018978833 0.99999994 1.0043149
183 0.99999828 0.0017739735 -0.00053632908 -0.0082611114 -0.0017735359 0.99999809 0.00081537952 -0.028967897 0.00053777452 -0.00081442692 0.99999952 1.0090038
184 0.99999193 0.0023955739 -0.0032256395 -0.0089788552 -0.0023960913 0.99999712 -0.00015655435 -0.025015724 0.0032252552 0.00016428202 0.99999479 1.0058009
185 0.99998644 0.0010509786 -0.0050998997 -0.0099939446 -0.0010521767 0.99999942 -0.00023224389 -0.021276966 0.0050996526 0.00023760673 0.99998697 1.0215638
186 0.99998894 0.00078641013 -0.0046380258 -0.0088050641 -0.00078810647 0.99999962 -0.00036393079 -0.023286078 0.0046377378 0.00036758202 0.99998918 1.0091418
187 0.99999661 0.00084472576 -0.0024615087 -0.006240395 -0.0008439178 0.99999959 0.00032925774 -0.022988589 0.0024617858 -0.00032717931 0.99999692 0.94636951
188 0.99999679 0.0014877673 -0.0020532132 -0.0052724614 -0.0014871836 0.99999885 0.00028578159 -0.023118821 0.002053636 -0.00028272716 0.99999785 0.90556439
189 0.99999575 0.0012581898 -0.0026306017 -0.0064957669 -0.0012576699 0.99999919 0.00019929987 -0.021770426 0.0026308503 -0.0001959906 0.99999652 0.90449942
190 0.99999856 0.0010012712 -0.0013696281 -0.0045825371 -0.0010008911 0.99999946 0.00027814948 -0.022276542 0.0013699059 -0.00027677823 0.99999902 0.89786457
191 0.99999597 0.00076211801 -0.0027351479 -0.0050662712 -0.00076176077 0.9999997 0.000131653 -0.023894815 0.0027352474 -0.00012956895 0.99999625 0.91224834
192 0.99999705 0.0014170627 -0.0019715063 -0.0054662252 -0.0014162128 0.9999989 0.00043244039 -0.023285133 0.001972117 -0.00042964705 0.99999796 0.8799557
193 0.99999861 0.0012589752 -0.0010901776 -0.0052586965 -0.0012583862 0.99999906 0.00054077447 -0.021981273 0.0010908574 -0.00053940186 0.99999926 0.82113796
194 0.99999948 0.00101342 -0.00011754151 -0.0051998774 -0.0010134481 0.99999946 -0.00023904085 -0.025056026 0.00011729919 0.00023915985 0.99999996 0.78259373
195 0.99999757 0.0010435459 0.0019425994 -0.0032367482 -0.0010430987 0.99999943 -0.00023119155 -0.023180907 -0.0019428396 0.00022916467 0.99999809 0.75207759
196 0.99999739 0.00065544121 0.0021906414 -0.0022632793 -0.00065574028 0.99999978 0.00013580309 -0.021630111 -0.0021905519 -0.00013723923 0.99999759 0.7213779
197 0.99999924 0.00040056307 0.0011694326 -0.0037405856 -0.00040147928 0.99999961 0.00078332869 -0.02071722 -0.0011691184 -0.0007837976 0.99999901 0.70018624
198 0.99999859 -7.3266715e-05 0.0016763818 -0.00042678308 7.225757e-05 0.99999982 0.00060203067 -0.020858018 -0.0016764256 -0.00060190869 0.99999841 0.68569138
199 0.99999924 -0.00027936851 0.0012023632 -0.00037618593 0.00027881271 0.99999985 0.00046240304 -0.020738729 -0.0012024922 -0.00046206745 0.99999917 0.69002908
200 0.99999984 -5.151919e-05 0.00055816777 -0.0022634799 5.118517e-05 0.99999982 0.00059841956 -0.01970925 -0.0005581985 -0.0005983909 0.99999967 0.69738941
201 0.9999998 0.00051201664 0.00036482792 -0.0046385684 -0.00051253692 0.99999885 0.0014274194 -0.01938481 -0.00036409664 -0.0014276061 0.99999891 0.68848118
202 0.99999996 0.00023711359 0.00012627626 -0.0046092916 -0.00023726062 0.99999929 0.001165648 -0.020729769 -0.00012599978 -0.001165678 0.99999931 0.70919436
203 0.99999898 0.0012846054 0.00062182025 -0.0069792232 -0.001285165 0.99999877 0.00090028587 -0.017138657 -0.00062066297 -0.00090108409 0.9999994 0.68749824
204 0.99999901 0.00078477074 -0.0011638491 -0.0078205231 -0.00078481266 0.99999969 -3.5566283e-05 -0.018139067 0.0011638208 3.6479651e-05 0.99999932 0.69757516
205 0.99999948 0.0010160988 6.1589997e-05 -0.0055514887 -0.0010161036 0.99999948 7.8988187e-05 -0.01864008 -6.1509705e-05 -7.9050728e-05 0.99999999 0.7205898
206 0.99999972 0.00053005303 0.00052369159 -0.0046142401 -0.00053034605 0.9999997 0.00055954142 -0.018550361 -0.00052339485 -0.000559819 0.99999971 0.72482122
207 0.99999896 0.00093414102 0.001099384 -0.0048613754 -0.00093392126 0.99999954 -0.00020039351 -0.02456836 -0.0010995707 0.00019936657 0.99999938 0.74978835
208 0.99999569 0.00031358993 0.0029177688 -0.0023544844 -0.00031192307 0.99999979 -0.00057171845 -0.024071583 -0.0029179475 0.00057080587 0.99999558 0.7533465
209 0.99999933 0.0003624857 0.0010992194 -0.004703131 -0.00036141308 0.99999946 -0.0009758374 -0.023497997 -0.0010995725 0.00097543948 0.99999892 0.74585749
210 0.9999994 0.00051432489 0.0009647763 -0.0045135685 -0.00051459358 0.99999983 0.00027826436 -0.024006785 -0.00096463302 -0.00027876066 0.9999995 0.74625318
211 0.99999926 0.00078668951 0.0009246859 -0.0027976177 -0.00078718921 0.99999954 0.00054015939 -0.015189047 -0.00092426054 -0.0005408869 0.99999943 0.67627641
212 0.99999584 0.00022636882 -0.0028772666 -0.0067741628 -0.00023023947 0.99999907 -0.0013449926 -0.01405051 0.0028769595 0.0013456494 0.99999496 0.68634415
213 0.9999997 0.00022841779 0.00073490419 -0.0019601773 -0.00022807971 0.99999987 -0.00046008245 -0.014626939 -0.00073500918 0.0004599147 0.99999962 0.70193051
214 0.99999983 8.8434092e-05 0.00056995978 -0.0042829761 -8.8950391e-05 0.99999959 0.00090588964 -0.015132653 -0.00056987943 -0.00090594019 0.99999943 0.7033558
215 0.99999944 0.00093163331 0.000508925 -0.0057788506 -0.00093139811 0.99999946 -0.0004621798 -0.022971231 -0.00050935531 0.00046170553 0.99999976 0.75996397
216 0.99999749 0.0014077608 0.0017437104 -0.0055613783 -0.0014091367 0.9999987 0.00078808827 -0.021149426 -0.0017425987 -0.00079054342 0.99999817 0.72462689
217 0.99999936 0.0011276338 1.9629559e-05 -0.0063341516 -0.0011276367 0.99999935 0.00014832409 -0.023603703 -1.9462291e-05 -0.00014834613 0.99999999 0.73179188
218 0.99999829 0.00022845228 -0.0018329969 -0.0033822414 -0.00022892148 0.99999994 -0.00025576975 -0.020894597 0.0018329384 0.00025618892 0.99999829 0.78742394
219 0.99999987 0.00013654175 -0.00048985139 -0.0033780612 -0.00013631132 0.99999988 0.00047042924 -0.021447771 0.00048991556 -0.00047036241 0.99999977 0.75553853
220 0.99999931 0.00094579202 0.00069753531 -0.0046484778 -0.00094596063 0.99999952 0.00024142032 -0.023682343 -0.00069730665 -0.00024207999 0.99999973 0.76031569
221 0.99999958 0.0008429833 0.00036802673 -0.0047362002 -0.00084293779 0.99999964 -0.00012380637 -0.02422041 -0.00036813096 0.00012349609 0.99999992 0.75789028
222 0.99999857 0.0009233717 0.0014149585 -0.0038707663 -0.00092401664 0.99999947 0.00045521436 -0.018301963 -0.0014145374 -0.00045652116 0.9999989 0.72286792
223 0.99999737 0.0010002199 0.0020620293 -0.00099245116 -0.0010016995 0.99999924 0.00071664493 -0.016267437 -0.0020613109 -0.00071870858 0.99999762 0.72796631
224 0.99999803 0.00047925715 0.0019265193 0.0028784333 -0.00048227224 0.99999866 0.0015648894 -0.013181636 -0.0019257667 -0.0015658154 0.99999692 0.74587535
225 0.99999999 0.00013156529 -3.9282136e-05 -0.00013191812 -0.00013156321 0.99999999 5.2911949e-05 -0.011537859 3.9289097e-05 -5.290678e-05 1 0.77439494
226 0.99999923 0.00049721342 -0.0011377407 -0.0025309321 -0.00049639396 0.99999962 0.0007204174 -0.011391101 0.0011380984 -0.00071985208 0.99999909 0.75944374
227 0.99999866 0.00073150365 -0.0014614483 0.0010227391 -0.00072642444 0.99999371 0.0034729779 -3.5198562e-05 0.0014639796 -0.0034719116 0.9999929 0.81406911
228 0.99995085 -0.0043672184 -0.0089011639 -0.0073741117 0.0043837372 0.9999887 0.0018371376 -0.011061135 0.0088930402 -0.0018760677 0.9999587 1.0648453
229 0.99993209 -0.0035818159 -0.011089581 -0.012792637 0.003561249 0.9999919 -0.001873806 -0.014961551 0.011096202 0.001834186 0.99993675 0.73038239
230 0.999983 -0.00048176628 -0.0058108263 -0.0054233572 0.0004730527 0.99999876 -0.0015008241 -0.015804208 0.0058115421 0.0014980498 0.99998199 0.71697783
231 0.99999805 -0.00070378563 -0.0018436062 -0.0025050274 0.00070374865 0.99999975 -2.0708465e-05 -0.018782487 0.0018436203 1.941099e-05 0.9999983 0.72620986
232 0.99999999 0.00014162071 -9.3601471e-05 -0.0041976432 -0.00014153057 0.99999953 0.00096234772 -0.018696039 9.3737715e-05 -0.00096233446 0.99999953 0.73210661
233 0.9999996 0.00027935971 0.00084778218 -0.0036454865 -0.00027955474 0.99999993 0.00022993532 -0.019850803 -0.00084771789 -0.00023017223 0.99999961 0.77432555
234 0.99999758 -6.0819532e-06 0.002198025 0.0003164858 4.847139e-06 0.99999984 0.00056178841 -0.018902967 -0.0021980281 -0.0005617764 0.99999743 0.81146842
235 0.99999494 -0.00038279523 0.0031596337 0.0022792904 0.00038283474 0.99999993 -1.1901381e-05 -0.018815639 -0.003159629 1.3110939e-05 0.99999501 0.84815811
236 0.99999737 -8.0582582e-05 0.0022899042 -0.0005974671 8.1290471e-05 0.99999995 -0.0003090432 -0.021827415 -0.0022898792 0.00030922853 0.99999733 0.87228961
237 0.99999914 0.00065288698 0.0011341207 -0.0013806271 -0.00065374023 0.9999995 0.0007521398 -0.016488268 -0.0011336291 -0.00075288058 0.99999907 0.86895846
238 0.99999879 0.0015236729 0.00031736987 -0.0025269876 -0.0015238286 0.99999872 0.00049112826 -0.018020069 -0.00031662115 -0.00049161128 0.99999983 0.84548761
239 0.99999968 0.00061274491 -0.00051167583 -0.0016684388 -0.00061276473 0.99999981 -3.8564686e-05 -0.012946959 0.0005116521 3.8878211e-05 0.99999987 0.86541022
240 0.99999915 0.00039588302 -0.001242911 -0.0016676586 -0.00039552006 0.99999988 0.00029225459 -0.012187227 0.0012430265 -0.00029176275 0.99999918 0.864904
241 0.99999914 0.000675251 -0.001125779 -0.0011636144 -0.00067477013 0.99999968 0.00042746583 -0.013368053 0.0011260673 -0.00042670582 0.99999927 0.84980664
242 0.99999912 0.0007760469 -0.0010801319 0.00079232188 -0.00077575931 0.99999966 0.00026665263 -0.012414176 0.0010803385 -0.00026581447 0.99999938 0.87593949
243 0.99999991 0.00041308476 -2.642559e-05 -0.0013490605 -0.00041307445 0.99999984 0.0003888322 -0.018826771 2.6586206e-05 -0.00038882125 0.99999992 0.8190531
244 0.9999982 0.00086235359 0.0016911265 -0.0013391209 -0.00086284282 0.99999959 0.00028858368 -0.020455742 -0.001690877 -0.00029004234 0.99999853 0.78621861
245 0.99999696 0.00072578755 0.0023550742 -0.0016468429 -0.00072606857 0.99999973 0.00011847186 -0.022456278 -0.0023549876 -0.00012018145 0.99999722 0.76355826
246 0.99999719 0.00017075786 0.0023648739 -8.2627133e-05 -0.00017025915 0.99999996 -0.00021108151 -0.021175925 -0.0023649099 0.00021067828 0.99999718 0.78014581
247 0.99999542 0.00029393174 0.0030114172 -0.0018852048 -0.00029426825 0.99999995 0.00011130293 -0.022861743 -0.0030113843 -0.00011218859 0.99999546 0.77213004
248 0.99999589 0.00068142472 0.0027857081 -0.0029659152 -0.00068172906 0.99999976 0.00010830412 -0.024441918 -0.0027856336 -0.00011020277 0.99999611 0.77267093
249 0.99999818 0.00099081694 0.0016328011 -0.0052564537 -0.00098974291 0.99999929 -0.00065845954 -0.023121381 -0.0016334524 0.00065684228 0.99999845 0.7902931
250 0.999997 0.0017639875 0.0016985143 -0.007504009 -0.0017652865 0.99999815 0.00076361229 -0.021481134 -0.0016971641 -0.00076660836 0.99999827 0.77841647
251 0.99999774 0.0017021021 -0.0012711412 -0.0055617841 -0.0017008809 0.99999809 0.00096111506 -0.017819177 0.0012727747 -0.00095895084 0.99999873 0.81039513
252 0.99999809 0.0012259812 -0.0015194567 -0.0068371763 -0.001226612 0.99999916 -0.00041429367 -0.019173442 0.0015189475 0.00041615667 0.99999876 0.80567307
253 0.99999798 0.0014889933 -0.0013501486 -0.0056373314 -0.0014897298 0.99999874 -0.00054464304 -0.018131951 0.0013493359 0.0005466533 0.99999894 0.82015678
254 0.99999885 0.001496938 -0.00024828612 -0.005786043 -0.0014969246 0.99999888 5.4125058e-05 -0.018258454 0.00024836687 -5.375333e-05 0.99999997 0.82034434
255 0.99999884 0.0015140774 -0.00014880123 -0.0053611165 -0.001513978 0.99999863 0.00066549765 -0.018559083 0.00014980864 -0.0006652716 0.99999977 0.81420613
256 0.99999841 0.00073086907 -0.0016243752 -0.0060309314 -0.00073068922 0.99999973 0.00011131198 -0.019230677 0.0016244561 -0.00011012489 0.99999867 0.83362658
257 0.99999505 0.00058154717 -0.0030924584 -0.0070258102 -0.0005808763 0.99999981 0.00021783019 -0.017750026 0.0030925845 -0.00021603277 0.99999519 0.80404809
258 1 3.1959821e-05 -3.7080009e-05 -0.0015768603 -3.1963576e-05 0.99999999 -0.00010128504 -0.019805521 3.7076772e-05 0.00010128623 0.99999999 0.80706162
