4 0.9999914 0.0040368165 0.0009714446 -0.011251087 -0.0040328882 0.99998376 -0.0040111517 -0.095904324 -0.00098762085 0.0040072007 0.99999152 5.5956268
5 0.99998526 0.0043518697 -0.0032526324 -0.011898025 -0.0043706908 0.99997356 -0.0058022742 -0.095717104 0.0032272963 0.0058164063 0.99997792 5.8953537
6 0.9999845 0.0049423283 0.0025685376 -0.012118167 -0.0049254953 0.99996656 -0.0065185633 -0.099818299 -0.0026006685 0.0065058125 0.99997549 6.1396428
7 0.99988974 0.0053916323 -0.013837077 -0.02250354 -0.0054916408 0.99995894 -0.0071998812 -0.10040464 0.013797691 0.0072750772 0.99987838 6.4325205
8 0.99964333 0.0053355044 -0.026168254 -0.038832526 -0.0055571703 0.99994917 -0.0084054478 -0.10389742 0.026122079 0.0085478729 0.99962225 6.6985196
9 0.9995118 0.0052867245 -0.030793421 -0.047688733 -0.0056373396 0.99992009 -0.011310413 -0.10530044 0.030731168 0.011478486 0.99946181 6.9327244
10 0.99952964 0.0052914358 -0.030208021 -0.055576273 -0.0056774149 0.9999031 -0.012705974 -0.10672569 0.030137864 0.012871504 0.99946291 7.1839133
11 0.99909503 0.0041622674 -0.042329926 -0.071300284 -0.0047881154 0.99988051 -0.014694408 -0.11085915 0.04226371 0.014883793 0.99899566 7.4345057
12 0.99782945 0.002553384 -0.065801972 -0.099843829 -0.0037433002 0.99983153 -0.017966366 -0.11888426 0.065745017 0.018173688 0.99767098 7.6870865
13 0.99621035 0.00092679917 -0.086971935 -0.13632868 -0.0028593664 0.99975165 -0.022098649 -0.12880424 0.086929862 0.02226359 0.99596567 7.9657296
14 0.99433131 -4.9497018e-05 -0.10632625 -0.18356225 -0.0027786956 0.99964619 -0.026450896 -0.13961295 0.10628995 0.026596406 0.99397945 8.2795248
15 0.9916687 0.00059846817 -0.12881325 -0.24541164 -0.0044382564 0.99955416 -0.029523979 -0.15190431 0.12873816 0.029849716 0.99122932 8.6107686
16 0.98832977 0.0010977513 -0.15232558 -0.31458255 -0.0062267777 0.99942932 -0.033198532 -0.1636892 0.15220222 0.033759599 0.98777267 8.9406083
17 0.98526175 0.0014107067 -0.17104773 -0.38807362 -0.007664033 0.99932579 -0.035904152 -0.17741559 0.17088178 0.036685907 0.98460837 9.2730356
18 0.98105762 0.001678743 -0.19370893 -0.47473383 -0.0093130663 0.99921486 -0.038507418 -0.19309275 0.19349221 0.039582025 0.98030307 9.6158173
19 0.97507191 0.0022930118 -0.22187731 -0.57324365 -0.011623977 0.99910137 -0.040757945 -0.21028514 0.22158449 0.042321029 0.97422242 9.9483355
20 0.96846881 0.0040288734 -0.24910233 -0.68698126 -0.015025937 0.99899355 -0.042261083 -0.22932981 0.24868137 0.044671541 0.9675547 10.291243
21 0.95954016 0.0048601897 -0.2815299 -0.81021287 -0.017863799 0.9988875 -0.043641015 -0.2466459 0.28100461 0.046904505 0.95855957 10.626617
22 0.94913477 0.0042348003 -0.31484169 -0.94345565 -0.019750685 0.99874115 -0.046107595 -0.26469058 0.31425012 0.049980666 0.94802367 10.958785
23 0.93731089 0.0024187291 -0.34848599 -1.0874358 -0.021297547 0.99850432 -0.050352993 -0.28360018 0.347843 0.054618311 0.93596056 11.285799
24 0.92298443 0.0033859633 -0.38482243 -1.2512122 -0.024917715 0.99838873 -0.050979763 -0.30467152 0.38402979 0.056642429 0.9215817 11.603522
25 0.90349082 0.0059094418 -0.42856673 -1.442445 -0.03010835 0.99830982 -0.049707929 -0.32758972 0.42754867 0.0578141 0.90214175 11.923645
26 0.88114698 0.010525877 -0.47272533 -1.660818 -0.036683751 0.99826067 -0.04614986 -0.35303403 0.47141738 0.058006154 0.88000058 12.240276
27 0.8561837 0.014888774 -0.51645699 -1.9010213 -0.04309976 0.99815886 -0.042675289 -0.37807713 0.51487078 0.058797065 0.85524912 12.554194
28 0.8258331 0.017626285 -0.56363911 -2.1546823 -0.048159148 0.9980642 -0.039350101 -0.4025837 0.56185446 0.059641001 0.82508338 12.848489
29 0.79440074 0.018140598 -0.60712306 -2.4208546 -0.05187526 0.99792801 -0.038059392 -0.42382045 0.60517474 0.061729083 0.79369586 13.136423
30 0.75633584 0.018801251 -0.65391333 -2.7020224 -0.055569622 0.99782045 -0.035584265 -0.44549534 0.65181912 0.063251377 0.75573221 13.401173
31 0.71574288 0.018938419 -0.69810708 -3.0128007 -0.059274381 0.99767244 -0.033706688 -0.46511742 0.6958439 0.065505193 0.71519956 13.662828
32 0.67548273 0.021577941 -0.73706005 -3.3423905 -0.063815549 0.997532 -0.029280675 -0.4833369 0.73460923 0.066814488 0.6751927 13.906853
33 0.63024637 0.024782884 -0.77599958 -3.6821886 -0.068716789 0.99734844 -0.023957921 -0.50190588 0.77334829 0.068423599 0.63027828 14.122598
34 0.58221258 0.025990596 -0.81262109 -4.0336127 -0.072423041 0.9971735 -0.01999514 -0.51777644 0.80980459 0.070493919 0.58244932 14.317096
35 0.5318247 0.027937968 -0.84639352 -4.3935943 -0.075728866 0.99702041 -0.01467374 -0.52728387 0.84346173 0.071900286 0.53235583 14.492701
36 0.48187488 0.029636348 -0.87573873 -4.7789234 -0.078513431 0.99686805 -0.0094664332 -0.53240507 0.87271548 0.073318895 0.48269256 14.657522
37 0.42967474 0.03244128 -0.9024008 -5.2425153 -0.08053647 0.99674843 -0.0025140633 -0.51668847 0.8993851 0.073756411 0.43089037 14.842314
38 0.37567366 0.037972949 -0.92597375 -5.6483314 -0.083818525 0.99645738 0.0068576586 -0.51376258 0.92295386 0.075037519 0.37752566 14.960058
39 0.32373042 0.041564296 -0.94523598 -6.0700877 -0.086243748 0.99617185 0.01426676 -0.50920099 0.94221054 0.076902117 0.32607582 15.062381
40 0.27107207 0.042973381 -0.96159932 -6.5386356 -0.087387433 0.99597605 0.019875394 -0.49782474 0.95858408 0.078644039 0.27373664 15.160464
41 0.2245245 0.043817725 -0.97348281 -6.96394 -0.088658076 0.99576383 0.024372484 -0.4858982 0.970427 0.0808349 0.22745819 15.222712
42 0.18088549 0.045293217 -0.98246068 -7.3748517 -0.089893583 0.99551892 0.029344491 -0.47545223 0.97938739 0.083008926 0.18414652 15.259062
43 0.1422385 0.045975755 -0.98876411 -7.7819855 -0.090544401 0.99533694 0.033256129 -0.466655 0.9856825 0.084796761 0.1457381 15.281943
44 0.11104774 0.045396322 -0.99277772 -8.1738143 -0.089979617 0.99531253 0.035447506 -0.46094146 0.98973337 0.085393402 0.11461196 15.300083
45 0.08202261 0.045140216 -0.99560769 -8.5725368 -0.089507559 0.99527039 0.037750889 -0.45468496 0.99260302 0.086017996 0.085675072 15.308648
46 0.063546892 0.044454426 -0.99698828 -9.024009 -0.089691379 0.99521899 0.038658709 -0.44361312 0.9939403 0.086964621 0.067230258 15.321579
47 0.04723794 0.041694295 -0.99801312 -9.4986707 -0.090590739 0.99518981 0.037288504 -0.42918798 0.99476729 0.088649322 0.050787837 15.331579
48 0.032747698 0.040657644 -0.99863636 -10.022967 -0.092839438 0.99497596 0.037464187 -0.41417477 0.99514245 0.091485981 0.036357808 15.338047
49 0.024502496 0.042396626 -0.99880037 -10.64931 -0.094670279 0.99470869 0.039900499 -0.39636032 0.99520713 0.093579056 0.028386548 15.345868
50 0.019138708 0.042571371 -0.99891012 -11.318894 -0.095746937 0.99457927 0.040552326 -0.37988129 0.99522174 0.094866474 0.023111043 15.349344
51 0.010770094 0.042207958 -0.99905081 -11.995521 -0.097070438 0.99443399 0.040966455 -0.35748974 0.99521928 0.096537097 0.014807294 15.351187
52 0.003842262 0.043411032 -0.99904992 -12.64422 -0.097448438 0.99431847 0.04283066 -0.33344788 0.9952332 0.097191297 0.0080507697 15.350871
53 -0.00238416 0.045053686 -0.99898174 -13.290847 -0.09826851 0.99413877 0.045069796 -0.30778859 0.99515712 0.09827591 0.0020571725 15.347253
54 -0.0070220984 0.045770312 -0.99892732 -13.916262 -0.099900131 0.99392223 0.046243242 -0.28835217 0.99497273 0.1001177 -0.0024069602 15.3409
55 -0.010398616 0.046102713 -0.99888259 -14.553058 -0.10183869 0.99369359 0.046923383 -0.25869182 0.99474661 0.10221284 -0.0056379995 15.332172
56 -0.010665736 0.047724968 -0.99880358 -15.236649 -0.10189267 0.99360919 0.04856483 -0.23205215 0.99473826 0.10228876 -0.0057347498 15.327366
57 -0.010359609 0.048457716 -0.99877152 -15.936374 -0.10202143 0.9935616 0.049263146 -0.20921513 0.99472829 0.10240646 -0.0053491851 15.320397
58 -0.0096118108 0.049124672 -0.99874642 -16.648394 -0.1020027 0.99353425 0.049849965 -0.18747607 0.99473772 0.10235399 -0.0045388149 15.3142
59 -0.0087716715 0.050341795 -0.99869354 -17.356478 -0.1021301 0.99346407 0.050975212 -0.17006734 0.99473241 0.10244382 -0.0035729285 15.306663
60 -0.0081839274 0.050416369 -0.99869477 -18.073614 -0.10199909 0.99347683 0.050988799 -0.15322989 0.99475087 0.10228325 -0.0029881191 15.300751
61 -0.0098847148 0.050010963 -0.99869977 -18.789996 -0.1020457 0.99348377 0.050759771 -0.13405515 0.99473064 0.10241477 -0.0047169007 15.288705
62 -0.0090741228 0.050928265 -0.9986611 -19.497077 -0.10294529 0.99334805 0.051592707 -0.11197275 0.99464567 0.10327563 -0.0037709378 15.279544
63 -0.0091001644 0.052117345 -0.99859952 -20.222031 -0.10397432 0.99317838 0.052781923 -0.091380188 0.99453839 0.10430904 -0.0036192217 15.270352
64 -0.0074499597 0.052154276 -0.99861127 -20.959074 -0.10462083 0.9931176 0.052647863 -0.073673415 0.99448432 0.10486777 -0.001942263 15.262272
65 -0.0039684344 0.052460878 -0.99861511 -21.691909 -0.10517983 0.99306177 0.052587118 -0.054813394 0.99444534 0.10524286 0.0015769253 15.25887
66 -0.0038274946 0.05324352 -0.99857424 -22.40749 -0.1059366 0.99294067 0.053349191 -0.036795167 0.99436556 0.10598976 0.0018399622 15.253384
67 -0.0032028118 0.053819613 -0.99854555 -23.1383 -0.10587548 0.99291983 0.05385599 -0.016454394 0.99437427 0.10589399 0.0025180421 15.252325
68 -0.0019602133 0.053674796 -0.99855656 -23.891555 -0.10586232 0.99293614 0.053580497 0.0072672671 0.9943789 0.10581455 0.0037357716 15.253059
69 -0.0014219945 0.054257378 -0.99852599 -24.649221 -0.1058943 0.99290441 0.054102719 0.031526479 0.99437641 0.10581515 0.0043336424 15.250884
70 -0.00090848203 0.054845123 -0.99849448 -25.438433 -0.10631566 0.99283047 0.054630743 0.058094191 0.99433205 0.10620524 0.0049289272 15.247301
71 0.0008701911 0.055318162 -0.99846841 -26.25941 -0.10659705 0.99278487 0.054910374 0.084408562 0.99430196 0.10638602 0.006760666 15.246951
72 0.0040513841 0.05612485 -0.99841555 -27.07002 -0.10705013 0.9927106 0.055369762 0.10818486 0.99424541 0.1066562 0.010030025 15.250321
73 0.007496017 0.055797327 -0.99841399 -27.872065 -0.10847127 0.99259579 0.054657776 0.12833679 0.99407136 0.10788953 0.013492923 15.252624
74 0.0091108964 0.055587667 -0.99841226 -28.634798 -0.1095273 0.99250169 0.054259111 0.14937731 0.99394207 0.10885906 0.015130948 15.256737
75 0.0088349851 0.055171996 -0.99843779 -29.364916 -0.11019869 0.99244879 0.053865926 0.16967658 0.99387035 0.10955064 0.014848153 15.259655
76 0.007747658 0.055095819 -0.99845103 -30.109304 -0.11061625 0.99240029 0.053903584 0.19087786 0.99383303 0.11002729 0.013783272 15.262712
77 0.0059551427 0.055519708 -0.99843985 -30.882308 -0.1110499 0.99231835 0.05451696 0.21293521 0.99379703 0.110552 0.012074856 15.264498
78 0.0043904229 0.055716103 -0.99843701 -31.661985 -0.11241271 0.99214539 0.054870696 0.23332936 0.99365194 0.11199611 0.010619136 15.263128
79 0.0019893779 0.055959502 -0.99843107 -32.415884 -0.11354566 0.9919885 0.055372171 0.25582741 0.99353082 0.11325737 0.0083273989 15.261367
80 -0.0016029121 0.056441415 -0.99840464 -33.124488 -0.11468765 0.99180758 0.0562526 0.28179348 0.99340035 0.11459486 0.0048833532 15.258629
81 -0.0047168833 0.055896448 -0.99842544 -33.838603 -0.11476208 0.99180941 0.056068224 0.30898728 0.99338185 0.11484586 0.0017365431 15.254862
82 -0.0069906357 0.056273717 -0.99839092 -34.56436 -0.11507701 0.99173675 0.056704415 0.33744432 0.99333201 0.11528825 -0.00045705972 15.247997
83 -0.0083296296 0.057549486 -0.99830792 -35.325688 -0.11473657 0.99169392 0.058125541 0.36483013 0.99336107 0.11502661 -0.0016574125 15.239384
84 -0.0065499787 0.057475067 -0.99832547 -36.13944 -0.11550211 0.99162134 0.057846905 0.38674769 0.99328568 0.11568761 0.00014339271 15.231521
85 -0.0057666632 0.058069879 -0.99829588 -36.98913 -0.11667293 0.99145502 0.058345915 0.41064644 0.99315369 0.11681058 0.0010577957 15.223718
86 -0.0068504346 0.05808624 -0.99828808 -37.838779 -0.11834066 0.99124893 0.058488736 0.43428439 0.99294946 0.11853875 8.3477617e-05 15.213596
87 -0.010368184 0.058191055 -0.99825164 -38.667967 -0.12017352 0.99099711 0.05901633 0.46049349 0.9926988 0.12057532 -0.0032818166 15.200788
88 -0.016275569 0.057681966 -0.99820235 -39.444782 -0.12197685 0.99076336 0.059240915 0.48789797 0.99239953 0.12272176 -0.0090893748 15.181688
89 -0.019242371 0.057616329 -0.99815335 -40.184135 -0.12302361 0.99061523 0.059552851 0.51488454 0.99221721 0.12394238 -0.011973618 15.165549
90 -0.022219812 0.057275928 -0.9981111 -40.918563 -0.12372028 0.99052593 0.059594901 0.54527139 0.99206837 0.12481078 -0.014923108 15.149372
91 -0.022320978 0.058527848 -0.99803622 -41.653285 -0.1239049 0.99042638 0.060852703 0.57724932 0.99204306 0.12501988 -0.0148554 15.133639
92 -0.021841632 0.060143685 -0.99795076 -42.401363 -0.12416334 0.99029773 0.062399956 0.6114244 0.99202141 0.12527183 -0.01416208 15.117925
93 -0.020553913 0.061104557 -0.99791974 -43.166517 -0.12408804 0.990257 0.063191163 0.64763728 0.99205835 0.12512874 -0.012771312 15.104656
94 -0.021146501 0.060965912 -0.99791583 -43.937047 -0.12394851 0.99027863 0.063125881 0.68294209 0.99206334 0.12502508 -0.013384296 15.08967
95 -0.025116704 0.056669449 -0.99807703 -44.804313 -0.12441404 0.99045269 0.05936744 0.7309414 0.99191248 0.12566592 -0.017826433 15.065269
96 -0.02275153 0.052819243 -0.99834489 -45.648664 -0.12740684 0.99030781 0.055297532 0.76018236 0.9915896 0.12845408 -0.015801487 15.042689
97 -0.017547502 0.053967284 -0.99838853 -46.44958 -0.131184 0.98978589 0.05580794 0.78168341 0.99120276 0.1319519 -0.010288627 15.024894
98 -0.016147682 0.054688709 -0.99837289 -47.210637 -0.13200553 0.98964619 0.056345735 0.80815818 0.99111748 0.13270061 -0.0087612805 15.009557
99 -0.018345921 0.055042556 -0.99831547 -47.946325 -0.13304765 0.98946916 0.05699981 0.83469184 0.99093987 0.13386925 -0.010829442 14.994597
100 -0.019054482 0.055549791 -0.9982741 -48.675203 -0.13302578 0.98943751 0.057597191 0.86048155 0.99092943 0.13389368 -0.011463666 14.981361
101 -0.020230008 0.056045089 -0.99822328 -49.406759 -0.13337892 0.98935175 0.058250057 0.88544865 0.99085866 0.13432035 -0.012539362 14.9662
102 -0.024150698 0.05910627 -0.99795953 -50.190353 -0.13328563 0.9891483 0.061809928 0.91707088 0.99078341 0.13450643 -0.016010607 14.949743
103 -0.030783268 0.060788498 -0.99767589 -51.019612 -0.13426995 0.9888503 0.06439365 0.95299168 0.99046658 0.13594015 -0.022277977 14.92343
104 -0.037041246 0.06187971 -0.99739605 -51.839658 -0.13560922 0.98853707 0.066366335 0.98820069 0.99006978 0.1377144 -0.028225188 14.890062
105 -0.039590535 0.060642328 -0.99737412 -52.689661 -0.13724686 0.988366 0.065542598 1.0197043 0.9897454 0.13948135 -0.030806972 14.852864
106 -0.036332757 0.06018487 -0.99752581 -53.502232 -0.13793425 0.98832884 0.06465394 1.0508902 0.9897748 0.13994204 -0.027607159 14.824317
107 -0.0322112 0.060392466 -0.99765486 -54.293751 -0.13876823 0.98823501 0.064302638 1.0783663 0.98980093 0.14051408 -0.023451682 14.798678
108 -0.027023489 0.06018418 -0.99782144 -55.1002 -0.13927237 0.98822388 0.063377139 1.107275 0.98988535 0.14068164 -0.018323265 14.778867
109 -0.024248275 0.05973458 -0.99791975 -55.887886 -0.14038677 0.98811831 0.062559107 1.1362307 0.9897998 0.14161169 -0.015574221 14.758375
110 -0.023073827 0.059657656 -0.9979522 -56.655295 -0.14129647 0.98800313 0.062329839 1.1653168 0.98969843 0.14244532 -0.014367599 14.73952
111 -0.025813799 0.059818536 -0.99787545 -57.373886 -0.14211603 0.98784982 0.062893905 1.1934807 0.98951339 0.14343765 -0.016998985 14.718671
112 -0.028542366 0.060007714 -0.99778978 -58.051586 -0.1433675 0.98763033 0.063497829 1.2217507 0.98925789 0.14486302 -0.019586152 14.697735
113 -0.030995587 0.059043096 -0.99777413 -58.748737 -0.14372849 0.98761568 0.062906858 1.2508541 0.98913167 0.14535841 -0.022125556 14.675202
114 -0.032812323 0.05951324 -0.99768811 -59.44474 -0.14427792 0.98748795 0.063649853 1.2796716 0.98899308 0.14603288 -0.023815329 14.648806
115 -0.035134668 0.060747764 -0.99753461 -60.159905 -0.14474227 0.98731729 0.06522359 1.3084505 0.98884544 0.14667705 -0.025896299 14.620716
116 -0.036040143 0.06059647 -0.99751151 -60.886827 -0.14638508 0.98707323 0.065251269 1.3358832 0.98857098 0.14837248 -0.026703844 14.590267
117 -0.033068934 0.060680058 -0.99760935 -61.593304 -0.14774647 0.98689185 0.064925687 1.3612772 0.98847231 0.14954029 -0.023670199 14.566044
118 -0.027877941 0.06064552 -0.99777 -62.294553 -0.14829903 0.98686126 0.064125985 1.386208 0.98854959 0.14975604 -0.01851799 14.548681
119 -0.018821231 0.060423004 -0.99799542 -62.974434 -0.14826497 0.98696742 0.062551455 1.4032175 0.98876859 0.14914507 -0.0096173278 14.538294
120 -0.0091886731 0.060615726 -0.9981189 -63.621903 -0.14930546 0.98688858 0.061308213 1.4190231 0.98874846 0.14958795 -1.7938041e-05 14.53172
121 0.0013855046 0.060038271 -0.99819513 -64.224872 -0.15054148 0.98683277 0.059145907 1.4300658 0.98860276 0.15018783 0.010405512 14.535674
122 0.015359624 0.060516422 -0.99804903 -64.796617 -0.15331404 0.98650564 0.057457041 1.439296 0.98805818 0.15213243 0.024430375 14.54571
123 0.031270859 0.059647673 -0.99772958 -65.306633 -0.15567875 0.98632583 0.054086631 1.4540774 0.98731268 0.15363397 0.040129134 14.568094
124 0.052628456 0.060567275 -0.99677574 -65.861484 -0.15730835 0.9861995 0.051618953 1.4697062 0.98614624 0.15408454 0.0614299 14.610351
125 0.079890962 0.05993045 -0.9950004 -66.404524 -0.15868564 0.9862259 0.046660698 1.4814223 0.98409165 0.15416452 0.088300645 14.672671
126 0.11273053 0.057526873 -0.99195893 -66.880331 -0.1582146 0.98662478 0.039237332 1.4839302 0.98094854 0.15251915 0.12032434 14.753558
127 0.14920344 0.05490629 -0.98728094 -67.350684 -0.15811126 0.98693474 0.030992375 1.4830515 0.97608362 0.15147608 0.15593537 14.853023
128 0.18787205 0.052836448 -0.98077135 -67.767697 -0.15881834 0.98704557 0.022751944 1.4798495 0.96926823 0.15149004 0.19382968 14.960833
129 0.22793003 0.050899047 -0.97234624 -68.167299 -0.1582597 0.98728976 0.01458325 1.4717903 0.96072985 0.15055928 0.23308827 15.087627
130 0.27335776 0.048171966 -0.96070548 -68.563533 -0.15601134 0.98774185 0.0051363864 1.4613054 0.94917652 0.14847689 0.2775223 15.239504
131 0.3159872 0.044707196 -0.94770955 -68.938297 -0.15344618 0.98814648 -0.0045475643 1.4470905 0.93627263 0.14685939 0.31910181 15.404407
132 0.3593289 0.042312352 -0.93225127 -69.30152 -0.15158509 0.98835102 -0.013568713 1.4298575 0.92081744 0.14619104 0.36155704 15.584302
133 0.40229246 0.040772427 -0.91460287 -69.677558 -0.14933933 0.98854958 -0.021618697 1.4105461 0.90324891 0.14528323 0.40377501 15.795059
134 0.44346963 0.037805587 -0.89549174 -70.052813 -0.1462231 0.98877605 -0.03066946 1.3844169 0.88428138 0.14454257 0.44402024 16.023177
135 0.49058576 0.032994168 -0.87076806 -70.420571 -0.14044498 0.98921226 -0.041643778 1.3536443 0.86000051 0.14272486 0.48992736 16.27979
136 0.53768644 0.026472757 -0.8427292 -70.787613 -0.13333988 0.98959871 -0.053988447 1.3159773 0.83253458 0.14139828 0.53562373 16.563774
137 0.58204004 0.023872199 -0.81280966 -71.09424 -0.12804307 0.9897897 -0.062619501 1.2804495 0.80301583 0.14052171 0.57915396 16.834696
138 0.62099122 0.02152072 -0.78352204 -71.395508 -0.12362545 0.98980036 -0.07079457 1.2424023 0.77400692 0.14082609 0.6173179 17.1221
139 0.65818312 0.018303806 -0.75263535 -71.673128 -0.11829607 0.98980044 -0.079378893 1.1969445 0.74350593 0.14127966 0.65363527 17.414327
140 0.68850639 0.014991437 -0.72507534 -71.927553 -0.1131441 0.98976456 -0.086973646 1.150548 0.71635007 0.14191992 0.68315547 17.703904
141 0.71797771 0.013623983 -0.69593278 -72.199748 -0.1085041 0.989777 -0.092564717 1.0991173 0.68755721 0.14197097 0.71211614 18.03669
142 0.74540034 0.011312009 -0.66652111 -72.463839 -0.10352115 0.9896904 -0.098975587 1.0434222 0.65852999 0.14277548 0.73888666 18.383185
143 0.77235728 0.0091936811 -0.63512183 -72.77682 -0.097304459 0.98980571 -0.10400186 0.97383112 0.6276911 0.14212679 0.76537829 18.810417
144 0.79908075 0.006832176 -0.60118492 -73.103119 -0.090456429 0.98991935 -0.10898259 0.89414671 0.59438004 0.14146694 0.79164357 19.288848
145 0.82575315 0.0064940713 -0.56399432 -73.395889 -0.085037613 0.98993709 -0.11310638 0.81676522 0.55758442 0.14135869 0.81799597 19.75927
146 0.85394985 0.0054567126 -0.52032674 -73.67379 -0.078227222 0.98992705 -0.1180035 0.73675685 0.51444164 0.1414728 0.84577498 20.260551
147 0.8777078 0.0053911946 -0.47916593 -73.910997 -0.073042812 0.98975718 -0.12265954 0.66118035 0.47359668 0.14265887 0.86911145 20.732165
148 0.89818258 0.0058674355 -0.43958351 -74.127639 -0.068285638 0.98963694 -0.12631579 0.58657056 0.43428697 0.1434719 0.88927539 21.2134
149 0.91396955 0.0057513639 -0.40574206 -74.32874 -0.063559212 0.98958657 -0.12914538 0.50731055 0.40077416 0.1438236 0.90481762 21.70696
150 0.92783583 0.0062838992 -0.37293595 -74.522469 -0.059524842 0.98953804 -0.13141968 0.42409244 0.36820851 0.14413486 0.91850297 22.228056
151 0.93892876 0.0079596643 -0.34401956 -74.709861 -0.057210405 0.98942964 -0.13325105 0.33577802 0.33932254 0.14479475 0.9294594 22.766277
152 0.94776968 0.0094212911 -0.31881641 -74.889182 -0.0549522 0.98943998 -0.13412179 0.24273987 0.31418612 0.14463624 0.93827902 23.323951
153 0.95442042 0.01048523 -0.29828133 -75.059693 -0.053105758 0.98940163 -0.13514462 0.15026072 0.29370304 0.14482525 0.94486202 23.887717
154 0.96003855 0.0098085336 -0.2796959 -75.221262 -0.049760887 0.98944418 -0.13610272 0.049306014 0.27540854 0.14458179 0.95039272 24.473773
155 0.96446225 0.009473505 -0.26405087 -75.382463 -0.047158212 0.98948267 -0.13674807 -0.057005801 0.25997829 0.14434053 0.95476551 25.082872
156 0.96787904 0.0093625707 -0.251242 -75.538911 -0.045074403 0.98957718 -0.13676688 -0.16486443 0.24734288 0.14369839 0.9582131 25.699728
157 0.97124613 0.0096321042 -0.23788277 -75.691304 -0.043181547 0.98973569 -0.1362296 -0.27648073 0.23412891 0.14258463 0.96169296 26.328815
158 0.97412423 0.0098265077 -0.2257996 -75.838685 -0.04160039 0.98978068 -0.13639466 -0.38681535 0.22215182 0.14225871 0.9645782 26.970903
159 0.9768326 0.009905702 -0.21377555 -75.977882 -0.039899294 0.98984297 -0.13645079 -0.49763561 0.2102526 0.14181909 0.96730619 27.619519
160 0.97993983 0.010308829 -0.19902684 -76.105892 -0.038061638 0.98996001 -0.1361263 -0.60927084 0.19562533 0.14097089 0.9704937 28.263567
161 0.9830797 0.010900246 -0.18285384 -76.222619 -0.036283026 0.99003714 -0.13605106 -0.71740165 0.17954911 0.14038354 0.97368098 28.914215
162 0.98592066 0.010901189 -0.16685817 -76.33225 -0.033933903 0.99015247 -0.13581773 -0.8296704 0.16373447 0.13956767 0.97658178 29.592258
163 0.98725534 0.011180681 -0.15875114 -76.442764 -0.033066007 0.99017096 -0.13589702 -0.9364996 0.15567136 0.13941434 0.97792134 30.27891
164 0.98806002 0.011732526 -0.15362218 -76.557789 -0.032885074 0.99017847 -0.13588619 -1.0484921 0.1505191 0.1393156 0.97874166 31.002443
165 0.9885969 0.012397385 -0.15007496 -76.671816 -0.033009436 0.99020728 -0.13564585 -1.1620314 0.14692368 0.13905297 0.97932517 31.726857
166 0.98903006 0.012667366 -0.14717036 -76.784826 -0.032792057 0.99028419 -0.13513616 -1.2782544 0.14402868 0.13847976 0.9798363 32.448037
167 0.98949794 0.013331731 -0.14393095 -76.898619 -0.033076987 0.99020037 -0.13567983 -1.4030337 0.14071164 0.13901573 0.98024229 33.179142
168 0.99021597 0.013839741 -0.13885544 -77.004303 -0.032830124 0.99024377 -0.13542282 -1.5245504 0.13562653 0.1386565 0.98100963 33.894373
169 0.99117421 0.014166644 -0.13180679 -77.101687 -0.032049966 0.99038619 -0.13456555 -1.6444714 0.12863329 0.13760231 0.98209936 34.603316
170 0.99185778 0.013730553 -0.12660828 -77.192651 -0.030874026 0.99043827 -0.13445707 -1.7621149 0.12355152 0.13727121 0.9827979 35.308603
171 0.99205842 0.013714644 -0.1250281 -77.282658 -0.030671796 0.99040736 -0.13473076 -1.8738337 0.12198097 0.13749564 0.9829627 35.989129
172 0.99210185 0.01349064 -0.12470743 -77.370324 -0.030478041 0.99033114 -0.13533371 -1.9835905 0.12167593 0.13806568 0.9829206 36.660023
173 0.99197458 0.014087864 -0.12565026 -77.457388 -0.031250584 0.99025866 -0.1356874 -2.0878911 0.12251472 0.13852511 0.98275176 37.312287
174 0.9920288 0.014965346 -0.12511964 -77.54559 -0.032042407 0.99024376 -0.13561142 -2.1889918 0.12186948 0.13853958 0.98282994 37.966151
175 0.99213791 0.015724689 -0.12415767 -77.634452 -0.032543089 0.99036272 -0.13461985 -2.2946589 0.12084429 0.13760194 0.98308822 38.640793
176 0.99214982 0.016088766 -0.12401578 -77.728468 -0.032725706 0.9905341 -0.1333083 -2.4035328 0.12069711 0.13632032 0.98328483 39.330838
177 0.99224404 0.016516431 -0.12320305 -77.825224 -0.03307609 0.99048274 -0.13360314 -2.5220409 0.11982386 0.13664201 0.98334698 40.065369
178 0.99233208 0.017630276 -0.12233665 -77.921413 -0.033973097 0.99055766 -0.13282029 -2.6420328 0.11883986 0.135958 0.98356118 40.783078
179 0.99229911 0.018022426 -0.12254676 -78.018612 -0.034436099 0.99049445 -0.133172 -2.7646192 0.11898181 0.1363665 0.98348746 41.514964
180 0.99224112 0.018562342 -0.12293502 -78.11284 -0.035027857 0.99047474 -0.13316425 -2.8829269 0.11929221 0.1364372 0.98344005 42.230035
181 0.9923413 0.018661862 -0.12210857 -78.20461 -0.03493865 0.99056042 -0.13254897 -2.9980987 0.11848232 0.13580014 0.98362612 42.944329
182 0.99256084 0.018994127 -0.12025906 -78.297172 -0.034922372 0.99066579 -0.13176344 -3.1141166 0.11663381 0.13498298 0.98395946 43.66815
183 0.99258909 0.01906794 -0.12001391 -78.390781 -0.034842505 0.99080298 -0.13074917 -3.228174 0.11641703 0.1339618 0.98412468 44.388279
184 0.99256515 0.019825691 -0.12008914 -78.483948 -0.035441952 0.99096719 -0.1293359 -3.3404985 0.11644023 0.13263051 0.98430224 45.102033
185 0.99261793 0.020734257 -0.119498 -78.575108 -0.03611539 0.99111303 -0.1280255 -3.452627 0.11578152 0.13139614 0.98454546 45.808664
186 0.99252734 0.021687819 -0.12007977 -78.664501 -0.037066815 0.99116332 -0.12736249 -3.5608807 0.11625646 0.13086173 0.98456067 46.504425
187 0.99234519 0.022056066 -0.12150958 -78.75595 -0.037477179 0.99130549 -0.12612997 -3.6687414 0.11767119 0.12971832 0.98454392 47.204238
188 0.99220731 0.023219608 -0.12241544 -78.849551 -0.038646034 0.99137951 -0.12519201 -3.7737274 0.11845326 0.12894731 0.98455142 47.897543
189 0.99189546 0.024060717 -0.12475777 -78.940354 -0.039734449 0.99139708 -0.12471124 -3.8728355 0.12068386 0.12865771 0.98431838 48.576765
190 0.99163702 0.024866249 -0.12664015 -79.033808 -0.040688578 0.99145635 -0.1239299 -3.9729743 0.12247652 0.1280463 0.98417667 49.262414
191 0.99160576 0.025544699 -0.12674982 -79.126737 -0.041273049 0.99154039 -0.12306126 -4.0706887 0.12253401 0.12725962 0.98427155 49.9483
192 0.99154674 0.025245424 -0.12727039 -79.231404 -0.041118104 0.9914702 -0.12367713 -4.1730384 0.12306253 0.12786479 0.98412717 50.7313
193 0.9915627 0.025874064 -0.12701961 -79.344322 -0.041758298 0.99139916 -0.12403162 -4.284722 0.12271794 0.12828926 0.98411496 51.565221
194 0.99156461 0.026545682 -0.12686601 -79.459685 -0.042374555 0.99140837 -0.12374866 -4.4004377 0.12249104 0.1280807 0.98417039 52.411984
195 0.9916969 0.027942805 -0.12552484 -79.57473 -0.043547733 0.99140724 -0.12334972 -4.5226257 0.12099951 0.12779186 0.98439242 53.261203
196 0.99192774 0.027945272 -0.12368694 -79.679615 -0.043316553 0.99141249 -0.12338893 -4.6447321 0.11917665 0.12775061 0.98462012 54.078381
197 0.99202328 0.026687397 -0.12319749 -79.782809 -0.042041478 0.99142034 -0.1237663 -4.7608325 0.1188375 0.12795847 0.98463412 54.885693
198 0.99204762 0.025903356 -0.12316887 -79.888109 -0.041259133 0.9914481 -0.1238072 -4.8779971 0.11890853 0.12790449 0.98463256 55.7052
199 0.9921229 0.025534152 -0.12263846 -79.989909 -0.040711633 0.99158419 -0.12289523 -4.9943377 0.11846835 0.12692 0.984813 56.501628
200 0.991909 0.026669639 -0.12411807 -80.097679 -0.041974688 0.99159524 -0.12238012 -5.110677 0.11981107 0.12659977 0.98469177 57.348997
201 0.99183252 0.027970016 -0.1244426 -80.212362 -0.043332378 0.99152064 -0.12251122 -5.2334575 0.11996077 0.12690302 0.98463451 58.243906
202 0.99157197 0.028984654 -0.12627328 -80.325614 -0.044616558 0.99143001 -0.12278349 -5.3555613 0.1216323 0.12738255 0.98436749 59.121614
203 0.99182179 0.029069496 -0.12427603 -80.440221 -0.044465574 0.99141387 -0.1229684 -5.4837887 0.11963437 0.12748875 0.98459855 60.020278
204 0.99199752 0.028853031 -0.12291648 -80.551966 -0.044083201 0.99142076 -0.12305049 -5.6091624 0.11831158 0.12748434 0.98475895 60.905995
205 0.99222096 0.029274594 -0.12099835 -80.663546 -0.044284518 0.99138221 -0.12328859 -5.7411112 0.1163464 0.12768789 0.9849667 61.782444
206 0.9921859 0.030501346 -0.12098277 -80.777266 -0.045506893 0.99132823 -0.12327751 -5.8720654 0.11617351 0.12781976 0.98497 62.663121
207 0.99202156 0.032059665 -0.12192385 -80.885953 -0.047178302 0.99125823 -0.12321205 -5.9957472 0.11690789 0.12798118 0.98486214 63.491022
208 0.99177799 0.033940012 -0.12338768 -80.992798 -0.049241729 0.99116402 -0.12316259 -6.1108457 0.1181173 0.12822578 0.98468601 64.281717
209 0.99155453 0.035343201 -0.1247818 -81.097332 -0.050804734 0.9911067 -0.12298894 -6.2241955 0.11932527 0.12828976 0.98453202 65.05845
210 0.99143821 0.036319598 -0.12542405 -81.199619 -0.051760319 0.991163 -0.12213382 -6.334747 0.11987983 0.12758013 0.98455686 65.814365
211 0.99167197 0.036120475 -0.12362053 -81.300318 -0.051268081 0.99124979 -0.121636 -6.4480043 0.11814528 0.12696082 0.98484655 66.596127
212 0.9920962 0.035085227 -0.1204748 -81.403173 -0.049853659 0.99129572 -0.12184948 -6.5710564 0.11515104 0.12689253 0.98520993 67.417534
213 0.99257651 0.033735882 -0.11684946 -81.504434 -0.048080759 0.99133895 -0.12220972 -6.6971332 0.11171457 0.12692072 0.98560188 68.253907
214 0.99306199 0.033047242 -0.11285296 -81.599352 -0.04690113 0.99137151 -0.12240385 -6.8223396 0.10783411 0.12684755 0.9860434 69.06979
215 0.99322409 0.033478614 -0.11128845 -81.691931 -0.047122082 0.9913711 -0.12232228 -6.9405386 0.10623299 0.12673759 0.98623132 69.854499
216 0.99324107 0.034337196 -0.11087458 -81.783271 -0.047933226 0.99132382 -0.12239026 -7.0535647 0.10571008 0.12687762 0.9862695 70.614847
217 0.99335595 0.035600196 -0.1094377 -81.870478 -0.048805137 0.99151794 -0.12045795 -7.1593455 0.10422113 0.12499875 0.9866678 71.337616
218 0.99265716 0.037641074 -0.11495624 -81.971193 -0.051349472 0.99159909 -0.11871967 -7.2722583 0.10952178 0.12375089 0.98625087 72.174106
219 0.99216675 0.039068895 -0.11865409 -82.083473 -0.05309116 0.99166235 -0.11741806 -7.3965833 0.11307741 0.12279778 0.9859687 73.069851
220 0.99167425 0.041062556 -0.12204946 -82.197408 -0.055339684 0.9917071 -0.11599324 -7.5136812 0.11627435 0.1217817 0.98572287 73.915939
221 0.99092898 0.043273027 -0.12722905 -82.312345 -0.057973108 0.99176382 -0.11420829 -7.6296844 0.12123904 0.12054817 0.98527626 74.736906
222 0.99033774 0.044531499 -0.13133219 -82.423193 -0.059812312 0.99158569 -0.11480501 -7.7410838 0.12511469 0.12155102 0.98466834 75.501583
223 0.99035705 0.045497367 -0.13085463 -82.534486 -0.060662498 0.99158687 -0.11434782 -7.851425 0.12455122 0.12118315 0.98478511 76.265849
224 0.99004348 0.046895329 -0.13272062 -82.652923 -0.062089301 0.99168007 -0.11276278 -7.967998 0.12632836 0.1198806 0.98471817 77.09576
225 0.98953039 0.048283812 -0.13600851 -82.778501 -0.063643738 0.99178594 -0.11095046 -8.0852309 0.12953423 0.11844495 0.98447537 77.943915
226 0.98874486 0.049772227 -0.14108991 -82.913564 -0.06574052 0.9916574 -0.11087685 -8.2069311 0.13439428 0.11890425 0.98376828 78.823705
227 0.98803935 0.049930272 -0.14589463 -83.037035 -0.066343303 0.99172692 -0.10989164 -8.3147768 0.13920073 0.1182564 0.98317784 79.635656
228 0.98754744 0.049677861 -0.1492722 -83.1557 -0.066485289 0.99172726 -0.10980269 -8.4162428 0.14258256 0.11835978 0.98268065 80.383805
229 0.98714073 0.050473997 -0.1516759 -83.275214 -0.067579214 0.99165099 -0.10982368 -8.5105595 0.14486633 0.11866158 0.98231016 81.105845
230 0.98675653 0.0505421 -0.1541333 -83.393207 -0.067963833 0.99161167 -0.10994133 -8.6014629 0.14728372 0.11896083 0.98191441 81.82389
231 0.98638181 0.050491714 -0.15652969 -83.509181 -0.067966115 0.99178409 -0.10837345 -8.6918937 0.14977171 0.11753632 0.98170959 82.545614
232 0.9864487 0.048698852 -0.15667613 -83.625739 -0.066086614 0.99197833 -0.10775636 -8.7876433 0.15017173 0.11665033 0.98175416 83.282453
233 0.98688449 0.047825959 -0.15418077 -83.741775 -0.064937394 0.9920354 -0.10792957 -8.8857699 0.14779095 0.11652612 0.98213012 84.027899
234 0.98699129 0.047687727 -0.15353862 -83.860979 -0.064738802 0.99203609 -0.10804245 -8.9805431 0.14716356 0.11657687 0.9822183 84.772981
235 0.98703596 0.04689261 -0.15349632 -83.983471 -0.063927979 0.99209346 -0.10799845 -9.0790354 0.14721838 0.11641107 0.98222975 85.534329
236 0.98691656 0.047035074 -0.15421881 -84.105446 -0.064113526 0.99211307 -0.10770794 -9.1809851 0.14793646 0.11618627 0.98214848 86.280206
237 0.98609804 0.048200156 -0.1590202 -84.228519 -0.065763528 0.9920707 -0.10710165 -9.2763169 0.15259697 0.11607047 0.98144887 86.989739
238 0.9858809 0.048639319 -0.16022825 -84.348702 -0.066352072 0.99202957 -0.10711968 -9.3718281 0.15374095 0.11623873 0.9812504 87.703637
239 0.98577546 0.048620126 -0.16088148 -84.468236 -0.066238657 0.99215453 -0.10602691 -9.4618763 0.15446426 0.11517531 0.98126221 88.411851
240 0.98518375 0.048610565 -0.16446894 -84.595894 -0.066431751 0.99228771 -0.10465086 -9.5516102 0.15811338 0.11402629 0.98081509 89.14459
241 0.98398961 0.049178694 -0.17130657 -84.734931 -0.067582786 0.99235013 -0.10331347 -9.6457634 0.16491529 0.11323677 0.97978592 89.903262
242 0.98266852 0.048903145 -0.17880461 -84.885798 -0.068144766 0.99233347 -0.10310411 -9.7456113 0.1723917 0.11350177 0.97846744 90.713719
243 0.98103628 0.049235473 -0.18746658 -85.055011 -0.069381573 0.99231395 -0.10246517 -9.8537308 0.1809808 0.11352878 0.9769121 91.560993
244 0.97961607 0.051167547 -0.19425312 -85.256969 -0.07269877 0.99177106 -0.10537999 -9.9661367 0.18726261 0.1173539 0.97527476 92.513302
245 0.97944506 0.052918996 -0.19464577 -85.493375 -0.075395946 0.99107433 -0.10994089 -10.116065 0.18709048 0.12235658 0.97469282 93.604032
246 0.97914111 0.061185908 -0.19374983 -85.672317 -0.083223662 0.99069138 -0.10772324 -10.229115 0.18535515 0.12160083 0.97511885 94.479803
247 0.9791617 0.068782262 -0.19107956 -85.863133 -0.090334789 0.99020404 -0.10646818 -10.343981 0.18188464 0.12151071 0.97578338 95.355106
248 0.97700523 0.069162024 -0.20168647 -86.032215 -0.091969548 0.99010467 -0.10599168 -10.44566 0.19236013 0.12210345 0.97369831 96.144023
249 0.97479635 0.07015268 -0.21177984 -86.209934 -0.094040178 0.99002574 -0.10490642 -10.547521 0.20230804 0.12217822 0.97167073 96.916744
250 0.97204614 0.071273579 -0.22371054 -86.407344 -0.096544854 0.98986674 -0.1041288 -10.656547 0.21402201 0.12281611 0.96907732 97.718609
251 0.9698475 0.072623564 -0.23264067 -86.607624 -0.098995002 0.9896642 -0.10375277 -10.762538 0.22270127 0.12365464 0.9670128 98.502216
252 0.9681271 0.073896378 -0.23930999 -86.80598 -0.10109332 0.98948589 -0.10342971 -10.863007 0.22915079 0.12432576 0.96541861 99.263877
253 0.96705788 0.074342272 -0.24345905 -87.000486 -0.10204237 0.98941213 -0.10320311 -10.959006 0.233209 0.12464653 0.96440494 100.01188
254 0.96609001 0.074578831 -0.24720057 -87.184285 -0.10272088 0.98936725 -0.10295997 -11.042537 0.23689353 0.12486127 0.96347869 100.71858
255 0.96481055 0.074929726 -0.25204399 -87.376286 -0.10349699 0.98938069 -0.10204949 -11.127142 0.24172094 0.12454423 0.96232001 101.44694
256 0.96293137 0.075549108 -0.25895083 -87.580819 -0.10464083 0.98942398 -0.10045087 -11.21316 0.24862321 0.12382413 0.96065299 102.18801
257 0.96146948 0.076209598 -0.26413741 -87.806672 -0.10572457 0.98941772 -0.099371861 -11.311958 0.25376916 0.12346884 0.95935225 102.99501
258 0.95891018 0.077006362 -0.27305917 -88.027252 -0.10729662 0.98940804 -0.097770414 -11.404805 0.26263802 0.12305138 0.95701604 103.73504
259 0.95746466 0.078135807 -0.27777015 -88.244187 -0.10818771 0.98962479 -0.094541409 -11.497923 0.26750118 0.12057139 0.95598417 104.46915
260 0.95451387 0.080125736 -0.28719882 -88.459027 -0.11085793 0.98953442 -0.092368968 -11.572367 0.27679201 0.12000574 0.95340699 105.18437
261 0.95218843 0.081791656 -0.29435922 -88.673903 -0.11294144 0.98948059 -0.090400686 -11.633876 0.28386873 0.11932385 0.95140971 105.86886
262 0.95054158 0.083172299 -0.29925425 -88.907482 -0.11532869 0.98911143 -0.09142073 -11.702663 0.28839215 0.12141182 0.94978377 106.58268
263 0.94856548 0.083678279 -0.30532196 -89.156083 -0.11647041 0.98903611 -0.090786035 -11.776966 0.29437764 0.12167748 0.94791164 107.33873
264 0.94701249 0.084197319 -0.30996482 -89.412486 -0.11718491 0.98908185 -0.089357009 -11.856732 0.29905698 0.12094541 0.94653959 108.107
265 0.94655595 0.084973758 -0.31114519 -89.670886 -0.11807501 0.9889984 -0.089108551 -11.947498 0.30015023 0.12108471 0.94617567 108.87349
266 0.94565376 0.086576792 -0.31343812 -89.924607 -0.11939697 0.9890239 -0.087040088 -12.030328 0.30246217 0.11973336 0.94561125 109.62122
267 0.94245725 0.088182305 -0.32248759 -90.172727 -0.12160384 0.98893555 -0.084963915 -12.115593 0.31142715 0.1192906 0.94275286 110.33141
268 0.9391453 0.090736541 -0.33132012 -90.448455 -0.12442567 0.98884444 -0.081882913 -12.198139 0.32019431 0.11812469 0.93995864 111.06639
269 0.93827026 0.097456493 -0.33189031 -90.849785 -0.13042178 0.98834678 -0.078489997 -12.328429 0.32037339 0.11693057 0.94004692 112.12675
270 0.93739294 0.1024602 -0.33286094 -91.156178 -0.13499843 0.98792062 -0.076079914 -12.405486 0.32104505 0.11625249 0.93990186 112.95054
271 0.93482733 0.1021356 -0.34009736 -91.538973 -0.13396978 0.98840901 -0.071411504 -12.502839 0.32886167 0.11232021 0.93767492 113.9868
272 0.93239498 0.10224518 -0.34667788 -91.846862 -0.13390108 0.98862045 -0.068556493 -12.567817 0.33572329 0.11034228 0.93547556 114.78758
273 0.92897069 0.10306402 -0.35551553 -92.145922 -0.13541521 0.98850215 -0.067276279 -12.631928 0.34449413 0.11063991 0.93224604 115.54799
274 0.92709073 0.10398955 -0.36012356 -92.444751 -0.13677987 0.98835164 -0.066724628 -12.70179 0.34899008 0.11111745 0.9305154 116.28533
275 0.92537148 0.10480657 -0.36428454 -92.748255 -0.13802258 0.98820755 -0.06629848 -12.773792 0.35304025 0.11163022 0.92892484 117.03208
276 0.9240998 0.10568783 -0.36724607 -93.04829 -0.13930123 0.98803596 -0.066181424 -12.844976 0.35585778 0.11231608 0.92776636 117.76242
277 0.92429938 0.1060472 -0.3666397 -93.341949 -0.13981789 0.98792591 -0.066732584 -12.91952 0.35513609 0.11294368 0.92796668 118.48392
278 0.92328256 0.10675364 -0.36898916 -93.609875 -0.14042125 0.98792001 -0.065542422 -12.98383 0.35753491 0.11232811 0.92711987 119.14347
279 0.92346381 0.10676307 -0.36853258 -93.874854 -0.14054599 0.98787222 -0.065993808 -13.048588 0.35701742 0.11273868 0.92726945 119.79968
280 0.92374118 0.10718509 -0.36771405 -94.143713 -0.14094251 0.98780674 -0.066128134 -13.111182 0.3561425 0.11291183 0.92758478 120.46014
281 0.92193505 0.10820394 -0.37192431 -94.418238 -0.14195117 0.98776996 -0.064500102 -13.167913 0.36039653 0.11226 0.9260195 121.12021
282 0.92775072 0.1071859 -0.35747702 -95.413288 -0.14070022 0.9876434 -0.069020634 -13.423725 0.34566181 0.11433105 0.93136803 123.74061
283 0.9306436 0.11125178 -0.34860517 -96.334953 -0.14525287 0.98670676 -0.072878358 -13.643995 0.33586326 0.11845969 0.93443205 126.16154
284 0.94359312 0.10248181 -0.31484844 -97.045228 -0.13577675 0.98703061 -0.085645415 -13.830582 0.30198797 0.12356353 0.94527001 128.18961
285 0.94318619 0.094821535 -0.31844734 -97.34812 -0.13158756 0.98664971 -0.095952855 -13.921599 0.3050976 0.13240513 0.9430718 129.07727
286 0.94264098 0.094401688 -0.32018171 -97.56642 -0.13133149 0.98670523 -0.095732545 -13.995216 0.30688768 0.13229137 0.94250678 129.71611
287 0.9413269 0.093904008 -0.32416929 -97.785721 -0.13104942 0.98684447 -0.094677999 -14.072104 0.31101405 0.13160516 0.94124939 130.35561
288 0.94117656 0.094479377 -0.32443852 -98.001598 -0.13131291 0.98691879 -0.093531307 -14.149056 0.31135772 0.13063245 0.94127127 130.96802
