4 0.99996927 0.0076751678 0.0015972847 -0.013854824 -0.0076673716 0.99995894 -0.0048311013 -0.01128883 -0.0016342986 0.0048187059 0.99998705 0.33460963
5 0.99999106 0.00031330483 -0.0042168037 -0.00094370429 -0.000320932 0.99999831 -0.0018082 0.0013856703 0.0042162301 0.0018095371 0.99998947 0.29972292
6 0.99998286 0.00059270535 0.0058242069 0.00058617988 -0.00058869095 0.99999959 -0.00069095143 -0.0026811606 -0.005824614 0.00068751093 0.9999828 0.24430823
7 0.99986538 0.00044733391 -0.016401752 -0.011144001 -0.00045991033 0.9999996 -0.00076300887 0.0012677598 0.016401404 0.00077044949 0.99986519 0.29284767
8 0.99992402 -3.8506338e-05 -0.01232673 -0.012637832 2.280544e-05 0.99999919 -0.0012738658 -0.0016455202 0.012326769 0.0012734879 0.99992321 0.26621779
9 0.99998937 2.795284e-05 -0.0046115653 -0.0027273354 -4.1469045e-05 0.9999957 -0.002930867 0.00055176005 0.0046114635 0.002931027 0.99998507 0.23435987
10 0.99999982 4.7613739e-05 0.00059301497 -0.00015632625 -4.6788021e-05 0.99999903 -0.0013923425 0.0014164266 -0.00059308069 0.0013923145 0.99999885 0.2513127
11 0.99992599 -0.0010678629 -0.012118995 -0.00814083 0.0010429916 0.99999734 -0.0020583976 -0.00099075662 0.012121161 0.0020456052 0.99992444 0.25098524
12 0.99972297 -0.0014681497 -0.023491123 -0.017804287 0.0013889136 0.99999329 -0.0033889804 -0.0043835972 0.023495941 0.0033554144 0.9997183 0.2536533
13 0.9997739 -0.0013538645 -0.02122066 -0.018049131 0.0012646575 0.99999031 -0.0042166345 -0.004947497 0.021226163 0.0041888442 0.99976592 0.28057317
14 0.99981082 -0.00059564377 -0.01944118 -0.019745485 0.00050993412 0.99999013 -0.0044133246 -0.0038636031 0.019443617 0.0044025759 0.99980126 0.31687606
15 0.99974312 0.00099034189 -0.022643301 -0.026256752 -0.0010618003 0.99999449 -0.0031440266 -0.0034740597 0.022640063 0.0031672616 0.99973866 0.33615084
16 0.99971755 0.00099902871 -0.023745142 -0.026079365 -0.0010893267 0.99999222 -0.0037901668 -0.0019754067 0.023741171 0.0038149624 0.99971086 0.33620484
17 0.9998198 0.00075533833 -0.018968424 -0.021951768 -0.0008091891 0.99999566 -0.0028314541 -0.0025766215 0.018966203 0.0028462929 0.99981607 0.34001282
18 0.99973419 0.00075982972 -0.023042953 -0.026687714 -0.00082436827 0.99999576 -0.0027914234 -0.0032135908 0.023040735 0.0028096772 0.99973058 0.35289155
19 0.99958483 0.0011336659 -0.028790408 -0.032144 -0.0012071961 0.99999605 -0.0025367318 -0.0041825227 0.028787418 0.0025704343 0.99958225 0.34571289
20 0.99960529 0.0022146803 -0.028006335 -0.034697916 -0.0022672766 0.99999573 -0.001846399 -0.0047761502 0.028002126 0.0019091683 0.99960604 0.36008053
21 0.99943372 0.0013619939 -0.033621274 -0.035684532 -0.001427049 0.99999716 -0.0019110168 -0.0028134821 0.033618576 0.0019579138 0.99943282 0.35592168
22 0.99939145 0.00026694328 -0.034880574 -0.034188733 -0.00037599534 0.99999506 -0.0031199191 -0.0030920155 0.034879569 0.0031311354 0.99938662 0.35670205
23 0.99936466 -0.00026163842 -0.035639958 -0.033518967 8.4007211e-05 0.99998757 -0.0049854527 -0.0031511677 0.03564082 0.0049792912 0.99935226 0.35621947
24 0.99923608 0.0016131364 -0.039046774 -0.042543077 -0.0016729441 0.99999748 -0.0014990698 -0.0040824851 0.039044257 0.0015632477 0.99923626 0.35551065
25 0.99884958 0.002781054 -0.047872525 -0.052996915 -0.0027832617 0.99999613 2.0543137e-05 -0.0053962135 0.047872396 0.00011272226 0.99885345 0.36977901
26 0.99876653 0.004254499 -0.049470448 -0.061156862 -0.0041600984 0.99998932 0.0020110305 -0.0083860525 0.049478476 -0.001802748 0.99877356 0.38049791
27 0.99872374 0.0042209371 -0.050329741 -0.062749306 -0.0041470459 0.99999016 0.0015724773 -0.0093187223 0.050335884 -0.0013617507 0.99873142 0.39095389
28 0.99842289 0.0027824098 -0.056071328 -0.064600111 -0.0027394548 0.99999589 0.000842926 -0.010934446 0.056073443 -0.00068799175 0.99842641 0.38374664
29 0.99856078 0.0016044936 -0.053607865 -0.057014162 -0.0016792899 0.99999768 -0.0013502332 -0.0087146026 0.053605575 0.001438313 0.99856115 0.38843041
30 0.99818086 0.001451657 -0.060273257 -0.062015433 -0.0014979132 0.99999862 -0.00072226508 -0.010387753 0.060272125 0.00081123529 0.99818165 0.38165937
31 0.99820015 0.0015810509 -0.059949607 -0.063411138 -0.0016752549 0.99999744 -0.0015211589 -0.0088723442 0.059947049 0.0016188519 0.99820025 0.40166094
32 0.99842787 0.0028086075 -0.055981187 -0.065017882 -0.002753733 0.99999565 0.0010573473 -0.0084340421 0.055983913 -0.00090152774 0.99843126 0.40522997
33 0.99821447 0.0033586658 -0.0596372 -0.06985437 -0.003276921 0.99999355 0.0014684492 -0.011440394 0.059641748 -0.0012704008 0.99821904 0.39666491
34 0.99817498 0.0023742559 -0.060341325 -0.069978501 -0.0023923695 0.99999711 -0.00022794211 -0.011229534 0.06034061 0.00037188486 0.99817778 0.39567296
35 0.99815866 0.0022837531 -0.060614058 -0.066692007 -0.0022334695 0.9999971 0.00089730911 -0.0064576507 0.060615931 -0.00076027721 0.99816087 0.3949994
36 0.99832074 0.0021113213 -0.057889912 -0.065519523 -0.0020684114 0.99999754 0.00080114305 -0.0040205767 0.057891461 -0.00068005757 0.99832265 0.41395868
37 0.99827989 0.0017428449 -0.058602215 -0.063356196 -0.0016083375 0.99999596 0.0023423502 0.015476972 0.05860606 -0.002244069 0.99827867 0.49503445
38 0.99825881 0.0035524676 -0.058878881 -0.068706921 -0.0032849009 0.99998384 0.004640525 -0.0015644088 0.058894415 -0.0044390337 0.99825435 0.41693634
39 0.9984626 0.0030940445 -0.055343158 -0.064385898 -0.0029440967 0.99999177 0.0027907434 -0.0037918469 0.055351337 -0.0026235173 0.99846349 0.42919593
40 0.99847885 0.0021143087 -0.055095543 -0.0602496 -0.0020688539 0.99999747 0.00088203947 -0.00059938164 0.055097268 -0.00076671312 0.9984807 0.47503313
41 0.99884573 0.0023475473 -0.047976053 -0.056660701 -0.002334461 0.99999722 0.00032879736 -0.0015028089 0.047976691 -0.00021641961 0.99884843 0.42624899
42 0.99900691 0.0024627305 -0.044487378 -0.057910821 -0.0024181242 0.99999652 0.00105646 -0.0046651443 0.044489825 -0.00094783486 0.99900939 0.40853813
43 0.99923318 0.0018908026 -0.039108551 -0.052025946 -0.0018757976 0.99999815 0.00042036589 -0.0077832471 0.039109274 -0.00034668382 0.99923488 0.40446457
44 0.9995052 0.00050789155 -0.031449789 -0.038369696 -0.00052836764 0.99999965 -0.00064276525 -0.010789469 0.031449452 0.00065906426 0.99950513 0.39026002
45 0.99957454 0.00059353335 -0.029161323 -0.03636405 -0.00060273936 0.99999977 -0.00030690309 -0.011142051 0.029161134 0.0003243492 0.99957467 0.39704608
46 0.99982841 0.00088797233 -0.018502872 -0.025186555 -0.00090191813 0.99999932 -0.00074537923 -0.0082477725 0.018502198 0.00076193941 0.99982853 0.45101499
47 0.99986626 0.0015017122 -0.016285013 -0.021517548 -0.0015481465 0.99999477 -0.0028391213 -0.0058749819 0.016280665 0.0028639532 0.99986336 0.47446216
48 0.99989242 0.0027922187 -0.014399876 -0.019692499 -0.0028087851 0.99999542 -0.0011303597 -0.0063457638 0.014396654 0.0011706842 0.99989568 0.52414247
49 0.99996433 0.0021646695 -0.0081640958 -0.014382364 -0.0021509559 0.99999626 0.0016881454 -0.0070251936 0.0081677196 -0.0016705245 0.99996525 0.62644094
50 0.99998504 0.0012977811 -0.0053146177 -0.014506418 -0.0012970019 0.99999915 0.00015004868 -0.011670923 0.0053148079 -0.00014315336 0.99998587 0.66953735
51 0.99996411 0.0016695942 -0.008306415 -0.013259583 -0.0016728236 0.99999853 -0.00038185356 -0.0063599106 0.0083057653 0.00039573502 0.99996543 0.67683969
52 0.99997593 0.00067524375 -0.0069051721 -0.0096346692 -0.00066696183 0.99999906 0.0012016115 -0.0035027044 0.006905977 -0.0011969771 0.99997544 0.64906321
53 0.99998028 0.0011032651 -0.0061829647 -0.0085858419 -0.0010931021 0.99999805 0.0016468493 -0.0029088984 0.0061847695 -0.0016400582 0.99997953 0.64708285
54 0.9999879 0.0018524456 -0.0045579556 -0.0067411279 -0.0018491356 0.99999802 0.00073030311 -0.0094790931 0.0045592995 -0.00072186599 0.99998935 0.62564097
55 0.9999924 0.002105109 -0.0032830561 -0.0071753264 -0.0021039561 0.99999772 0.0003545709 -0.00054005094 0.003283795 -0.0003476608 0.99999455 0.63750527
56 0.99999996 6.724472e-05 -0.00026422641 -0.00038556205 -6.6815305e-05 0.99999868 0.0016248483 -0.0055350313 0.00026433533 -0.0016248306 0.99999865 0.68410508
57 0.99999994 0.0001141177 0.00031204066 -0.0017964675 -0.00011434697 0.99999972 0.00073482243 -0.011416135 -0.00031195672 -0.00073485807 0.99999968 0.70003656
58 0.99999972 -5.6315857e-05 0.00074596988 -0.0010059647 5.5818116e-05 0.99999978 0.0006672444 -0.013538359 -0.00074600729 -0.00066720257 0.9999995 0.71224883
59 0.99999964 8.4818762e-05 0.00084551705 -0.0024670521 -8.584978e-05 0.99999925 0.0012194321 -0.018259673 -0.00084541299 -0.0012195043 0.9999989 0.70809878
60 0.99999982 -0.00016167534 0.00058035199 -0.001309496 0.0001616328 0.99999998 7.3345679e-05 -0.019980113 -0.00058036384 -7.3251862e-05 0.99999983 0.71707864
61 0.99999855 0.00013343805 -0.0016963053 -0.0080764313 -0.00013412458 0.99999991 -0.00040461086 -0.018299872 0.0016962512 0.00040483779 0.99999848 0.71646023
62 0.99999926 0.00086109943 0.00085559855 -0.0043763335 -0.00086189193 0.9999992 0.00092632258 -0.01436145 -0.00085480021 -0.00092705933 0.9999992 0.70732553
63 0.99999946 0.0010345555 2.7920713e-05 -0.0046846327 -0.0010345882 0.99999874 0.0012001104 -0.017414434 -2.6679097e-05 -0.0012001387 0.99999928 0.72508104
64 0.99999843 0.00056166607 0.0016818453 -0.0031695345 -0.0005617361 0.99999984 4.1164421e-05 -0.021669519 -0.0016818219 -4.210911e-05 0.99999858 0.73697431
65 0.99999378 0.0003765761 0.0035061612 0.00010293741 -0.00037766013 0.99999988 0.00030852211 -0.019847058 -0.0035060446 -0.00030984433 0.99999381 0.73281707
66 0.9999997 0.00075238232 0.00018125885 -0.0045105611 -0.00075252468 0.99999941 0.00078661212 -0.02022413 -0.00018066691 -0.00078674829 0.99999967 0.71552916
67 0.9999998 -9.5224929e-05 0.0006204609 -0.00041141264 9.4867162e-05 0.99999983 0.00057661842 -0.01882601 -0.0006205157 -0.00057655945 0.99999964 0.73085083
68 0.99999923 -8.0261161e-05 0.001240082 0.00063132639 8.0441262e-05 0.99999999 -0.00014518446 -0.01690842 -0.0012400703 0.0001452841 0.99999922 0.7534391
69 0.99999985 2.8159597e-06 0.00053916653 -0.0032457268 -3.1305296e-06 0.99999983 0.00058343729 -0.016809822 -0.0005391648 -0.00058343889 0.99999968 0.75786327
70 0.99999978 0.00039489344 0.00053597758 -0.0052536785 -0.0003952091 0.99999975 0.00058897687 -0.016820516 -0.00053574486 -0.00058918856 0.99999968 0.78947128
71 0.99999838 0.00018416964 0.0017916036 -0.0024002196 -0.00018501841 0.99999987 0.00047359604 -0.018938053 -0.0017915162 -0.00047392675 0.99999828 0.8211762
72 0.99999484 0.00027725826 0.0032018062 0.00011053704 -0.00027984286 0.99999964 0.00080681236 -0.020878249 -0.0032015814 -0.00080770419 0.99999455 0.81069731
73 0.99999304 0.0012371991 0.0035191947 -0.0031161931 -0.0012360194 0.99999918 -0.00033736904 -0.0247639 -0.0035196092 0.0003330169 0.99999375 0.80191286
74 0.99999813 0.00097241956 0.0016715709 -0.0039115581 -0.000972055 0.9999995 -0.00021889144 -0.021230045 -0.0016717829 0.00021726617 0.99999858 0.76272929
75 0.99999973 0.00068939305 -0.00023825065 -0.0059747352 -0.00068949365 0.99999967 -0.000422441 -0.020120764 0.00023795935 0.00042260516 0.99999988 0.73010347
76 0.99999932 0.00047839954 -0.0010626204 -0.0058752904 -0.00047848484 0.99999988 -8.001471e-05 -0.019693355 0.001062582 8.0523103e-05 0.99999943 0.7444126
77 0.9999983 0.00053381983 -0.0017656426 -0.0066536748 -0.00053307664 0.99999977 0.00042135862 -0.020503019 0.0017658671 -0.00042041668 0.99999835 0.77302007
78 0.99999784 0.0014555371 -0.001485955 -0.0082690391 -0.001455256 0.99999892 0.00019024345 -0.023201396 0.0014862303 -0.00018808059 0.99999888 0.77955628
79 0.99999647 0.0012719528 -0.0023335353 -0.007588638 -0.0012713934 0.99999916 0.00024120117 -0.019880189 0.0023338402 -0.00023823348 0.99999725 0.75393666
80 0.99999289 0.0013503435 -0.0035216816 -0.0070783784 -0.0013486444 0.99999897 0.0004847907 -0.014205166 0.0035223326 -0.00048003776 0.99999368 0.7089068
81 0.99999515 0.00024999996 -0.003104863 -0.0057162937 -0.00025169219 0.99999982 -0.00054464787 -0.013766299 0.0031047263 0.0005454267 0.99999503 0.71448678
82 0.99999736 0.00044602603 -0.0022522585 -0.0066619698 -0.00044516906 0.99999983 0.00038098408 -0.013131698 0.0022524281 -0.00037998044 0.99999739 0.72619813
83 0.99999905 -0.00026389003 -0.0013564679 -0.0063850531 0.00026562046 0.99999915 0.0012756667 -0.016676218 0.0013561301 -0.0012760258 0.99999827 0.76165942
84 0.99999812 0.00066555974 0.0018209655 -0.003547076 -0.00066543303 0.99999978 -7.0190526e-05 -0.02599995 -0.0018210118 6.8978663e-05 0.99999834 0.81366246
85 0.999999 0.0011307455 0.00085043281 -0.0049462051 -0.0011312579 0.99999918 0.0006023144 -0.026040265 -0.00084975105 -0.00060327586 0.99999946 0.84964861
86 0.999998 0.0017402925 -0.00098435581 -0.0079106908 -0.0017402655 0.99999849 2.8242834e-05 -0.027085384 0.00098440347 -2.6529737e-05 0.99999952 0.84956973
87 0.9999921 0.0020512905 -0.0034042523 -0.010138725 -0.0020508728 0.99999789 0.00012617634 -0.023702841 0.0034045039 -0.00011919365 0.9999942 0.82929971
88 0.99998088 0.0021641425 -0.0057926558 -0.014200014 -0.0021669291 0.99999754 -0.00047481671 -0.020348982 0.005791614 0.0004873599 0.99998311 0.77713736
89 0.99999503 0.001230478 -0.0029011677 -0.0072744961 -0.0012306053 0.99999924 -4.2078647e-05 -0.017890585 0.0029011138 4.564863e-05 0.99999579 0.7397689
90 0.99999531 0.00087917643 -0.0029325205 -0.0056576354 -0.00088012291 0.99999956 -0.00032147703 -0.014218428 0.0029322366 0.0003240565 0.99999565 0.73507511
91 0.99999998 0.00019193689 -9.0108981e-05 -0.0032386487 -0.00019182332 0.99999919 0.0012586259 -0.012370513 9.0350485e-05 -0.0012586086 0.9999992 0.73547505
92 0.99999985 0.00022981758 0.00049418381 -0.0031252626 -0.00023061992 0.99999865 0.0016241213 -0.011899978 -0.00049380989 -0.001624235 0.99999856 0.74892137
93 0.99999917 -0.00015787219 0.0012807546 -0.00094772238 0.00015664321 0.99999953 0.00095961971 -0.011819949 -0.0012809055 -0.00095941829 0.99999872 0.76603387
94 0.99999981 -0.00010267405 -0.00060009531 -0.0034109526 0.00010258939 0.99999998 -0.00014110949 -0.013997299 0.00060010979 0.0001410479 0.99999981 0.77134955
95 0.999992 0.00070503487 -0.0039376192 -0.011816967 -0.00072191499 0.99999055 -0.0042871105 -0.0083917114 0.0039345594 0.0042899189 0.99998306 0.86881555
96 0.99999267 0.0028803426 0.002521651 -0.0048275851 -0.0028707696 0.99998869 -0.0037917642 -0.021724578 -0.0025325441 0.0037844974 0.99998963 0.84486566
97 0.99997925 0.003508778 0.0054024576 -0.0021625306 -0.0035153708 0.99999309 0.0012113061 -0.02329694 -0.0053981701 -0.0012302726 0.99998467 0.80106047
98 0.99999868 0.00074778844 0.0014430854 -0.0053205001 -0.00074884923 0.99999945 0.00073468198 -0.016891559 -0.0014425352 -0.00073576166 0.99999869 0.76146576
99 0.99999703 0.0011759133 -0.0021370593 -0.0064500472 -0.0011751124 0.99999924 0.00037599694 -0.015960077 0.0021374998 -0.00037348454 0.99999765 0.73611684
100 0.99999975 1.9117711e-05 -0.00070871736 -0.003175722 -1.8757356e-05 0.99999987 0.00050846336 -0.016373136 0.00070872699 -0.00050844993 0.99999962 0.72926382
101 0.99999924 0.00042477075 -0.0011537547 -0.0044057534 -0.00042418861 0.99999978 0.00050476411 -0.017964369 0.0011539689 -0.00050427432 0.99999921 0.73190451
102 0.99999231 0.00014958003 -0.0039196603 -0.0046720522 -0.00013754511 0.99999528 0.0030704883 -0.014841589 0.003920101 -0.0030699256 0.9999876 0.78425031
103 0.99997747 0.0014196052 -0.006560829 -0.010830775 -0.0014082868 0.99999751 0.0017294484 -0.017022658 0.0065632678 -0.0017201699 0.99997698 0.83020885
104 0.99997944 0.0017657976 -0.0061640006 -0.012533775 -0.0017586843 0.99999778 0.0011592371 -0.019568937 0.0061660339 -0.0011483727 0.99998033 0.82115005
105 0.99999536 0.0018184362 -0.0024452523 -0.0096158233 -0.0018212977 0.99999766 -0.0011684868 -0.026578242 0.0024431218 0.0011729349 0.99999633 0.85093075
106 0.99999446 0.00047917625 0.0032949716 -0.00036405758 -0.00047772504 0.99999979 -0.00044120463 -0.02243475 -0.0032951823 0.00043962809 0.99999447 0.8133606
107 0.99999116 0.00057159275 0.0041661317 -0.0004082321 -0.00057254158 0.99999981 0.00022655765 -0.024070023 -0.0041660014 -0.00022894093 0.9999913 0.7920454
108 0.99998641 0.00017410631 0.005209907 0.002356322 -0.00017304554 0.99999996 -0.00020405653 -0.022918568 -0.0052099423 0.00020315221 0.99998641 0.80688108
109 0.99999552 0.00094749441 0.0028378241 -0.003032105 -0.00094628475 0.99999946 -0.00042757518 -0.021674438 -0.0028382277 0.00042488788 0.99999588 0.78818003
110 0.99999889 0.00084315917 0.0012272874 -0.0041375689 -0.0008430891 0.99999964 -5.7610524e-05 -0.019770444 -0.0012273355 5.6575748e-05 0.99999925 0.76792613
111 0.99999589 0.0010000541 -0.00268575 -0.0080325965 -0.00099955534 0.99999948 0.00018704932 -0.018013173 0.0026859357 -0.000184364 0.99999638 0.71917412
112 0.99999546 0.0014367339 -0.0026480752 -0.0072399476 -0.0014361282 0.99999894 0.00023061423 -0.015615485 0.0026484037 -0.0002268102 0.99999647 0.67839439
113 0.99999692 0.00051970605 -0.0024278452 -0.0065654629 -0.00052201524 0.99999941 -0.0009505883 -0.016355302 0.0024273498 0.00095185274 0.9999966 0.69789997
114 0.99999819 0.00067092301 -0.0017808646 -0.0086785583 -0.00067004558 0.99999965 0.0004932497 -0.016470457 0.001781195 -0.00049205555 0.99999829 0.69684972
115 0.99999718 0.00062119236 -0.0022901565 -0.0084658636 -0.00061830951 0.99999902 0.0012592923 -0.018245004 0.0022909365 -0.0012578728 0.99999658 0.7160132
116 0.9999982 0.001717164 -0.00080335475 -0.0085405159 -0.0017172366 0.99999852 -8.9717067e-05 -0.021540312 0.00080319951 9.1096456e-05 0.99999967 0.72770689
117 0.99999465 0.0011780044 0.0030501593 -0.0022019278 -0.0011783845 0.9999993 0.00012280686 -0.021338352 -0.0030500124 -0.00012640046 0.99999534 0.70702318
118 0.99998637 0.00021892039 0.0052162816 0.0023436831 -0.00021877468 0.99999998 -2.8504386e-05 -0.020544148 -0.0052162878 2.7362807e-05 0.99998639 0.70160153
119 0.99995896 -0.00061351584 0.0090385305 0.0061630721 0.00061566128 0.99999978 -0.00023458608 -0.026001257 -0.0090383846 0.00024014112 0.99995912 0.67964797
120 0.99995307 0.0004459723 0.0096782276 0.0033423507 -0.00044790182 0.99999988 0.00019720137 -0.024502896 -0.0096781385 -0.00020152701 0.99995315 0.64722339
121 0.99994332 0.00060677096 0.010629714 0.0078012364 -0.00060064643 0.99999965 -0.0005793538 -0.02506004 -0.010630062 0.00057293626 0.99994334 0.60251163
122 0.99989837 0.0019723388 0.014119464 0.0077397314 -0.0019788685 0.99999794 0.00044850597 -0.023710721 -0.01411855 -0.00047640095 0.99990021 0.57136384
123 0.99987034 0.0014978351 0.016032924 0.012016769 -0.001483318 0.99999848 -0.00091730631 -0.012877055 -0.016034274 0.00089340545 0.99987104 0.51041675
124 0.99976992 0.00049327378 0.021444507 0.021937706 -0.00051259458 0.99999947 0.00089548018 -0.011188234 -0.021444054 -0.00090626649 0.99976964 0.556132
125 0.99962532 4.1203708e-05 0.02737189 0.031033648 -2.3641567e-05 0.99999979 -0.0006419356 -0.011733599 -0.027371911 0.00064104797 0.99962511 0.54572238
126 0.99945573 -0.0018745136 0.032935213 0.041189693 0.0019480866 0.99999568 -0.0022019234 -0.013572067 -0.032930943 0.0022648856 0.99945506 0.48068774
127 0.99932302 -0.0013676619 0.036764416 0.044685873 0.0014581356 0.99999597 -0.0024342053 -0.012754532 -0.036760939 0.0024861649 0.999321 0.47850406
128 0.99922889 -0.00031272404 0.039262174 0.043518617 0.00039293547 0.99999785 -0.0020352696 -0.0097260822 -0.039261453 0.0020491277 0.99922687 0.42842154
129 0.99916107 -0.0013049166 0.040932276 0.049103432 0.0013744414 0.99999766 -0.0016704374 -0.0098602717 -0.04093 0.001725295 0.99916053 0.41631091
130 0.99889889 -0.0026937418 0.046837431 0.057258148 0.002792552 0.99999401 -0.0020443349 -0.007653153 -0.046831643 0.0021728798 0.99890043 0.42052463
131 0.99900482 -0.0025455435 0.044529641 0.05629495 0.0026713347 0.99999261 -0.0027656082 -0.0076095672 -0.044522272 0.0028818095 0.99900424 0.40572911
132 0.99893959 -0.0014138853 0.046018541 0.056301111 0.0015069718 0.99999689 -0.0019881734 -0.0068481461 -0.046015587 0.0020554137 0.99893861 0.40171337
133 0.99892022 -0.0014193651 0.046436879 0.061875328 0.001469131 0.99999838 -0.0010375766 -0.0041865787 -0.046435331 0.0011046781 0.99892069 0.42702437
134 0.99896748 -0.0018963616 0.045391358 0.058987246 0.0020037734 0.9999953 -0.002320965 -0.0079884351 -0.045386743 0.0024095226 0.99896658 0.4358821
135 0.99857856 -0.0038048683 0.053163702 0.068327441 0.0039849077 0.99998668 -0.0032809188 -0.0072390745 -0.053150511 0.0034881077 0.99858042 0.44420941
136 0.99848833 -0.0043944433 0.054788112 0.069451387 0.0046624247 0.99997778 -0.0047643732 -0.0088392644 -0.054765958 0.0050126165 0.99848664 0.46030917
137 0.99856667 -0.0021535274 0.053478616 0.065419926 0.0022419846 0.99999622 -0.0015941289 -0.0049676461 -0.053474981 0.0017117422 0.99856772 0.40543398
138 0.99881089 -0.001125601 0.04873957 0.060312141 0.0012259765 0.99999719 -0.0020295787 -0.0044640997 -0.048737149 0.0020869189 0.99880946 0.41370653
139 0.99882903 -0.001646613 0.048351499 0.059405542 0.0017800903 0.99999472 -0.0027176308 -0.009815537 -0.048346769 0.0028005185 0.99882669 0.40113689
140 0.99915826 -0.0016998631 0.040986408 0.053331951 0.0018178766 0.99999431 -0.0028422345 -0.0096690754 -0.040981344 0.0029143503 0.99915566 0.38444938
141 0.99914044 -0.00090633885 0.041443414 0.056802773 0.00094805171 0.99999906 -0.00098685895 -0.0077558014 -0.04144248 0.0010253012 0.99914037 0.42918009
142 0.99919029 -0.0010974017 0.040218784 0.054666721 0.0011845864 0.999997 -0.0021439931 -0.0095314972 -0.04021631 0.0021898997 0.9991886 0.43568933
143 0.99914182 -0.0020181229 0.0413709 0.055253593 0.0020545047 0.99999754 -0.00083690826 -0.01141577 -0.041369109 0.00092118675 0.99914351 0.53117237
144 0.99906467 -0.002249164 0.043182547 0.056040258 0.0022895132 0.99999699 -0.00088495209 -0.013874234 -0.043180427 0.00098299138 0.99906681 0.58170736
145 0.99895265 -0.00033612062 0.045754647 0.052662128 0.00034105934 0.99999994 -0.00010013263 -0.012052507 -0.04575461 0.0001156328 0.9989527 0.55684904
146 0.99864863 -0.00079212306 0.051964227 0.056833282 0.0008263645 0.99999946 -0.00063746065 -0.010147509 -0.051963694 0.0006795406 0.99864874 0.57582968
147 0.99887019 0.00056750524 0.047518742 0.045966886 -0.00051662284 0.99999928 -0.0010830607 -0.0093890442 -0.047519322 0.0010572878 0.99886976 0.53122289
148 0.99900645 0.00081182813 0.044558439 0.043212457 -0.00078904734 0.99999955 -0.00052884223 -0.0063611712 -0.044558848 0.00049315808 0.99900664 0.53120547
149 0.99930266 5.1927421e-05 0.037338805 0.039134209 -3.8070277e-05 0.99999993 -0.00037183002 -0.0088065194 -0.037338822 0.00037014923 0.99930259 0.53732349
150 0.99936546 0.00061454753 0.035613077 0.037068089 -0.00061159987 0.99999981 -9.3662742e-05 -0.0085198843 -0.035613128 7.1822356e-05 0.99936565 0.560848
151 0.9995186 0.0018042672 0.030972919 0.029565591 -0.0018035437 0.99999837 -5.1296027e-05 -0.010991606 -0.030972961 -4.5896791e-06 0.99952022 0.57584921
152 0.99964245 0.0013179857 0.026706477 0.026184247 -0.0013349155 0.99999892 0.00061610434 -0.012733805 -0.026705636 -0.00065153495 0.99964313 0.59242261
153 0.9997664 0.0010698602 0.021587014 0.020604022 -0.0010729938 0.99999942 0.00013358291 -0.011568017 -0.021586858 -0.00015671443 0.99976696 0.59573506
154 0.99981128 -0.00071961786 0.019413575 0.023283286 0.00071882328 0.99999974 4.7906919e-05 -0.016703145 -0.019413605 -3.3942948e-05 0.99981154 0.61557844
155 0.99986778 -0.00038999981 0.016256256 0.01828165 0.00038765905 0.99999991 0.00014714251 -0.018706237 -0.016256312 -0.00014082117 0.99986785 0.6384393
156 0.99991216 -0.00027839262 0.013250852 0.014567773 0.00027046096 0.99999978 0.00060036581 -0.019168981 -0.013251016 -0.00059672924 0.99991202 0.64501286
157 0.99990524 -2.1750241e-05 0.013766618 0.013133327 5.8254278e-06 0.99999933 0.0011568092 -0.021480978 -0.013766634 -0.0011566194 0.99990457 0.65635215
158 0.99992288 0.00011056487 0.012418378 0.01195249 -0.00011509903 0.99999993 0.00036440283 -0.019069881 -0.012418337 -0.00036580407 0.99992282 0.66758145
159 0.99992409 -2.3109711e-05 0.012321287 0.013105725 1.7558069e-05 0.9999999 0.00045068118 -0.018784311 -0.012321296 -0.00045043063 0.99992399 0.67218694
160 0.99988651 0.00021078127 0.015064249 0.014823462 -0.00022465581 0.99999955 0.00091933829 -0.020431038 -0.015064049 -0.00092261822 0.99988611 0.66558988
161 0.99986427 0.00046171835 0.016469221 0.017012708 -0.00047315477 0.99999965 0.00069052231 -0.016526155 -0.016468896 -0.00069822108 0.99986413 0.66940073
162 0.99986815 -0.00014974709 0.016237388 0.018040182 0.0001365707 0.99999966 0.00081259015 -0.017159158 -0.016237504 -0.00081026546 0.99986783 0.69551821
163 0.99996623 0.00024982431 0.0082149086 0.0070956397 -0.00025144967 0.99999995 0.00019682258 -0.011147512 -0.008214859 -0.00019888157 0.99996624 0.70352142
164 0.99998639 0.00052919367 0.0051909377 0.0027767645 -0.00053014781 0.99999984 0.00018243451 -0.011306924 -0.0051908403 -0.00018518399 0.99998651 0.74103834
165 0.99999338 0.00061644112 0.0035847852 0.00010659454 -0.00061773876 0.99999974 0.00036088917 -0.012839857 -0.0035845618 -0.00036310125 0.99999351 0.74195922
166 0.99999569 0.00018014567 0.0029297543 -0.001926752 -0.00018193878 0.9999998 0.00061178057 -0.016203679 -0.0029296435 -0.00061231097 0.99999552 0.73899509
167 0.99999435 0.00073702022 0.0032801805 -0.003152565 -0.00073557712 0.99999963 -0.00044112987 -0.023765258 -0.0032805044 0.00043871456 0.99999452 0.74997212
168 0.99998678 0.00045069181 0.005121676 8.644271e-05 -0.00045289403 0.99999981 0.00042882738 -0.022306533 -0.0051214817 -0.00043114129 0.99998679 0.73279804
169 0.99997478 0.0001760532 0.0070993366 0.0036574559 -0.0001838497 0.99999938 0.0010975637 -0.021799216 -0.0070991389 -0.0010988412 0.9999742 0.725242
170 0.99998616 -0.00047650196 0.0052390119 0.0043330173 0.00047505621 0.99999985 0.00027719983 -0.020751961 -0.0052391432 -0.00027470717 0.99998624 0.72048322
171 0.99999873 1.2902402e-05 0.0015961244 -0.001745054 -1.2540487e-05 0.99999997 -0.00022675599 -0.018469879 -0.0015961273 0.00022673569 0.9999987 0.69523584
172 0.99999993 -0.0001503517 0.00033147399 -0.0017675443 0.00015055009 0.99999981 -0.00059855861 -0.017661257 -0.00033138394 0.00059860847 0.99999977 0.68521234
173 0.99999934 0.00065061716 -0.00094513893 -0.0038321104 -0.00065098251 0.99999971 -0.00038630041 -0.0144114 0.00094488733 0.00038691543 0.99999948 0.66609669
174 0.99999948 0.00087267784 0.00053356411 -0.0042265803 -0.00087272788 0.99999961 9.3549714e-05 -0.010781899 -0.00053348226 -9.4015322e-05 0.99999985 0.66738602
175 0.99999934 0.00063520927 0.00095399924 -0.0025495416 -0.00063619381 0.99999927 0.0010320715 -0.012501426 -0.00095334295 -0.0010326778 0.99999901 0.68850648
176 0.99999997 0.00020076079 0.00012185355 -0.0063456289 -0.00020092246 0.9999991 0.0013281943 -0.014351424 -0.00012158679 -0.0013282187 0.99999911 0.70470494
177 0.99999955 0.00046481513 0.00082349794 -0.0034632333 -0.00046459251 0.99999986 -0.00027049996 -0.018811654 -0.00082362355 0.00027011725 0.99999962 0.7500503
178 0.99999911 0.0010207682 0.00085945713 -0.0054747482 -0.0010214721 0.99999914 0.00081897843 -0.022369279 -0.00085862041 -0.00081985561 0.9999993 0.73363942
179 0.99999988 0.00043983699 -0.00020530978 -0.0053115787 -0.00043991132 0.99999984 -0.00036211903 -0.023636908 0.00020515048 0.0003622093 0.99999991 0.7480272
180 0.99999978 0.00054484847 -0.00039118312 -0.0043484246 -0.00054485077 0.99999985 -5.7781914e-06 -0.021369643 0.00039117991 5.9913265e-06 0.99999992 0.73056609
181 0.99999966 1.9748776e-05 0.00082068149 -0.0018141264 -2.0282341e-05 0.99999979 0.00065014597 -0.018321941 -0.00082066848 -0.0006501624 0.99999945 0.72908398
182 0.99999827 0.00022922071 0.0018474039 -0.0020393585 -0.00023080589 0.99999961 0.00085789104 -0.018355127 -0.0018472065 -0.00085831595 0.99999793 0.7386493
183 0.99999997 -5.0631056e-05 0.00022717131 -0.0049379841 5.0396643e-05 0.99999947 0.0010317646 -0.017565696 -0.00022722342 -0.0010317532 0.99999944 0.73486351
184 0.99999982 0.00059142946 -0.00010324369 -0.0054703877 -0.00059128199 0.99999881 0.0014226218 -0.017452252 0.00010408495 -0.0014225605 0.99999898 0.72829078
185 0.99999955 0.00075291171 0.00056862238 -0.0042275184 -0.00075367455 0.99999881 0.00134254 -0.019202027 -0.00056761089 -0.0013429679 0.99999894 0.72098826
186 0.99999943 0.00088283139 -0.00059966002 -0.0042671255 -0.00088244335 0.9999994 0.00064706341 -0.017724913 0.00060023091 -0.00064653387 0.99999961 0.7095494
187 0.9999989 0.00022729603 -0.0014667594 -0.0054098412 -0.00022555299 0.99999927 0.0011884219 -0.017312179 0.0014670285 -0.0011880898 0.99999822 0.7137272
188 0.999999 0.001061136 -0.00093319429 -0.0073678457 -0.0010602861 0.99999902 0.00091079943 -0.016203327 0.00093415986 -0.00090980907 0.99999915 0.70720457
189 0.99999687 0.00079957104 -0.0023702608 -0.0058088799 -0.00079864364 0.9999996 0.00039218385 -0.012778256 0.0023705735 -0.00039028963 0.99999711 0.69225209
190 0.9999979 0.00072286049 -0.0019152697 -0.0059707631 -0.00072149969 0.99999949 0.00071109661 -0.013311971 0.0019157827 -0.00070971326 0.99999791 0.69904433
191 0.99999983 0.00057300808 -0.0001324766 -0.0041712489 -0.00057289253 0.99999946 0.00087063933 -0.011365228 0.00013297541 -0.00087056329 0.99999961 0.69891114
192 0.99999985 -0.00021971192 -0.0005084732 -0.0036205876 0.0002193853 0.99999977 -0.00064233326 -0.0045132571 0.00050861421 0.00064222161 0.99999966 0.79654658
193 0.99999974 0.00067848269 0.00026173679 -0.004746471 -0.00067839193 0.99999971 -0.00034668931 -0.0069525115 -0.00026197194 0.00034651166 0.99999991 0.84886815
194 0.99999978 0.00063997225 0.00014728958 -0.0056441315 -0.00064001518 0.99999975 0.00029160672 -0.0090747649 -0.00014710293 -0.00029170092 0.99999995 0.86231792
195 0.99999819 0.0013500066 0.0013401445 -0.0048756019 -0.0013506236 0.99999898 0.00045955834 -0.015423735 -0.0013395227 -0.00046136754 0.999999 0.86549119
196 0.99999829 -2.7743336e-06 0.0018519022 0.00018119277 2.6973406e-06 1 4.1577619e-05 -0.019559186 -0.0018519023 -4.1572552e-05 0.99999828 0.83265192
197 0.99999913 -0.0012232889 0.00050351459 -0.0011185885 0.0012234695 0.99999919 -0.00035866489 -0.014852611 -0.00050307543 0.00035928062 0.99999981 0.82198467
198 0.99999969 -0.00078536931 2.9920936e-05 -0.0021469689 0.00078537051 0.99999969 -3.9982334e-05 -0.014106651 -2.9889526e-05 4.000582e-05 1 0.83438822
199 0.99999975 -0.00048894637 0.00051001851 -0.0014882241 0.0004884663 0.99999944 0.0009409835 -0.016115921 -0.00051047831 -0.00094073414 0.99999943 0.81113152
200 0.99999828 0.0010881558 -0.0015032876 -0.0017981427 -0.001087469 0.9999993 0.0004576116 -0.010564016 0.0015037845 -0.00045597603 0.99999877 0.86201416
201 0.99999906 0.0013293188 -0.00032325484 -0.0013813544 -0.0013293661 0.99999911 -0.00014590245 -0.01151181 0.0003230606 0.00014633204 0.99999994 0.91046958
202 0.99999774 0.0010678039 -0.00183597 -0.0017457126 -0.0010684575 0.99999937 -0.00035504645 -0.012852466 0.0018355897 0.00035700731 0.99999825 0.8932736
203 0.99999796 9.7764067e-05 0.0020167724 0.0013870101 -9.7570646e-05 0.99999999 -9.6004415e-05 -0.015976149 -0.0020167818 9.5807442e-05 0.99999796 0.91483164
204 0.99999904 -0.0002155286 0.0013712775 0.00070542687 0.00021555816 0.99999998 -2.1411755e-05 -0.014626685 -0.0013712729 2.1707325e-05 0.99999906 0.90138026
205 0.99999802 0.00044397073 0.0019378492 -0.0011763633 -0.00044367268 0.99999989 -0.00015423596 -0.022302779 -0.0019379175 0.00015337588 0.99999811 0.89304165
206 0.99999924 0.0012349425 1.5358564e-05 -0.0045719292 -0.0012349426 0.99999924 1.1869537e-05 -0.020702992 -1.5343894e-05 -1.1888495e-05 1 0.89734253
207 0.99999832 0.0015680803 -0.00094923379 -0.0060290669 -0.0015680597 0.99999877 2.2397461e-05 -0.0201022 0.00094926775 -2.0908968e-05 0.99999955 0.84385456
208 0.99999711 0.0018983849 -0.0014750784 -0.0081244716 -0.0018984171 0.9999982 -2.0442206e-05 -0.016323737 0.0014750369 2.3242461e-05 0.99999891 0.80593379
209 0.99999802 0.0014020317 -0.0014094003 -0.0063465786 -0.0014018851 0.99999901 0.00010505113 -0.01629898 0.0014095462 -0.00010307511 0.999999 0.79169642
210 0.99999938 0.0008806139 -0.00067730037 -0.0056072854 -0.00088005299 0.99999927 0.00082800742 -0.016207293 0.00067802903 -0.00082741085 0.99999943 0.77058274
211 0.99999835 -0.0002761545 0.0017970356 -0.00025674144 0.00027508409 0.99999978 0.00059587372 -0.016176578 -0.0017971998 -0.00059537839 0.99999821 0.79615157
212 0.99999443 -0.0010370481 0.0031734104 0.0013553832 0.0010372179 0.99999946 -5.184724e-05 -0.021403974 -0.0031733549 5.5138469e-05 0.99999496 0.83664293
213 0.99999241 -0.0013375891 0.0036597811 0.0021340995 0.0013382575 0.99999909 -0.00018017647 -0.022402717 -0.0036595368 0.00018507283 0.99999329 0.85156455
214 0.99999166 -0.00069326777 0.0040254844 0.002952557 0.00069327974 0.99999976 -1.5778189e-06 -0.023771713 -0.0040254823 4.3685924e-06 0.9999919 0.83052818
215 0.99999868 0.00041654098 0.0015700897 -0.0017745583 -0.00041678705 0.9999999 0.00015640203 -0.020700198 -0.0015700244 -0.00015705622 0.99999876 0.79867246
216 0.99999953 0.00086986821 0.00041832762 -0.0046216843 -0.00086984791 0.99999962 -4.869937e-05 -0.018744147 -0.00041836983 4.8335466e-05 0.99999991 0.77387002
217 0.9999985 0.001046544 0.0013766498 -0.0051424939 -0.0010493174 0.99999742 0.0020154202 -0.016154148 -0.0013745371 -0.0020168617 0.99999702 0.73546098
218 0.99998247 0.0018933031 -0.005610164 -0.0073550433 -0.001885056 0.99999714 0.001474954 -0.010980413 0.0056129405 -0.0014643527 0.99998318 0.84996045
219 0.99999204 0.0013097033 -0.003768432 -0.0069686882 -0.001305504 0.99999852 0.001116576 -0.016657696 0.0037698888 -0.0011116474 0.99999228 0.91109609
220 0.99999224 0.0018607715 -0.0034722208 -0.011151752 -0.0018564406 0.9999975 0.0012500936 -0.016675158 0.0034745382 -0.0012436379 0.99999319 0.86148486
221 0.99998393 0.0020455014 -0.0052871696 -0.012103522 -0.0020375806 0.99999679 0.001503077 -0.019782096 0.0052902272 -0.0014922798 0.99998489 0.8367293
222 0.99999062 0.0013789676 -0.0041050358 -0.010675372 -0.0013824379 0.99999869 -0.00084264645 -0.023098281 0.0041038684 0.0008483135 0.99999122 0.78024373
223 0.99999948 0.00091043799 0.0004602091 -0.0079964993 -0.00091066292 0.99999947 0.0004887982 -0.021471411 -0.00045976383 -0.00048921704 0.99999977 0.77983309
224 0.99999735 0.001216593 -0.0019524821 -0.0068572806 -0.0012137069 0.99999817 0.0014786988 -0.020409579 0.0019542775 -0.0014763252 0.999997 0.84611183
225 0.99999352 0.0011867232 -0.0033983558 -0.0099025697 -0.0011812437 0.999998 0.0016139452 -0.020469315 0.0034002643 -0.0016099205 0.99999292 0.86507919
226 0.99998568 0.0015405075 -0.0051244722 -0.011941051 -0.00154184 0.99999878 -0.00025609664 -0.023015251 0.0051240714 0.00026399409 0.99998684 0.8980042
227 0.99998802 6.4628427e-05 -0.0048947679 -0.0058696442 -6.1361161e-05 0.99999978 0.000667649 -0.016546968 0.00489481 -0.00066734065 0.9999878 0.82815033
228 0.99999415 -0.00023502412 -0.0034122788 -0.0063711715 0.00023455041 0.99999996 -0.00013922486 -0.018078184 0.0034123114 0.00013842369 0.99999417 0.76402585
229 0.99999671 0.00083432441 -0.0024251995 -0.0088045346 -0.00083477329 0.99999963 -0.00018408434 -0.014013062 0.0024250451 0.00018610823 0.99999704 0.73773132
230 0.99999693 0.00011323533 -0.0024751749 -0.0063119923 -0.00011394768 0.99999995 -0.00028766108 -0.010895752 0.0024751422 0.00028794224 0.9999969 0.73322272
231 0.99999683 -0.00027124401 -0.0025013796 -0.0019941446 0.00027476966 0.99999897 0.0014092489 -0.0096769514 0.0025009948 -0.0014099317 0.99999588 0.7364886
232 0.99999815 -0.0019143444 -0.00017971198 0.0018945562 0.0019144537 0.99999798 0.00060985819 -0.014242779 0.00017854414 -0.00061020111 0.9999998 0.75198338
233 0.99999641 -0.00088348776 0.0025294527 0.0039657618 0.00088350687 0.99999961 -6.4370991e-06 -0.016033897 -0.002529446 8.6718648e-06 0.9999968 0.76059836
234 0.99999978 -0.00012896331 0.00065408796 -0.0013690613 0.00012900977 0.99999999 -7.0996306e-05 -0.012897847 -0.0006540788 7.1080674e-05 0.99999978 0.7603752
235 0.99999967 -0.00081288819 4.0586278e-05 -0.0024795987 0.00081288628 0.99999967 4.7002671e-05 -0.014793763 -4.0624472e-05 -4.6969663e-05 1 0.77725838
236 0.99999972 0.00010626818 -0.00074366068 -0.0040697277 -0.00010608611 0.99999996 0.00024487591 -0.020034993 0.00074368667 -0.00024479695 0.99999969 0.76235618
237 0.99998744 0.0011354238 -0.0048809364 -0.010385444 -0.0011340004 0.99999931 0.00029438615 -0.017930792 0.0048812673 -0.00028884747 0.99998804 0.72611438
238 0.99999915 0.00046143976 -0.0012203634 -0.0032919515 -0.0004615611 0.99999989 -9.9148636e-05 -0.017684159 0.0012203175 9.9711824e-05 0.99999925 0.72999565
239 0.99999973 -0.00019070575 -0.00071469465 -0.0029901318 0.00019145874 0.99999943 0.0010536581 -0.012822566 0.0007144933 -0.0010537946 0.99999919 0.72373405
240 0.99999315 -0.00019572772 -0.0036966403 -0.0067157246 0.00019994067 0.99999933 0.0011393363 -0.010843318 0.0036964148 -0.0011400676 0.99999252 0.74906027
241 0.99997549 0.00043072981 -0.0069878955 -0.010766364 -0.00042460926 0.99999952 0.00087733897 -0.013677126 0.00698827 -0.00087435034 0.9999752 0.77683813
242 0.99997102 -0.00022630782 -0.0076095777 -0.0080472621 0.00022395316 0.99999993 -0.00031028391 -0.014730098 0.0076096474 0.00030857073 0.999971 0.83023392
243 0.99996102 0.00033255476 -0.0088235194 -0.012849452 -0.00033226847 0.99999994 3.3911964e-05 -0.019398521 0.0088235302 -3.0978864e-05 0.99996107 0.87043373
244 0.99997376 0.0026253748 -0.0067519335 -0.01797901 -0.0026484603 0.99999067 -0.0034124403 -0.013370913 0.0067429116 0.003430233 0.99997138 0.97970064
245 0.99999633 0.0027032119 -0.00016204874 -0.016434439 -0.0027039305 0.99998571 -0.0046117575 -0.032789895 0.00014957987 0.0046121787 0.99998935 1.125483
246 0.99996781 0.0079844669 0.00079003578 -0.0028921314 -0.0079862633 0.99996547 0.0022973981 -0.014353867 -0.000771665 -0.0023036336 0.99999705 0.90086672
247 0.99996869 0.0074617558 0.002633293 -0.015034105 -0.0074656905 0.99997102 0.0014875628 -0.019034714 -0.0026221168 -0.0015071755 0.99999543 0.90286888
248 0.99994147 0.00048863499 -0.010808169 -0.012881773 -0.00049418773 0.99999975 -0.00051108901 -0.016450213 0.010807917 0.00051640036 0.99994146 0.81294501
249 0.99994594 0.0009895178 -0.010351111 -0.015623634 -0.00098823681 0.9999995 0.0001288679 -0.018792962 0.010351234 -0.00011863159 0.99994642 0.7990377
250 0.99992447 0.0012366499 -0.012227796 -0.019958123 -0.0012414376 0.99999916 -0.0003839599 -0.023816926 0.012227311 0.00039911094 0.99992516 0.83239323
251 0.99995692 0.0015112667 -0.0091586618 -0.016739684 -0.0015160727 0.99999872 -0.00051782668 -0.02295192 0.0091578674 0.00053168957 0.99995792 0.81521772
252 0.99997552 0.0014015469 -0.0068552262 -0.012806373 -0.0014040597 0.99999895 -0.00036175738 -0.019652897 0.006854712 0.00037137368 0.99997644 0.79310518
253 0.99999074 0.00051264322 -0.0042720105 -0.0071955834 -0.0005135382 0.99999985 -0.00020840396 -0.016366661 0.004271903 0.00021059587 0.99999085 0.77861403
254 0.99999251 0.00028342537 -0.003859087 -0.0044123979 -0.00028401808 0.99999995 -0.00015304067 -0.0082238954 0.0038590434 0.00015413558 0.99999254 0.7349081
255 0.99998723 0.00026251093 -0.0050471866 -0.0042545957 -0.00026052108 0.99999989 0.00039490329 -0.0070799401 0.0050472897 -0.00039358334 0.99998718 0.75793754
256 0.99997376 0.00041904317 -0.0072322041 -0.0093025083 -0.0004128594 0.99999955 0.0008565036 -0.0081347596 0.0072325598 -0.00085349524 0.99997348 0.7734708
257 0.9999851 0.00054832678 -0.0054306143 -0.0065031287 -0.00054553967 0.99999972 0.00051469123 -0.014890453 0.0054308949 -0.00051172094 0.99998512 0.8436577
258 0.99995616 0.00066115076 -0.0093401755 -0.014468431 -0.00065542449 0.9999996 0.00061612732 -0.017304075 0.0093405791 -0.00060997853 0.99995619 0.77743877
259 0.99998673 0.00040843812 -0.0051348775 -0.0052239853 -0.00039455171 0.99999626 0.0027050552 -0.018503862 0.0051359632 -0.0027029933 0.99998316 0.77089657
