4 0.99999608 -0.0027222001 0.00067195715 0.00087015845 0.0027216682 0.99999592 0.00079218891 -0.10685123 -0.00067411061 -0.00079035608 0.9999995 6.0125505
5 0.99999994 -0.00037485272 -1.9738582e-05 -0.0085245481 0.00037486217 0.99999978 0.00043540384 -0.12317165 1.957572e-05 -0.0004354103 0.99999994 6.7431684
6 0.99999376 0.0013411413 -0.0032724502 -0.017886727 -0.0013428691 0.9999989 -0.00052615414 -0.13211651 0.0032717416 0.00053054633 0.99999455 7.4584068
7 0.99998807 0.00058979471 -0.004852168 -0.017563965 -0.00058680312 0.99999958 0.00061774949 -0.13569121 0.004852531 -0.00061489395 0.99998808 8.2044714
8 0.99996703 -0.0010618838 -0.0080526386 -0.018956825 0.0010728343 0.99999845 0.0013555657 -0.13562385 0.0080511876 -0.0013641594 0.9999667 8.9421336
9 0.99995558 -0.0018733022 -0.0092387074 -0.024802698 0.001885901 0.99999724 0.0013550911 -0.14225468 0.0092361446 -0.0013724534 0.99995644 9.6729898
10 0.99994851 -0.002981701 -0.0097018514 -0.029386424 0.002997994 0.99999406 0.0016651895 -0.15134883 0.0096968299 -0.001694189 0.99995159 10.416928
11 0.99996048 -0.0029903568 -0.0083744101 -0.035578351 0.0030059779 0.99999371 0.0018532872 -0.16063603 0.0083688164 -0.0018783864 0.99996325 11.124259
12 0.99996832 -0.0023070534 -0.0076203934 -0.042960617 0.0023159299 0.99999659 0.001156122 -0.16381734 0.0076177011 -0.0011737328 0.99997033 11.810291
13 0.99998477 -0.0023630104 -0.0049909732 -0.041166823 0.0023762389 0.99999362 0.0026460688 -0.16930942 0.0049846894 -0.0026578875 0.99998408 12.433521
14 0.99999438 -0.0022812127 -0.0024609479 -0.041529748 0.0022856045 0.99999574 0.0017829516 -0.17331207 0.0024568707 -0.0017885655 0.99999542 13.013005
15 0.99999357 -0.0014997346 0.0032632624 -0.034896103 0.0014976574 0.99999862 0.00063913506 -0.17687695 -0.0032642163 -0.0006342428 0.99999451 13.576082
16 0.99995647 -0.00097811922 0.0092808759 -0.023668824 0.00096132268 0.99999783 0.0018141815 -0.18625015 -0.0092826307 -0.0018051798 0.99995532 14.178616
17 0.9998937 -0.0022346406 0.014409013 -0.0069901158 0.0022056564 0.99999545 0.0020271654 -0.19610767 -0.014413478 -0.0019951678 0.99989417 14.846291
18 0.99978462 -0.0010423839 0.020728039 0.0021930171 0.0010036761 0.99999767 0.0018777654 -0.20317056 -0.020729949 -0.0018565559 0.99978343 15.470857
19 0.99970895 0.0013675438 0.024086749 0.011183393 -0.0014219958 0.99999641 0.0022437228 -0.20938499 -0.024083596 -0.0022773202 0.99970739 16.081035
20 0.99960757 0.0022714159 0.027920883 0.026983396 -0.0023808456 0.99998955 0.0038866996 -0.21943507 -0.027911765 -0.003951649 0.99960262 16.640365
21 0.99945378 0.0016201326 0.033008182 0.046037746 -0.0017428488 0.99999162 0.00368935 -0.22657551 -0.03300193 -0.0037448624 0.99944831 17.102291
22 0.99481574 -0.026570071 0.098161589 0.060229573 0.034701543 0.99602121 -0.08208186 -0.39723893 -0.095590112 0.085062693 0.99177969 18.631299
23 0.98809692 -0.0085600815 0.15359435 0.18384935 0.020764314 0.99673466 -0.078030368 -0.43608703 -0.15242488 0.080290855 0.98504828 19.206998
24 0.98734894 -0.0022453579 0.15854673 0.17986588 0.020485978 0.99332572 -0.11350872 -0.55342197 -0.15723369 0.11532071 0.98080517 19.800439
25 0.97994815 0.020051382 0.19824124 0.64164332 0.0030225139 0.99331317 -0.11541094 -0.88159158 -0.1992298 0.11369594 0.97333488 22.282002
26 0.98821776 0.029168541 0.15024944 1.0183206 -0.008304566 0.99044488 -0.1376585 -1.2275478 -0.1528291 0.13478883 0.97901753 24.311854
27 0.98674521 0.032893058 0.15890866 1.4256092 -0.011258398 0.99075822 -0.13517133 -1.6251459 -0.16188628 0.13159062 0.97799633 26.788912
28 0.9870317 0.034753148 0.15671847 1.8470984 -0.013748799 0.99099812 -0.13316747 -2.0245167 -0.15993571 0.12928584 0.97862445 29.293108
29 0.98693215 0.035553333 0.15716524 2.2665664 -0.014450647 0.9909534 -0.13342573 -2.4207922 -0.16048717 0.12941102 0.97851762 31.832946
30 0.98684227 0.035947536 0.1576393 2.69001 -0.014617212 0.99081436 -0.13443634 -2.8209641 -0.16102395 0.13036323 0.97830302 34.390145
31 0.98384079 0.031847285 0.17619045 3.0932232 -0.0078608634 0.99078777 -0.13519497 -3.1812438 -0.17887295 0.13162533 0.97502786 36.655841
32 0.98129999 0.033989311 0.18945999 3.3368329 -0.0070901841 0.99000069 -0.1408838 -3.3997894 -0.19235408 0.13690598 0.97172874 37.909669
33 0.97782713 0.039862514 0.2055848 3.8437725 -0.0097565636 0.98932151 -0.14542227 -3.8084906 -0.20918638 0.14019205 0.96777442 40.393465
34 0.97440024 0.044367879 0.22039895 4.3998033 -0.011861024 0.98911326 -0.14667707 -4.2205179 -0.22450729 0.14030803 0.96431852 42.778652
35 0.97207428 0.045587326 0.23020299 4.9970072 -0.011211985 0.98885199 -0.14847867 -4.6384002 -0.23440545 0.14175128 0.96174879 45.240051
36 0.96705125 0.043463596 0.25084424 5.5897364 -0.0052598359 0.98851935 -0.15100237 -5.037727 -0.25452751 0.14470764 0.95617756 47.509612
37 0.96326614 0.051334796 0.26359651 6.2839762 -0.011819006 0.98871234 -0.14935895 -5.484197 -0.26828846 0.14075698 0.95299992 50.051402
38 0.96188048 0.052895298 0.26830592 6.9606107 -0.011816647 0.98823834 -0.15246387 -5.9086151 -0.27321484 0.14348155 0.95119229 52.428495
39 0.95348986 0.042811225 0.29836943 7.1634846 0.0041464817 0.9879058 -0.15499941 -6.0453856 -0.30139663 0.14902756 0.94178073 53.138173
40 0.95280893 0.042972914 0.30051372 7.9467499 0.0042756668 0.98793199 -0.1548289 -6.4939078 -0.30354059 0.14880727 0.94112676 55.561039
41 0.95261032 0.042345812 0.30123152 8.7296727 0.0050891927 0.98790609 -0.15496951 -6.9448745 -0.30415079 0.1491586 0.94087411 57.974114
42 0.95011913 0.043159794 0.30888655 9.5440092 0.006465629 0.98744027 -0.15786002 -7.4053474 -0.31182025 0.15198298 0.93790692 60.435858
43 0.94959228 0.043143365 0.31050472 10.368272 0.0074658427 0.98709123 -0.1599845 -7.8698883 -0.31339878 0.15423824 0.93701219 62.884347
44 0.94959452 0.043921937 0.31038868 11.179701 0.0067220671 0.98705517 -0.16023978 -8.3295036 -0.31340882 0.15424928 0.93700702 65.298906
45 0.94699763 0.041130882 0.31859656 11.987174 0.011412965 0.98683535 -0.16132459 -8.7797654 -0.32103779 0.15641015 0.93406139 67.654517
46 0.94421382 0.035020612 0.32746581 12.616052 0.024595243 0.98405472 -0.17615691 -9.1420687 -0.32841342 0.17438391 0.9282968 69.42073
47 0.94292468 0.035436817 0.33111526 12.75447 0.029375761 0.98159396 -0.18870678 -9.2351548 -0.33170793 0.18766306 0.92452826 69.797892
48 0.94454973 0.035482131 0.32644578 12.824567 0.028818525 0.98135133 -0.19004983 -9.2858791 -0.3271014 0.18891922 0.92591267 70.025569
49 0.94677767 0.035703747 0.31990206 12.901479 0.027566597 0.98118449 -0.19109412 -9.3372778 -0.32070574 0.18974227 0.92797941 70.270221
50 0.94588569 0.036454522 0.32244591 12.981106 0.027794565 0.9809163 -0.19243325 -9.3837851 -0.32330754 0.19098212 0.92682153 70.498306
51 0.94851519 0.036685868 0.31459991 13.062011 0.026619576 0.98052184 -0.19459753 -9.4334818 -0.31561109 0.19295325 0.92906338 70.746983
52 0.95519171 0.036694838 0.29370447 13.132397 0.023015444 0.98007297 -0.19729962 -9.4907883 -0.29509171 0.19521872 0.93531311 71.011338
53 0.96271197 0.037284218 0.26794698 13.200268 0.01775219 0.9796159 -0.20009353 -9.554047 -0.26994548 0.1973891 0.94242616 71.309447
54 0.96963366 0.038084781 0.24157845 13.267836 0.011799329 0.97936467 -0.20175605 -9.6249006 -0.24427725 0.19847994 0.94917565 71.647354
55 0.97775531 0.038997628 0.20609166 13.321926 0.0037701962 0.97913745 -0.20316381 -9.7010976 -0.20971499 0.19942151 0.95720988 72.009865
56 0.98572448 0.040824546 0.1633421 13.357617 -0.0067574747 0.97896897 -0.20389695 -9.7839973 -0.16823086 0.19988245 0.96526963 72.412748
57 0.99192822 0.043398816 0.11914265 13.369441 -0.01870183 0.97940174 -0.20105311 -9.8668937 -0.125414 0.19720209 0.97230795 72.802099
58 0.99652691 0.04597805 0.069427364 13.354768 -0.031399842 0.97968031 -0.19809195 -9.9513632 -0.077124509 0.19522397 0.97772158 73.193795
59 0.99862155 0.048136291 0.020926551 13.321476 -0.043147667 0.97986896 -0.194923 -10.034781 -0.029888151 0.1937514 0.98059532 73.58279
60 0.99825268 0.050621582 -0.030480842 13.268148 -0.055523307 0.98007157 -0.19072691 -10.116542 0.020218511 0.19208606 0.98116983 73.970115
61 0.99499206 0.053743787 -0.084275966 13.189057 -0.068636351 0.98030186 -0.18519504 -10.195007 0.07266281 0.19005201 0.97908142 74.3479
62 0.9889696 0.058085715 -0.13625422 13.088959 -0.082293277 0.98033039 -0.17938789 -10.271999 0.12315429 0.188622 0.9742971 74.713717
63 0.98012727 0.062048464 -0.18841589 12.970147 -0.095221109 0.98040109 -0.17247178 -10.345272 0.17402155 0.18698549 0.96682625 75.070559
64 0.96862002 0.066503004 -0.23948411 12.83259 -0.10805264 0.98039337 -0.16478275 -10.414818 0.2238301 0.18548878 0.95681455 75.42241
65 0.95460933 0.070503853 -0.28939637 12.677616 -0.1199681 0.98030014 -0.15690497 -10.481252 0.27263292 0.18450129 0.94426195 75.76953
66 0.93716265 0.072251222 -0.34132969 12.487974 -0.12957039 0.98042989 -0.1482182 -10.539529 0.32394091 0.1831308 0.92818397 76.20378
67 0.91567853 0.076443747 -0.39457472 12.286645 -0.14070136 0.98059089 -0.13654492 -10.594381 0.3764784 0.18054847 0.90866184 76.568748
68 0.89293601 0.079527168 -0.44310354 12.053837 -0.15025875 0.9804782 -0.12682542 -10.650052 0.42436733 0.17982718 0.88745402 76.950267
69 0.86556922 0.080677415 -0.49424802 11.761839 -0.15789547 0.98056412 -0.1164599 -10.713231 0.47524623 0.17884365 0.86148479 77.398431
70 0.8333827 0.081485952 -0.54665651 11.40907 -0.16762185 0.97975162 -0.10949683 -10.768095 0.5266652 0.18288435 0.83016695 77.828491
71 0.79670332 0.086341689 -0.59817134 11.063995 -0.17660131 0.97980395 -0.093787387 -10.814181 0.57799293 0.18035858 0.79586119 78.232912
72 0.75834982 0.088851723 -0.64576385 10.647835 -0.18535578 0.97916441 -0.082946847 -10.86123 0.62493906 0.1825988 0.7590184 78.642153
73 0.71926074 0.090661132 -0.68879938 10.213662 -0.19125823 0.97897847 -0.070861326 -10.900912 0.66789545 0.18270633 0.72148052 79.043858
74 0.67675168 0.095255236 -0.73002304 9.7811719 -0.19832051 0.97852645 -0.056168051 -10.934135 0.70899661 0.18279038 0.68111054 79.400267
75 0.6259083 0.10054758 -0.77338801 9.3180371 -0.2040874 0.97821511 -0.037992353 -10.956518 0.75271986 0.18161849 0.6327935 79.770056
76 0.57737004 0.10270371 -0.80999742 8.8185202 -0.20561131 0.97837482 -0.022507582 -10.974091 0.79016953 0.17953985 0.5860014 80.119597
77 0.53104608 0.10339051 -0.84101159 8.2960873 -0.20552066 0.97860692 -0.0094674897 -10.980698 0.82204098 0.17787295 0.5409343 80.436906
78 0.48837902 0.10281977 -0.86655297 7.7120059 -0.20463659 0.97883762 0.00081199303 -10.984508 0.84829821 0.1769319 0.49908449 80.747786
79 0.45032607 0.10283542 -0.88692239 7.1209442 -0.20488918 0.97873949 0.0094508233 -10.98072 0.86903792 0.17746486 0.46182181 81.026165
80 0.41420917 0.10297659 -0.90433767 6.5064272 -0.2054 0.97852432 0.017345876 -10.970908 0.88670269 0.17856615 0.42646517 81.291244
81 0.384845 0.10359219 -0.91714939 5.8474436 -0.20478518 0.97849791 0.024591623 -10.954226 0.89997634 0.17835465 0.39778421 81.560149
82 0.35489373 0.10308212 -0.92920641 5.1220987 -0.20494775 0.9783052 0.030252807 -10.923995 0.91216606 0.17970225 0.36832087 81.818319
83 0.33323968 0.10608576 -0.93685493 4.3665576 -0.20570423 0.97789295 0.037563669 -10.889374 0.92012888 0.18019733 0.34769505 82.081351
84 0.33353699 0.10674273 -0.93667449 1.9448115 -0.20759671 0.97749645 0.037472414 -10.845256 0.91959597 0.18195213 0.34819069 82.980528
85 0.33796309 0.10570664 -0.9352043 0.75553658 -0.2064462 0.9777985 0.035915784 -10.838889 0.91823798 0.18093118 0.35228256 83.403463
86 0.33231297 0.1066945 -0.93711494 -0.14666443 -0.20810802 0.97738735 0.03748191 -10.828602 0.91992348 0.18256543 0.34700251 83.721711
87 0.32983472 0.10535672 -0.93814127 -0.92982372 -0.2072183 0.97759725 0.036933302 -10.813774 0.92101558 0.18221817 0.34427738 84.003956
88 0.32896845 0.10476101 -0.93851208 -1.7415985 -0.20689194 0.97767843 0.036612905 -10.787588 0.92139869 0.18212611 0.3432996 84.301629
89 0.33080608 0.10504525 -0.93783413 -2.5809449 -0.20666971 0.97772539 0.036613946 -10.757556 0.92079044 0.18170981 0.3451472 84.61505
90 0.3308122 0.10587634 -0.93773851 -3.4559451 -0.20702362 0.9776228 0.037346426 -10.72601 0.92070873 0.18177938 0.34532849 84.938904
91 0.33160088 0.10543267 -0.93750991 -4.4380924 -0.20817034 0.97741906 0.036290216 -10.698309 0.92016631 0.1831279 0.346061 85.296632
92 0.32957284 0.10458158 -0.93832002 -5.3648673 -0.2106053 0.97694743 0.034914446 -10.665769 0.92034082 0.18610833 0.3440008 85.629898
93 0.32650833 0.10433176 -0.93941855 -6.2629479 -0.21339094 0.97636565 0.03426803 -10.631985 0.92079133 0.18927463 0.341055 85.94919
94 0.32409672 0.10467768 -0.94021483 -7.1482717 -0.21631145 0.97572978 0.034068057 -10.601632 0.92096185 0.19233791 0.33887383 86.260824
95 0.32401208 0.10540353 -0.94016291 -8.0153186 -0.21768584 0.97541476 0.034333749 -10.576801 0.92066775 0.19353562 0.33899105 86.566919
96 0.32393917 0.10698755 -0.9400091 -8.9047401 -0.22009492 0.97484652 0.035105055 -10.560971 0.92012048 0.19551934 0.33933842 86.874871
97 0.32488968 0.10881134 -0.93947156 -9.8135896 -0.223224 0.97411578 0.035628189 -10.546048 0.9190309 0.19813739 0.3407695 87.189934
98 0.32157689 0.10932537 -0.94055106 -10.783531 -0.22492662 0.97370015 0.036275467 -10.533597 0.91978062 0.19988964 0.33770968 87.52275
99 0.3155402 0.10844603 -0.942695 -11.692294 -0.22610617 0.97342606 0.036298703 -10.511835 0.9215804 0.20169548 0.3316754 87.835489
100 0.3133681 0.10829888 -0.94343618 -12.606542 -0.2269776 0.97322221 0.036326077 -10.489544 0.92210719 0.20275547 0.32955824 88.149385
101 0.31095052 0.10909393 -0.94414423 -13.54828 -0.22782391 0.97298401 0.037393317 -10.471428 0.9227167 0.20347118 0.32740412 88.467371
102 0.30696238 0.11012948 -0.94532831 -14.519117 -0.22891529 0.97266545 0.03898197 -10.448507 0.92378133 0.20443412 0.32378205 88.79187
103 0.30388925 0.10944615 -0.94639997 -15.610947 -0.22951402 0.97253277 0.038771268 -10.424011 0.92464842 0.20542991 0.3206617 89.153911
104 0.30022068 0.10887328 -0.9476361 -16.64934 -0.2302353 0.97236219 0.038773182 -10.40153 0.92566696 0.20653879 0.31698973 89.49416
105 0.29931746 0.108317 -0.9479855 -17.649441 -0.23029009 0.97236439 0.038390619 -10.378246 0.92594578 0.20682071 0.31599 89.821633
106 0.29893201 0.11105088 -0.94779079 -18.690539 -0.23216345 0.97182722 0.040643126 -10.354809 0.92560242 0.20789287 0.31629225 90.161984
107 0.29462203 0.11624764 -0.94851694 -19.7834 -0.23467753 0.97097916 0.046106568 -10.320673 0.92635003 0.20901162 0.31335258 90.524047
108 0.28802745 0.12009471 -0.95006183 -20.946659 -0.23713565 0.97015039 0.05074233 -10.283394 0.92779682 0.21067836 0.3079087 90.895403
109 0.27876224 0.11928115 -0.95292374 -22.13883 -0.24020019 0.96937876 0.051074252 -10.245282 0.9298363 0.21465491 0.29887757 91.254207
110 0.27373004 0.11979352 -0.95431725 -23.256756 -0.24380995 0.96844746 0.05163443 -10.206189 0.93039166 0.21853816 0.29430003 91.5827
111 0.2726095 0.11959468 -0.95466287 -24.301621 -0.24510262 0.96813928 0.051292455 -10.17377 0.93038101 0.22000758 0.29323696 91.88389
112 0.27207565 0.11977039 -0.95479313 -25.337314 -0.24597652 0.96791597 0.05132363 -10.141502 0.93030665 0.2208928 0.29280709 92.186051
113 0.27452175 0.11959414 -0.95411481 -26.348018 -0.24762822 0.96756242 0.050031148 -10.111724 0.92914914 0.22253113 0.29523184 92.484349
114 0.27739687 0.12083625 -0.95312623 -27.310738 -0.25068297 0.96679713 0.049610916 -10.086779 0.92747458 0.22517062 0.29847811 92.768937
115 0.2766902 0.12157544 -0.95323763 -28.2604 -0.25197673 0.96643453 0.050118892 -10.060386 0.92733506 0.22632632 0.29803717 93.050912
116 0.27587831 0.1232046 -0.95326377 -29.248495 -0.25249647 0.96620998 0.051804356 -10.028086 0.92743558 0.22640405 0.29766513 93.350927
117 0.27175308 0.12356918 -0.95440083 -30.228385 -0.25356033 0.96587432 0.052856723 -9.9921555 0.9283628 0.22763423 0.29381159 93.643801
118 0.26824721 0.12405312 -0.95532941 -31.237264 -0.25492524 0.96546351 0.053788541 -9.9533537 0.92900841 0.22910897 0.29060718 93.941511
119 0.26399889 0.12462494 -0.95643779 -32.268651 -0.25739373 0.96475922 0.054662624 -9.9125569 0.92954457 0.23175024 0.28677306 94.239065
120 0.26792152 0.1251672 -0.95527549 -33.296791 -0.25812781 0.96460077 0.053993203 -9.8739561 0.92821773 0.23211725 0.29074646 94.545333
121 0.26783405 0.12560138 -0.95524303 -34.344626 -0.25934957 0.96426865 0.054070874 -9.8334142 0.92790236 0.23325987 0.29083866 94.858306
122 0.26694127 0.12636262 -0.95539252 -35.377243 -0.26154528 0.96365808 0.054378834 -9.7935758 0.92754325 0.23536247 0.29028968 95.164515
123 0.26631622 0.12738428 -0.95543129 -36.371778 -0.26432822 0.96288032 0.054698779 -9.7511694 0.92693383 0.2379803 0.29010193 95.463364
124 0.2648815 0.12810234 -0.95573407 -37.379453 -0.26629563 0.96231059 0.055180049 -9.7058607 0.92678179 0.23989166 0.28901139 95.761391
125 0.2644122 0.12891088 -0.95575531 -38.382063 -0.2677003 0.96189205 0.05567861 -9.6609508 0.92651109 0.2411339 0.2888455 96.059391
126 0.26517893 0.1292506 -0.95549696 -39.404178 -0.26737623 0.96196812 0.055921068 -9.6142338 0.92638553 0.24064811 0.28965224 96.368825
127 0.26415066 0.12931141 -0.95577352 -40.477636 -0.26724292 0.96198349 0.05629267 -9.5695342 0.92671771 0.24055398 0.28866616 96.688644
128 0.26452647 0.12923198 -0.95568032 -41.5316 -0.26687361 0.96208969 0.056229708 -9.5309346 0.92671694 0.24017163 0.28898682 97.004742
129 0.2658396 0.12936456 -0.95529794 -42.577038 -0.26759328 0.96191509 0.05579498 -9.4951451 0.92613347 0.24079882 0.29033223 97.312787
130 0.26813447 0.13075496 -0.95446691 -43.642413 -0.27082953 0.96102197 0.055569922 -9.4517433 0.92452979 0.24359764 0.29309545 97.623814
131 0.26960587 0.13192105 -0.95389179 -44.74245 -0.27176042 0.96073084 0.056057109 -9.4083569 0.92382845 0.24411673 0.29486962 97.952181
132 0.270652 0.13246907 -0.95351952 -45.86286 -0.27123018 0.96085469 0.056500714 -9.3649124 0.92367838 0.24333126 0.29598687 98.292539
133 0.27259556 0.13245856 -0.95296717 -46.918371 -0.27159842 0.96078842 0.055855153 -9.3241835 0.92299838 0.24359853 0.29788222 98.61374
134 0.2733454 0.13230153 -0.95277417 -47.967323 -0.2713135 0.96088432 0.055589424 -9.2885031 0.92286041 0.24330541 0.29854853 98.934228
135 0.27362339 0.1324514 -0.95267355 -48.989312 -0.27111359 0.96093252 0.055731407 -9.251712 0.92283678 0.24303335 0.29884302 99.248967
136 0.27426671 0.13316465 -0.95238909 -50.014258 -0.27001497 0.96118889 0.056636798 -9.2135753 0.9229679 0.24162574 0.29957858 99.568708
137 0.2714486 0.13277503 -0.95325048 -51.076791 -0.26980927 0.96122196 0.057054187 -9.1721114 0.92386075 0.24170855 0.29674631 99.899534
138 0.27107686 0.13324311 -0.95329095 -52.252171 -0.26988106 0.96116919 0.057601159 -9.1278966 0.92394892 0.24166085 0.29651054 100.26448
139 0.27141189 0.13358486 -0.95314779 -53.425447 -0.26929748 0.96130616 0.058044943 -9.0862583 0.92402084 0.24092623 0.29688401 100.63185
140 0.2710817 0.13605079 -0.95289293 -54.562907 -0.27063741 0.96079795 0.060187734 -9.0501045 0.92372624 0.24157271 0.29727519 100.98263
141 0.27081167 0.13669156 -0.952878 -55.729435 -0.27042376 0.96080856 0.060973709 -9.0088892 0.92386801 0.24116848 0.29716283 101.34372
142 0.26754273 0.13723312 -0.95372322 -56.866875 -0.27093161 0.96058571 0.062217625 -8.965567 0.9246713 0.24174792 0.29417854 101.68601
143 0.26580618 0.13687558 -0.95426002 -58.032985 -0.27010293 0.96079574 0.0625767 -8.918046 0.92541425 0.24111517 0.29235597 102.03445
144 0.26409985 0.13720229 -0.95468677 -59.157119 -0.27091956 0.96053179 0.063096449 -8.87141 0.92566404 0.24197958 0.29084711 102.37005
145 0.26670585 0.13864008 -0.95375413 -60.259889 -0.27360285 0.95977687 0.063005821 -8.8299549 0.92412636 0.24414585 0.29391045 102.69196
146 0.27033106 0.13899416 -0.95268136 -61.369666 -0.27547588 0.95931976 0.061794171 -8.7880022 0.92251516 0.24573588 0.29762349 103.01939
147 0.27185822 0.13903579 -0.95224061 -62.489204 -0.27672002 0.95901103 0.061022642 -8.7431951 0.92169366 0.24691456 0.29918904 103.351
148 0.2733661 0.13847436 -0.95189067 -63.702561 -0.27697471 0.9590041 0.059966952 -8.693768 0.92117102 0.24725674 0.30051313 103.71966
149 0.27276373 0.13774829 -0.95216878 -64.840813 -0.27717023 0.95898692 0.059334878 -8.6493636 0.92129076 0.24772845 0.2997566 104.06531
150 0.27145992 0.13753948 -0.95257148 -65.956712 -0.27793905 0.95877095 0.059228675 -8.6087579 0.92144422 0.24867862 0.29849551 104.40213
151 0.27152217 0.13805676 -0.95247891 -67.041901 -0.27887245 0.95848742 0.059429784 -8.5760179 0.92114382 0.24948364 0.29875083 104.72836
152 0.27039898 0.13877892 -0.95269346 -68.223685 -0.27869689 0.95847033 0.060519066 -8.5339185 0.92152726 0.24914843 0.29784668 105.08409
153 0.27229282 0.13857362 -0.95218381 -69.441865 -0.27855267 0.95855464 0.059844002 -8.491499 0.92101308 0.24893827 0.29960762 105.45816
154 0.27525036 0.13800233 -0.95141612 -70.647245 -0.27758427 0.95890126 0.058781259 -8.4549936 0.92042614 0.24791861 0.30224521 105.83678
155 0.27729469 0.13765716 -0.95087233 -71.823872 -0.27727925 0.95903835 0.05797879 -8.4204241 0.9199043 0.24757997 0.30410574 106.20008
156 0.27736391 0.13885179 -0.95067843 -72.972597 -0.27779167 0.95882804 0.058995348 -8.3812599 0.91972882 0.24772739 0.30451619 106.54896
157 0.27868983 0.13783752 -0.95043823 -74.17301 -0.27847126 0.95872859 0.057385801 -8.3449659 0.9191223 0.24867691 0.30557172 106.91084
158 0.28292997 0.13656118 -0.94936911 -75.190467 -0.2792744 0.95865381 0.054667673 -8.3182434 0.91758187 0.24966739 0.30936996 107.22412
159 0.2878296 0.1365619 -0.94789504 -76.181901 -0.2785888 0.95891602 0.05355582 -8.2820798 0.9162655 0.24865801 0.31404905 107.53616
160 0.29547608 0.13843973 -0.94526629 -77.160806 -0.28025189 0.95847478 0.052771648 -8.2482801 0.91331967 0.24931993 0.3220044 107.85163
161 0.29471858 0.13905059 -0.94541309 -78.182748 -0.28194333 0.95796571 0.053005149 -8.2075866 0.9130438 0.25093133 0.32153471 108.18875
162 0.2976749 0.13851697 -0.94456484 -79.23889 -0.28388747 0.95750302 0.050948587 -8.1634436 0.911481 0.25298403 0.32434788 108.5453
163 0.30033695 0.13836038 -0.94374475 -80.296956 -0.28489684 0.95726996 0.04967782 -8.125292 0.91029202 0.25394984 0.32692201 108.90329
164 0.30485414 0.13852661 -0.94227085 -81.347261 -0.28559872 0.95713076 0.048311088 -8.0861954 0.90856886 0.25438353 0.33134833 109.26602
165 0.30917092 0.13835901 -0.94088796 -82.4114 -0.28487494 0.95740288 0.047179124 -8.0544235 0.90733658 0.25344901 0.33541617 109.6419
166 0.31060888 0.1385156 -0.94039118 -83.508331 -0.28514459 0.95733978 0.046829505 -8.029328 0.90676058 0.25360182 0.33685524 110.03038
167 0.31212112 0.13959406 -0.93973078 -84.588992 -0.28647881 0.95693307 0.046998653 -8.0049929 0.90582027 0.25454371 0.33866979 110.41054
168 0.31248662 0.14192348 -0.93926028 -85.701412 -0.28926098 0.9560348 0.048222631 -7.9822123 0.90480951 0.25662245 0.33980104 110.79345
169 0.31452142 0.14511404 -0.93809286 -86.831999 -0.29404187 0.95453196 0.049071394 -7.9557896 0.90256064 0.2604046 0.34289038 111.17414
170 0.31648411 0.14524702 -0.93741194 -87.947354 -0.29513246 0.95423907 0.048213214 -7.9223375 0.90151799 0.26140199 0.34486864 111.56512
171 0.31623478 0.14524985 -0.93749564 -89.025497 -0.29581029 0.95403838 0.048030548 -7.8891327 0.90138332 0.26213195 0.34466655 111.9455
172 0.31793179 0.1448744 -0.93697962 -90.08471 -0.29662504 0.95384494 0.046832588 -7.8468951 0.90051819 0.26304207 0.34623104 112.3343
173 0.31859672 0.14522634 -0.93669924 -91.14091 -0.29665055 0.95382959 0.046983368 -7.8062625 0.90027475 0.26290362 0.34696848 112.72634
174 0.31895286 0.14482412 -0.93664031 -92.205882 -0.29472313 0.95441568 0.047210894 -7.7696434 0.90078155 0.26099154 0.34709666 113.12039
175 0.31988061 0.14441939 -0.93638639 -93.323523 -0.29329745 0.95486148 0.047074957 -7.7253785 0.9009179 0.25958139 0.34779954 113.53856
176 0.3223502 0.14512492 -0.93542992 -94.476798 -0.29254688 0.95507755 0.047361123 -7.694199 0.90028147 0.25839026 0.35032531 113.95828
177 0.32384837 0.14529137 -0.93488646 -95.618252 -0.29281237 0.95501462 0.046988138 -7.6596447 0.89965727 0.25852931 0.35182306 114.3735
178 0.32569259 0.14454062 -0.93436201 -96.749113 -0.29321637 0.95496175 0.045520223 -7.6248562 0.89885958 0.25914466 0.35340568 114.78876
179 0.32885023 0.14331773 -0.93344394 -97.853308 -0.29406717 0.95481693 0.043000056 -7.5895066 0.89743082 0.26035466 0.35613684 115.19382
180 0.33169662 0.14286576 -0.93250563 -98.95472 -0.29469505 0.95469231 0.041440486 -7.5474336 0.89617645 0.26105915 0.35877007 115.61113
181 0.33662526 0.14172433 -0.93091228 -100.1187 -0.2961649 0.95437255 0.038200403 -7.5126999 0.89385113 0.26284434 0.36323971 116.0517
182 0.34289213 0.14232136 -0.92853091 -101.29047 -0.29891402 0.95360894 0.035780885 -7.4869269 0.89054784 0.26528195 0.36952688 116.50372
183 0.34918589 0.14399669 -0.92592343 -102.51088 -0.30173639 0.95277122 0.03438061 -7.464981 0.88714397 0.2673796 0.37614334 116.98078
184 0.35150802 0.1428368 -0.92522418 -103.69923 -0.30314365 0.95241191 0.031864764 -7.445286 0.88574607 0.26927514 0.37808052 117.44838
185 0.35214224 0.14297463 -0.92496169 -104.85546 -0.3070958 0.95120191 0.030116211 -7.4095266 0.88413125 0.27344668 0.37886531 117.92022
186 0.35087663 0.14191717 -0.92560528 -106.02881 -0.30768882 0.95103947 0.029178755 -7.3786612 0.88442819 0.27456028 0.37736388 118.39999
187 0.35051411 0.14161285 -0.92578923 -107.16398 -0.30870568 0.95072902 0.028548346 -7.3474309 0.88421757 0.27578982 0.37696066 118.86476
188 0.34817659 0.1416064 -0.92667185 -108.25567 -0.31022647 0.95023094 0.028645728 -7.3184428 0.88460876 0.27750439 0.37477825 119.30952
189 0.34857089 0.14214385 -0.9264413 -109.33712 -0.31127027 0.9498901 0.028627051 -7.3077131 0.88408665 0.2783951 0.37534922 119.73888
190 0.34635239 0.14399546 -0.92698725 -110.3843 -0.3129079 0.94929203 0.03054772 -7.2972777 0.88438042 0.27948138 0.37384692 120.15202
191 0.34498253 0.14332787 -0.92760132 -111.43461 -0.31175205 0.9496643 0.030793775 -7.2920888 0.88532354 0.27855832 0.37230038 120.56552
192 0.34287226 0.14333845 -0.92838178 -112.55679 -0.31214391 0.94951836 0.031320086 -7.2804502 0.88600499 0.27904995 0.37030576 121.00983
193 0.3382851 0.14207396 -0.93025707 -113.57663 -0.3126036 0.94936728 0.031315247 -7.2586856 0.88760478 0.28020825 0.36556966 121.41036
194 0.33579046 0.14313513 -0.93099792 -114.72141 -0.31275433 0.94925573 0.033138554 -7.2302883 0.88849848 0.28004605 0.36351718 121.86282
195 0.33285185 0.14334658 -0.93202008 -115.87153 -0.31200935 0.94944875 0.034599409 -7.1972101 0.88986508 0.27928253 0.36075128 122.3212
196 0.32934765 0.14367616 -0.93321343 -117.03104 -0.31194839 0.94941374 0.03607819 -7.1718008 0.89118931 0.27923218 0.35750676 122.77226
197 0.32817498 0.14469413 -0.93346924 -118.18518 -0.31322416 0.94895903 0.036976543 -7.1479775 0.89117443 0.28025037 0.35674634 123.20835
198 0.32866401 0.14501604 -0.9332472 -119.31151 -0.3144048 0.94858027 0.036673899 -7.1279743 0.89057826 0.28136404 0.35735797 123.62632
199 0.32772261 0.14496654 -0.93358589 -120.43374 -0.31566331 0.94817192 0.036422145 -7.1033616 0.89047999 0.28276248 0.35649802 124.0403
200 0.32800431 0.14501377 -0.93347962 -121.55035 -0.31670212 0.94784298 0.035962881 -7.079111 0.8900073 0.28383903 0.35682278 124.45265
201 0.32796514 0.14460651 -0.93355656 -122.65055 -0.31742079 0.94762844 0.035274007 -7.0555547 0.88976568 0.28476164 0.35669024 124.85653
202 0.32790545 0.14494489 -0.93352505 -123.77311 -0.31781517 0.9474886 0.035478751 -7.0318275 0.88964689 0.28505478 0.35675239 125.26905
203 0.32970778 0.14529839 -0.93283503 -124.90471 -0.31771912 0.94752787 0.035290063 -7.0169561 0.88901484 0.28474414 0.35857142 125.6871
204 0.33082657 0.14466528 -0.93253727 -126.03145 -0.3159751 0.94812208 0.03498776 -7.000736 0.88922077 0.2830837 0.35937463 126.10983
205 0.33201456 0.1443606 -0.9321622 -127.15461 -0.31547211 0.94830753 0.034497124 -6.9771223 0.88895654 0.28261765 0.36039368 126.53419
206 0.33403583 0.14428434 -0.93145162 -128.24933 -0.31450567 0.94864071 0.034159405 -6.9579833 0.88854167 0.28153637 0.36225826 126.95232
207 0.33577587 0.14453944 -0.9307862 -129.34731 -0.31375944 0.94888764 0.034163418 -6.9383896 0.88814955 0.28057173 0.36396422 127.3739
208 0.33899654 0.14455734 -0.92961527 -130.44255 -0.31279953 0.94922673 0.033540464 -6.9203215 0.88726425 0.27941314 0.36700208 127.8011
209 0.34145521 0.14468438 -0.92869521 -131.53869 -0.31167426 0.94960358 0.033347871 -6.9026911 0.88671729 0.27806362 0.36934152 128.23026
210 0.34514931 0.14681792 -0.92699325 -132.67244 -0.31364677 0.94894803 0.033514386 -6.8835995 0.884589 0.279181 0.37357776 128.67348
211 0.34618073 0.14933307 -0.92620655 -133.83864 -0.31534032 0.94833153 0.0350381 -6.8626559 0.8835833 0.27994078 0.37538487 129.13272
212 0.34731909 0.15177678 -0.92538278 -135.00865 -0.31774432 0.94748719 0.036144918 -6.8408898 0.88227436 0.28148132 0.37730663 129.59211
213 0.34610824 0.15201846 -0.92579668 -136.14244 -0.32075092 0.94649781 0.035505205 -6.8160589 0.88166206 0.28466152 0.37635079 130.031
214 0.34443687 0.15200167 -0.92642256 -137.24044 -0.32295848 0.94576192 0.035101242 -6.7908907 0.8815107 0.28710588 0.37484553 130.45742
215 0.34386899 0.15316058 -0.92644265 -138.32181 -0.32506047 0.94502365 0.035579275 -6.7643707 0.88095962 0.2889153 0.37475081 130.87591
216 0.34403967 0.15364613 -0.92629887 -139.402 -0.32614595 0.94465048 0.035555208 -6.7404916 0.88049167 0.28987625 0.37510833 131.29358
217 0.3453084 0.15317065 -0.92590544 -140.49634 -0.32513857 0.94501565 0.035074403 -6.7233685 0.88036757 0.28893611 0.37612356 131.72186
218 0.34462434 0.15222999 -0.92631535 -141.58618 -0.32324265 0.94566298 0.035151074 -6.7069839 0.88133325 0.28731074 0.37510574 132.15001
219 0.34505474 0.15142733 -0.92628668 -142.67671 -0.32192796 0.94612623 0.034747989 -6.6957211 0.881646 0.28620765 0.37521406 132.57194
220 0.3431639 0.15197479 -0.92689926 -143.75468 -0.32162743 0.94617933 0.036060529 -6.6839563 0.88249328 0.28574158 0.37357388 132.98891
221 0.34147949 0.15267266 -0.92740652 -144.83504 -0.32199475 0.94601129 0.037174053 -6.6711682 0.88301257 0.28592588 0.37220327 133.40359
222 0.33980993 0.15341836 -0.92789657 -145.89623 -0.32245198 0.94581088 0.038293458 -6.6562417 0.88348966 0.28618962 0.37086601 133.8103
223 0.3368045 0.15293039 -0.92907215 -146.9305 -0.32257273 0.94575161 0.038737802 -6.6423385 0.88459573 0.28664629 0.3678646 134.20829
224 0.33609375 0.15296925 -0.9293231 -147.96911 -0.32330398 0.94550309 0.038708226 -6.6224574 0.8845991 0.28744429 0.36723328 134.60716
225 0.33606391 0.15360502 -0.92922902 -149.02127 -0.32387306 0.945291 0.03912856 -6.5993615 0.88440225 0.28780257 0.36742675 135.01031
226 0.33601355 0.15438537 -0.92911791 -150.09105 -0.32461268 0.94501631 0.039631602 -6.5671251 0.88415019 0.28828673 0.36765376 135.42726
227 0.33604004 0.15590741 -0.92885413 -151.20466 -0.32617469 0.9444406 0.040520389 -6.5330609 0.88356506 0.28935226 0.36822294 135.85782
228 0.3377346 0.15701036 -0.9280534 -152.24533 -0.32798568 0.94382186 0.040318475 -6.5057852 0.88224758 0.2907713 0.37025848 136.26005
229 0.33800004 0.15710941 -0.92794 -153.24286 -0.32922691 0.94341125 0.039808688 -6.4760652 0.88168343 0.2920475 0.37059772 136.65046
230 0.33687683 0.15769317 -0.92824937 -154.21115 -0.32968336 0.9432186 0.040588713 -6.4495014 0.8819427 0.292355 0.36973734 137.02758
231 0.3360845 0.15771711 -0.92853247 -155.12466 -0.3298205 0.94316056 0.040822481 -6.4243946 0.88219368 0.29252927 0.36900001 137.38264
232 0.33276527 0.15798537 -0.92968163 -156.01609 -0.33008447 0.94301195 0.042101991 -6.3978687 0.88335246 0.29286341 0.36595017 137.72758
233 0.32771158 0.15803139 -0.93146724 -156.8917 -0.33001558 0.94295532 0.043873375 -6.3714345 0.88526543 0.29302091 0.36117023 138.06274
234 0.32729023 0.15786002 -0.93164443 -157.76479 -0.33026382 0.9428746 0.043739949 -6.3470108 0.88532873 0.29337282 0.36072912 138.39299
235 0.32655848 0.15808792 -0.93186254 -158.64048 -0.33067782 0.94271516 0.044047513 -6.3237728 0.8854444 0.29376221 0.36012783 138.72321
236 0.32428556 0.15806271 -0.93266022 -159.50781 -0.33024763 0.94282297 0.044958084 -6.3010423 0.88643975 0.29342959 0.35794374 139.0497
237 0.32047772 0.15828025 -0.93393866 -160.37183 -0.33034592 0.94271812 0.046411133 -6.2749969 0.88778694 0.29364912 0.35440742 139.37079
238 0.31544621 0.15770798 -0.93574671 -161.22138 -0.33078058 0.94251945 0.047341189 -6.2411072 0.88942563 0.29459326 0.34948095 139.68212
239 0.31110601 0.15932359 -0.93692533 -162.06262 -0.33203044 0.94194638 0.049926724 -6.20294 0.89048801 0.29555525 0.34594549 139.99209
240 0.30543859 0.16178225 -0.93836762 -162.91435 -0.3334977 0.94121904 0.053720382 -6.1606641 0.89190056 0.29653519 0.34143866 140.29868
241 0.29908385 0.16411628 -0.94000783 -163.77365 -0.33526038 0.94036859 0.057508914 -6.1137477 0.89339206 0.29794742 0.33627077 140.59991
242 0.29701337 0.16577864 -0.94037255 -164.62753 -0.33810314 0.93927058 0.05879568 -6.0743145 0.89301141 0.30047984 0.33502622 140.88911
243 0.2940238 0.16602019 -0.941269 -165.45164 -0.33892279 0.93891578 0.059735962 -6.0235693 0.89368977 0.30145375 0.33233163 141.18309
244 0.29199606 0.16713396 -0.94170302 -166.25954 -0.3398205 0.93849718 0.061196043 -5.9718506 0.89401363 0.30214101 0.33083305 141.47183
245 0.29079652 0.16732273 -0.94204061 -167.06082 -0.34082521 0.93811831 0.061417444 -5.9172133 0.89402215 0.30321124 0.32982937 141.75807
246 0.29284245 0.16743868 -0.94138601 -167.87367 -0.3418646 0.93780254 0.060455494 -5.8618445 0.89295686 0.30412264 0.33186978 142.04939
247 0.2953653 0.16725148 -0.9406308 -168.70891 -0.34274066 0.93757016 0.059084068 -5.8083799 0.89178934 0.30494106 0.3342496 142.34958
248 0.29713642 0.16751158 -0.94002652 -169.54412 -0.3438244 0.93722045 0.05833083 -5.7550161 0.89078324 0.30587186 0.33607692 142.65078
249 0.29979387 0.16759516 -0.93916746 -170.39086 -0.34498256 0.93687285 0.057062987 -5.6999029 0.88944405 0.30688929 0.33868617 142.9614
250 0.30138347 0.16810083 -0.93856813 -171.25371 -0.34619515 0.93645621 0.056555905 -5.646244 0.88843512 0.30788275 0.34042814 143.27814
251 0.3022638 0.16936049 -0.93805844 -172.11433 -0.34797447 0.93578026 0.056823879 -5.5953617 0.88744037 0.30924461 0.34178566 143.59334
252 0.30240857 0.17057854 -0.93779105 -172.96177 -0.35010024 0.93496604 0.057168204 -5.5438305 0.88655453 0.31103274 0.34246136 143.90476
253 0.30016024 0.17159588 -0.93832761 -173.78868 -0.35140884 0.93439475 0.058465005 -5.4886483 0.88680083 0.31218777 0.34076849 144.21227
254 0.29786726 0.17392611 -0.93862923 -174.57898 -0.35273238 0.93372848 0.061080919 -5.4280809 0.88704848 0.31289094 0.33947655 144.50859
255 0.29614215 0.17447084 -0.9390739 -175.41194 -0.3538068 0.93327335 0.061818221 -5.3590639 0.88719819 0.31394378 0.33811057 144.81835
256 0.29639996 0.17483204 -0.93892537 -176.26777 -0.35475782 0.93291852 0.061723585 -5.296797 0.8867322 0.31479628 0.33854007 145.13324
257 0.29715116 0.17535467 -0.93859041 -177.13439 -0.35543005 0.93266282 0.061720562 -5.2427262 0.88621144 0.31526293 0.33946818 145.44649
258 0.29911424 0.17579856 -0.93788356 -178.01181 -0.35586013 0.93252643 0.06130182 -5.1935026 0.88537805 0.31541914 0.34149165 145.76168
259 0.30275392 0.17661888 -0.93656066 -178.94737 -0.35652427 0.93232063 0.060568745 -5.1421654 0.88387248 0.31556921 0.34523267 146.10379
260 0.30287928 0.17653515 -0.93653591 -179.88992 -0.35736658 0.93202768 0.060111642 -5.0896451 0.88348928 0.31648009 0.34537966 146.447
261 0.30087248 0.17678125 -0.93713615 -180.83487 -0.35794094 0.93175945 0.060848168 -5.0351948 0.88394235 0.31713189 0.34361805 146.79378
262 0.29981408 0.17648807 -0.93753054 -181.78146 -0.35893946 0.93139485 0.06054733 -4.9723444 0.88389707 0.31836379 0.34259385 147.14398
263 0.30119096 0.17690552 -0.93701039 -182.68161 -0.36004573 0.93100072 0.060038447 -4.9084968 0.88297855 0.31928358 0.34410311 147.47993
264 0.30145177 0.17691354 -0.936925 -183.59791 -0.36028262 0.93092054 0.059860304 -4.8550101 0.88279291 0.31951283 0.34436654 147.81586
265 0.30568655 0.17706213 -0.93552379 -184.53222 -0.36106858 0.930723 0.05817274 -4.8047403 0.88101377 0.32000565 0.3484411 148.16273
266 0.31023644 0.17730084 -0.93397955 -185.4592 -0.36230996 0.93035772 0.056266168 -4.7543132 0.8789112 0.32093431 0.35286876 148.51367
267 0.31413987 0.17790001 -0.93255979 -186.41532 -0.36372955 0.92988737 0.054865136 -4.7096396 0.87693615 0.32196425 0.35682222 148.8779
268 0.31736809 0.17935578 -0.93118689 -187.34689 -0.36560712 0.92918029 0.054362685 -4.665631 0.87499084 0.3231956 0.36046595 149.24058
269 0.31835753 0.18082003 -0.93056576 -188.29964 -0.36630154 0.92885902 0.055172302 -4.6271575 0.87434073 0.32330318 0.36194395 149.60997
270 0.31720017 0.18137165 -0.93085359 -189.23834 -0.36599336 0.92891423 0.056276895 -4.5903607 0.87489026 0.32283522 0.3610326 149.9735
271 0.31730127 0.18188317 -0.93071932 -190.19071 -0.36592147 0.92891195 0.056779849 -4.5532197 0.87488366 0.32255389 0.36129993 150.33849
272 0.3158697 0.18261717 -0.93106247 -191.17127 -0.36633742 0.92868086 0.057867417 -4.5138367 0.87522755 0.32280449 0.36024168 150.71129
273 0.31699757 0.18236087 -0.93072933 -192.1644 -0.36812332 0.92806116 0.056458772 -4.4734661 0.87406968 0.32472591 0.36132445 151.08131
274 0.31766747 0.18245934 -0.93048159 -193.13333 -0.36980505 0.9274435 0.055611736 -4.4377841 0.87311606 0.32643078 0.36209304 151.44219
275 0.32024405 0.18225505 -0.92963803 -194.06727 -0.37042469 0.92728048 0.054188022 -4.4056306 0.87191131 0.32700752 0.36446786 151.79639
276 0.32489551 0.18437289 -0.92760421 -195.03377 -0.37139189 0.92689568 0.054151195 -4.3696174 0.86977642 0.32691123 0.36961887 152.1713
277 0.32550565 0.18607281 -0.92705071 -196.0574 -0.37254345 0.9263757 0.055130028 -4.3217964 0.86905552 0.32742156 0.37086076 152.57643
278 0.32736965 0.18773213 -0.92605928 -197.16627 -0.37563748 0.92514762 0.054756341 -4.2693813 0.86702113 0.32993703 0.37338451 153.01068
279 0.32938168 0.18960258 -0.92496411 -198.28116 -0.37829214 0.92406815 0.054708284 -4.216309 0.86510277 0.33188678 0.37609631 153.44878
280 0.33162443 0.19138314 -0.9237953 -199.39666 -0.38018303 0.92328639 0.054799446 -4.1627441 0.86341539 0.33303849 0.37894498 153.88917
281 0.33445233 0.19229592 -0.92258547 -200.52469 -0.38302833 0.92219405 0.053360299 -4.1067019 0.86106387 0.33552992 0.38208477 154.33919
282 0.33820072 0.19299292 -0.92107222 -201.67315 -0.38391143 0.92189321 0.052199748 -4.0585783 0.85920448 0.33595619 0.38587716 154.80468
283 0.34116776 0.1922423 -0.92013449 -202.76771 -0.3841675 0.92189927 0.050169256 -4.0177183 0.85791604 0.33636967 0.38837558 155.25074
284 0.34488518 0.19123772 -0.91895722 -203.91273 -0.38446591 0.92191304 0.047562554 -3.9805551 0.85629447 0.33690413 0.39147856 155.72064
285 0.34841017 0.19055411 -0.91776877 -205.08241 -0.38329962 0.92247677 0.046020583 -3.9493006 0.85538985 0.33574641 0.39443963 156.21245
286 0.35200752 0.1900096 -0.9165081 -206.21426 -0.38195003 0.92310228 0.044679376 -3.9190379 0.85452029 0.33433284 0.39751314 156.69635
287 0.35467626 0.18972462 -0.91553774 -207.40106 -0.38091109 0.92357236 0.043825924 -3.8923314 0.85388028 0.3331945 0.39983744 157.20342
288 0.356369 0.18952617 -0.91492131 -208.51433 -0.37998077 0.92397579 0.043396326 -3.8612949 0.85358995 0.33218742 0.40129266 157.68351
289 0.35783239 0.18948331 -0.91435884 -209.65463 -0.37956346 0.92416701 0.042974512 -3.8287151 0.85316329 0.33167956 0.40261787 158.17305
290 0.35851384 0.18932243 -0.9141252 -210.79652 -0.37984313 0.92407809 0.04241179 -3.7941988 0.85275264 0.33201899 0.40320764 158.66501
291 0.3600023 0.18924419 -0.91355624 -211.95157 -0.38053936 0.92383679 0.041415843 -3.7580432 0.85181464 0.33273433 0.40459827 159.16295
292 0.35964895 0.18891748 -0.91376301 -213.08394 -0.38240046 0.92311555 0.040341683 -3.7149893 0.85113017 0.33491458 0.4042397 159.65487
293 0.36009508 0.18852555 -0.91366826 -214.20716 -0.38453733 0.92229563 0.038751796 -3.673346 0.84997801 0.33738525 0.40460926 160.14116
