4 0.99999872 0.00091316904 0.0013152687 -0.00150645 -0.0009131347 0.99999958 -2.6711522e-05 -0.022620122 -0.0013152926 2.551047e-05 0.99999913 0.75151635
5 0.99999701 0.0023471093 -0.00069266435 -0.0099316058 -0.0023473555 0.99999718 -0.00035490107 -0.01687223 0.00069182941 0.00035652594 0.9999997 0.73059827
6 0.99999324 0.0017160125 -0.0032530719 -0.0093515304 -0.0017191448 0.99999806 -0.00096033624 -0.009252774 0.0032514177 0.00096592225 0.99999425 0.71523457
7 0.99999846 -0.00075509037 -0.0015812651 0.0027684913 0.00075689628 0.99999906 0.0011417805 -0.0031784427 0.0015804015 -0.0011429756 0.9999981 0.74606134
8 0.99999351 -0.0016552939 -0.003200969 0.0021866444 0.0016576577 0.99999836 0.00073594155 -0.00038704825 0.0031997456 -0.00074124288 0.99999461 0.73766011
9 0.99999897 -0.00081145969 -0.0011861128 3.1465858e-05 0.00081146121 0.99999967 7.9885152e-07 -0.00762162 0.0011861117 -1.7613352e-06 0.9999993 0.73086987
10 0.99999928 -0.0011113271 -0.00046258347 0.0022704438 0.001111471 0.99999933 0.00031097182 -0.010106561 0.00046223757 -0.00031148574 0.99999984 0.74393537
11 0.99999912 -1.0442577e-05 0.00132805 0.00063942287 1.0198067e-05 0.99999998 0.00018411879 -0.010467037 -0.0013280519 -0.00018410509 0.9999991 0.70734198
12 0.99999948 0.00068918219 0.00075195051 -0.0016502644 -0.00068865628 0.99999952 -0.00069942893 -0.004447844 -0.00075243218 0.00069891073 0.99999947 0.68606233
13 0.99999653 -6.7267998e-05 0.0026328921 0.0065285997 6.3361302e-05 0.9999989 0.0014838595 -0.006227712 -0.002632989 -0.0014836875 0.99999543 0.62319184
14 0.9999968 8.6134819e-05 0.0025279922 0.0025161134 -8.3937926e-05 0.99999962 -0.0008691204 -0.0055419617 -0.0025280661 0.00086890543 0.99999643 0.57946521
15 0.99998332 0.00078431627 0.0057215615 0.0080088681 -0.00077770938 0.99999903 -0.0011568683 -0.0045871032 -0.0057224633 0.0011523993 0.99998296 0.56305218
16 0.99998174 0.00052543302 0.0060194624 0.0092463676 -0.00053246128 0.99999918 0.001166045 -0.009772175 -0.0060188447 -0.0011692288 0.9999812 0.60256121
17 0.99998606 -0.0012547054 0.0051286862 0.01047072 0.0012536547 0.99999919 0.00020807796 -0.011079092 -0.0051289431 -0.00020164546 0.99998683 0.66778251
18 0.99997932 0.001190137 0.0063196206 0.00016441755 -0.0011891288 0.99999928 -0.00016329918 -0.0083294928 -0.0063198104 0.00015578096 0.99998002 0.62461734
19 0.99999143 0.0024181297 0.0033599303 -0.0036667664 -0.0024193615 0.99999701 0.00036259668 -0.007356618 -0.0033590435 -0.00037072246 0.99999429 0.61022096
20 0.99999221 0.00094394259 0.0038332044 0.0023390238 -0.00095026715 0.99999819 0.0016484531 -0.011302207 -0.0038316414 -0.0016520828 0.99999129 0.5595241
21 0.99998683 -0.00065680439 0.0050900795 0.006170718 0.00065775549 0.99999977 -0.00018518248 -0.0089224592 -0.0050899567 0.00018852807 0.99998703 0.46224614
22 0.99736651 -0.031098705 0.065520383 -0.035978706 0.03667096 0.99565138 -0.085636226 -0.17636494 -0.062572284 0.087813399 0.99416976 1.5280035
23 0.99826521 0.018397519 0.055929429 0.066599651 -0.018537776 0.99982618 0.0019899292 0.0069924124 -0.055883098 -0.0030232843 0.99843274 0.5862903
24 0.99998812 0.00082935387 0.004803505 -0.096827507 -0.00065712739 0.99936071 -0.035745582 -0.06926989 -0.0048300799 0.035742 0.99934938 0.59311123
25 0.99893829 0.022269874 0.040327939 0.059027222 -0.022173313 0.99975011 -0.0028401354 -0.040840576 -0.040381111 0.0019429159 0.99918246 2.5443935
26 0.99882514 0.0047233417 -0.048228869 -0.036328469 -0.0058099512 0.99973187 -0.022415 -0.1053041 0.048110064 0.022668873 0.99858477 2.090326
27 0.99995354 0.00416681 0.0086926143 0.02722516 -0.0041893666 0.9999879 0.0025783293 -0.048039295 -0.0086817657 -0.0026146261 0.99995889 2.5410104
28 0.99999496 0.0022058467 -0.0022854048 0.015003835 -0.0022012865 0.99999559 0.0019959541 -0.052287216 0.0022897974 -0.0019909132 0.9999954 2.570056
29 0.9999996 0.00077040252 0.00046161252 0.01326572 -0.00077028523 0.99999967 -0.00025421895 -0.049765417 -0.00046180822 0.00025386327 0.99999986 2.6040568
30 0.99999984 0.0002382426 0.00051690591 0.013295203 -0.0002377192 0.99999946 -0.0010123885 -0.050567289 -0.00051714682 0.0010122655 0.99999935 2.6222079
31 0.99981338 -0.0042491397 0.018845527 0.03834292 0.0042595396 0.9999908 -0.00051174665 -0.047112419 -0.018843179 0.00059192442 0.99982228 2.3285334
32 0.9999056 0.0011690338 0.013689955 0.017115209 -0.0010917956 0.99998345 -0.005648076 -0.043738493 -0.013696331 0.0056325962 0.99989034 1.2949854
33 0.99984875 0.005136099 0.01661609 0.02258922 -0.005062201 0.99997712 -0.0044863874 -0.047337481 -0.016638752 0.0044015948 0.99985188 2.5672003
34 0.99987455 0.0043832393 0.015220839 0.04877348 -0.0043664613 0.99998982 -0.0011353618 -0.051078511 -0.015225661 0.0010687582 0.99988351 2.4825518
35 0.9999481 0.00086730811 0.010151359 0.034270049 -0.00085001661 0.99999818 -0.001707559 -0.041482317 -0.010152821 0.0016988416 0.99994702 2.5664896
36 0.99976722 -0.0027536805 0.021399047 0.048656693 0.0028044808 0.99999332 -0.0023443072 -0.046141122 -0.021392448 0.0024037747 0.99976827 2.3784864
37 0.99987664 0.0086163903 0.013132251 0.026758298 -0.0086396959 0.9999612 0.0017189848 -0.043353663 -0.01311693 -0.0018322314 0.99991229 2.671967
38 0.99998691 0.00077780901 0.0050580819 0.019048832 -0.00076222325 0.99999496 -0.0030825559 -0.050300226 -0.005060454 0.0030786601 0.99998246 2.5071179
39 0.99944028 -0.011210994 0.031518839 0.0028617994 0.011287987 0.99993372 -0.0022658864 -0.022604997 -0.031491347 0.0026204024 0.99950059 0.75032571
40 0.99999746 0.00022067146 0.0022423634 0.014732278 -0.00022103703 0.99999996 0.00016278319 -0.048491457 -0.0022423274 -0.00016327842 0.99999747 2.5850312
41 0.99999946 -0.00070425976 0.00076002438 0.011581414 0.00070437066 0.99999974 -0.00014566121 -0.052796839 -0.0007599216 0.00014619647 0.9999997 2.5761112
42 0.99996654 -8.6002779e-05 0.0081800152 0.024660718 0.00011033325 0.99999557 -0.0029739749 -0.053230186 -0.0081797232 0.0029747779 0.99996212 2.6328536
43 0.99999812 -0.00072110191 0.001802714 0.016655829 0.00072500237 0.9999974 -0.0021639433 -0.051002842 -0.0018011489 0.0021652462 0.99999603 2.6243903
44 0.99999972 0.00073559772 -0.00011047153 0.010375835 -0.00073562618 0.9999997 -0.00025778189 -0.046257133 0.00011028188 0.00025786309 0.99999996 2.5879553
45 0.99995653 -0.0033290826 0.0087100475 0.025475312 0.0033393509 0.99999375 -0.0011646229 -0.045616244 -0.0087061159 0.0011936582 0.99996139 2.5300039
46 0.99988204 -0.011588403 0.010080526 0.024390011 0.011740616 0.99981594 -0.015173908 -0.055413735 -0.0099028296 0.01529047 0.99983405 1.9085586
47 0.99998232 -0.0040285885 0.0043748343 0.0045416344 0.0040846371 0.99990872 -0.012879125 -0.020983476 -0.0043225503 0.012896767 0.99990749 0.41184246
48 0.99998791 -0.00038107736 -0.0049016397 -0.010915886 0.00037508198 0.99999918 -0.0012239986 -0.0045800181 0.0049021021 0.0012221453 0.99998724 0.24327687
49 0.99997628 -6.4700484e-05 -0.0068869981 -0.0088598617 5.8733943e-05 0.99999962 -0.00086654728 -0.0014916318 0.0068870516 0.00086612223 0.99997591 0.26140244
50 0.99999619 0.00030579619 0.0027428879 0.00095891078 -0.00030183953 0.99999891 -0.0014428134 0.00048790427 -0.0027433261 0.00144198 0.9999952 0.24601758
51 0.99996623 -0.00042941787 -0.0082063823 -0.005253679 0.00041317536 0.99999795 -0.0019808456 0.0016939173 0.0082072161 0.001977388 0.99996437 0.26613014
52 0.99976069 -0.0007184469 -0.021864055 -0.018196501 0.00067028321 0.99999733 -0.0022101195 -0.002599963 0.021865584 0.0021949355 0.99975851 0.2788976
53 0.99964171 -8.8011436e-05 -0.026766641 -0.024595837 2.6596548e-05 0.99999737 -0.0022948037 -0.0013111357 0.026766772 0.0022932696 0.99963908 0.31124016
54 0.9996289 0.00047178453 -0.027236809 -0.027425273 -0.00050682125 0.99999905 -0.0012794848 -0.00019098514 0.02723618 0.0012928142 0.99962819 0.35073445
55 0.99933751 0.00065244171 -0.036388373 -0.037004919 -0.00069422288 0.99999911 -0.0011355778 -0.00061341311 0.0363876 0.0011600872 0.99933708 0.37252687
56 0.99905236 0.0016889777 -0.043491629 -0.049906509 -0.0017244319 0.99999821 -0.000777692 0.00056522744 0.043490238 0.00085195339 0.99905349 0.40984156
57 0.99899278 0.0029855156 -0.04477175 -0.053285753 -0.002881552 0.999993 0.0023864395 -0.0028461086 0.044778561 -0.0022550237 0.99899439 0.39466167
58 0.99874287 0.0028012893 -0.050048322 -0.062098192 -0.0027140909 0.99999468 0.0018101595 -0.0061229559 0.050053126 -0.0016720482 0.99874516 0.39608402
59 0.99881316 0.0022583925 -0.048653504 -0.060558904 -0.0021911378 0.99999657 0.0014356104 -0.0073128739 0.048656579 -0.0013273001 0.99881469 0.39454164
60 0.99866802 0.0025228975 -0.051534753 -0.061303015 -0.0024360288 0.9999955 0.0017483749 -0.007636606 0.051538932 -0.001620506 0.99866967 0.39463067
61 0.99853351 0.0030628371 -0.054050497 -0.066957081 -0.0029429627 0.99999303 0.0022972754 -0.0083383682 0.054057156 -0.0021348378 0.99853556 0.38804755
62 0.99861391 0.0042143167 -0.052464175 -0.067731229 -0.0041155744 0.99998955 0.001989982 -0.011330034 0.052472013 -0.0017713035 0.99862082 0.3808589
63 0.9985836 0.0037116771 -0.053075517 -0.067524815 -0.0035924784 0.99999081 0.0023410603 -0.011425072 0.053083718 -0.0021470717 0.99858776 0.37700231
64 0.99861102 0.0041062923 -0.052527764 -0.066971466 -0.0039805832 0.99998896 0.0024975878 -0.010927624 0.05253744 -0.0022850275 0.99861634 0.37809157
65 0.99864 0.0036643466 -0.052006879 -0.065237427 -0.0035612107 0.9999915 0.0020756485 -0.011050556 0.052014043 -0.0018876181 0.99864457 0.38019098
66 0.99848545 0.0012788487 -0.055001547 -0.055651206 -0.0011767998 0.99999753 0.0018877288 0.0096197995 0.055003825 -0.0018201439 0.99848448 0.47407128
67 0.99832717 0.0030716926 -0.057735778 -0.063342861 -0.0028441584 0.99998786 0.004022717 -0.0014876055 0.057747434 -0.003851778 0.99832379 0.41560646
68 0.99854904 0.0025677283 -0.053788638 -0.061710837 -0.0024641387 0.99999498 0.0019920935 -0.0035044213 0.053793483 -0.0018566604 0.99855036 0.44613364
69 0.99830204 0.00059680746 -0.058246747 -0.061055508 -0.00051463174 0.99999885 0.0014258112 -0.004575135 0.058247531 -0.0013934146 0.9983012 0.53512342
70 0.99811276 0.0027484638 -0.061346298 -0.092299479 -0.0029381113 0.99999118 -0.0030014322 -0.0053450183 0.061337507 0.00317601 0.99811203 0.55123444
71 0.99796973 0.0027076821 -0.063632463 -0.0668602 -0.0023994649 0.99998502 0.0049196293 0.00069110059 0.063644831 -0.0047569572 0.99796128 0.5294213
72 0.99812421 0.0034075275 -0.061126433 -0.086708578 -0.0034220273 0.99999414 -0.00013252583 -0.0082210319 0.061125623 0.00034145357 0.99813002 0.57904637
73 0.99829598 0.0014738291 -0.058334986 -0.070858771 -0.0014088176 0.99999834 0.0011555633 -0.004081326 0.058336593 -0.0010714108 0.9982964 0.58856592
74 0.9982269 0.0034469464 -0.059423694 -0.066674938 -0.0032583022 0.99998934 0.0032711664 -0.0066166249 0.059434336 -0.003071746 0.99822749 0.55739516
75 0.99773499 0.0028124846 -0.067208544 -0.046808655 -0.0024939604 0.99998526 0.0048227738 0.0015753354 0.067221117 -0.0046442347 0.99772729 0.59122386
76 0.99811962 -0.00024769003 -0.061295719 -0.045958837 0.00043043271 0.9999955 0.0029681422 -0.0039315601 0.061294708 -0.0029889447 0.99811524 0.60817545
77 0.99841915 -0.00096832033 -0.056198495 -0.04955106 0.0010532411 0.99999835 0.0014814879 -0.0031506851 0.056196967 -0.0015383365 0.99841852 0.60926127
78 0.99874465 -0.0011240808 -0.050078551 -0.053834838 0.0011242339 0.99999937 -2.5110243e-05 -0.0088197392 0.050078547 -3.1221285e-05 0.99874528 0.65942105
79 0.99906089 0.00047983499 -0.043325678 -0.053288916 -0.00049031756 0.99999985 -0.00023132184 -0.0078107443 0.043325561 0.00025234795 0.99906098 0.65112393
80 0.99919163 0.0010647191 -0.040186421 -0.048379366 -0.0010791845 0.99999936 -0.00033826745 -0.0065490345 0.040186035 0.00038136257 0.99919214 0.66754098
81 0.99948059 7.2876509e-05 -0.032226497 -0.037944793 -5.197611e-05 0.99999979 0.00064938429 -0.0035185263 0.032226537 -0.00064737199 0.99948038 0.71091167
82 0.99947715 0.0010559679 -0.032315718 -0.0529901 -0.0010877033 0.99999894 -0.00096447924 0.00048646289 0.032314665 0.00099912488 0.99947725 0.76868866
83 0.99973356 0.0016020591 -0.023026922 -0.035303062 -0.0015412722 0.99999528 0.0026573247 0.0032551787 0.02303107 -0.0026211259 0.99973131 0.79998131
84 0.99999802 0.0019151287 0.00053495239 0.011261115 -0.0019151392 0.99999817 1.9217393e-05 -0.051741136 -0.00053491461 -2.0241863e-05 0.99999986 2.5831211
85 0.99998862 -0.0013471393 0.0045763813 -0.0090596663 0.0013499912 0.9999989 -0.00062014403 -0.043768628 -0.0045755408 0.00062631505 0.99998934 1.2614641
86 0.99998124 0.0019193686 -0.0058173943 -0.014806273 -0.0019172248 0.99999809 0.00037406203 -0.027729182 0.0058181012 -0.00036290176 0.99998301 0.95622515
87 0.99999594 -0.00080769283 -0.0027338009 -0.0036964724 0.00080456997 0.99999902 -0.0011432206 -0.01753795 0.0027347216 0.0011410164 0.99999561 0.83240559
88 0.9999995 -0.00029809605 -0.00095646682 0.00098339884 0.00029758878 0.99999982 -0.00053045607 -0.00568474 0.00095662477 0.00053017117 0.9999994 0.86500858
89 0.9999981 -0.00029979133 0.0019251876 0.00645429 0.00029900535 0.99999987 0.00040853685 -0.0014872759 -0.0019253099 -0.00040796043 0.99999806 0.89643365
90 0.99999993 0.00036019623 4.7174957e-05 0.0022266099 -0.00036023194 0.99999965 0.00075915018 -0.0022238661 -4.6901497e-05 -0.00075916712 0.99999971 0.93353732
91 0.99999888 0.0011370056 0.00096871692 -0.0012780554 -0.0011361579 0.99999897 -0.00087521605 -0.011877662 -0.00096971104 0.00087411446 0.99999915 1.0455654
92 0.99999496 0.0025584462 -0.0018779672 -0.0074328368 -0.0025618407 0.99999509 -0.0018073962 -0.0048765846 0.0018733339 0.0018121981 0.9999966 0.98537204
93 0.99999132 0.0029542657 -0.0029370425 -0.0092405649 -0.0029580783 0.99999479 -0.0012946372 -0.0014944587 0.0029332025 0.001303314 0.99999485 0.95370323
94 0.99999281 0.0030692733 -0.0022257296 -0.0085931993 -0.0030708186 0.99999505 -0.00069116599 -0.0037479526 0.0022235972 0.00069799583 0.99999728 0.93901387
95 0.99999901 0.0014064323 6.731165e-05 -0.0044761063 -0.0014064516 0.99999897 0.000287225 -0.0076580164 -6.6907618e-05 -0.00028731939 0.99999996 0.91978397
96 0.99999695 0.0024632864 0.00020174868 -0.0081079188 -0.0024634542 0.99999662 0.00083578423 -0.018707995 -0.00019968923 -0.00083627867 0.99999963 0.94113745
97 0.99999406 0.003160549 0.0013757585 -0.007800365 -0.0031617165 0.99999464 0.00084728971 -0.021086759 -0.0013730732 -0.00085163443 0.99999869 0.9617637
98 0.99999278 0.0018701594 -0.0033072777 -0.012035019 -0.0018704779 0.99999825 -9.3203007e-05 -0.027468226 0.0033070976 9.9388524e-05 0.99999453 1.0250896
99 0.99997946 0.0014398489 -0.0062448836 -0.0094814078 -0.0014487306 0.99999795 -0.0014179527 -0.015648084 0.0062428291 0.0014269707 0.9999795 0.9611426
100 0.99999712 0.00097652386 -0.0021911907 -0.0042412089 -0.00097757952 0.99999941 -0.00048075278 -0.014137121 0.0021907199 0.00048289346 0.99999748 0.96677737
101 0.99999653 0.00096317163 -0.0024504515 -0.0060056566 -0.00096188736 0.9999994 0.00052522096 -0.019884531 0.0024509559 -0.00052286208 0.99999686 0.99392283
102 0.99999089 0.0012831089 -0.0040722618 -0.0076832359 -0.0012803518 0.99999895 0.00067957244 -0.017584174 0.0040731295 -0.00067435232 0.99999148 1.0237092
103 0.99999472 0.00074049918 -0.0031632444 -0.0063113459 -0.00074354202 0.99999926 -0.00096086857 -0.022402908 0.0031625306 0.0009632155 0.99999454 1.1503149
104 0.99999249 0.00089038581 -0.0037713695 -0.0061059496 -0.00089373989 0.99999921 -0.00088776141 -0.021886974 0.003770576 0.00089112537 0.99999249 1.0927115
105 0.99999955 9.3449638e-05 -0.0009422412 -0.0024810012 -9.4030568e-05 0.99999981 -0.00061651495 -0.018608738 0.0009421834 0.00061660327 0.99999937 1.0524407
106 0.99999811 0.0019347701 -0.00018057844 -0.0018692509 -0.0019343546 0.99999554 0.0022738607 -0.019587505 0.00018497704 -0.0022735071 0.9999974 1.095393
107 0.99998727 0.0027858802 -0.0042064448 0.00051031426 -0.0027664508 0.99998551 0.0046177471 -0.012918677 0.0042192484 -0.0046060514 0.99998049 1.1517083
108 0.99997419 0.0028719157 -0.0065860084 -0.0074650549 -0.0028509945 0.99999087 0.0031838041 -0.021411039 0.0065950918 -0.0031649452 0.99997324 1.2214551
109 0.9999503 0.003638082 -0.0092820749 -0.01951827 -0.0036560946 0.99999146 -0.0019243503 -0.030607127 0.0092749947 0.0019581908 0.99995507 1.2450493
110 0.99998067 0.0039773153 -0.0047793691 -0.015580763 -0.0039802552 0.9999919 -0.00060578402 -0.024938053 0.004776921 0.00062479542 0.9999884 1.1654736
111 0.99999854 0.0013878374 -0.001000305 -0.013691244 -0.0013884429 0.99999885 -0.000604911 -0.027950937 0.00099946436 0.00060629899 0.99999932 1.0874473
112 0.99999947 0.00092623613 -0.00044309491 -0.009122805 -0.00092627165 0.99999957 -7.9971302e-05 -0.026145941 0.00044302065 8.0381686e-05 0.9999999 1.0789971
113 0.99999497 0.0015631568 0.0027582342 -0.004804606 -0.0015614133 0.99999858 -0.0006341618 -0.026337432 -0.0027592216 0.00062985187 0.99999599 1.0538849
114 0.9999898 0.0029829728 0.0033917168 -0.0060401726 -0.0029844617 0.99999545 0.00043402425 -0.027670692 -0.0033904067 -0.00044414228 0.99999415 1.0038129
115 0.9999989 0.0013678246 -0.00056720211 -0.0085250963 -0.0013676101 0.99999899 0.00037836181 -0.025744667 0.00056771908 -0.00037758569 0.99999977 0.99062095
116 0.99999953 0.00057944413 -0.00077693863 -0.0033202774 -0.00057824596 0.99999864 0.00154151 -0.021010211 0.0007778308 -0.00154106 0.99999851 1.0329235
117 0.9999905 0.0013262421 -0.0041533136 -0.0077807878 -0.0013262359 0.99999912 4.2606824e-06 -0.019702805 0.0041533156 1.2476315e-06 0.99999137 1.0231333
118 0.99999271 0.0016047709 -0.0034634709 -0.0076214546 -0.0016045871 0.99999871 5.5841977e-05 -0.019419616 0.0034635561 -5.0284129e-05 0.999994 1.0523969
119 0.99998779 0.0027866931 -0.0040820737 -0.010637548 -0.0027874186 0.9999961 -0.00017203312 -0.020386853 0.0040815784 0.00018340947 0.99999165 1.0739799
120 0.99999116 0.0005250864 0.0041726019 0.0033268419 -0.00052684284 0.99999977 0.00041985759 -0.019913604 -0.0041723805 -0.00042205218 0.99999121 1.0732912
121 0.9999992 0.0012626585 7.4230161e-05 -0.00069536997 -0.0012626659 0.9999992 0.00010038539 -0.019401406 -7.4103349e-05 -0.00010047904 0.99999999 1.0941565
122 0.99999713 0.0023132443 -0.00062931209 -0.0027706328 -0.0023131503 0.99999731 0.0001501242 -0.019857106 0.00062965767 -0.00014866808 0.99999979 1.0776111
123 0.99999575 0.0029042928 -0.00026817386 0.00062235832 -0.0029042233 0.99999575 0.00025922983 -0.014468806 0.0002689256 -0.00025844989 0.99999993 1.0392306
124 0.99999702 0.0021135265 -0.0012187098 -0.0040852233 -0.0021133266 0.99999775 0.00016530799 -0.013810456 0.0012190565 -0.00016273196 0.99999924 1.0517001
125 0.99999887 0.00147691 -0.00029213331 -0.0013509892 -0.0014767822 0.99999881 0.00043725473 -0.013731572 0.00029277875 -0.00043682282 0.99999986 1.0468318
126 0.99999965 -0.00038062558 0.00075085567 0.0039272852 0.00038027946 0.99999982 0.00046105371 -0.012210307 -0.00075103102 -0.00046076802 0.99999961 1.0688721
127 0.99999941 -7.518615e-05 -0.0010861818 -0.00033390033 7.5277898e-05 0.99999999 8.442729e-05 -0.018781495 0.0010861754 -8.4509006e-05 0.99999941 1.1208216
128 0.99999986 -0.00040369348 0.00033860877 0.004212608 0.00040368381 0.99999992 2.861961e-05 -0.02311888 -0.00033862029 -2.8482916e-05 0.99999994 1.1007705
129 0.99999871 0.0006628941 0.0014639821 -0.0006261489 -0.0006628279 0.99999978 -4.5701869e-05 -0.026687479 -0.0014640121 4.4731442e-05 0.99999893 1.0901378
130 0.99999084 0.0032006966 0.0028402493 -0.0067808019 -0.0032022893 0.99999472 0.00055639788 -0.02117806 -0.0028384535 -0.00056548809 0.99999581 1.1104729
131 0.99999824 0.00087143208 0.0016625449 -0.0031231533 -0.00087305482 0.99999914 0.00097558249 -0.022150518 -0.0016616933 -0.00097703227 0.99999814 1.1486026
132 0.9999993 -0.00061155039 0.0010119577 0.00055708232 0.00061079356 0.99999953 0.00074803362 -0.022980055 -0.0010124147 -0.000747415 0.99999921 1.1715468
133 0.99999781 0.00026200585 0.0020752817 -3.667416e-05 -0.0002618281 0.99999996 -8.5923547e-05 -0.022529829 -0.0020753041 8.5379992e-05 0.99999784 1.1038228
134 0.99999967 -0.00033940592 0.00073977827 0.00017924923 0.0003394559 0.99999994 -6.7434719e-05 -0.026590967 -0.00073975534 6.7685819e-05 0.99999972 1.0970774
135 0.99999994 -0.00022317599 0.00026075844 0.0011226513 0.00022311826 0.99999995 0.00022139321 -0.023280967 -0.00026080784 -0.00022133502 0.99999994 1.0697351
136 0.99999918 -0.0011733373 0.0005111796 0.0042797347 0.0011727814 0.99999872 0.0010864642 -0.021401112 -0.00051245374 -0.0010858638 0.99999928 1.0741167
137 0.99999561 -3.9359077e-05 -0.0029630467 0.00272891 3.8180347e-05 0.99999992 -0.0003978659 -0.021700939 0.0029630621 0.00039775102 0.99999553 1.1134011
138 0.99999992 9.7229773e-05 -0.00037638362 0.0061711046 -9.7055354e-05 0.99999989 0.00046339994 -0.025351245 0.00037642864 -0.00046336338 0.99999982 1.23125
139 0.99999977 -0.00062308044 0.00026410607 0.010148258 0.00062293885 0.99999966 0.00053588003 -0.027529864 -0.00026443988 -0.00053571539 0.99999982 1.2298015
140 0.999999 0.0014034965 -0.00014641515 0.0056685831 -0.0014031727 0.99999662 0.0021881706 -0.032681233 0.00014948574 -0.002187963 0.9999976 1.1904058
141 0.99999993 -0.00020256216 -0.00031246023 0.0061684795 0.00020279023 0.99999971 0.00073004996 -0.031878243 0.00031231226 -0.00073011327 0.99999968 1.2213996
142 0.99999421 0.00074225278 -0.0033223735 -0.0035115796 -0.00074106106 0.99999966 0.0003599124 -0.031303314 0.0033226396 -0.00035744823 0.99999442 1.188201
143 0.99999787 -0.0007376432 -0.0019261797 -0.0026670572 0.00073731837 0.99999971 -0.00016934552 -0.030146345 0.0019263041 0.00016792495 0.99999813 1.2176061
144 0.99999818 0.00095806734 -0.0016501349 -0.00082841477 -0.00095794133 0.99999954 7.7151946e-05 -0.028140296 0.0016502081 -7.5571073e-05 0.99999864 1.1737493
145 0.99999182 0.0025894795 0.0031064842 -0.0044968944 -0.0025919211 0.99999634 0.00078217505 -0.033589302 -0.0031044474 -0.00079022042 0.99999487 1.1490404
146 0.99999038 0.0016888885 0.0040489455 -0.0048673794 -0.0016884664 0.99999857 -0.00010766119 -0.033651386 -0.0040491215 0.00010082365 0.9999918 1.1573354
147 0.99999772 0.0011836537 0.001775925 -0.009076834 -0.0011831331 0.99999926 -0.00029417097 -0.031137322 -0.0017762719 0.00029206915 0.99999838 1.1680265
148 0.99999869 0.00016467277 0.0016076734 -0.0037504767 -0.00016364914 0.99999978 -0.00063682688 -0.030272292 -0.0016077779 0.00063656295 0.9999985 1.2687211
149 0.99999979 0.00024080404 -0.00059785162 -0.0050542977 -0.00024130125 0.99999962 -0.00083172979 -0.029570002 0.00059765111 0.00083187388 0.99999948 1.1900275
150 0.99999884 0.00087828633 -0.0012422415 -0.0053192397 -0.00087887042 0.9999995 -0.00046972751 -0.031332167 0.0012418284 0.00047081874 0.99999912 1.1658984
151 0.99999952 0.00096100481 0.00020450529 -0.0030883385 -0.00096105982 0.9999995 0.00026904443 -0.036741283 -0.00020424664 -0.00026924084 0.99999994 1.133035
152 0.99999928 -0.00010792779 -0.001194883 -0.0049376633 0.00010887044 0.99999968 0.00078887185 -0.034051482 0.0011947975 -0.00078900137 0.99999897 1.2344024
153 0.99999806 -0.00027267832 0.0019486988 0.0034955511 0.00027294691 0.99999995 -0.00013756576 -0.035201754 -0.0019486612 0.00013809738 0.99999809 1.2745336
154 0.99999499 -0.0011912269 0.0029343272 0.010334171 0.0011919823 0.99999926 -0.00025571743 -0.037787051 -0.0029340204 0.00025921381 0.99999566 1.2633673
155 0.99999773 -0.00044475548 0.0020849116 0.00092155799 0.0004452426 0.99999987 -0.0002331838 -0.039161434 -0.0020848077 0.00023411156 0.9999978 1.2312982
156 0.99999985 0.00052518789 0.00014947297 -0.0084567212 -0.00052535247 0.99999925 0.001103229 -0.034193991 -0.00014889345 -0.0011033074 0.99999938 1.2006583
157 0.99999871 0.00061960693 0.0014845386 -0.010200998 -0.00061775377 0.99999903 -0.0012484436 -0.042232001 -0.0014853107 0.0012475249 0.99999812 1.2535464
158 0.9999895 0.00057549326 0.0045459227 -0.0030490104 -0.00056861573 0.99999869 -0.0015140478 -0.03671732 -0.0045467881 0.001511447 0.99998852 1.0642946
159 0.9999869 -0.00099921553 0.0050210188 -0.0042851116 0.0009977035 0.99999946 0.00030363478 -0.022817188 -0.0050213195 -0.00029862131 0.99998735 1.0397486
160 0.99996504 0.0012699112 0.0082643005 -0.0021231708 -0.0012830539 0.99999792 0.0015851918 -0.022826781 -0.0082622703 -0.0015957399 0.99996459 1.0287811
161 0.99999824 0.001794895 -0.00053779437 -0.0054686245 -0.0017948488 0.99999839 8.6378005e-05 -0.018423851 0.00053794854 -8.5412594e-05 0.99999985 1.0767084
162 0.99999252 0.0018473831 0.0033983786 0.0018408052 -0.0018434971 0.99999764 -0.0011462533 -0.015098535 -0.0034004882 0.0011399799 0.99999357 1.1154752
163 0.99999524 0.00089986471 0.0029511443 0.00050928228 -0.00089853475 0.99999949 -0.00045195302 -0.019464501 -0.0029515496 0.00044929916 0.99999554 1.1174683
164 0.99998807 0.00048437327 0.0048612886 0.0036093681 -0.00048447457 0.99999988 1.9660819e-05 -0.015778529 -0.0048612785 -2.2015756e-05 0.99998818 1.1117481
165 0.99998966 -0.00097788905 0.0044407808 0.0080287109 0.00097726399 0.99999951 0.00014292107 -0.021384823 -0.0044409184 -0.00013857977 0.99999013 1.1287875
166 0.99999876 0.00020503833 0.0015589095 0.006194869 -0.00020519251 0.99999997 9.8738487e-05 -0.029283642 -0.0015588892 -9.9058242e-05 0.99999878 1.1635766
167 0.99999752 0.0013050168 0.0018022557 0.0021087394 -0.0013063046 0.99999889 0.00071358113 -0.029983107 -0.0018013224 -0.00071593365 0.99999812 1.145441
168 0.99999555 0.0028673617 0.00082091548 -0.0068861466 -0.0028686112 0.99999472 0.001524896 -0.036019745 -0.00081653872 -0.0015272441 0.9999985 1.1761263
169 0.99998397 0.0048538497 0.0029145575 -0.016482763 -0.0048590212 0.99998663 0.0017699261 -0.037501767 -0.0029059275 -0.0017840596 0.99999419 1.192549
170 0.99999694 0.0010281521 0.002252008 -0.0077585934 -0.0010276926 0.99999945 -0.00020520037 -0.028110252 -0.0022522178 0.00020288537 0.99999744 1.1820105
171 0.99999973 0.00071819812 -0.00015477501 -0.0080998387 -0.00071823514 0.99999971 -0.0002392926 -0.025480956 0.0001546031 0.0002394037 0.99999996 1.1434451
172 0.99999785 0.00075885927 0.0019277571 0.0030080022 -0.00075759234 0.9999995 -0.000657846 -0.011635981 -0.0019282553 0.00065638414 0.99999793 1.129044
173 0.99999975 -8.2314125e-06 0.00070850238 0.0051895182 7.9633019e-06 0.99999993 0.00037842072 -0.01113533 -0.00070850545 -0.00037841499 0.99999968 1.1272785
174 0.99999795 -0.0020234065 6.6673487e-05 0.0045903657 0.0020233891 0.99999792 0.00025927706 -0.016137389 -6.7197971e-05 -0.00025914163 0.99999996 1.1360006
175 0.99999854 -0.0015307102 0.00075419272 0.0071622004 0.0015306424 0.99999882 9.0478784e-05 -0.010474571 -0.00075433033 -8.9324253e-05 0.99999971 1.1940643
176 0.99999647 -0.00091080589 0.0024975397 7.2392529e-05 0.00090814326 0.99999902 0.0010670257 -0.027833283 -0.0024985091 -0.0010647539 0.99999631 1.2273543
177 0.99999865 0.00019724747 0.0016326947 -0.0042363008 -0.00019742675 0.99999997 0.00010964357 -0.025361039 -0.001632673 -0.00010996576 0.99999866 1.2148512
178 0.9999979 0.00032595824 0.0020234745 -0.0028239718 -0.00032410419 0.99999953 -0.00091653096 -0.023724376 -0.0020237723 0.00091587322 0.99999753 1.2049586
179 0.99999363 0.00073180223 0.003492894 -0.0059035748 -0.0007263352 0.99999851 -0.0015661984 -0.02087506 -0.0034940349 0.0015636514 0.99999267 1.1764769
180 0.99999497 0.00052023962 0.0031303282 -6.4930245e-05 -0.00051814769 0.99999964 -0.00066905252 -0.0090311911 -0.0031306751 0.00066742718 0.99999488 1.1785348
181 0.99998407 0.0013154739 0.0054889274 -0.0014943674 -0.0013061671 0.9999977 -0.0016988084 -0.018117837 -0.0054911496 0.0016916119 0.99998349 1.2449238
182 0.99997113 0.0026059853 0.007138004 0.0019575912 -0.002603774 0.99999656 -0.0003190758 -0.022660493 -0.0071388109 0.00030048084 0.99997447 1.2559881
183 0.99997042 0.0026929207 0.0072049143 -0.0001870019 -0.002698689 0.99999605 0.00079101044 -0.026207952 -0.0072027557 -0.00081043086 0.99997373 1.310257
184 0.99999534 0.001385017 0.002721851 -0.006068749 -0.0013801795 0.99999747 -0.0017783731 -0.027326658 -0.0027243072 0.0017746081 0.99999471 1.2768807
185 0.99999069 0.0041101833 0.0013174554 0.00066704636 -0.0041083165 0.99999056 -0.0014165242 -0.0040394384 -0.0013232651 0.0014110984 0.99999813 1.2493053
186 0.99999898 0.00066207371 -0.0012662055 0.0015164878 -0.00066383905 0.99999881 -0.0013942883 -0.0072081877 0.0012652809 0.0013951275 0.99999823 1.2680055
187 0.9999994 0.0010761805 -0.00022719521 0.0031465114 -0.0010763476 0.99999915 -0.0007363578 -0.0037899384 0.00022640256 0.0007366019 0.9999997 1.2270166
188 0.99999604 0.0016675494 -0.0022691559 0.0016566951 -0.0016689926 0.99999841 -0.0006342923 -0.0043793061 0.0022680945 0.00063807699 0.99999722 1.179161
189 0.99999924 0.0010808004 0.00059114954 -4.1703907e-05 -0.001080903 0.9999994 0.00017334612 -0.023792983 -0.00059096183 -0.00017398497 0.99999981 1.1633713
190 0.99999616 0.0017919438 -0.0021163166 -0.0030163738 -0.0017891345 0.99999752 0.0013285875 -0.023922612 0.0021186921 -0.001324796 0.99999688 1.125521
191 0.99999795 -0.0011640474 -0.0016574029 0.0002863307 0.0011635731 0.99999928 -0.00028707368 -0.030750075 0.0016577359 0.00028514459 0.99999859 1.1283728
192 0.99999746 0.00048440457 -0.0021992134 0.002603589 -0.00048477446 0.99999987 -0.00016766227 -0.026018315 0.0021991319 0.00016872797 0.99999757 1.206705
193 0.99998809 0.00063985469 -0.004837676 -0.0016057924 -0.00064757756 0.99999852 -0.0015950025 -0.013751611 0.0048366483 0.0015981163 0.99998703 1.0958049
194 0.99999648 0.00024987996 -0.0026423827 0.0054748753 -0.00024710457 0.99999942 0.001050611 -0.0088981928 0.0026426437 -0.0010499543 0.99999596 1.2312367
195 0.99999447 -0.00066774943 -0.0032576228 0.010720512 0.00066927043 0.99999967 0.000465837 -0.00485679 0.0032573107 -0.00046801465 0.99999459 1.2384796
196 0.99999298 7.5821028e-05 -0.0037457825 0.0075147465 -7.4597319e-05 0.99999994 0.00032682839 -0.016112102 0.003745807 -0.00032654667 0.99999293 1.2442858
197 0.9999985 0.0013845068 -0.0010421691 0.0010880637 -0.0013838781 0.99999886 0.00060382086 -0.021435664 0.0010430039 -0.00060237771 0.99999927 1.2338221
198 0.99999901 0.0012167556 0.000712728 -0.0034113593 -0.0012166963 0.99999926 -8.3660586e-05 -0.026854007 -0.00071282927 8.2793329e-05 0.99999974 1.2012486
199 0.99999876 0.0013575427 -0.00079800912 -0.007895608 -0.0013579658 0.99999894 -0.00052988182 -0.022915794 0.00079728894 0.00053096483 0.99999954 1.196158
200 0.99999931 0.0010779508 0.00046898957 -0.0064033884 -0.001077797 0.99999937 -0.00032822707 -0.022280053 -0.00046934308 0.00032772137 0.99999984 1.1903357
201 0.99999971 0.00075549785 7.4968325e-05 -0.0088768467 -0.00075544506 0.99999947 -0.00070172131 -0.022580262 -7.5498434e-05 0.00070166447 0.99999975 1.1719732
202 0.99999991 0.00041618566 6.4541239e-07 -0.0086392145 -0.00041618579 0.99999989 0.00021627606 -0.022372795 -5.5540132e-07 -0.00021627631 0.99999998 1.1959528
203 0.99999817 -0.00017292101 0.0019045237 -0.0038695544 0.00017208378 0.99999989 0.00043975848 -0.030762701 -0.0019045996 -0.00043942993 0.99999809 1.2060434
204 0.99999783 -0.0018736866 0.00090828247 -0.00083828234 0.0018737005 0.99999824 -1.4468745e-05 -0.027975695 -0.00090825376 1.6170563e-05 0.99999959 1.2032136
205 0.99999913 -0.00057381481 0.0011852784 -0.0016774467 0.00057396034 0.99999983 -0.00012244527 -0.019962489 -0.001185208 0.00012312547 0.99999929 1.2007217
206 0.9999974 -0.001091639 0.0019999909 0.0021945774 0.0010910226 0.99999936 0.00030928078 -0.021715377 -0.0020003272 -0.00030709795 0.99999795 1.1718122
207 0.99999813 -0.0008495725 0.0017368276 0.0016671177 0.00084856609 0.99999947 0.00058010593 -0.021142906 -0.0017373195 -0.00057863104 0.99999832 1.1761054
208 0.99999396 -0.0011293848 0.0032867 0.0059860402 0.001127976 0.99999927 0.000430469 -0.021302878 -0.0032871838 -0.00042675909 0.99999451 1.1755344
209 0.99999619 -0.001272195 0.0024478409 0.0036845763 0.0012707204 0.99999901 0.00060385697 -0.021803822 -0.0024486067 -0.00060074415 0.99999682 1.177079
210 0.99998897 0.0019236248 0.0042855971 -6.9613979e-05 -0.0019304213 0.99999688 0.001582317 -0.022664994 -0.0042825399 -0.0015905725 0.99998956 1.217249
211 0.99999753 0.0017335569 0.0013921668 -0.0028416641 -0.001736431 0.99999636 0.0020659366 -0.023133005 -0.0013885803 -0.0020683489 0.9999969 1.2533226
212 0.99999561 0.0024734235 0.0016341842 -0.0059952751 -0.0024762187 0.99999547 0.0017106258 -0.025479702 -0.0016299457 -0.0017146649 0.9999972 1.2568808
213 0.99999456 0.0032041135 -0.00078380468 -0.014445144 -0.0032048483 0.99999442 -0.00093799192 -0.025013097 0.00078079487 0.0009404988 0.99999925 1.2156792
214 0.99999616 0.0023853305 -0.0014141776 -0.012146893 -0.0023866131 0.99999674 -0.00090598416 -0.021711436 0.0014120119 0.00090935578 0.99999859 1.1779083
215 0.99999748 0.0022326218 -0.00024480063 -0.012125512 -0.0022325184 0.99999742 0.00042185699 -0.019137596 0.00024574184 -0.00042130941 0.99999988 1.1596055
216 0.99999929 0.001134824 0.00037222752 -0.011252843 -0.0011348622 0.99999935 0.00010257129 -0.022203743 -0.00037211087 -0.00010299364 0.99999993 1.1580983
217 0.99999868 -0.0011104608 0.0011860645 -0.0049847067 0.0011105795 0.99999938 -9.9453962e-05 -0.027817916 -0.0011859533 0.00010077105 0.99999929 1.1749499
218 0.9999975 -0.0019662215 -0.0010625256 -0.0047286075 0.0019659203 0.99999803 -0.00028441429 -0.02773972 0.0010630828 0.00028232474 0.9999994 1.1706991
219 0.99999899 -0.001398547 0.00023563785 -0.0076042808 0.0013986284 0.99999896 -0.00034569816 -0.034136199 -0.00023515413 0.00034602738 0.99999991 1.1688448
220 0.99999781 -0.00023909981 -0.0020799734 -0.0081296877 0.0002405139 0.99999974 0.00067963646 -0.032764179 0.0020798104 -0.00068013524 0.99999761 1.1553668
221 0.99999838 0.00045617872 -0.001741764 -0.0089015559 -0.00045516064 0.99999973 0.00058486301 -0.033596426 0.0017420304 -0.00058406928 0.99999831 1.1567583
222 0.99999839 0.00055205323 -0.0017086097 -0.0080465093 -0.00055102571 0.99999967 0.00060179264 -0.031603619 0.0017089413 -0.00060085018 0.99999836 1.1360868
223 0.99999486 0.00025676575 -0.0031944599 -0.0043199615 -0.00025874458 0.99999977 -0.00061905927 -0.031626436 0.0031943003 0.00061988264 0.99999471 1.1078363
224 0.99999948 0.00079915607 -0.00063344846 -0.0033802106 -0.00079931287 0.99999965 -0.00024731685 -0.025696964 0.0006332506 0.00024782305 0.99999977 1.1124447
225 0.99999982 0.00059918363 6.6864159e-05 -0.004468323 -0.00059921482 0.99999971 0.00046742928 -0.023228462 -6.6584064e-05 -0.00046746926 0.99999989 1.1267341
226 0.99999969 0.00077940141 7.5191152e-05 -0.0012049886 -0.00077944324 0.99999954 0.00055792473 -0.013852006 -7.475627e-05 -0.00055798317 0.99999984 1.1485301
227 0.99999861 0.0016404004 0.00030336243 -0.0045635459 -0.0016407165 0.99999811 0.0010447282 -0.015608127 -0.00030164808 -0.0010452245 0.99999941 1.1943187
228 0.99999606 0.0018262697 0.0021334645 -0.0032034751 -0.0018273897 0.99999819 0.00052313081 -0.020100881 -0.0021325053 -0.00052702742 0.99999759 1.1158548
229 0.99999904 0.0012940473 0.00050479955 -0.0022147051 -0.0012938633 0.9999991 -0.00036470046 -0.01505356 -0.00050527103 0.00036404696 0.99999981 1.0715049
230 0.99999923 0.00053185697 -0.0011199592 -0.0035252927 -0.00053136894 0.99999976 0.00043600629 -0.016929343 0.0011201909 -0.00043541084 0.99999928 1.0393346
231 0.99999965 0.00018089209 -0.00082271837 -0.0028760898 -0.00018092482 0.99999998 -3.9709913e-05 -0.016570002 0.00082271117 3.9858749e-05 0.99999966 0.98026638
232 0.99999379 0.00043395202 -0.0034987716 -0.004042213 -0.00043348802 0.9999999 0.00013337469 -0.014671166 0.0034988291 -0.00013185718 0.99999387 0.95608858
233 0.9999854 0.00017313854 -0.0054012707 -0.0040304635 -0.00017320336 0.99999998 -1.1534676e-05 -0.015248236 0.0054012687 1.2470026e-05 0.99998541 0.9377969
234 0.99999988 0.0002820042 -0.00040453096 -0.0018287278 -0.00028211873 0.99999992 -0.00028307036 -0.018177129 0.0004044511 0.00028318445 0.99999988 0.93360614
235 0.99999964 0.00047198411 -0.00070530181 -0.0019217765 -0.0004719284 0.99999989 7.916184e-05 -0.019446759 0.00070533909 -7.882896e-05 0.99999975 0.93596612
236 0.99999683 -0.00033839809 -0.0024954816 -0.001659486 0.00033862549 0.99999994 9.070398e-05 -0.019775111 0.0024954507 -9.1548726e-05 0.99999688 0.92681837
237 0.99999184 0.00029977364 -0.00402918 -0.0041671509 -0.00029925133 0.99999995 0.00013023341 -0.01779678 0.0040292188 -0.00012902661 0.99999187 0.92193468
238 0.9999859 0.00072042994 -0.0052603414 -0.0070562799 -0.00072494284 0.99999937 -0.00085605376 -0.011094637 0.0052597213 0.00085985514 0.9999858 0.90533822
239 0.99998924 0.0015548143 -0.0043715658 -0.0023056984 -0.0015495405 0.99999807 0.0012095174 -0.0053854333 0.0043734379 -0.0012027304 0.99998971 0.89732585
240 0.99998187 0.001879021 -0.0057215926 -0.0059974861 -0.0018675382 0.99999623 0.0020116146 -0.0052634476 0.0057253509 -0.0020008929 0.99998161 0.90617682
241 0.99997714 0.0022560966 -0.0063736912 -0.0094378751 -0.0022448699 0.99999592 0.001768022 -0.0055343385 0.006377654 -0.0017536735 0.99997812 0.911718
242 0.99999374 0.0031277483 -0.0016523506 -0.010237287 -0.0031264639 0.99999481 0.00077936853 -0.016888312 0.0016547797 -0.00077419764 0.99999833 0.90216065
243 0.99999497 0.0010614147 -0.0029904697 0.00059977258 -0.0010616441 0.99999943 -7.510291e-05 -0.0006212484 0.0029903883 7.8277346e-05 0.99999553 0.87645094
244 0.99999749 0.0010835493 -0.0019617335 0.0029770184 -0.0010818893 0.99999906 0.00084708463 0.0014745506 0.0019626495 -0.00084496012 0.99999772 0.85950252
245 0.99999878 0.0011406634 -0.0010711152 0.0033591918 -0.0011408267 0.99999934 -0.00015189154 0.0038388045 0.0010709413 0.00015311331 0.99999941 0.85260593
246 0.9999968 0.00095615676 0.0023423795 0.0052029333 -0.00095575128 0.99999953 -0.00017422022 0.0042664041 -0.0023425449 0.00017198093 0.99999724 0.86522203
247 0.99999575 0.00075543736 0.002815079 0.005187398 -0.00075421313 0.99999962 -0.00043591782 0.0015830388 -0.0028154072 0.0004337928 0.99999594 0.8891393
248 0.99999734 0.0010267586 0.0020662351 0.003624241 -0.0010266618 0.99999947 -4.7919907e-05 0.0021905886 -0.0020662832 4.5798455e-05 0.99999786 0.88944856
249 0.9999949 0.0010506565 0.0030154484 0.0061490103 -0.0010499186 0.99999942 -0.00024625064 0.0048240291 -0.0030157054 0.00024308341 0.99999542 0.90357303
250 0.99999749 0.0011789567 0.0019039937 0.0045294743 -0.0011792633 0.99999929 0.00015996418 0.0028645357 -0.0019038038 -0.00016220908 0.99999817 0.92069746
251 0.99999753 0.0018235823 0.0012669052 0.0030438629 -0.0018245392 0.99999805 0.00075458115 2.3065764e-05 -0.0012655267 -0.00075689081 0.99999891 0.91793183
252 0.99999734 0.0022383545 0.00056065374 0.0022885837 -0.0022386777 0.99999733 0.00057645664 0.0010056818 -0.00055936192 -0.00057771023 0.99999968 0.90431179
253 0.99999659 0.0015316583 -0.0021170917 0.0032390432 -0.001530403 0.99999865 0.00059440099 0.0061855743 0.0021179992 -0.00059115896 0.99999758 0.88393345
254 0.99999646 0.0015571483 -0.0021554877 0.0042748204 -0.0015528612 0.99999682 0.0019892108 0.013488761 0.0021585784 -0.0019858566 0.9999957 0.84607555
255 0.99999792 0.0012567124 -0.0016042122 0.0023135055 -0.0012564193 0.99999919 0.00018369776 0.01648948 0.0016044418 -0.00018168181 0.9999987 0.89121643
256 0.99999941 0.00098884516 0.00045852268 0.0038952045 -0.00098887847 0.99999951 7.2432594e-05 0.0076539843 -0.00045845083 -7.2885974e-05 0.99999989 0.91399898
257 0.99999936 0.00065941154 0.00092334153 0.0017220284 -0.00065973302 0.99999972 0.00034790812 -0.0024591257 -0.00092311186 -0.00034851705 0.99999951 0.9230808
258 0.99999763 0.00031881735 0.0021520972 0.0010984284 -0.00031961721 0.99999988 0.00037132897 -0.0085847697 -0.0021519786 -0.00037201594 0.99999762 0.93357408
259 0.99999202 0.00045147325 0.0039687807 0.0047954528 -0.0004543697 0.99999963 0.00072893856 -0.0086859054 -0.0039684501 -0.00073073604 0.99999186 0.99741822
260 0.99999956 0.00088419912 0.00030038754 -0.00073800269 -0.00088408633 0.99999954 -0.00037540797 -0.0092023391 -0.00030071934 0.00037514224 0.99999988 1.0044237
