4 0.99993757 0.0052729204 -0.0098527341 0.015722713 -0.0052233164 0.99997353 0.00505338 -0.12293787 0.0098791205 -0.0050016 0.99993873 7.8789153
5 0.99977049 0.013449799 -0.016676358 0.0063695159 -0.013423092 0.99990838 0.0017122448 -0.14413672 0.016697862 -0.0014880027 0.99985951 9.1068498
6 0.99962107 0.020617504 -0.018238936 -0.018018767 -0.020652725 0.99978513 -0.0017449665 -0.15272219 0.018199042 0.0021209902 0.99983217 9.410358
7 0.99947107 0.026779401 -0.018452096 -0.037836626 -0.026856587 0.99963144 -0.0039481371 -0.15772162 0.018339569 0.0044416104 0.99982199 9.7479166
8 0.99944355 0.028458096 -0.017399624 -0.049902238 -0.028534594 0.99958407 -0.0041643113 -0.16154563 0.017273881 0.0046584867 0.99983998 10.055381
9 0.99948958 0.028128173 -0.0151464 -0.054466846 -0.028209181 0.99958866 -0.0051617116 -0.16481496 0.014994982 0.0055863459 0.999872 10.375791
10 0.99955829 0.028112036 -0.0096419496 -0.056233232 -0.028169642 0.99958573 -0.0058919117 -0.16692877 0.0094723228 0.0061609209 0.9999362 10.65259
11 0.99950513 0.027806019 -0.014709102 -0.06356435 -0.027907555 0.9995877 -0.006743487 -0.1668058 0.01451553 0.0071506465 0.99986911 10.930128
12 0.99938379 0.027596362 -0.02169127 -0.074967856 -0.027773813 0.99958278 -0.0079226132 -0.16789086 0.021463587 0.0085201822 0.99973336 11.207897
13 0.99896766 0.027709518 -0.035997528 -0.092407585 -0.028035802 0.99956994 -0.0085911268 -0.16728141 0.035743995 0.0095914792 0.99931499 11.495578
14 0.9981006 0.02780342 -0.054974484 -0.12501819 -0.028372805 0.99955121 -0.0096039493 -0.1702135 0.054682794 0.01114549 0.99844161 11.819748
15 0.99679082 0.028237149 -0.074905006 -0.16590012 -0.029128078 0.99951698 -0.010828271 -0.17470883 0.074563072 0.012975362 0.99713192 12.153344
16 0.99480286 0.029911614 -0.097327272 -0.22297713 -0.031286749 0.99943055 -0.012633325 -0.17926236 0.096893974 0.015612724 0.99517229 12.522893
17 0.99197695 0.033548603 -0.12188624 -0.29396778 -0.03516128 0.99931991 -0.011103737 -0.18170835 0.12143084 0.015300329 0.992482 12.937713
18 0.98978564 0.03507498 -0.1381816 -0.3760216 -0.036929134 0.99925864 -0.010876632 -0.19056979 0.13769767 0.015868463 0.99034722 13.380843
19 0.987996 0.037136449 -0.14994937 -0.45507713 -0.03924809 0.99916726 -0.011146649 -0.20377201 0.14941057 0.016898073 0.98863088 13.854902
20 0.9869005 0.039018448 -0.15654069 -0.52589476 -0.041504429 0.99905827 -0.012642338 -0.21320306 0.1559 0.018973864 0.98759063 14.303751
21 0.98846665 0.033431126 -0.14770267 -0.66978473 -0.036502189 0.99916904 -0.018130011 -0.23925439 0.14697384 0.023312384 0.98886566 15.150783
22 0.98940842 0.024891901 -0.14300839 -0.91491095 -0.028133114 0.99939004 -0.020687062 -0.30567951 0.14240623 0.024491227 0.98950529 16.730762
23 0.98962583 0.025394904 -0.1414067 -1.2521472 -0.028145951 0.99945077 -0.017488597 -0.40242771 0.14088492 0.021287196 0.98979714 19.168502
24 0.99003264 0.025572029 -0.13849718 -1.5992686 -0.028296046 0.99944219 -0.017734979 -0.50027547 0.13796642 0.021477133 0.99020406 21.712301
25 0.98943422 0.021512872 -0.14337764 -1.8624328 -0.024426665 0.99952865 -0.018593193 -0.59086846 0.14291008 0.021898981 0.98949342 23.525164
26 0.99079895 0.017320341 -0.13422922 -2.1443745 -0.020730911 0.99949567 -0.024052584 -0.68220989 0.13374494 0.026613972 0.9906584 25.376582
27 0.99142543 0.01455296 -0.12986091 -2.3017482 -0.018457224 0.99941148 -0.028912213 -0.73512108 0.12936374 0.031061178 0.99111064 26.547449
28 0.9918444 0.011270003 -0.1269555 -2.5701103 -0.015393288 0.99938376 -0.031544038 -0.84284924 0.12652178 0.033241044 0.99140675 28.698199
29 0.99186995 0.011729387 -0.12671406 -2.8808478 -0.015642595 0.99942949 -0.029931375 -0.96921809 0.1262907 0.031670171 0.99148764 31.244307
30 0.99103793 0.013969517 -0.13284841 -3.1943327 -0.017991358 0.99941388 -0.029121844 -1.086752 0.13236374 0.031250978 0.99070848 33.792726
31 0.98931294 0.015762148 -0.14495339 -3.5298349 -0.020440622 0.99931515 -0.030843155 -1.2176328 0.14436798 0.033476474 0.98895768 36.292438
32 0.98877346 0.017413066 -0.14840438 -3.6339279 -0.022518458 0.99920845 -0.0327913 -1.2399093 0.14771592 0.035765009 0.988383 36.913101
33 0.9883007 0.020921483 -0.15107628 -3.7369615 -0.026185574 0.99911422 -0.032938795 -1.2591719 0.15025335 0.036509458 0.98797321 37.511587
34 0.9866675 0.023375467 -0.16106168 -3.8412651 -0.029484755 0.99892937 -0.035646031 -1.2724584 0.16005602 0.039919648 0.98630045 38.097507
35 0.98645189 0.02706562 -0.16180283 -3.9551707 -0.034022964 0.99860477 -0.040383474 -1.2755144 0.16048409 0.045341371 0.9859965 38.710513
36 0.98504273 0.027696844 -0.17006981 -4.0754005 -0.035769479 0.99836487 -0.044587047 -1.3004961 0.16855681 0.05000346 0.98442284 39.407201
37 0.98742096 0.023842902 -0.15630546 -4.2433891 -0.032873879 0.99792011 -0.055449416 -1.3539595 0.1546583 0.059890288 0.98615112 40.386635
38 0.98766909 0.026202555 -0.15434773 -4.3442394 -0.035648709 0.99763572 -0.058753855 -1.3653867 0.15244332 0.06353167 0.98626814 40.935867
39 0.98835656 0.028904208 -0.14938504 -4.4427981 -0.038561468 0.99732095 -0.062159563 -1.3834997 0.14718817 0.067196325 0.98682338 41.478673
40 0.98880243 0.030938031 -0.14598843 -4.5429955 -0.040689711 0.99710125 -0.064290963 -1.398582 0.14357622 0.069511294 0.98719508 42.024505
41 0.988588 0.03179211 -0.14725166 -4.6472451 -0.041783315 0.99699292 -0.06526226 -1.4220568 0.14473405 0.070670156 0.9869437 42.676489
42 0.98840155 0.033226979 -0.14818359 -4.7583576 -0.04317513 0.99698774 -0.064430047 -1.457871 0.14559642 0.070080611 0.98685889 43.377837
43 0.98829571 0.034484933 -0.14860151 -4.8776258 -0.044425223 0.99695409 -0.064100037 -1.51057 0.14593842 0.069951454 0.98681754 44.106855
44 0.98801401 0.035669446 -0.15018665 -5.0054223 -0.045659829 0.99693003 -0.063604918 -1.5717764 0.14745684 0.069700054 0.98660958 44.902571
45 0.98805471 0.037005181 -0.1495946 -5.1366815 -0.047028598 0.99683915 -0.064030491 -1.6375182 0.1467523 0.070300859 0.986672 45.736954
46 0.98673723 0.038390622 -0.1577207 -5.2728 -0.048880334 0.99680462 -0.06317558 -1.7038657 0.15479139 0.070047144 0.98546086 46.557004
47 0.98512783 0.039697811 -0.16717439 -5.4176327 -0.050774373 0.99675178 -0.062511874 -1.7701086 0.1641498 0.070070368 0.98394363 47.383486
48 0.98361412 0.041480421 -0.17544991 -5.5653585 -0.052995825 0.99670131 -0.061463997 -1.8307307 0.17232162 0.069754975 0.98256785 48.186563
49 0.98193364 0.043359363 -0.184191 -5.7269022 -0.05532675 0.99664356 -0.060336107 -1.8963105 0.18095666 0.069436749 0.98103685 48.999423
50 0.98066776 0.044641223 -0.19052015 -5.8944795 -0.056784644 0.99665574 -0.058759871 -1.9585386 0.18725991 0.068442537 0.97992317 49.830775
51 0.98037086 0.043212302 -0.19236868 -6.0583143 -0.055687894 0.99664837 -0.059923056 -2.0046737 0.18913453 0.069459431 0.9794915 50.677361
52 0.98065541 0.042157658 -0.19114843 -6.2247836 -0.054910527 0.99656964 -0.061916618 -2.0523439 0.18788248 0.071214935 0.97960639 51.544871
53 0.98001208 0.041686884 -0.19452135 -6.3925799 -0.054931744 0.99648805 -0.063197647 -2.0949618 0.1912037 0.072619862 0.97886035 52.40413
54 0.97803581 0.041724992 -0.20421807 -6.5666899 -0.055425916 0.99654623 -0.06183414 -2.1456255 0.20093273 0.071794984 0.97697062 53.255754
55 0.97461846 0.040359005 -0.22020454 -6.7526514 -0.054671052 0.99674253 -0.05928979 -2.2010224 0.21709437 0.069823744 0.97365022 54.103024
56 0.97146593 0.03824236 -0.23407585 -6.9598649 -0.053221539 0.99689615 -0.058012184 -2.2641812 0.23113081 0.068814743 0.97048604 54.972268
57 0.96806267 0.035734551 -0.24814863 -7.1852172 -0.051704754 0.99696856 -0.058139428 -2.3259867 0.24531881 0.06911308 0.96697577 55.85726
58 0.96594607 0.033492755 -0.25656667 -7.4170603 -0.050256428 0.99698845 -0.0590611 -2.3827884 0.25381591 0.069943968 0.96472037 56.734823
59 0.96549904 0.032473048 -0.25837404 -7.6525632 -0.049644507 0.99695014 -0.060213924 -2.4362031 0.25563073 0.070963344 0.96416659 57.621947
60 0.96547221 0.031676146 -0.25857313 -7.8820006 -0.048922836 0.99696617 -0.060538361 -2.4861233 0.25587106 0.071098243 0.9640929 58.495718
61 0.96616875 0.031314863 -0.25600264 -8.1070085 -0.048516432 0.99694842 -0.061154674 -2.5326967 0.25330639 0.071506076 0.96473977 59.366348
62 0.96668948 0.031828884 -0.25396536 -8.3356482 -0.048924711 0.99692049 -0.061284494 -2.5834383 0.25123267 0.071668264 0.96526985 60.249478
63 0.96681656 0.032188473 -0.25343573 -8.5686392 -0.049346598 0.99687794 -0.061637443 -2.637331 0.25066049 0.072098299 0.96538657 61.145953
64 0.96731042 0.032763466 -0.25146996 -8.8031513 -0.049869802 0.99683219 -0.06195532 -2.6920185 0.24864351 0.072470791 0.96588015 62.053962
65 0.96764801 0.032669559 -0.25018003 -9.0433695 -0.049760819 0.99681636 -0.062296767 -2.7524441 0.24734836 0.072730513 0.96619312 62.985065
66 0.96810063 0.032694671 -0.24841953 -9.2867391 -0.049572309 0.99684489 -0.061989767 -2.8211928 0.24560903 0.072327069 0.96666699 63.937575
67 0.96867322 0.032146572 -0.24624953 -9.5328714 -0.048824652 0.9968859 -0.061923651 -2.8947939 0.24349207 0.072006837 0.96722629 64.908405
68 0.96874005 0.032109081 -0.24599138 -9.7827434 -0.04867223 0.99691652 -0.061549578 -2.9738944 0.24325659 0.071598497 0.96731585 65.886282
69 0.9689172 0.032433502 -0.24524998 -10.039862 -0.048908535 0.99691505 -0.061385841 -3.0494514 0.24250246 0.071472622 0.9675145 66.898089
70 0.96967176 0.032603232 -0.24222664 -10.297234 -0.048744203 0.99695025 -0.060943246 -3.1181804 0.23950098 0.070902095 0.9683038 67.938247
71 0.97009264 0.032388282 -0.24056454 -10.557169 -0.04852299 0.99692987 -0.061451081 -3.1845888 0.2378357 0.071286159 0.96868599 68.997941
72 0.97020966 0.033349898 -0.23996047 -10.814173 -0.049284292 0.99693785 -0.060711338 -3.2492165 0.23720098 0.070729015 0.96888244 70.064263
73 0.96983766 0.034429852 -0.24130795 -11.066223 -0.050156605 0.99697721 -0.059334916 -3.3180096 0.23853566 0.06964843 0.96863301 71.105916
74 0.96972322 0.034549743 -0.24175034 -11.323172 -0.050450919 0.99692883 -0.059895647 -3.3916287 0.23893853 0.070278734 0.96848818 72.162282
75 0.96973965 0.033155867 -0.24187957 -11.577595 -0.049014445 0.99700367 -0.059842718 -3.4680286 0.2391707 0.069887456 0.96845919 73.187041
76 0.97211765 0.030971175 -0.23243944 -12.021471 -0.046844398 0.99690827 -0.063082437 -3.61721 0.22976708 0.072212043 0.97056302 74.955896
77 0.97238106 0.030222161 -0.23143407 -12.505385 -0.046327678 0.99684341 -0.064473635 -3.7953162 0.22875501 0.073414752 0.97071185 76.959663
78 0.97056234 0.033280484 -0.2385397 -12.901399 -0.049936953 0.99669156 -0.0641258 -3.9453004 0.23561639 0.074150039 0.9690133 78.532133
79 0.97118023 0.034303723 -0.23586489 -13.273192 -0.051126672 0.99653653 -0.065581192 -4.0842656 0.23279832 0.075750151 0.96957049 79.988877
80 0.97086189 0.035292937 -0.23702665 -13.565119 -0.052726282 0.99631711 -0.067616793 -4.1881186 0.23376733 0.078144109 0.96914726 81.134771
81 0.97005595 0.036708704 -0.24009157 -13.84714 -0.054635926 0.99615789 -0.068441558 -4.2842064 0.23665673 0.079509773 0.96833458 82.231969
82 0.96959316 0.037378 -0.24185124 -14.120841 -0.05571243 0.99603072 -0.069417696 -4.3842602 0.23829659 0.080781051 0.96782707 83.302812
83 0.96856191 0.03778606 -0.24588631 -14.387712 -0.056234123 0.99606899 -0.068441007 -4.4787896 0.24233364 0.080116561 0.96687942 84.35657
84 0.96762392 0.037588743 -0.24958179 -14.654822 -0.056247084 0.99609504 -0.068050094 -4.5798724 0.24604928 0.079885154 0.96595972 85.400177
85 0.96693365 0.038678159 -0.25207807 -14.952588 -0.057192737 0.9961434 -0.066537281 -4.6836176 0.24853239 0.078754178 0.96541675 86.545883
86 0.96581739 0.038567714 -0.2563383 -15.258986 -0.057398009 0.99614173 -0.066385269 -4.7816345 0.25278897 0.078829363 0.9643048 87.706107
87 0.96487798 0.038074739 -0.25992466 -15.586082 -0.057357633 0.99610243 -0.067007028 -4.8843224 0.25636033 0.079562277 0.96330125 88.902313
88 0.96352967 0.037801196 -0.26491826 -15.930128 -0.057479703 0.99610092 -0.066924772 -4.9905101 0.26135551 0.079711433 0.96194567 90.159317
89 0.96298192 0.036817759 -0.26703989 -16.270237 -0.057004105 0.99603922 -0.068236965 -5.0994967 0.2634699 0.080933341 0.9612666 91.366704
90 0.96438048 0.035307151 -0.26215208 -16.784409 -0.05566057 0.99594891 -0.070622555 -5.2706515 0.25859662 0.082698556 0.96243899 93.201317
91 0.96508134 0.035124183 -0.25958493 -17.33302 -0.055140454 0.99600547 -0.070231908 -5.4569152 0.25608119 0.082093142 0.96316313 95.205865
92 0.96554578 0.034899155 -0.25788259 -17.871347 -0.054793539 0.99601531 -0.070363721 -5.6435361 0.2543994 0.082069702 0.9636107 97.1914
93 0.96560072 0.034363924 -0.25774871 -18.406581 -0.054376009 0.99599886 -0.070918243 -5.8285257 0.25428041 0.08249406 0.96360587 99.175487
94 0.96671804 0.034485492 -0.25350939 -18.933281 -0.054149146 0.99600538 -0.071000214 -6.0118985 0.25004826 0.082364513 0.96472381 101.13607
95 0.96670009 0.03258281 -0.25382934 -19.453026 -0.052560322 0.99599531 -0.072323172 -6.199724 0.25045636 0.083256176 0.96454139 103.10332
96 0.96634912 0.03040403 -0.25543101 -19.968171 -0.050698683 0.99602432 -0.073246688 -6.3865286 0.25218852 0.083731896 0.96404875 105.03702
97 0.9653256 0.030112669 -0.25930628 -20.391421 -0.050625533 0.99606119 -0.072794468 -6.5488091 0.25609291 0.08339789 0.96304792 106.616
98 0.96188855 0.031907562 -0.27157385 -20.688696 -0.052896575 0.99612101 -0.07031906 -6.6472173 0.26827673 0.082004433 0.95984527 107.66954
99 0.95793206 0.034217179 -0.28494804 -20.983578 -0.056116338 0.99603397 -0.069044755 -6.7351845 0.28145543 0.082130432 0.95605309 108.65069
100 0.95607411 0.035654473 -0.29094859 -21.341686 -0.057731455 0.99603744 -0.067648929 -6.8387988 0.28738373 0.081474283 0.95434407 109.82457
101 0.95539784 0.037054329 -0.29298802 -21.679204 -0.058992923 0.9960477 -0.066398048 -6.9360869 0.28936973 0.080720778 0.95380784 110.89792
102 0.95524063 0.038658193 -0.29329323 -21.996127 -0.060341717 0.99604316 -0.06524403 -7.0243053 0.28961053 0.080021573 0.95379367 111.8853
103 0.95416191 0.040528045 -0.29653425 -22.310473 -0.062200343 0.99600851 -0.064015948 -7.1063265 0.29275622 0.079526118 0.95287432 112.85531
104 0.95177734 0.041686576 -0.30394433 -22.632782 -0.063771079 0.99596795 -0.063095029 -7.1878049 0.30008862 0.079435284 0.9505982 113.84089
105 0.94978454 0.042560331 -0.30999673 -22.969012 -0.065153639 0.99589127 -0.062892463 -7.2681431 0.30604634 0.079931712 0.94865517 114.84446
106 0.94762782 0.043344834 -0.31642183 -23.33976 -0.066527789 0.9958044 -0.062829447 -7.3583665 0.31237094 0.080589784 0.94653566 115.92207
107 0.94588413 0.044698504 -0.3214114 -23.723883 -0.068201293 0.99572853 -0.062234708 -7.4482214 0.31725673 0.080787503 0.94489239 117.02382
108 0.94407791 0.045193135 -0.32661064 -24.123423 -0.068819082 0.99575377 -0.061141124 -7.5436383 0.32246064 0.080199037 0.94317937 118.16585
109 0.94105339 0.04619424 -0.33508899 -24.52616 -0.070388767 0.99568835 -0.060415361 -7.6370045 0.33085339 0.080440589 0.94024753 119.28991
110 0.93671695 0.046936593 -0.34692699 -24.931671 -0.072117435 0.99558828 -0.060024452 -7.7279899 0.34257913 0.081245414 0.93596944 120.39683
111 0.93095083 0.04879892 -0.36186911 -25.348208 -0.074141259 0.99564748 -0.056471648 -7.8240376 0.35753835 0.079401767 0.93051694 121.51792
112 0.93028644 0.048507544 -0.36361269 -25.967687 -0.075202734 0.99538465 -0.059614034 -7.9579182 0.35904279 0.082802803 0.92964082 123.09164
113 0.92994693 0.050680205 -0.36418438 -26.740632 -0.077659975 0.99518392 -0.059814568 -8.1279604 0.35939905 0.083906931 0.92940412 125.0615
114 0.92951429 0.052594561 -0.36501646 -27.528455 -0.079787961 0.99501584 -0.059809987 -8.3035619 0.36005151 0.084718165 0.92907794 127.06083
115 0.928083 0.053369128 -0.36852911 -28.177389 -0.08163595 0.99476106 -0.061529487 -8.4550278 0.36331467 0.087189703 0.92757775 128.68632
116 0.92968806 0.053620582 -0.36442417 -28.647546 -0.081851301 0.99468561 -0.062456219 -8.5606162 0.35913857 0.087893402 0.92913633 129.87089
117 0.92986083 0.053031335 -0.36406943 -29.08427 -0.081482337 0.99466726 -0.063226131 -8.6584709 0.35877501 0.088456739 0.92922332 130.97771
118 0.92873901 0.052917782 -0.36693813 -29.526978 -0.081079635 0.9947927 -0.061753181 -8.7489318 0.36175957 0.087103806 0.92819342 132.10111
119 0.92752403 0.052990597 -0.3699881 -29.983165 -0.081150196 0.99483631 -0.060952737 -8.842017 0.36484771 0.086559744 0.92703486 133.24157
120 0.92597409 0.052242787 -0.37395549 -30.448314 -0.079773804 0.99509398 -0.058514966 -8.9363085 0.36906391 0.084015203 0.92559892 134.4065
121 0.92404741 0.051049568 -0.37885401 -30.927628 -0.078789214 0.99519841 -0.058071236 -9.0309556 0.37407043 0.083510193 0.92363274 135.58087
122 0.92137368 0.050206864 -0.38542164 -31.39547 -0.07886962 0.99514271 -0.058910543 -9.1280701 0.38059185 0.08467669 0.92085817 136.69187
123 0.91898835 0.051889331 -0.39085541 -31.84521 -0.080939541 0.99501772 -0.058209996 -9.2159591 0.38588761 0.085129973 0.91860967 137.72677
124 0.91474531 0.053676093 -0.40044965 -32.274632 -0.083069545 0.9949468 -0.056393158 -9.2921428 0.39539917 0.084850555 0.91458185 138.69156
125 0.91163879 0.054858212 -0.40731476 -32.736416 -0.08396888 0.99500808 -0.053926172 -9.3764531 0.40232322 0.083362963 0.91169442 139.71215
126 0.90774491 0.055617451 -0.41581956 -33.2229 -0.084205608 0.99515681 -0.050717017 -9.4583685 0.41098495 0.081052461 0.90803191 140.77367
127 0.90311026 0.056321807 -0.42569913 -33.730589 -0.084912215 0.99520881 -0.04846882 -9.5368446 0.42092971 0.079919752 0.90356576 141.8513
128 0.89963766 0.056657782 -0.43294572 -34.262261 -0.085453275 0.99521743 -0.047327348 -9.6168758 0.4281937 0.079574103 0.90017676 142.95738
129 0.89474572 0.056819459 -0.44294659 -34.795823 -0.086256854 0.9951834 -0.046579363 -9.691413 0.43816651 0.079883872 0.89533723 144.05194
130 0.89069247 0.057217907 -0.4509912 -35.293886 -0.08709854 0.99514807 -0.045760816 -9.7672341 0.44618472 0.080039497 0.89135456 145.04215
131 0.88749907 0.056786812 -0.45729715 -35.840571 -0.086947855 0.99518859 -0.045162219 -9.8432961 0.45253233 0.079842442 0.88816651 146.12205
132 0.8886944 0.055802267 -0.45509164 -36.509572 -0.084844822 0.99543864 -0.043625029 -9.9372731 0.45058147 0.077381495 0.88937535 147.42936
133 0.88556464 0.055924007 -0.46113751 -37.188964 -0.08412005 0.99561991 -0.040800602 -10.02823 0.45683599 0.074922489 0.88639019 148.73916
134 0.88248556 0.056004239 -0.46699334 -37.865432 -0.084078529 0.99567674 -0.039478017 -10.11527 0.46276351 0.074102901 0.88337918 150.02485
135 0.87874864 0.056752801 -0.47389871 -38.485711 -0.085240461 0.99560341 -0.03883036 -10.190318 0.46961147 0.074517477 0.87972285 151.1888
136 0.87607219 0.057519929 -0.47873689 -39.094568 -0.08642906 0.99551174 -0.03855214 -10.260819 0.47437072 0.075151244 0.87711162 152.30437
137 0.87474777 0.057787472 -0.48112053 -39.699513 -0.087511841 0.99537782 -0.039554374 -10.32626 0.476611 0.076703851 0.8757617 153.39694
138 0.8735053 0.058178147 -0.48332579 -40.299442 -0.088365038 0.99528877 -0.039897052 -10.390743 0.47872763 0.077559396 0.874531 154.47671
139 0.87215451 0.058635005 -0.48570411 -40.894746 -0.088781413 0.99527669 -0.03926888 -10.45316 0.48110749 0.077370036 0.87324082 155.54837
140 0.87150321 0.059577558 -0.48675733 -41.480974 -0.089255035 0.99528416 -0.037984945 -10.518292 0.48219885 0.076549552 0.87271101 156.60262
141 0.87129317 0.060785511 -0.48698395 -42.068103 -0.088829753 0.99544287 -0.034679285 -10.583739 0.48265674 0.073474495 0.8727222 157.67388
142 0.87129409 0.061882976 -0.48684405 -42.661252 -0.088758704 0.99552901 -0.032307342 -10.651229 0.48266814 0.07136085 0.87289127 158.74829
143 0.8714734 0.062227114 -0.48647911 -43.256635 -0.088078581 0.99564867 -0.03042638 -10.721462 0.48246898 0.069364178 0.87316228 159.82145
144 0.86997554 0.063125129 -0.48903764 -43.863847 -0.087814166 0.99575201 -0.027685399 -10.783374 0.48521261 0.067030059 0.87182324 160.91768
145 0.86910936 0.063973681 -0.49046542 -44.469876 -0.087637917 0.99582834 -0.025404707 -10.848323 0.48679417 0.065062842 0.87109032 161.99735
146 0.86860225 0.064603228 -0.49128056 -45.076468 -0.087757798 0.99584765 -0.024205414 -10.908243 0.48767688 0.064138583 0.87066502 163.07758
147 0.86857821 0.065121541 -0.49125462 -45.686506 -0.087757639 0.99587281 -0.023148081 -10.970257 0.48771972 0.063217271 0.87070841 164.15532
148 0.86887068 0.065327294 -0.49070981 -46.307441 -0.087408599 0.99592546 -0.022183486 -11.031454 0.48726124 0.062166844 0.87104067 165.24699
149 0.86928397 0.065103138 -0.49000714 -46.946656 -0.086815955 0.99598827 -0.021684903 -11.089663 0.48662965 0.061390782 0.8714487 166.37215
150 0.86982623 0.065478972 -0.48899373 -47.585435 -0.086974178 0.99598185 -0.021342919 -11.146163 0.48563141 0.061094465 0.87202619 167.49718
151 0.86977911 0.065640173 -0.48905592 -48.199543 -0.087348815 0.99594189 -0.021675184 -11.200639 0.48564856 0.061571084 0.87198312 168.5828
152 0.8692731 0.066770863 -0.48980195 -48.784708 -0.08895098 0.99579036 -0.022116927 -11.25236 0.48626334 0.06279402 0.87155318 169.60386
153 0.86792942 0.066242369 -0.49225044 -49.386654 -0.088919602 0.99577823 -0.022779526 -11.30509 0.48866334 0.06354174 0.87015554 170.65623
154 0.86636777 0.064999314 -0.49515857 -50.016461 -0.08796374 0.99585382 -0.023182747 -11.358483 0.49159873 0.063640791 0.8684933 171.74591
155 0.86555903 0.064663326 -0.49661478 -50.642031 -0.088246547 0.99580594 -0.024144414 -11.411183 0.49297074 0.064722962 0.86763522 172.8271
156 0.86633616 0.064381294 -0.49529459 -51.242637 -0.08869869 0.99572644 -0.025715458 -11.466431 0.49152236 0.066210218 0.86834443 173.86855
157 0.86757778 0.065323445 -0.49299256 -51.81727 -0.090004616 0.99558941 -0.026472361 -11.516339 0.48908894 0.067338445 0.86963073 174.86285
158 0.86963513 0.067117248 -0.48911148 -52.37795 -0.092178037 0.99536805 -0.027304403 -11.558988 0.48501338 0.06883021 0.87179384 175.84455
159 0.87289412 0.069291921 -0.4829643 -52.939421 -0.094614738 0.99511349 -0.02823257 -11.602419 0.47864804 0.070339593 0.87518482 176.8388
160 0.87727887 0.07168762 -0.47459741 -53.501241 -0.09744507 0.99479276 -0.02986147 -11.644734 0.4699854 0.072444021 0.87969635 177.85434
161 0.88187661 0.074632957 -0.46553582 -54.046117 -0.10081674 0.99440424 -0.031560618 -11.689846 0.46057537 0.074766383 0.88446616 178.86294
162 0.885875 0.076937059 -0.45749996 -54.574207 -0.10344341 0.99408344 -0.033128033 -11.737963 0.45224439 0.076672657 0.88859236 179.86656
163 0.89017891 0.079531828 -0.4486159 -55.086891 -0.10631771 0.9937232 -0.034794034 -11.783871 0.44303283 0.078668736 0.89304715 180.86492
164 0.89454337 0.081649659 -0.4394605 -55.580811 -0.10852786 0.99342893 -0.036339428 -11.83338 0.43360571 0.080200908 0.89752659 181.85174
165 0.90019363 0.084182982 -0.42727589 -56.077666 -0.11138097 0.99301161 -0.03901404 -11.887594 0.42100564 0.082710599 0.90327919 182.87303
166 0.90773787 0.08685457 -0.41044887 -56.562822 -0.11410382 0.99256728 -0.042313079 -11.949282 0.40372307 0.085242977 0.91090142 183.9137
167 0.91637814 0.088571624 -0.39039237 -57.025715 -0.11541878 0.99226028 -0.045803006 -12.01909 0.38331403 0.087031493 0.91950854 184.96999
168 0.92412021 0.090893338 -0.37113377 -57.454936 -0.11721183 0.99190062 -0.048932935 -12.088457 0.36368017 0.088721191 0.92728926 186.00985
169 0.93094004 0.092256845 -0.35332613 -57.838521 -0.11793101 0.99167035 -0.051788772 -12.152936 0.34560521 0.089880358 0.93406565 187.00541
170 0.93609346 0.093115994 -0.3392027 -58.195782 -0.11819286 0.99152185 -0.053988428 -12.220316 0.33129973 0.09062956 0.93916284 187.97997
171 0.94030627 0.093147635 -0.32733418 -58.531605 -0.11773003 0.99146202 -0.056058757 -12.289982 0.31931769 0.091249473 0.94324431 188.93791
172 0.94485849 0.093626254 -0.31380979 -58.849176 -0.11750316 0.99137652 -0.058012824 -12.367842 0.30567216 0.091687561 0.94771198 189.88233
173 0.94911183 0.094614187 -0.30039129 -59.163653 -0.11775989 0.99123606 -0.059862953 -12.447185 0.29209482 0.09219069 0.9519357 190.85717
174 0.95299683 0.095231368 -0.28762485 -59.466008 -0.11762289 0.99114845 -0.06155874 -12.527932 0.27921663 0.09249656 0.9557628 191.83709
175 0.95600946 0.097745497 -0.27657145 -59.76677 -0.11938613 0.99087995 -0.06248011 -12.607138 0.26794197 0.092750378 0.95896014 192.84334
176 0.9584309 0.099561898 -0.26739048 -60.058469 -0.12062326 0.99066594 -0.063489466 -12.684188 0.25857353 0.093103785 0.96149441 193.86634
177 0.96101438 0.10091433 -0.25742513 -60.342161 -0.12137409 0.99048765 -0.064826055 -12.767582 0.24843456 0.093543522 0.96412134 194.90044
178 0.96373887 0.10298837 -0.24617233 -60.588304 -0.12295054 0.99014145 -0.06710405 -12.844184 0.23683451 0.094937811 0.96690036 195.85289
179 0.9667455 0.10433778 -0.23348833 -60.811897 -0.12346432 0.98995981 -0.06881872 -12.924258 0.22396369 0.095357675 0.96992126 196.77621
180 0.96992835 0.10529332 -0.21943642 -61.01567 -0.12337248 0.98986393 -0.070345669 -13.005101 0.20980528 0.095302682 0.97308747 197.69175
181 0.97331158 0.10576113 -0.20366437 -61.195325 -0.12273218 0.98978439 -0.072550411 -13.082753 0.19391082 0.095610337 0.97634898 198.58212
182 0.97628487 0.10646795 -0.18850056 -61.364948 -0.12230061 0.98969867 -0.074424427 -13.16331 0.17863495 0.095713184 0.97924901 199.49938
183 0.97909442 0.10758597 -0.17262503 -61.519323 -0.12224155 0.98953886 -0.076614139 -13.244172 0.16257659 0.096114436 0.98200354 200.39714
184 0.98117648 0.1094638 -0.15909246 -61.664239 -0.12304176 0.98932065 -0.078136197 -13.327202 0.14884039 0.096240425 0.98416685 201.28354
185 0.98234798 0.11158741 -0.15013571 -61.803929 -0.12443178 0.98907482 -0.079041884 -13.408114 0.13967538 0.096328298 0.98550075 202.18882
186 0.98286865 0.11450788 -0.1444202 -61.935378 -0.12670708 0.98884623 -0.078283651 -13.487353 0.13384529 0.095241618 0.986415 203.09187
187 0.9827438 0.11612047 -0.14398155 -62.0578 -0.12813487 0.98875059 -0.07715967 -13.561924 0.13340204 0.094277254 0.98656767 203.91122
188 0.98261343 0.11694455 -0.14420419 -62.171942 -0.12890307 0.98869801 -0.076551491 -13.634992 0.13362212 0.093808895 0.98658253 204.65581
189 0.98281577 0.11741277 -0.14243399 -62.278937 -0.12915262 0.98869569 -0.076159732 -13.708461 0.13188176 0.093246718 0.98686996 205.36725
190 0.98458544 0.11787132 -0.12922033 -62.377069 -0.12859766 0.9886208 -0.078047682 -13.786742 0.11855033 0.093462052 0.9885397 206.09984
191 0.98671765 0.11875613 -0.11083906 -62.464997 -0.12797514 0.98853563 -0.080122136 -13.869422 0.10005337 0.093242579 0.99060346 206.84501
192 0.98871555 0.12115683 -0.088105728 -62.53752 -0.12843552 0.98830107 -0.082250859 -13.957566 0.077109738 0.092638616 0.99270955 207.61374
193 0.99043622 0.12354535 -0.061422123 -62.592479 -0.12856322 0.98797755 -0.085858797 -14.049468 0.050076228 0.092934296 0.99441222 208.43207
194 0.99140364 0.12651996 -0.033339934 -62.628781 -0.12904405 0.98758845 -0.089535239 -14.144927 0.021598141 0.093067891 0.99542552 209.28638
195 0.99154863 0.12966687 -0.0042239478 -62.640147 -0.12948831 0.98712421 -0.093906633 -14.249851 -0.008007018 0.093659954 0.99557209 210.16162
196 0.99086219 0.13189509 0.028210497 -62.622981 -0.12853368 0.98676178 -0.098894707 -14.368846 -0.040880769 0.094365036 0.99469798 211.09384
197 0.98899846 0.13529186 0.059817977 -62.577987 -0.12864764 0.9862583 -0.10365439 -14.493076 -0.073019578 0.094818601 0.992813 212.02593
198 0.98621847 0.13853219 0.090454326 -62.50645 -0.12870324 0.98592464 -0.10671441 -14.610945 -0.10396454 0.093601966 0.99016672 212.89198
199 0.98308862 0.14017762 0.11784324 -62.411027 -0.12743891 0.98578576 -0.10947898 -14.725233 -0.1315147 0.092609739 0.98697892 213.71643
200 0.98025338 0.14098165 0.1386633 -62.300747 -0.12598854 0.98573805 -0.11156728 -14.835522 -0.15241464 0.091894223 0.98403522 214.49575
201 0.97819103 0.14095079 0.15256216 -62.179599 -0.12434858 0.98573497 -0.11341905 -14.947473 -0.16637237 0.091974615 0.98176422 215.26085
202 0.9761992 0.14107205 0.1647235 -62.05214 -0.12305429 0.98572193 -0.11493388 -15.057813 -0.17858554 0.091928433 0.97962056 216.01026
203 0.97345416 0.14128377 0.18007202 -61.918894 -0.12156343 0.98575196 -0.11625528 -15.16427 -0.19393135 0.091279022 0.97675936 216.72974
204 0.97013702 0.14208538 0.1965857 -61.766327 -0.12047217 0.98569044 -0.11790122 -15.27538 -0.2105247 0.090697241 0.9733722 217.48809
205 0.96544472 0.14355069 0.21750796 -61.58653 -0.11956677 0.98557848 -0.11974442 -15.387502 -0.23156058 0.089599903 0.96868552 218.297
206 0.95958037 0.14474153 0.24136161 -61.379358 -0.1178541 0.9854568 -0.12241401 -15.500626 -0.25556985 0.08902063 0.96268347 219.14707
207 0.95388496 0.14663216 0.26192084 -61.143267 -0.11691715 0.98515178 -0.12572281 -15.619545 -0.27646681 0.089302069 0.95686536 220.03719
208 0.9488835 0.14697276 0.27931906 -60.894958 -0.1148537 0.98508061 -0.12815893 -15.732421 -0.29398769 0.089527077 0.95160718 220.88772
209 0.94433376 0.14644384 0.29459801 -60.638319 -0.11238198 0.98519092 -0.12949523 -15.845588 -0.30919909 0.089179216 0.94680677 221.71279
210 0.94223574 0.14518387 0.30185009 -60.372671 -0.11033095 0.98541389 -0.12956244 -15.966127 -0.31625768 0.088774964 0.94451054 222.54522
211 0.93622474 0.14082451 0.32194988 -59.973751 -0.10140212 0.98548022 -0.13618453 -16.167538 -0.33645338 0.094852937 0.93691094 223.77077
212 0.93348025 0.13773665 0.33112426 -59.317432 -0.094336374 0.9850969 -0.14382154 -16.509969 -0.34599901 0.10301751 0.93256215 225.68572
213 0.93178823 0.13685199 0.33621758 -58.703201 -0.0910307 0.9847093 -0.1485291 -16.850585 -0.35140311 0.10779156 0.92999834 227.44746
214 0.93115774 0.13802447 0.33748265 -58.405243 -0.09286317 0.98483349 -0.14655823 -17.022902 -0.35259287 0.10512913 0.92985279 228.29988
215 0.92821358 0.13888162 0.34515427 -58.132896 -0.092921183 0.98485298 -0.14639041 -17.163838 -0.36025718 0.10380943 0.92705903 229.04226
216 0.92552423 0.13970495 0.35197651 -57.840198 -0.092850647 0.98480842 -0.14673448 -17.302421 -0.36712899 0.10312508 0.92443583 229.80927
217 0.92320249 0.14027376 0.35779948 -57.540273 -0.092393579 0.98471357 -0.1476567 -17.435199 -0.3730424 0.10325867 0.92205048 230.57896
218 0.92072673 0.1406945 0.36396068 -57.228353 -0.09164872 0.98461555 -0.14877036 -17.574591 -0.37929255 0.10362032 0.9194564 231.36502
219 0.91915824 0.14135381 0.36765099 -56.90724 -0.091548278 0.98449341 -0.14963795 -17.715646 -0.38310191 0.10388315 0.91784601 232.16761
220 0.91660008 0.14194454 0.37375938 -56.577767 -0.091155039 0.98442689 -0.15031411 -17.860406 -0.38927508 0.10370789 0.9152648 232.97528
221 0.91235467 0.1440041 0.38323858 -56.2493 -0.091930172 0.98425208 -0.15098534 -18.007941 -0.39894591 0.102521 0.91122537 233.76593
222 0.90739652 0.1464722 0.39392573 -55.921559 -0.092914684 0.98402494 -0.15186069 -18.146857 -0.40987614 0.10119638 0.9065103 234.52785
223 0.90095341 0.148653 0.40765828 -55.588344 -0.092888526 0.98378134 -0.15344669 -18.284666 -0.42385695 0.10038155 0.90014938 235.26793
224 0.89432255 0.15078004 0.42125122 -55.248134 -0.092776435 0.98353653 -0.1550752 -18.419295 -0.43769824 0.099605069 0.8935878 235.99296
225 0.8862054 0.15228899 0.43754781 -54.894069 -0.091506437 0.98336225 -0.15692398 -18.558854 -0.45416583 0.099028444 0.88539643 236.71131
226 0.87544378 0.15444292 0.45797991 -54.524913 -0.090443281 0.98318056 -0.15866912 -18.705482 -0.4747823 0.097484702 0.8746877 237.42132
227 0.86551639 0.15579887 0.47603375 -54.122244 -0.088808292 0.98306921 -0.16027443 -18.856795 -0.49294473 0.096444411 0.86469882 238.14932
228 0.85430089 0.15888485 0.4948996 -53.649134 -0.089929788 0.98295731 -0.16033539 -19.024517 -0.51194009 0.092468459 0.85402986 238.97132
229 0.84315618 0.16092889 0.51302006 -53.118089 -0.088134856 0.98261756 -0.16338564 -19.210624 -0.53039603 0.092544669 0.84268358 239.84799
230 0.83331629 0.16307266 0.52819627 -52.512992 -0.087459087 0.98235659 -0.16530677 -19.415264 -0.54583415 0.091557271 0.832876 240.82161
231 0.82209419 0.16509833 0.54488872 -51.879818 -0.085883089 0.98204237 -0.16797846 -19.625447 -0.56283682 0.091297402 0.82151055 241.79896
232 0.80882243 0.16680876 0.56389817 -51.255167 -0.083521302 0.98178917 -0.17062855 -19.831681 -0.5820915 0.090910701 0.80802525 242.71682
233 0.79709225 0.16878442 0.57978944 -50.578917 -0.081518266 0.98143011 -0.17363637 -20.04617 -0.59832998 0.091140781 0.79604941 243.66756
234 0.78422343 0.17029053 0.59665298 -49.876123 -0.078895948 0.98116324 -0.17633493 -20.26883 -0.61544219 0.091212489 0.7828865 244.60329
235 0.77331458 0.17140048 0.61041499 -49.136521 -0.076871173 0.9810096 -0.17807544 -20.495781 -0.62934524 0.09078503 0.77180485 245.5483
236 0.76284218 0.17268333 0.62309895 -48.396659 -0.074500544 0.98073318 -0.18058786 -20.724435 -0.64227838 0.091338838 0.76100971 246.46132
237 0.75112561 0.1753296 0.636451 -47.645253 -0.074463436 0.98043584 -0.18221046 -20.954491 -0.65594631 0.089470624 0.74948617 247.36009
238 0.73941876 0.17775271 0.64935653 -46.881627 -0.073789702 0.98010253 -0.18426609 -21.183038 -0.66918983 0.088333987 0.73782258 248.24313
239 0.72581661 0.18058819 0.66376064 -46.105677 -0.073443002 0.97975342 -0.18625049 -21.41184 -0.68395645 0.086435131 0.72438431 249.1093
240 0.71158341 0.183676 0.67816827 -45.299859 -0.073165891 0.97934828 -0.18847703 -21.646474 -0.69878169 0.084498349 0.71032686 249.97442
241 0.69550774 0.18649695 0.69389329 -44.486821 -0.071504904 0.97889882 -0.1914263 -21.885756 -0.7149518 0.083521709 0.69416721 250.80599
242 0.67916668 0.1896654 0.70905549 -43.645936 -0.07058712 0.97843672 -0.19411058 -22.126748 -0.73058205 0.08178326 0.67790961 251.63029
243 0.66290109 0.19197387 0.72367687 -42.776394 -0.068629262 0.97807988 -0.19659516 -22.371991 -0.74555498 0.080657744 0.6615453 252.44239
244 0.64524306 0.19436894 0.73883837 -41.90325 -0.066019022 0.97766279 -0.19954156 -22.61923 -0.76111953 0.079975425 0.64366223 253.21881
245 0.62755817 0.19743533 0.75312022 -41.005679 -0.064079674 0.97712858 -0.20276441 -22.873165 -0.77592822 0.078986772 0.62585667 253.98399
246 0.60685822 0.19996869 0.76924356 -40.130705 -0.061313021 0.97672715 -0.20553508 -23.123334 -0.79244172 0.077566017 0.60499563 254.68963
247 0.58797816 0.20235315 0.78315702 -39.216897 -0.059644825 0.97641347 -0.2075069 -23.376027 -0.8066748 0.075298272 0.58617916 255.39114
248 0.56961665 0.20459714 0.79603826 -38.27694 -0.057499335 0.97606844 -0.20972388 -23.636167 -0.8198968 0.073690548 0.56774908 256.0797
249 0.55292872 0.20648668 0.80723795 -37.299717 -0.055631078 0.97579406 -0.21149707 -23.906624 -0.83136939 0.072035292 0.55103169 256.76491
250 0.5412493 0.20743947 0.81487305 -36.281239 -0.054169411 0.97568109 -0.21239579 -24.182607 -0.83911556 0.070817887 0.53932363 257.45031
251 0.53274842 0.20756727 0.82042366 -35.249638 -0.052604115 0.97570182 -0.21269377 -24.460773 -0.84463719 0.070154619 0.53072254 258.12593
252 0.52656617 0.20699782 0.82454836 -34.161606 -0.048649888 0.97565143 -0.21386294 -24.767226 -0.84874102 0.072498811 0.5238155 258.81706
253 0.51866621 0.20726142 0.82947459 -33.059756 -0.04656604 0.97557997 -0.21465137 -25.07709 -0.85370781 0.07270707 0.51565175 259.50497
254 0.50451905 0.20978472 0.83752667 -31.985777 -0.046680517 0.9752414 -0.21615973 -25.372652 -0.86213776 0.069960529 0.50182077 260.15717
255 0.48829035 0.21061411 0.84688503 -30.897849 -0.043989717 0.97514679 -0.21714863 -25.674273 -0.87157186 0.068777353 0.48541966 260.789
256 0.47182159 0.21354259 0.85544373 -29.818174 -0.044622659 0.97476736 -0.21871738 -25.959214 -0.88056418 0.065023415 0.46944517 261.3952
257 0.4546906 0.21500302 0.86430908 -28.704519 -0.042966821 0.97459085 -0.21983266 -26.25587 -0.88961249 0.062819238 0.45237533 261.99071
258 0.43861391 0.21601062 0.87232865 -27.508297 -0.040690855 0.97446048 -0.22084135 -26.577568 -0.89775395 0.061368295 0.43620162 262.6004
259 0.42259366 0.21742157 0.87985367 -26.312018 -0.037114185 0.97413591 -0.22289381 -26.903553 -0.90555906 0.061538466 0.41973312 263.18053
260 0.40512384 0.21759282 0.88799103 -24.980215 -0.033618731 0.97415409 -0.22336845 -27.267562 -0.91364354 0.06063876 0.40196827 263.79775
261 0.38838387 0.21823596 0.89528267 -23.713086 -0.030126747 0.97403943 -0.22436455 -27.60698 -0.92100511 0.060167622 0.38487598 264.35302
262 0.36963933 0.22036947 0.90266499 -22.552839 -0.028481748 0.97369961 -0.22604809 -27.913751 -0.92873873 0.057846794 0.36619421 264.83094
263 0.3492801 0.2223265 0.91026061 -21.388281 -0.027205127 0.97344025 -0.2273188 -28.218486 -0.93662339 0.054634184 0.34605175 265.28564
264 0.32939931 0.2232545 0.91741678 -20.266627 -0.024053928 0.97331231 -0.22822016 -28.512421 -0.9438843 0.053108092 0.32597858 265.69195
265 0.31025662 0.22396895 0.92389327 -19.116262 -0.018400206 0.97308401 -0.22971464 -28.820921 -0.95047479 0.054270668 0.30602686 266.07847
266 0.29244798 0.22445372 0.92956696 -17.787855 -0.015024696 0.97302263 -0.23021968 -29.178923 -0.95616343 0.053360823 0.28793087 266.50078
267 0.27271737 0.22408662 0.93563372 -16.389214 -0.0097658235 0.97309159 -0.23021134 -29.56151 -0.96204467 0.053645403 0.26756739 266.90574
268 0.25114014 0.22452525 0.94155036 -14.931205 -0.0052193662 0.97302539 -0.23063873 -29.952585 -0.9679367 0.053008351 0.24553763 267.29832
269 0.22920638 0.22463236 0.94710336 -13.453917 2.0513084e-05 0.97300571 -0.2307808 -30.341787 -0.97337789 0.052915866 0.22301453 267.65877
270 0.20745147 0.22473678 0.95208051 -11.974205 0.0052295631 0.97298458 -0.23081063 -30.728595 -0.97823137 0.052860974 0.20067182 267.9823
271 0.18655758 0.22499554 0.95633326 -10.461977 0.010611079 0.97290433 -0.23096416 -31.124457 -0.98238676 0.053235849 0.17911525 268.27793
272 0.16689986 0.22555551 0.95982768 -8.9429367 0.016140701 0.97272633 -0.23139327 -31.519627 -0.98584177 0.054111802 0.15870728 268.54008
273 0.14749296 0.22648062 0.96278366 -7.4004457 0.022623564 0.97240268 -0.23220915 -31.925114 -0.98880437 0.056030819 0.13829876 268.77077
274 0.12806441 0.22769761 0.96527371 -5.8702332 0.029894669 0.97195931 -0.23324085 -32.32959 -0.99131523 0.058726394 0.11766646 268.96458
275 0.10870843 0.22862968 0.96742492 -4.3283886 0.036351023 0.97162714 -0.2337075 -32.73823 -0.99340886 0.060572866 0.097313145 269.12817
276 0.090497212 0.22968791 0.96904786 -2.7820692 0.042319829 0.97127459 -0.23416785 -33.148159 -0.99499717 0.062201484 0.078177296 269.2616
277 0.072467504 0.23054702 0.97035899 -1.2320186 0.047812288 0.97099534 -0.23426888 -33.556492 -0.99622413 0.063371971 0.059342634 269.36444
278 0.056735694 0.23198171 0.97106415 0.33741059 0.053086555 0.97055387 -0.23496146 -33.96912 -0.99697691 0.064881158 0.042749941 269.43956
279 0.038624618 0.23325812 0.97164748 1.8589545 0.058868146 0.97015299 -0.23523945 -34.368721 -0.9975183 0.066285126 0.023740318 269.48188
280 0.019033133 0.23353063 0.97216316 3.3141084 0.06420221 0.97004701 -0.23427925 -34.75327 -0.99775543 0.066874099 0.0034698517 269.49304
281 0.00075375374 0.23454651 0.97210462 4.6604402 0.06700081 0.96990858 -0.23406861 -35.108492 -0.99775267 0.065308234 -0.014983735 269.47843
282 -0.016114372 0.23431013 0.97202835 5.920208 0.070467288 0.97000333 -0.23265378 -35.436591 -0.99738396 0.064747139 -0.032142197 269.43881
283 -0.038919373 0.23558395 0.97107441 7.2255462 0.075217925 0.96974413 -0.23224658 -35.775213 -0.99640736 0.064003317 -0.055461973 269.37079
284 -0.06702768 0.23754664 0.96906084 8.5739968 0.08077707 0.96934875 -0.23203005 -36.122012 -0.99447596 0.062725465 -0.084161526 269.26256
285 -0.098547858 0.23881348 0.966052 9.9796399 0.086123385 0.96918174 -0.23080164 -36.486779 -0.99139859 0.060454667 -0.11607822 269.10792
286 -0.12785632 0.24118752 0.96201942 11.398738 0.093797638 0.96857321 -0.23036452 -36.855005 -0.98734737 0.060781595 -0.14646104 268.90097
287 -0.15487916 0.24350091 0.95745484 12.824076 0.10147814 0.96794396 -0.22975328 -37.227434 -0.98270784 0.061576749 -0.17462438 268.64889
288 -0.17849517 0.245315 0.95286938 14.248286 0.10839667 0.96742945 -0.22875819 -37.603175 -0.97795179 0.062455645 -0.19927284 268.35583
