4 0.99991808 0.0089054564 -0.0091938964 0.014482802 -0.0088664681 0.99995156 0.0042727608 -0.04028445 0.009231502 -0.0041908934 0.99994861 2.6178575
5 0.99994312 0.0082114191 -0.0068065289 0.0028890263 -0.0082345454 0.99996039 -0.0033766314 -0.027389241 0.0067785324 0.003432488 0.99997113 1.2278441
6 0.99997273 0.0072279766 -0.0015162687 -0.019199504 -0.0072332144 0.99996779 -0.0034778706 -0.0093643231 0.0014910819 0.0034887433 0.9999928 0.30385754
7 0.99998073 0.0062049698 -0.00016776377 -0.013563853 -0.0062053251 0.99997831 -0.0022071138 -0.0046909936 0.00015406506 0.0022081123 0.99999755 0.33787218
8 0.99999802 0.0016830562 0.0010580511 -0.0063177606 -0.0016828584 0.99999857 -0.00018783013 -0.0027800715 -0.0010583657 0.00018604921 0.99999942 0.3076477
9 0.99999735 -0.00031384281 0.0022809838 0.0010659437 0.000315971 0.99999952 -0.00093271391 -0.0019052479 -0.00228069 0.00093343216 0.99999696 0.32045164
10 0.99998475 -7.4302166e-06 0.0055232017 0.0024447337 1.0604622e-05 0.99999983 -0.00057471106 -0.00061633228 -0.0055231965 0.00057476087 0.99998458 0.27680081
11 0.99998725 -0.00029656267 -0.0050415613 -0.0047024115 0.0002915545 0.99999946 -0.00099408394 0.0016267146 0.0050418534 0.00099260137 0.9999868 0.27759053
12 0.99997585 -0.00018953602 -0.0069477763 -0.0073356128 0.00017999563 0.99999904 -0.0013737572 0.0005845327 0.00694803 0.0013724734 0.99997492 0.27790795
13 0.99989791 0.00013643628 -0.014287855 -0.011271259 -0.00015169111 0.99999942 -0.0010666 0.0025790078 0.014287701 0.0010686585 0.99989735 0.28797701
14 0.99982023 0.00014987728 -0.018960187 -0.020907594 -0.00017923327 0.99999879 -0.0015466063 -0.00072517581 0.018959932 0.0015497265 0.99981904 0.32514747
15 0.99980124 0.00053393867 -0.019929545 -0.022434773 -0.0005697748 0.99999823 -0.001792506 -0.0019118834 0.019928553 0.0018035051 0.99979978 0.33536662
16 0.99974636 0.001868259 -0.022443847 -0.029206476 -0.0019240115 0.99999512 -0.0024627507 -0.0013679946 0.022439137 0.0025053082 0.99974507 0.37281398
17 0.99968747 0.0035912796 -0.024739856 -0.030351665 -0.0035737653 0.99999333 0.00075211684 0.0019084204 0.024742392 -0.00066346735 0.99969364 0.41975712
18 0.99986373 0.0015852738 -0.016431839 -0.027274306 -0.0015912791 0.99999867 -0.00035239877 -0.0048281734 0.016431259 0.00037849839 0.99986493 0.44989787
19 0.99992711 0.0021855614 -0.011873933 -0.012483614 -0.0021941437 0.99999734 -0.00070980674 -0.0084427146 0.01187235 0.00073580812 0.99992925 0.48055093
20 0.9999758 0.0021738297 -0.0066089191 -0.0025345453 -0.0021854846 0.99999607 -0.0017568002 -0.0044684207 0.0066050742 0.0017712014 0.99997662 0.45447053
21 0.99994642 -0.0048423527 0.0091487893 -0.0088716031 0.0048892755 0.99997497 -0.0051134675 -0.015569702 -0.0091237991 0.0051579245 0.99994507 0.85937449
22 0.9999541 -0.0082755466 0.0048274845 -0.0076588867 0.0082871236 0.99996282 -0.0023830803 -0.037731702 -0.0048075837 0.0024229769 0.99998551 1.5997967
23 0.99999882 3.9692949e-05 0.0015363032 0.016206868 -4.467584e-05 0.99999474 0.003243531 -0.045380409 -0.0015361664 -0.0032435959 0.99999356 2.4623858
24 0.99999565 0.00020228887 0.0029435946 0.017616598 -0.00020180788 0.99999997 -0.00016369771 -0.052458796 -0.0029436276 0.00016310295 0.99999565 2.5686413
25 0.99998012 -0.0039629442 -0.004905571 -0.0078635319 0.0039580951 0.99999167 -0.00099780071 -0.058337027 0.0049094844 0.00097836416 0.99998747 1.8331579
26 0.99995024 -0.0034736079 0.0093516025 -0.012145252 0.003522665 0.9999801 -0.0052344984 -0.056819585 -0.0093332338 0.0052671805 0.99994257 1.8740886
27 0.99998762 -0.0021453812 0.0044893452 0.0017686458 0.0021667904 0.99998628 -0.0047694814 -0.024448858 -0.0044790513 0.0047791498 0.99997855 1.182326
28 0.99999118 -0.0029723003 0.0029673771 0.014156299 0.0029799558 0.99999223 -0.0025787973 -0.04476544 -0.0029596891 0.0025876172 0.99999227 2.1695948
29 0.99999994 0.00025618359 0.00022488567 0.015880106 -0.00025654692 0.99999866 0.00161708 -0.045157716 -0.0002244711 -0.0016171376 0.99999867 2.5676647
30 0.99997845 0.0021692215 -0.0061955403 0.012743977 -0.0021648485 0.9999974 0.00071244111 -0.04043495 0.0061970697 -0.00069901335 0.99998055 2.5699671
31 0.99992346 0.0020729166 -0.012197271 0.00073046402 -0.0020967816 0.99999591 -0.0019441181 -0.057372468 0.012193191 0.0019695443 0.99992372 2.5248678
32 0.99999209 0.0019658466 -0.0034572517 -0.012921364 -0.0019728395 0.99999601 -0.0020204438 -0.00312443 0.0034532661 0.0020272485 0.99999198 0.629585
33 0.99998995 0.0035811186 -0.0026991189 -0.013037213 -0.0035816945 0.99999356 -0.00020856096 0.00036338491 0.0026983547 0.00021822628 0.99999634 0.60745545
34 0.99994518 0.0029425073 -0.010049025 -0.014699012 -0.0029725383 0.99999116 -0.0029748187 0.0059347219 0.010040183 0.0030045267 0.99994508 0.59506879
35 0.99998959 0.0045183039 -0.00064023204 -0.014181489 -0.0045213022 0.99997844 -0.00476183 0.018755635 0.00061870284 0.0047646751 0.99998846 0.62306262
36 0.9999649 0.0013790248 -0.0082645023 -0.0059435181 -0.0014161901 0.9999889 -0.0044928108 0.0033878977 0.0082582149 0.0045043572 0.99995576 0.70739492
37 0.9998964 -0.0021138963 0.014238325 0.0015265304 0.0022617619 0.9999436 -0.01037696 -0.0090537351 -0.014215586 0.010408089 0.99984478 0.99513027
38 0.99999367 0.0029024894 0.0020598264 -0.014262709 -0.0028957985 0.99999055 -0.0032438803 0.019085735 -0.0020692223 0.003237895 0.99999262 0.55802302
39 0.99998171 0.0032382123 0.0051075502 -0.013950477 -0.0032217282 0.99998959 -0.0032323464 0.013832722 -0.005117964 0.0032158321 0.99998173 0.55162894
40 0.99999111 0.0023593504 0.0034939631 -0.018109142 -0.0023523633 0.99999523 -0.0020025364 0.018739851 -0.0034986711 0.0019942995 0.99999189 0.55454537
41 0.99999871 0.0010153091 -0.0012456533 -0.0085176434 -0.0010165862 0.99999896 -0.0010250371 0.018688177 0.0012446113 0.001026302 0.9999987 0.6603638
42 0.99999864 0.0013333829 -0.00096834331 -0.0068391585 -0.0013326141 0.9999988 0.00079408909 0.010325398 0.00096940097 -0.00079279759 0.99999922 0.71088977
43 0.99999915 0.0012260117 -0.00043334945 -0.0094672845 -0.0012258764 0.9999992 0.00031223148 -0.0054131946 0.0004337319 -0.00031169999 0.99999986 0.74050614
44 0.99999805 0.0011350295 -0.0016189301 -0.0074559647 -0.0011343439 0.99999927 0.00042440067 -0.0097654715 0.0016194106 -0.00042256341 0.9999986 0.8081412
45 0.99999881 0.0014124665 0.00061359504 -0.0036487262 -0.001412222 0.99999892 -0.00039879799 -0.012065438 -0.00061415767 0.00039793098 0.99999973 0.84710499
46 0.9999651 0.0013332827 -0.0082469797 -0.011028091 -0.0013294817 0.99999901 0.00046635703 -0.013524681 0.0082475933 -0.00045537655 0.99996588 0.83373098
47 0.99995312 0.0012960297 -0.0095955987 -0.011741476 -0.0012942433 0.99999914 0.0001923749 -0.013698777 0.0095958398 -0.00017994684 0.99995394 0.84149402
48 0.999963 0.001706889 -0.0084314842 -0.010625932 -0.0017017254 0.99999836 0.00061955181 -0.010017707 0.0084325279 -0.00060518081 0.99996426 0.81866765
49 0.99995859 0.0017963776 -0.0089214612 -0.015347897 -0.0017906067 0.99999818 0.00065479121 -0.01536336 0.0089226212 -0.00063878926 0.99995999 0.83106368
50 0.99997827 0.0010781177 -0.0065035412 -0.010668138 -0.0010702105 0.99999868 0.0012191872 -0.011558874 0.006504847 -0.0012122006 0.99997811 0.85020812
51 0.9999976 -0.0012104544 -0.0018275711 0.00048374714 0.0012081319 0.99999846 -0.0012713606 0.0046479263 0.0018291072 0.0012691496 0.99999752 0.86351343
52 0.99999887 -0.0006975317 0.0013290374 0.0035290899 0.00070009097 0.9999979 -0.0019261704 0.0055527318 -0.001327691 0.0019270987 0.99999726 0.88459855
53 0.99999428 -0.00019322566 -0.0033774946 -0.00077044534 0.00018825499 0.9999989 -0.0014719588 0.011646441 0.0033777753 0.0014713145 0.99999321 0.87644847
54 0.9999506 -0.00012356982 -0.0099391214 -0.00501311 0.00013169914 0.99999966 0.0008172609 0.0041010367 0.009939017 -0.0008185295 0.99995027 0.87069114
55 0.99986328 -0.001742951 -0.016443539 -0.0085624105 0.0017699932 0.9999971 0.0016301403 -0.0021351673 0.01644065 -0.0016590223 0.99986347 0.86915937
56 0.99989547 -0.0022903673 -0.01427601 -0.0097930924 0.0022976346 0.99999724 0.0004926772 -0.010622159 0.014274842 -0.00052542675 0.99989797 0.89571405
57 0.99989241 -0.0023711503 -0.014475784 -0.011083743 0.0023582729 0.99999681 -0.00090658413 -0.0093310772 0.014477887 0.00087234874 0.99989481 0.91520746
58 0.99996061 -0.0019673942 -0.008654832 -0.0062190647 0.0019555603 0.99999714 -0.0013755704 -0.0042633094 0.0086575136 0.0013585912 0.9999616 0.90941599
59 0.99999807 -0.00072432331 -0.0018284406 0.00036743057 0.00072204092 0.99999896 -0.0012486197 0.00090749108 0.0018293431 0.0012472971 0.99999755 0.91940296
60 0.99999971 -0.00073571972 -0.00019494904 0.0043193244 0.00073565436 0.99999967 -0.00033514237 0.0047871619 0.00019519555 0.00033499886 0.99999992 0.90474738
61 0.99999639 -0.00024358702 0.0026774033 0.0078085771 0.00024489184 0.99999985 -0.00048702821 0.0083408004 -0.0026772842 0.00048768212 0.9999963 0.90036819
62 0.99999763 0.00053906834 0.0021089237 0.0052598408 -0.00053901107 0.99999985 -2.7722805e-05 0.00540258 -0.0021089383 2.6586007e-05 0.99999778 0.91362638
63 0.99999974 0.00045773212 0.00055858198 0.0026304689 -0.00045754971 0.99999984 -0.00032664004 0.0031062113 -0.00055873141 0.00032638437 0.99999979 0.92781449
64 0.99999771 0.00065153923 0.00203994 0.0035703854 -0.00065109582 0.99999976 -0.00021802286 0.0034005435 -0.0020400816 0.00021669417 0.9999979 0.93938405
65 0.9999991 -2.546924e-05 0.0013426062 0.0021606207 2.5839046e-05 0.99999996 -0.00027542199 -0.00062682325 -0.0013425991 0.00027545644 0.99999906 0.96348527
66 0.99999837 -7.6912314e-05 0.0018054821 0.0035266302 7.6193845e-05 0.99999992 0.00039800303 -0.0072040488 -0.0018055126 -0.00039786481 0.99999829 0.98547766
67 0.99999732 -0.00061129971 0.0022348762 0.003812379 0.00061090497 0.9999998 0.00017730696 -0.01119888 -0.0022349841 -0.00017594119 0.99999749 1.0041757
68 0.99999996 -0.00013723861 0.0002535993 -7.7046275e-05 0.0001371403 0.99999992 0.00038765565 -0.016472907 -0.00025365248 -0.00038762086 0.99999989 1.0122572
69 0.99999967 0.000283731 0.0007585786 0.0007249154 -0.00028388375 0.99999994 0.00020125993 -0.011135968 -0.00075852145 -0.00020147522 0.99999969 1.0466371
70 0.9999952 2.4378592e-05 0.0030991321 0.0062300717 -2.6224873e-05 0.99999982 0.00059570193 -0.0025216307 -0.003099117 -0.00059578034 0.99999502 1.0737073
71 0.9999985 -0.0001154538 0.0017279717 0.0049836399 0.00011618835 0.9999999 -0.00042499914 0.00045391269 -0.0017279225 0.00042519927 0.99999842 1.0931159
72 0.9999995 0.0007999609 0.00059683506 0.0074271901 -0.00080042099 0.99999938 0.00077104061 0.0032607926 -0.00059621788 -0.00077151795 0.99999952 1.0987283
73 0.99999866 0.0007895261 -0.0014343419 0.0059309345 -0.00078764778 0.99999883 0.0013096279 -0.0033131968 0.0014353742 -0.0013084964 0.99999811 1.0738975
74 0.99999987 0.00026905148 -0.00043546806 0.0064747258 -0.00026930593 0.99999979 -0.00058435543 -0.0086690341 0.00043531075 0.00058447262 0.99999973 1.0896037
75 0.99999894 -0.0014489408 -0.00013491414 0.0019889374 0.0014489471 0.99999895 4.6264469e-05 -0.012936747 0.00013484696 -4.6459903e-05 0.99999999 1.0585497
76 0.9999506 -0.0015579334 0.0098164367 -7.4573933e-05 0.0015851951 0.99999491 -0.0027699848 -0.039830777 -0.0098120713 0.002785409 0.99994798 1.829356
77 0.99999932 -0.0004487488 0.0010767098 -0.0016784063 0.00045019684 0.99999899 -0.0013450124 -0.047846858 -0.0010761051 0.0013454962 0.99999852 2.068498
78 0.99996829 0.0031490909 -0.0073140517 -0.01841779 -0.0031491218 0.99999504 7.290698e-06 -0.046036681 0.0073140384 1.5742373e-05 0.99997325 1.6277362
79 0.99999513 0.0013778718 0.0028000293 -0.010676015 -0.0013741792 0.99999818 -0.0013202423 -0.042861426 -0.0028018433 0.0013163882 0.99999521 1.5092022
80 0.9999982 0.0015292323 -0.0011227255 -0.011441603 -0.0015315882 0.99999662 -0.0021004636 -0.026705797 0.0011195096 0.0021021793 0.99999716 1.1866918
81 0.99999368 0.0017021565 -0.0031221032 -0.012247832 -0.0017052654 0.99999805 -0.00099340273 -0.019947679 0.0031204062 0.00099872046 0.99999463 1.13669
82 0.99999797 0.00095705967 -0.0017737542 -0.0066168648 -0.00095897155 0.99999896 -0.0010773356 -0.024574147 0.0017727212 0.0010790344 0.99999785 1.1094951
83 0.99999118 0.00023517427 -0.0041926179 -0.0023829296 -0.0002320509 0.9999997 0.0007454378 -0.019005672 0.0041927919 -0.00074445832 0.99999093 1.0909606
84 0.99999266 -0.00024865651 -0.0038241491 -0.00012722333 0.00024933159 0.99999995 0.00017605516 -0.027168321 0.0038241052 -0.00017700735 0.99999267 1.0816384
85 0.99999623 0.00077314947 -0.0026341538 -0.00038979038 -0.00076954342 0.99999877 0.0013696983 -0.02300778 0.0026352095 -0.0013676661 0.99999559 1.1880827
86 0.9999903 -8.8011644e-05 -0.0044044057 -0.0023074387 8.7567988e-05 0.99999999 -0.00010092272 -0.018117366 0.0044044145 0.00010053606 0.9999903 1.2038581
87 0.99999318 -0.00028859615 -0.0036817677 -0.0076329569 0.00028551713 0.99999961 -0.00083678706 -0.020610822 0.0036820078 0.00083573015 0.99999287 1.2441713
88 0.99998661 -0.00022561116 -0.0051704525 -0.0036263548 0.00022449709 0.99999995 -0.0002160477 -0.018863256 0.005170501 0.00021488406 0.99998661 1.3074143
89 0.9999975 -0.00062467181 -0.0021463087 -0.0058830107 0.00062157889 0.99999877 -0.001441406 -0.025175661 0.0021472064 0.0014400683 0.99999666 1.2588357
90 0.99998625 -0.00098445929 0.0051517464 -0.0020168031 0.00099529568 0.9999973 -0.0021012988 -0.040926216 -0.0051496639 0.0021063974 0.99998452 1.9125357
91 0.99999646 -0.00033615607 0.0026412287 -0.00033321259 0.00033473201 0.9999998 0.0005395892 -0.039105944 -0.0026414096 -0.00053870319 0.99999637 2.0862286
92 0.99999842 -0.0002237165 0.0017647774 -0.0007803068 0.00022377817 0.99999997 -3.4751083e-05 -0.041784819 -0.0017647696 3.5145947e-05 0.99999844 2.065243
93 0.9999999 -0.00040793218 0.00015842555 -0.0019062932 0.00040801895 0.99999977 -0.00054803578 -0.040098351 -0.00015820195 0.00054810037 0.99999984 2.062931
94 0.99999039 8.4090573e-05 0.0043822141 -7.3485438e-05 -8.4776148e-05 0.99999998 0.00015625918 -0.039002226 -0.0043822009 -0.00015662918 0.99999039 2.0379897
95 0.99999865 -0.001615853 -0.00028327062 -0.00036701204 0.001615471 0.99999779 -0.0013437313 -0.042966913 0.00028544127 0.0013432718 0.99999906 2.0429525
96 0.99999671 -0.0019886038 -0.0016231791 -0.0038674103 0.0019869611 0.99999751 -0.0010130204 -0.04184965 0.0016251896 0.0010097919 0.99999817 2.0093947
97 0.99999185 -0.00036765893 -0.004020193 -0.0025782951 0.00036866211 0.9999999 0.00024879654 -0.042292673 0.0040201011 -0.0002502766 0.99999189 1.6422143
98 0.99991729 0.0013727742 -0.012787688 -0.012181694 -0.0013494916 0.99999742 0.0018291553 -0.01910937 0.012790166 -0.0018117471 0.99991656 1.0988573
99 0.99990015 0.0022600009 -0.01394924 -0.015770351 -0.0022528036 0.99999732 0.000531649 -0.016576429 0.013950404 -0.00050017101 0.99990256 1.0280189
100 0.9999794 0.0011919578 -0.0063074647 -0.0068344221 -0.001185392 0.99999875 0.001044606 -0.019045635 0.006308702 -0.0010371077 0.99997956 1.2314873
101 0.999997 0.0011212295 -0.0021761614 -0.0086102584 -0.0011187734 0.99999874 0.0011295203 -0.021485564 0.0021774251 -0.0011270823 0.99999699 1.1291342
102 0.99999905 0.0013302663 -0.00036378242 -0.011864733 -0.0013298519 0.99999847 0.0011370033 -0.019910941 0.00036529438 -0.0011365185 0.99999929 1.0404844
103 0.99999274 0.0016447607 -0.0034363076 -0.014403096 -0.0016412495 0.99999813 0.0010243639 -0.016227357 0.003437986 -0.0010187166 0.99999357 1.0227306
104 0.99996904 0.0010813566 -0.0077940491 -0.013933267 -0.0010779917 0.99999932 0.000435916 -0.015836598 0.0077945152 -0.00042750059 0.99996953 1.0399244
105 0.99997931 0.00098548277 -0.0063565359 -0.013732213 -0.00098680514 0.99999949 -0.00020490007 -0.014311509 0.0063563307 0.00021116849 0.99997978 1.061258
106 0.99997673 0.00095216925 -0.006755228 -0.016452724 -0.00095475872 0.99999947 -0.00038011304 -0.019496363 0.0067548625 0.0003865538 0.99997711 1.1428878
107 0.99998514 0.0013495848 -0.0052811405 -0.013874365 -0.0013483174 0.99999906 0.00024354016 -0.017338296 0.0052814642 -0.00023641589 0.99998603 1.1700321
108 0.99998464 0.00027944649 -0.0055359245 -0.0090931502 -0.00027547516 0.9999997 0.00071812469 -0.020606237 0.0055361235 -0.00071658865 0.99998442 1.2134522
109 0.99995898 0.0010275148 -0.0089995769 -0.011325832 -0.0010266169 0.99999947 0.00010438783 -0.021022427 0.0089996793 -9.5144429e-05 0.9999595 1.1974343
110 0.99992036 0.00097191697 -0.012583125 -0.0089760179 -0.00097830796 0.9999994 -0.00050175591 -0.020284241 0.01258263 0.00051402612 0.9999207 1.1821557
111 0.99986944 0.0011086086 -0.016120672 0.00081293568 -0.0010701709 0.99999656 0.0023928066 -0.024091105 0.01612327 -0.0023752424 0.99986719 1.199582
112 0.99999808 0.00096423101 -0.0017034517 -0.0041117693 -0.00096982026 0.99999414 -0.0032833588 -0.038571287 0.0017002758 0.0032850046 0.99999316 1.6961085
113 0.99999686 0.0024327208 -0.00060173238 0.00099179109 -0.0024328698 0.99999701 -0.00024693834 -0.043641195 0.00060112985 0.0002484015 0.99999979 2.1224516
114 0.99999743 0.0020848589 -0.00089138167 -0.00043958091 -0.0020849176 0.99999782 -6.4980385e-05 -0.046925137 0.00089124426 6.6838676e-05 0.9999996 2.1556022
115 0.99999194 0.0016301808 -0.0036680085 -0.0058492275 -0.001637608 0.99999661 -0.0020227698 -0.047133278 0.0036646986 0.0020287603 0.99999123 1.7561326
116 0.99998997 0.00049519361 0.0044516351 0.0026461738 -0.00049267475 0.99999972 -0.00056690851 -0.026844938 -0.0044519145 0.00056470961 0.99998993 1.2785434
117 0.99999985 -0.00034399852 0.0004240573 -0.00050490539 0.0003443119 0.99999967 -0.00073915268 -0.023469577 -0.00042380289 0.00073929857 0.99999964 1.193655
118 0.99999484 -0.00060120743 -0.0031570153 -0.0012388197 0.00060506743 0.99999907 0.0012218622 -0.014083826 0.0031562777 -0.0012237661 0.99999427 1.2107817
119 0.99999449 -0.00013272951 -0.003316641 -0.0035599764 0.0001345012 0.99999985 0.00053396379 -0.01740284 0.0033165696 -0.00053440694 0.99999436 1.2317052
120 0.99998896 -0.0016428912 -0.0044015792 0.0012393801 0.0016521058 0.99999645 0.0020906539 -0.017616538 0.0043981288 -0.0020979027 0.99998813 1.2577834
121 0.99998513 -0.0012996021 -0.005296944 -0.0028676175 0.0012997286 0.99999916 2.0452003e-05 -0.020559139 0.005296913 -2.7336288e-05 0.99998597 1.2717696
122 0.99997516 -0.00033795786 -0.0070405549 -0.0090618701 0.000328093 0.99999896 -0.0014022556 -0.027750924 0.0070410215 0.0013999108 0.99997423 1.2090456
123 0.99998099 0.0017325547 -0.0059175431 -0.013574176 -0.0017312006 0.99999847 0.00023393535 -0.022410774 0.0059179394 -0.00022368645 0.99998246 1.1315076
124 0.9999435 0.0015399299 -0.010518337 -0.016167364 -0.0015298419 0.99999836 0.0009670598 -0.015953977 0.010519809 -0.00095091377 0.99994421 1.0585421
125 0.9999708 0.00048805425 -0.0076264452 -0.011870354 -0.00047402671 0.99999819 0.001841028 -0.022073457 0.00762733 -0.0018373591 0.99996922 1.123088
126 0.99995488 -0.00024990501 -0.009496285 -0.0095429619 0.00027290956 0.99999703 0.0024212596 -0.019702249 0.0094956517 -0.0024237419 0.99995198 1.1703568
127 0.99993956 0.00016947065 -0.010992962 -0.011355687 -0.00015490495 0.99999911 0.0013258404 -0.018988032 0.010993177 -0.0013240574 0.9999387 1.1936075
128 0.99996744 0.00015719606 -0.0080679276 -0.0077813934 -0.00015351389 0.99999988 0.00045701297 -0.0211949 0.0080679985 -0.00045575955 0.99996735 1.2296266
129 0.99993798 0.00028099981 -0.011133328 -0.0049576687 -0.00028332552 0.99999994 -0.00020731923 -0.017312274 0.011133269 0.00021046073 0.999938 1.2198311
130 0.99995929 0.00042774741 -0.009013565 -0.0052255233 -0.00042740997 0.99999991 3.9362482e-05 -0.024654255 0.009013581 -3.5508392e-05 0.99995938 1.1107136
131 0.99997474 -0.00047542568 -0.0070912571 0.0015325543 0.00047529374 0.99999989 -2.0290886e-05 -0.02053831 0.007091266 1.6919944e-05 0.99997486 1.2126066
132 0.99999517 -0.0020091826 0.0023707754 0.00603646 0.0020050326 0.99999646 0.001751556 -0.027135952 -0.0023742862 -0.0017467941 0.99999566 1.4712905
133 0.99997528 -0.0010151725 -0.0069576261 -0.0058837271 0.0010308021 0.99999695 0.0022431739 -0.027099513 0.0069553277 -0.0022502904 0.99997328 1.4780556
134 0.99997769 -0.00030814657 -0.0066725149 -0.0043870289 0.00031324937 0.99999966 0.00076371777 -0.02816283 0.0066722773 -0.0007657909 0.99997745 1.4551164
135 0.9999689 0.00085861123 -0.0078403525 -0.0024412966 -0.00085873812 0.99999963 -1.2816821e-05 -0.023209278 0.0078403386 1.9549232e-05 0.99996926 1.320842
136 0.99998439 0.00097955051 -0.0055015239 -0.0051418392 -0.00098062254 0.9999995 -0.00019216579 -0.021616914 0.0055013329 0.00019755771 0.99998485 1.2726605
137 0.99999603 0.00098247267 -0.0026419871 -0.006032284 -0.00098574162 0.99999875 -0.001236291 -0.017834829 0.0026407692 0.0012388904 0.99999575 1.2504441
138 0.99999662 0.00075729822 -0.0024856162 -0.00451643 -0.00075869967 0.99999955 -0.00056292946 -0.016030916 0.0024851888 0.0005648134 0.99999675 1.2368047
139 0.99999617 0.00030948249 -0.0027506284 -0.0014513238 -0.00030841974 0.99999988 0.00038678075 -0.013639791 0.0027507478 -0.00038593092 0.99999614 1.2274178
140 0.99999908 0.00042664795 -0.0012874557 0.0017073973 -0.00042513509 0.99999922 0.0011751237 -0.01763002 0.0012879561 -0.0011745752 0.99999848 1.2079036
141 0.99999978 -0.00044421993 -0.0004871494 0.010716926 0.0004458142 0.99999453 0.0032774273 -0.018113895 0.00048569084 -0.0032776438 0.99999451 1.2231758
142 1 -7.1602246e-05 -7.2085411e-06 0.0077591146 7.1619214e-05 0.99999716 0.0023820596 -0.02429539 7.0379598e-06 -0.0023820601 0.99999716 1.228855
143 0.99999973 -0.00067450619 0.00028182681 0.0054594729 0.00067396543 0.99999794 0.0019144753 -0.03018155 -0.00028311756 -0.0019142848 0.99999813 1.2288781
144 0.99999508 -0.00035264533 -0.0031171553 0.0051853355 0.00036036708 0.99999687 0.0024769634 -0.023387781 0.0031162721 -0.0024780745 0.99999207 1.2544729
145 0.99999836 -0.00022300176 -0.0017980319 0.0023427543 0.00022683457 0.9999977 0.0021317476 -0.030558381 0.0017975523 -0.002132152 0.99999611 1.239452
146 0.99999947 9.5528373e-05 -0.00102058 0.0039034904 -9.4390956e-05 0.99999937 0.0011144713 -0.028194156 0.0010206858 -0.0011143744 0.99999886 1.2400068
147 1 -1.3016425e-06 -4.9103477e-05 0.0011505401 1.3535638e-06 0.99999944 0.0010574007 -0.032042441 4.9102074e-05 -0.0010574007 0.99999944 1.2395512
148 0.99999979 -0.00033822162 0.00055061013 -0.0015288551 0.00033766147 0.99999943 0.0010170976 -0.032367401 -0.00055095382 -0.0010169114 0.99999933 1.2569841
149 0.99999954 -0.00057839838 0.0007657645 -0.0020624449 0.00057796364 0.99999967 0.00056782147 -0.029782628 -0.00076609268 -0.00056737863 0.99999955 1.2950161
150 0.99999934 0.0001830668 0.0011322741 -0.0028992027 -0.00018356741 0.99999989 0.00044204023 -0.028793317 -0.001132193 -0.00044224779 0.99999926 1.2946428
151 0.99999993 0.00037515391 -4.6110924e-05 -0.0022231145 -0.00037516946 0.99999987 -0.00033763354 -0.028143473 4.5984254e-05 0.00033765082 0.99999994 1.2481391
152 0.9999984 0.001590603 -0.00081909415 -0.0085664175 -0.0015910255 0.9999986 -0.00051539071 -0.027053158 0.00081827322 0.00051669308 0.99999953 1.1776536
153 0.99999622 -9.4737241e-05 -0.0027490833 -0.0068387633 9.2232967e-05 0.99999958 -0.0009110613 -0.02661815 0.0027491684 0.0009108043 0.99999581 1.2131912
154 0.99999402 -0.0010372027 -0.0033004753 -0.0093910207 0.0010348985 0.99999922 -0.00069978186 -0.025647103 0.0033011985 0.00069636202 0.99999431 1.2594346
155 0.99999869 0.00024511569 -0.0015988594 -0.005829642 -0.0002468857 0.99999936 -0.0011069415 -0.024335776 0.0015985871 0.0011073348 0.99999811 1.2499795
156 0.99999855 0.00049607492 0.0016309699 -0.0015793546 -0.00049373759 0.99999885 -0.0014331843 -0.02644798 -0.001631679 0.001432377 0.99999764 1.203203
157 0.99999542 0.0013829223 0.0026937126 -0.0046777062 -0.0013815256 0.99999891 -0.00052029508 -0.020856948 -0.0026944292 0.00051657127 0.99999624 1.1492913
158 0.99998722 0.0023057923 0.0044999785 -0.0024535745 -0.0023038841 0.99999725 -0.00042918585 -0.012980123 -0.0045009557 0.00041881294 0.99998978 1.1312611
159 0.99997146 0.0026467085 0.0070760269 -0.0020485232 -0.0026448083 0.99999646 -0.00027788539 -0.012479719 -0.0070767374 0.00025916273 0.99997493 1.1425862
160 0.99994886 0.0031288176 0.0096169647 -0.00031961959 -0.0031220001 0.99999486 -0.00072384278 -0.0096057059 -0.0096191801 0.00069378159 0.99995349 1.1613185
161 0.99993947 0.0037132164 0.010356856 0.00041322521 -0.0037062148 0.99999289 -0.0006951525 -0.010871477 -0.010359363 0.00065672569 0.99994612 1.1472016
162 0.99995385 0.0029422592 0.0091450904 0.001386374 -0.0029364334 0.99999548 -0.00065040212 -0.012222941 -0.0091469627 0.00062351816 0.99995797 1.1350385
163 0.99994418 0.0032386203 0.010057149 0.0020752597 -0.0032324364 0.99999458 -0.00063107196 -0.0085337688 -0.010059138 0.00059852764 0.99994923 1.1232029
164 0.9999436 0.0025953382 0.010298789 0.0027809515 -0.0025907878 0.99999654 -0.00045515559 -0.010848448 -0.010299935 0.00042844794 0.99994686 1.1045824
165 0.99990059 0.0033996727 0.01368429 0.0042625404 -0.003383555 0.99999355 -0.0012008048 -0.012517698 -0.013688285 0.0011543839 0.99990564 1.1369535
166 0.99981849 0.0035205826 0.018724025 0.0082654739 -0.0034981816 0.99999313 -0.001228997 -0.016023754 -0.018728223 0.0011632739 0.99982393 1.1497194
167 0.99975354 0.0023157295 0.022079149 0.014226917 -0.0022944671 0.99999688 -0.00098829235 -0.019452924 -0.022081368 0.0009373889 0.99975574 1.1551208
168 0.99977568 0.0028167647 0.020991875 0.013269966 -0.0028022092 0.99999581 -0.00072277172 -0.016346299 -0.020993823 0.00066378596 0.99977939 1.1268997
169 0.99981313 0.0017086007 0.019255575 0.015147016 -0.0016971133 0.99999837 -0.00061290098 -0.010494848 -0.019256591 0.00058010756 0.99981441 1.0686943
170 0.99988436 0.0010762567 0.015169087 0.01216798 -0.0010700055 0.99999934 -0.00042021413 -0.012184782 -0.015169529 0.00040393453 0.99988485 1.040017
171 0.99991923 0.0002420672 0.012706931 0.011237499 -0.00023474498 0.99999981 -0.00057772651 -0.013528927 -0.012707068 0.00057469696 0.9999191 1.0173334
172 0.99989651 0.00060000435 0.014373726 0.01212222 -0.00059618579 0.99999979 -0.00026994579 -0.020598287 -0.014373885 0.00026134844 0.99989666 0.99913464
173 0.99989875 0.0011037534 0.014187054 0.010170772 -0.0011011603 0.99999938 -0.00019058843 -0.018720733 -0.014187255 0.00017494691 0.99989934 1.0271637
174 0.99990952 0.00068543353 0.013434353 0.0087681589 -0.00068388023 0.99999976 -0.00012021528 -0.018307494 -0.013434433 0.00011101691 0.99990975 1.0284755
175 0.99993035 0.0024984091 0.011534981 0.0036533037 -0.0025035949 0.99999677 0.00043515836 -0.014071518 -0.011533857 -0.00046400697 0.99993338 1.0531181
176 0.99995242 0.0018567395 0.0095766351 0.0044348419 -0.0018580917 0.99999826 0.00013230234 -0.0099761536 -0.0095763728 -0.00015009031 0.99995413 1.0665031
177 0.99994498 0.0014314185 0.010391572 0.0055528549 -0.0014305878 0.99999897 -8.7367385e-05 -0.014581593 -0.010391686 7.2496522e-05 0.999946 1.0754389
178 0.99992777 0.002381597 0.011780998 0.0093727987 -0.0023716197 0.99999682 -0.00086079815 -0.011617159 -0.011783011 0.00083279593 0.99993023 0.98660685
179 0.99991252 0.0014222505 0.01315034 0.013032241 -0.001420997 0.99999898 -0.00010466362 -0.014654241 -0.013150475 8.5967873e-05 0.99991353 0.95317069
180 0.9998947 0.00092328477 0.014482258 0.018031942 -0.00092709591 0.99999954 0.0002564484 -0.013989196 -0.014482014 -0.00026984784 0.99989509 0.94113985
181 0.99986775 0.00052810226 0.01625404 0.022133695 -0.00052474403 0.99999984 -0.00021087296 -0.010926446 -0.016254149 0.00020231586 0.99986787 0.911302
182 0.99987881 0.00071841964 0.015551466 0.022656629 -0.00071891314 0.99999974 2.6142827e-05 -0.0099735743 -0.015551444 -3.7319812e-05 0.99987907 0.93595342
183 0.99986712 0.0011827271 0.016258891 0.01954748 -0.0011794154 0.99999928 -0.00021327567 -0.010538168 -0.016259132 0.00019407134 0.99986779 0.91425139
184 0.99990317 0.0018857329 0.013787426 0.012370341 -0.0018880866 0.99999821 0.00015770447 -0.01255686 -0.013787104 -0.00018372105 0.99990494 0.90181739
185 0.99995635 0.0021269649 0.0090981303 0.0076376913 -0.0021289891 0.99999771 0.00021280005 -0.0082145227 -0.0090976568 -0.00023216058 0.99995859 0.91949441
186 0.99998028 0.0027455701 0.0056479687 0.0068650909 -0.0027539462 0.99999512 0.0014757961 -0.0060510671 -0.0056438893 -0.0014913212 0.99998296 0.91595654
187 0.99999887 0.0014680092 0.00030915064 -0.0012099616 -0.0014683719 0.99999823 0.0011762142 -0.0097219661 -0.00030742339 -0.0011766669 0.99999926 0.83173909
188 0.99999967 0.00075412267 -0.00029473528 -0.0034795592 -0.00075395255 0.99999955 0.00057688603 -0.01530198 0.00029517019 -0.00057666363 0.99999979 0.75666216
189 0.99999843 0.00038525531 0.0017273215 -0.00060029864 -0.00038632901 0.99999973 0.00062130955 -0.018411587 -0.0017270817 -0.00062197589 0.99999832 0.72294733
190 0.99990942 0.00048873913 0.01345064 0.01027899 -0.00048663834 0.99999987 -0.00015945795 -0.020606475 -0.013450716 0.00015289791 0.99990952 0.74290582
191 0.99982646 0.00085611108 0.018609358 0.012399314 -0.00086200426 0.99999958 0.00030865932 -0.02245874 -0.018609086 -0.00032464711 0.99982678 0.75444277
192 0.99973469 0.0023383947 0.022914525 0.016635734 -0.0023571561 0.99999691 0.00079178071 -0.024067021 -0.022912603 -0.00084558376 0.99973711 0.77661364
193 0.99963311 0.0024259232 0.026977175 0.020565693 -0.0024220811 0.99999705 -0.00017509513 -0.021676802 -0.02697752 0.00010968998 0.99963603 0.82476461
194 0.99959392 0.0030028684 0.028337013 0.01909869 -0.0030021287 0.99999549 -6.8649495e-05 -0.019401209 -0.028337092 -1.6449743e-05 0.99959842 0.85996046
195 0.99956166 0.0031925527 0.029432962 0.021174567 -0.0031756871 0.99999477 -0.00061974453 -0.023603789 -0.029434786 0.00052600299 0.99956656 0.88100786
196 0.99945897 0.0022506737 0.032813225 0.024965054 -0.0022256195 0.9999972 -0.00080004477 -0.027925451 -0.032814934 0.00072658216 0.99946118 0.93919636
197 0.99948181 0.0034119059 0.032007496 0.022446339 -0.0033910555 0.999994 -0.0007056819 -0.028694255 -0.032009712 0.00059677702 0.99948738 0.94069935
198 0.99951734 0.0033364432 0.030886196 0.022674605 -0.0033651024 0.99999395 0.00087596347 -0.024452609 -0.030883086 -0.00097947589 0.99952252 0.8763282
199 0.9996148 0.0017437833 0.027698679 0.023103944 -0.0017657937 0.99999814 0.0007701999 -0.02229064 -0.027697285 -0.00081881337 0.99961602 0.83716873
200 0.99977653 0.00089061913 0.021121235 0.019977736 -0.00090322455 0.99999942 0.00058728046 -0.021090176 -0.0211207 -0.00060622644 0.99977675 0.79423964
201 0.99989912 -4.2120393e-05 0.014203838 0.016248567 4.3183879e-05 1 -7.4566407e-05 -0.022966839 -0.014203835 7.5172262e-05 0.99989912 0.78217127
202 0.9999226 0.00012792358 0.012441128 0.013719434 -0.00012822919 0.99999999 2.3766744e-05 -0.021873553 -0.012441125 -2.536022e-05 0.99992261 0.76770231
203 0.99987737 0.00031895558 0.015656785 0.014685392 -0.00032838492 0.99999977 0.00059968568 -0.019998962 -0.01565659 -0.0006047536 0.99987725 0.73900214
204 0.99985623 0.00090064351 0.016932273 0.014955148 -0.00090757099 0.99999951 0.00040144878 -0.018750136 -0.016931903 -0.00041675831 0.99985656 0.78111969
205 0.99976733 0.0016660537 0.021506176 0.017641053 -0.0016821602 0.99999832 0.00073085328 -0.011605308 -0.021504922 -0.00076686007 0.99976845 0.8359321
206 0.99969312 0.0012983751 0.024738406 0.016695786 -0.0013050911 0.99999912 0.00025533813 -0.0055870156 -0.024738052 -0.00028754564 0.99969393 0.88205761
207 0.999765 0.001778232 0.021605122 0.013074435 -0.0017612971 0.99999813 -0.00080284182 -0.0037776569 -0.021606509 0.00076460012 0.99976626 0.92844799
208 0.99983187 0.00027100359 0.018334442 0.014913073 -0.0002652109 0.99999991 -0.00031837675 0.0011636494 -0.018334526 0.00031346073 0.99983186 0.89306895
209 0.9998709 -0.00041228665 0.016062682 0.013956652 0.00040431606 0.99999979 0.00049946192 0.00010636704 -0.016062884 -0.00049290304 0.99987086 0.87133267
210 0.99997078 -0.0010898912 0.0075659311 0.0070211887 0.001083937 0.9999991 0.00079102915 -0.0056158507 -0.0075667864 -0.00078280504 0.99997107 0.88201825
211 0.99973814 -0.0060370696 0.022072786 0.010508404 0.0061330221 0.99997202 -0.0042819902 -0.031758243 -0.022046318 0.0044162418 0.9997472 1.3040556
212 0.99992571 -0.0055990638 0.010826861 0.0048924128 0.0056712336 0.99996183 -0.0066466354 -0.063393853 -0.010789233 0.0067075433 0.9999193 2.0520752
213 0.9999785 -0.0024410556 0.0060856792 -0.0040519844 0.0024666394 0.99998814 -0.0041999892 -0.069448731 -0.0060753546 0.0042149101 0.99997266 1.8953005
214 0.99999741 0.0020167795 0.0010505215 -0.0062229755 -0.0020189803 0.99999576 0.0020981773 -0.037022514 -0.0010462855 -0.0021002928 0.99999725 0.91852085
215 0.99996629 0.0012616503 0.0081129582 0.0049249985 -0.0012692401 0.99999876 0.00093043669 -0.023161407 -0.0081117743 -0.00094070262 0.99996666 0.80287923
216 0.99997277 0.0010149083 0.007309492 0.0082449907 -0.0010173937 0.99999943 0.00033631207 -0.016210542 -0.0073091465 -0.00034373954 0.99997323 0.83237107
217 0.99997972 0.00048620871 0.0063506625 0.0073406919 -0.00048405478 0.99999982 -0.00034069906 -0.0094860764 -0.0063508271 0.00033761808 0.99997978 0.83657705
218 0.99997713 0.00026256839 0.0067586337 0.0076088928 -0.00025919332 0.99999984 -0.00050024247 -0.012339423 -0.006758764 0.00049847924 0.99997704 0.85697859
219 0.99999151 0.00051855524 0.0040880913 0.0041703803 -0.00051650766 0.99999974 -0.00050190376 -0.010541342 -0.0040883505 0.00049978797 0.99999152 0.87580055
220 0.9999776 0.00061620963 0.0066653357 0.0066680127 -0.00061575418 0.99999981 -7.0382834e-05 -0.012039097 -0.0066653778 6.6277048e-05 0.99997778 0.88411488
221 0.99994393 0.0023657451 0.010322274 0.0067407816 -0.0023686151 0.99999716 0.00026582535 -0.016617044 -0.010321616 -0.00029025993 0.99994669 0.86859893
222 0.99992749 0.0028011151 0.011712001 0.0078242114 -0.00280358 0.99999605 0.00019404107 -0.011419984 -0.011711412 -0.00022686254 0.99993139 0.84085099
223 0.99988151 0.0023354696 0.015215415 0.011819297 -0.002332804 0.99999726 -0.0001929312 -0.01190722 -0.015215824 0.00015741376 0.99988422 0.82308566
224 0.99988222 0.0022682186 0.015179049 0.011709938 -0.0022648346 0.99999741 -0.00024012846 -0.0090925514 -0.015179554 0.00020572214 0.99988476 0.81198358
225 0.99983066 0.0016180422 0.018331273 0.015175748 -0.0016150681 0.99999868 -0.00017704241 -0.012323564 -0.018331535 0.00014740617 0.99983195 0.81269953
226 0.99972901 0.0026265726 0.023130274 0.01810456 -0.0026350261 0.99999647 0.00033500123 -0.017659075 -0.023129313 -0.00039585932 0.9997324 0.81317097
227 0.99978445 0.0016910341 0.020692853 0.020556592 -0.0016962853 0.99999853 0.0002362181 -0.01560988 -0.020692423 -0.00027126816 0.99978585 0.845199
228 0.99975607 0.0046408267 0.021593328 0.019178359 -0.004681866 0.99998733 0.0018503908 -0.011895023 -0.021584467 -0.0019510365 0.99976512 0.96288021
229 0.99976598 0.0017377721 0.021563241 0.021610574 -0.0017129754 0.99999785 -0.0011683703 -0.017497227 -0.021565225 0.0011311596 0.9997668 1.0413484
230 0.99983219 0.0023542436 0.018167144 0.011820945 -0.0023482164 0.99999718 -0.00035309008 -0.013600756 -0.018167924 0.00031037044 0.9998349 1.1643188
231 0.99979125 0.0018573517 0.020347396 0.01254454 -0.0018385427 0.99999787 -0.00094306238 -0.013737901 -0.020349104 0.00090545596 0.99979253 1.1831976
232 0.99972377 0.0016455257 0.02344518 0.014628228 -0.0016296731 0.99999843 -0.00069524454 -0.015603051 -0.023446287 0.00065684451 0.99972488 1.1290412
233 0.99979735 0.0014940194 0.020075467 0.011462645 -0.0014663892 0.99999796 -0.0013909672 -0.01134677 -0.020077504 0.0013612468 0.9997975 1.1861568
234 0.99976734 0.0011793613 0.021537537 0.018467922 -0.0011580525 0.99999883 -0.0010018249 -0.014621567 -0.021538693 0.00097665021 0.99976754 1.1910204
235 0.9998418 0.0011456477 0.017749935 0.016321798 -0.0011391713 0.99999928 -0.00037497491 -0.01053244 -0.017750351 0.00035469538 0.99984239 1.2211386
236 0.99985872 0.00066475143 0.016795692 0.015115087 -0.00064349923 0.99999899 -0.0012707091 -0.014609744 -0.01679652 0.0012597215 0.99985813 1.1970164
237 0.99983795 0.0032407587 0.01770771 0.013086087 -0.003235277 0.99999471 -0.00033820473 -0.013776321 -0.017708712 0.00028086058 0.99984315 1.1937156
238 0.99984355 0.0025904471 0.017497425 0.011368182 -0.0025769087 0.99999636 -0.00079623972 -0.011183247 -0.017499424 0.00075102589 0.99984659 1.1894829
239 0.9997984 0.0033930624 0.019789855 0.011002266 -0.0033824124 0.99999412 -0.0005716002 -0.0098096542 -0.019791678 0.00050454752 0.999804 1.1851094
240 0.99978878 0.0035956172 0.020235499 0.01040659 -0.0035802687 0.99999328 -0.00079466952 -0.0095854701 -0.02023822 0.00072205314 0.99979493 1.2052475
241 0.99973867 0.0027226797 0.022697516 0.01496714 -0.0026923769 0.99999544 -0.0013655207 -0.014739449 -0.02270113 0.0013040536 0.99974145 1.1871599
242 0.99974391 0.0034796334 0.022360768 0.012737118 -0.0034546058 0.99999336 -0.0011577954 -0.010236803 -0.022364648 0.0010802513 0.9997493 1.2018208
243 0.9997537 0.0024153083 0.022061202 0.014571361 -0.0023939133 0.99999664 -0.00099616374 -0.0086164538 -0.022063534 0.00094310579 0.99975613 1.2146867
244 0.99971956 0.0021250204 0.0235856 0.016912433 -0.0020922596 0.99999681 -0.0014136063 -0.011574895 -0.023588529 0.0013638627 0.99972082 1.1941175
245 0.99973209 0.0027663191 0.022980194 0.013521627 -0.002725695 0.99999467 -0.0017989257 -0.012606755 -0.022985047 0.0017358068 0.9997343 1.2063479
246 0.99964558 0.0027179619 0.026482538 0.017601039 -0.0026878723 0.9999957 -0.0011717333 -0.015960377 -0.026485609 0.0011001364 0.99964859 1.1513166
247 0.99971909 0.0032633173 0.02347535 0.014136379 -0.0032500523 0.99999454 -0.00060319251 -0.0096659316 -0.02347719 0.00052672695 0.99972423 1.1792913
248 0.99974172 0.0026369031 0.022573201 0.012746446 -0.0026162172 0.99999613 -0.0009458746 -0.011953609 -0.022575607 0.0008865739 0.99974475 1.1937332
249 0.9997932 0.0024492314 0.020188021 0.010397635 -0.0024361763 0.99999681 -0.0006712442 -0.013554616 -0.0201896 0.00062192381 0.99979598 1.2236515
250 0.99990073 0.0015452189 0.014005389 0.008673001 -0.0015433561 0.9999988 -0.00014381718 -0.0096266686 -0.014005594 0.0001221876 0.99990191 1.2582041
251 0.9999474 0.00062461034 0.010237709 0.0064987591 -0.00062721866 0.99999977 0.00025156718 -0.0095608712 -0.010237549 -0.00025797523 0.99994756 1.2640832
252 0.99996465 -0.0022807134 0.0080928709 0.012016967 0.0022870124 0.99999709 -0.00076916385 -0.02468103 -0.0080910931 0.00078764516 0.99996696 1.3246245
253 0.99995429 -3.4481316e-05 0.0095612587 0.011416484 3.7746997e-05 0.99999994 -0.00034137313 -0.024366652 -0.0095612464 0.00034171844 0.99995423 1.3351333
254 0.99986439 0.0036692626 0.016054194 0.014005621 -0.0036567569 0.99999299 -0.00080824973 -0.018329369 -0.016057047 0.00074943384 0.9998708 1.2905928
255 0.99982019 0.0014429207 0.018907645 0.018236361 -0.0014403684 0.99999895 -0.00014860677 -0.021719621 -0.018907839 0.00012134607 0.99982122 1.2934322
256 0.99982376 0.004718463 0.018171058 0.011386662 -0.0047042314 0.99998859 -0.00082586421 -0.0087719502 -0.018174747 0.0007402378 0.99983455 1.270494
257 0.99981096 0.0026378597 0.019263716 0.014298786 -0.0026324928 0.99999649 -0.00030395264 -0.012635987 -0.01926445 0.00025318358 0.99981439 1.2971123
258 0.99983504 0.001754523 0.018078102 0.015345702 -0.0017498403 0.99999843 -0.00027484198 -0.018032043 -0.018078556 0.00024316285 0.99983654 1.3804341
259 0.99983482 0.00047930009 0.018168755 0.017151579 -0.00045420711 0.99999894 -0.0013852073 -0.023649035 -0.0181694 0.0013767262 0.99983397 1.368595
260 0.99980861 0.00088642826 0.019543524 0.017392193 -0.00089077388 0.99999958 0.00021365178 -0.027048626 -0.019543326 -0.00023101975 0.99980898 1.5119946
261 0.99982669 0.00069486113 0.018603771 0.017442593 -0.00068716279 0.99999968 -0.00042019466 -0.021256766 -0.018604057 0.00040733802 0.99982685 1.4242121
262 0.99979306 0.0029763535 0.020123895 0.019695504 -0.0029537512 0.99999497 -0.0011527861 -0.016844348 -0.020127225 0.0010931065 0.99979683 1.2915185
