4 0.99998532 -0.0032028861 -0.0043746258 -0.031135642 0.0032146198 0.99999119 0.0026776729 -0.10146703 0.0043660117 -0.0026916956 0.99998688 6.1426512
5 0.99995251 -0.0011511372 -0.0096794561 -0.045688309 0.0011783884 0.9999953 0.0028100482 -0.10373968 0.009676177 -0.0028213201 0.99994924 6.9919586
6 0.99986894 0.001577865 -0.016113361 -0.068323613 -0.0015246251 0.99999328 0.0033157702 -0.10702921 0.016118486 -0.0032907681 0.99986471 7.8376632
7 0.99971872 0.0040746961 -0.023364863 -0.096297891 -0.0039818867 0.99998394 0.0040172753 -0.11273071 0.023380859 -0.0039231084 0.99971897 8.6826098
8 0.99945073 0.0079410857 -0.032174694 -0.1324007 -0.007809636 0.99996059 0.0042090676 -0.11979837 0.032206853 -0.0039554824 0.99947344 9.5224391
9 0.99916096 0.012841759 -0.038890763 -0.17579973 -0.012704311 0.9999121 0.0037792423 -0.12866998 0.03893588 -0.0032819903 0.99923636 10.3636
10 0.9989013 0.015820579 -0.044112789 -0.2218352 -0.015655786 0.99986906 0.0040786675 -0.13713767 0.044171544 -0.0033835652 0.99901827 11.223469
11 0.99865366 0.018092737 -0.048616333 -0.26801924 -0.017868182 0.99982754 0.0050495344 -0.14792499 0.048699313 -0.0041740499 0.9988048 12.101274
12 0.99839364 0.02122626 -0.052532033 -0.31874421 -0.02098159 0.99976626 0.0052046581 -0.15993831 0.052630234 -0.0040940913 0.99860571 12.976459
13 0.99815868 0.024165979 -0.055635245 -0.37418536 -0.023901884 0.99969963 0.0054074815 -0.16871198 0.055749216 -0.0040677368 0.99843656 13.857885
14 0.99804515 0.028650149 -0.055543501 -0.43755254 -0.028419297 0.99958382 0.0049417559 -0.17857916 0.055661971 -0.0033535876 0.99844408 14.729749
15 0.99813871 0.031804792 -0.052034635 -0.49658895 -0.031601855 0.99948934 0.0047183131 -0.1828672 0.052158133 -0.0030651393 0.99863417 15.606361
16 0.99820526 0.034346192 -0.049057387 -0.54872803 -0.034129011 0.99940354 0.0052580711 -0.18947069 0.049208726 -0.0035743534 0.99878216 16.486297
17 0.99819537 0.035797178 -0.048214065 -0.59968668 -0.035569506 0.99935161 0.005572042 -0.19644075 0.048382271 -0.0038470354 0.99882152 17.375515
18 0.99808138 0.037709773 -0.049107673 -0.64780111 -0.037468444 0.99928077 0.0058258421 -0.20182614 0.049292049 -0.0039746758 0.99877654 18.278275
19 0.99786326 0.041948529 -0.050092523 -0.69776146 -0.041719024 0.99911352 0.0056188089 -0.21124412 0.050283822 -0.0035169911 0.99872881 19.166603
20 0.99752587 0.045722112 -0.053400865 -0.74701243 -0.045440648 0.99894601 0.0064736452 -0.22227759 0.053640574 -0.0040310581 0.99855221 20.053324
21 0.99725487 0.048729852 -0.055750839 -0.80253421 -0.048411664 0.99880257 0.0070444262 -0.23117601 0.05602736 -0.0043260969 0.9984199 20.957403
22 0.99698063 0.051174947 -0.058401894 -0.85979903 -0.05082952 0.99867997 0.0073858427 -0.23752204 0.058702777 -0.0043950013 0.99826587 21.879867
23 0.99677226 0.052527351 -0.060712165 -0.9173589 -0.052106005 0.9986053 0.0085035624 -0.24531051 0.061074164 -0.0053126462 0.99811913 22.815835
24 0.99655035 0.054697881 -0.062414587 -0.97716194 -0.054268007 0.99848963 0.008563141 -0.2512128 0.062788709 -0.0051464853 0.99801361 23.758524
25 0.99639355 0.05571761 -0.063995848 -1.036847 -0.055251435 0.99843156 0.0090325627 -0.25601638 0.064398753 -0.0054641243 0.99790932 24.700426
26 0.99626559 0.056052385 -0.065673748 -1.0976013 -0.055504696 0.99840692 0.010135998 -0.26299624 0.066137276 -0.0064529442 0.99778971 25.641347
27 0.99610388 0.057547743 -0.066823251 -1.166498 -0.056933298 0.99831661 0.011064833 -0.26790084 0.067347524 -0.0072172546 0.99770351 26.607456
28 0.99600401 0.058912242 -0.067122208 -1.2362249 -0.058253817 0.99823287 0.01172638 -0.27532739 0.067694427 -0.0077693961 0.99767589 27.580396
29 0.99580268 0.061665276 -0.067634625 -1.3074559 -0.061018852 0.99806933 0.011584059 -0.28137867 0.068218385 -0.007408449 0.99764294 28.548027
30 0.99560821 0.064638117 -0.067721775 -1.3800443 -0.064001687 0.99788315 0.011527784 -0.28728724 0.068323559 -0.0071428485 0.99763768 29.512551
31 0.99540379 0.066546624 -0.068868474 -1.4527371 -0.065881859 0.99775663 0.011881809 -0.29152336 0.069504677 -0.0072900138 0.99755503 30.469649
32 0.99515242 0.068388124 -0.070673514 -1.5265765 -0.067688177 0.9976312 0.012254552 -0.28995658 0.071344175 -0.0074113855 0.99742426 31.422477
33 0.99493739 0.069728739 -0.072370702 -1.599034 -0.068968003 0.99753462 0.012960835 -0.2888553 0.07309603 -0.0079039567 0.99729363 32.388869
34 0.99474755 0.071577327 -0.073171219 -1.6704082 -0.070782797 0.99740171 0.013397806 -0.28727849 0.073940085 -0.0081481713 0.99722944 33.365848
35 0.99453183 0.073235219 -0.074451837 -1.7455744 -0.072380442 0.9972771 0.014118561 -0.28954412 0.075283095 -0.0086525012 0.9971247 34.338553
36 0.99413101 0.075032085 -0.077934301 -1.8259668 -0.07417605 0.99714926 0.013825447 -0.2923738 0.07874949 -0.0079634462 0.99686267 35.311722
37 0.99381135 0.074974983 -0.081962132 -1.907954 -0.074012372 0.99714855 0.014724605 -0.29281981 0.082832405 -0.0085672673 0.9965267 36.296547
38 0.99330373 0.077958189 -0.085265716 -1.997673 -0.077030399 0.99692866 0.014122549 -0.29346694 0.086104812 -0.0074599282 0.99625819 37.275322
39 0.99288625 0.079965127 -0.088218482 -2.0942539 -0.079090042 0.99677767 0.013376293 -0.29553946 0.089003857 -0.0063039331 0.99601137 38.272565
40 0.99268577 0.081128116 -0.089404792 -2.186927 -0.080250311 0.99668494 0.013375443 -0.29279348 0.090193542 -0.0061028487 0.9959056 39.280823
41 0.99252816 0.082451547 -0.089942331 -2.2802145 -0.081522217 0.99657364 0.013963845 -0.28991914 0.090785505 -0.0065272104 0.99584912 40.306853
42 0.99233692 0.084981719 -0.089697088 -2.3777616 -0.084032022 0.99636012 0.014318378 -0.29103089 0.09058741 -0.0066712275 0.9958662 41.338121
43 0.99212783 0.088129987 -0.088969171 -2.4757774 -0.08714866 0.99608439 0.014862371 -0.28950826 0.08993063 -0.0069918279 0.99592353 42.371894
44 0.9918404 0.090859278 -0.089427323 -2.5745088 -0.089809743 0.99583514 0.01569911 -0.2889109 0.090481288 -0.0075395666 0.99586965 43.401684
45 0.991706 0.0934051 -0.088287763 -2.6695355 -0.092326872 0.99559646 0.016227312 -0.29085113 0.089414706 -0.0079413896 0.99596286 44.437478
46 0.99177576 0.09555817 -0.085144092 -2.7617803 -0.094472523 0.99538734 0.01669915 -0.29165407 0.086347099 -0.0085180344 0.99622874 45.473773
47 0.99183043 0.096773843 -0.083109914 -2.8510165 -0.095680607 0.99526605 0.017047088 -0.29678624 0.084366195 -0.0089558135 0.99639461 46.498328
48 0.99174547 0.099252223 -0.081178502 -2.9422624 -0.098200012 0.99502376 0.01686286 -0.29877247 0.082448222 -0.0087519351 0.99655696 47.518907
49 0.99161323 0.10194594 -0.079437075 -3.0307219 -0.10097583 0.9947578 0.016145448 -0.30014854 0.08066662 -0.0079888145 0.99670916 48.541784
50 0.99149934 0.10416838 -0.077961763 -3.1158856 -0.10318526 0.99452448 0.016545029 -0.30060044 0.079258358 -0.0083598801 0.99681909 49.561514
51 0.99132658 0.10649651 -0.077007394 -3.2013241 -0.10545288 0.99427015 0.017505575 -0.30562443 0.078430442 -0.0092330898 0.99687687 50.579677
52 0.99111425 0.10870099 -0.076659488 -3.2832741 -0.10768022 0.99403433 0.017337817 -0.30852523 0.078086808 -0.0089290465 0.99690662 51.587506
53 0.99060664 0.11062975 -0.080371428 -3.3738037 -0.10953493 0.99382136 0.017919061 -0.31571622 0.08185723 -0.0089472626 0.99660394 52.594299
54 0.99006993 0.11415437 -0.082038694 -3.4635288 -0.11315946 0.99343657 0.016691465 -0.32090809 0.08340565 -0.0072422635 0.9964894 53.583328
55 0.9894944 0.11730554 -0.084500186 -3.555466 -0.11636626 0.99307785 0.01597352 -0.32151007 0.085789053 -0.0059727374 0.99629546 54.571045
56 0.98903202 0.11948337 -0.086829845 -3.6484184 -0.11855426 0.99282183 0.015797962 -0.32322999 0.088094167 -0.0053306414 0.99609793 55.550042
57 0.9891525 0.12042926 -0.084108018 -3.7333527 -0.11946973 0.99270285 0.016368077 -0.3244911 0.085465472 -0.0061421613 0.99632224 56.527259
58 0.98900856 0.12196677 -0.083583503 -3.8160027 -0.12100618 0.99251484 0.016482611 -0.32384041 0.084968205 -0.0061873219 0.99636449 57.500346
59 0.98903181 0.12226055 -0.082876193 -3.8960387 -0.12123729 0.99247294 0.017287908 -0.3217044 0.084366015 -0.007050606 0.99640993 58.476094
60 0.98886001 0.12275181 -0.08418964 -3.9784598 -0.1216567 0.99240829 0.018036318 -0.31683253 0.085764495 -0.0075931599 0.99628654 59.458415
61 0.98843427 0.12489086 -0.086023225 -4.0633186 -0.12374153 0.99214034 0.018586714 -0.30946723 0.08766843 -0.0077270998 0.99611978 60.432216
62 0.98807268 0.12680539 -0.087365862 -4.1518295 -0.12554574 0.99189042 0.019787378 -0.30550453 0.089166516 -0.0085829564 0.99597979 61.406382
63 0.98771387 0.12888409 -0.08837548 -4.2438258 -0.1275143 0.99161438 0.020997579 -0.30404646 0.090340658 -0.0094704619 0.99586593 62.375849
64 0.98712469 0.13151453 -0.091042915 -4.3395754 -0.13006734 0.99126813 0.021676445 -0.30391113 0.093098716 -0.0095556439 0.99561107 63.334199
65 0.98641336 0.13455704 -0.094250315 -4.4363526 -0.13314126 0.99087066 0.021180862 -0.30130919 0.096239914 -0.0083444791 0.99532323 64.289698
66 0.98559869 0.13722496 -0.098815756 -4.5351131 -0.13582138 0.99051437 0.020825821 -0.29535346 0.10073626 -0.0071046088 0.99488784 65.233556
67 0.98473142 0.1409887 -0.10210896 -4.638068 -0.13965404 0.98999546 0.020139824 -0.28583309 0.10392691 -0.0055723877 0.99456937 66.164855
68 0.98398581 0.14417637 -0.10480995 -4.7408281 -0.14292892 0.98954359 0.019356705 -0.27441285 0.1065048 -0.0040663502 0.99430391 67.096158
69 0.9834348 0.14641297 -0.10686097 -4.8441238 -0.14506071 0.98921316 0.020361813 -0.26734466 0.10868952 -0.0045231869 0.99406549 68.015374
70 0.98292717 0.14870833 -0.10835147 -4.9473538 -0.14726366 0.9888687 0.021260068 -0.26490681 0.11030694 -0.0049408636 0.99388533 68.919824
71 0.9822508 0.15182581 -0.11014677 -5.0492307 -0.15035424 0.98839627 0.021593853 -0.26053198 0.11214717 -0.0046495439 0.99368077 69.800736
72 0.98150606 0.15459789 -0.1128954 -5.1537397 -0.15307892 0.98796778 0.022054443 -0.25457081 0.1149466 -0.0043646629 0.99336212 70.677375
73 0.98085704 0.15722135 -0.11489538 -5.2553416 -0.15563309 0.9875535 0.022722245 -0.24875267 0.11703777 -0.0044057495 0.99311773 71.53495
74 0.98024077 0.15934986 -0.11719937 -5.3559998 -0.15769313 0.98721234 0.023335561 -0.24203755 0.11941919 -0.0043929312 0.99283424 72.373364
75 0.97960933 0.16130752 -0.11977259 -5.4576889 -0.15961233 0.98689571 0.023678015 -0.23541007 0.12202251 -0.0040780214 0.99251899 73.208276
76 0.9789051 0.16394306 -0.12193238 -5.5645726 -0.1622329 0.98646315 0.02389173 -0.22733284 0.1241987 -0.0036062911 0.99225085 74.04324
77 0.97804929 0.16672825 -0.1249852 -5.6759543 -0.16495099 0.98599712 0.024509852 -0.21996776 0.12732154 -0.00335541 0.99185586 74.877559
78 0.97709746 0.17031394 -0.12756858 -5.7913915 -0.16838823 0.9853827 0.025811219 -0.21373851 0.13009989 -0.0037390285 0.99149388 75.694043
79 0.97625101 0.17385829 -0.12925669 -5.9038667 -0.17179289 0.98476167 0.027046967 -0.20763599 0.13198939 -0.0041992473 0.99124227 76.478715
80 0.97536164 0.17706575 -0.13159568 -6.0159213 -0.17475657 0.98418483 0.028987043 -0.19857287 0.13464709 -0.0052756404 0.99087961 77.236311
81 0.97429163 0.1790496 -0.13673733 -6.1284757 -0.17634079 0.98381619 0.031772831 -0.18758354 0.14021332 -0.0068436336 0.99009771 77.978262
82 0.97296776 0.18185224 -0.14235003 -6.2452316 -0.17910337 0.98330964 0.032000371 -0.17054681 0.14579351 -0.0056399579 0.989299 78.722676
83 0.97174635 0.1843199 -0.14742874 -6.3657946 -0.18161552 0.98285792 0.031717413 -0.15011944 0.15074767 -0.0040459329 0.98856403 79.487265
84 0.97078302 0.18689632 -0.15049955 -6.4839077 -0.18423261 0.98237522 0.031577668 -0.13264023 0.15374879 -0.0029281377 0.98810567 80.230692
85 0.9701477 0.18937311 -0.15149684 -6.5972549 -0.18670343 0.98190182 0.031788809 -0.12057615 0.15477499 -0.0025548589 0.98794648 80.949548
86 0.96985698 0.1908564 -0.15149686 -6.7012292 -0.18813769 0.98161408 0.032216368 -0.11102057 0.15486016 -0.0027429992 0.98793263 81.611663
87 0.96985721 0.19149569 -0.15068654 -6.7954911 -0.18875232 0.98148876 0.032438633 -0.10259747 0.15410902 -0.0030184069 0.98804928 82.222583
88 0.9697847 0.19277455 -0.14951802 -6.8859714 -0.19018677 0.98124063 0.031554759 -0.094719086 0.15279612 -0.0021649727 0.9882554 82.808788
89 0.96961363 0.19464064 -0.14820411 -6.979079 -0.19229736 0.98087431 0.030119688 -0.084329735 0.15123213 -0.00070519957 0.98849806 83.403875
90 0.96996515 0.19621004 -0.14376807 -7.06396 -0.19410572 0.98056183 0.028659257 -0.076839156 0.14659673 0.00010772575 0.98919637 83.960137
91 0.97053925 0.19636726 -0.13961906 -7.1409469 -0.19441625 0.9805303 0.027614091 -0.072453353 0.14232324 0.0003436559 0.98982021 84.528681
92 0.97124946 0.19682702 -0.13391656 -7.2167646 -0.19504465 0.98043807 0.026432114 -0.068689291 0.13649946 0.00044753388 0.99064008 85.104465
93 0.97196726 0.19842773 -0.12611946 -7.2876352 -0.19691218 0.98011493 0.024498879 -0.064940404 0.12847284 0.0010223517 0.99171254 85.634238
94 0.97313929 0.20060138 -0.1129559 -7.3542475 -0.19954883 0.97966988 0.020665813 -0.065334812 0.11480509 0.0024295049 0.9933851 86.161325
95 0.97450117 0.20130792 -0.099109131 -7.4100382 -0.20058129 0.97952343 0.017345754 -0.0642628 0.10057156 0.0029759814 0.99492541 86.657987
96 0.97609512 0.20239638 -0.07920889 -7.4408322 -0.20192625 0.97930082 0.01398461 -0.06610433 0.080399773 0.0023440458 0.99675998 87.132771
97 0.97766557 0.20289296 -0.054813414 -7.4406577 -0.20264692 0.97920005 0.010068192 -0.073959917 0.055716068 0.0012644461 0.99844589 87.608488
98 0.97846388 0.2046701 -0.026806846 -7.4373842 -0.2046178 0.97883056 0.0047085254 -0.081477643 0.027203057 0.00087803697 0.99962958 88.083749
99 0.97853239 0.20601928 0.0055181989 -7.4251171 -0.20600956 0.97854726 -0.0022796165 -0.090516199 -0.0058694638 0.0010938779 0.99998221 88.56298
100 0.97747688 0.20734818 0.03931542 -7.3872378 -0.20714268 0.97826672 -0.0092746361 -0.10462115 -0.040384049 0.00092184187 0.99918384 89.026421
101 0.97483777 0.20939167 0.076462267 -7.3193188 -0.20871953 0.97783172 -0.016768214 -0.12444152 -0.078278361 0.0003871216 0.9969315 89.479399
102 0.97009525 0.21283335 0.11669276 -7.2347057 -0.21135008 0.9770884 -0.025085455 -0.14698346 -0.11935818 -0.0003277428 0.99285125 89.922693
103 0.96410005 0.21348905 0.15790361 -7.1201106 -0.21079731 0.97694515 -0.0338016 -0.17493492 -0.16147945 -0.00069753056 0.98687587 90.349107
104 0.95612457 0.21561223 0.19833608 -6.996244 -0.2111359 0.976479 -0.043706587 -0.20592717 -0.20309471 -8.6926184e-05 0.97915913 90.771778
105 0.94545283 0.21675044 0.24318354 -6.8445971 -0.2098943 0.97622699 -0.054084521 -0.24151934 -0.24912519 9.152652e-05 0.96847132 91.178101
106 0.9310661 0.21744392 0.29297457 -6.6660578 -0.20751568 0.97607271 -0.064955323 -0.28187709 -0.30008864 -0.00031911704 0.95391131 91.567833
107 0.91232552 0.21970733 0.34552983 -6.468325 -0.20538147 0.97556575 -0.078037229 -0.32811282 -0.35423245 0.00022993055 0.93515742 91.955373
108 0.89066968 0.21869795 0.39859599 -6.2566078 -0.1990991 0.97579176 -0.090497967 -0.37821482 -0.40873844 0.0012436937 0.91265077 92.310115
109 0.86453264 0.21817852 0.4527488 -6.0366836 -0.19215871 0.97590598 -0.10335586 -0.42984081 -0.46439033 0.0023548936 0.88562755 92.633667
110 0.83484784 0.21863252 0.50520188 -5.8021899 -0.18559693 0.97580337 -0.11559172 -0.48444597 -0.51824985 0.0027375795 0.85522493 92.934352
111 0.80528212 0.22060069 0.55032361 -5.5585723 -0.18109106 0.97536249 -0.12599177 -0.54001797 -0.56455892 0.0018002329 0.82539085 93.241986
112 0.77167073 0.22296133 0.59566144 -5.2829935 -0.17584783 0.97482669 -0.13707792 -0.60474208 -0.6112298 0.001033251 0.79145255 93.541287
113 0.73535227 0.22294616 0.63996256 -4.9928544 -0.16675301 0.97482841 -0.14799623 -0.67395032 -0.65684893 0.0021136845 0.75401929 93.816325
114 0.69732686 0.22101098 0.681828 -4.6790182 -0.15450545 0.97525892 -0.15810751 -0.75017892 -0.69990239 0.0049064754 0.7142217 94.070571
115 0.65636498 0.22148471 0.72120009 -4.3565322 -0.14585572 0.97515454 -0.16673214 -0.8264042 -0.74021022 0.0042459793 0.67236216 94.298357
116 0.61241223 0.22364759 0.7582434 -4.0196512 -0.13892472 0.97466796 -0.17527742 -0.90564392 -0.77823598 0.0020032861 0.62796881 94.512589
117 0.56575262 0.22612866 0.79296269 -3.6713016 -0.13120887 0.97409738 -0.18416954 -0.98826298 -0.81406896 0.00015066375 0.58076828 94.720703
118 0.52027072 0.22659028 0.82339253 -3.3077976 -0.11958269 0.97398867 -0.1924732 -1.0752579 -0.84558762 0.0016746738 0.53383411 94.906142
119 0.48135912 0.22146835 0.84808325 -2.9487878 -0.1017334 0.97513043 -0.19690311 -1.1595729 -0.87059966 0.0085027181 0.4919187 95.050527
120 0.44613097 0.21870685 0.86783322 -2.5924231 -0.087232442 0.97569027 -0.20104445 -1.2471796 -0.89070631 0.013988945 0.45436401 95.194321
121 0.4133919 0.22068409 0.88340574 -2.2377815 -0.081345799 0.97525708 -0.20556355 -1.3354745 -0.90691238 0.013116965 0.42111514 95.343216
122 0.38513025 0.22459447 0.89511566 -1.8929776 -0.079855293 0.97440646 -0.21013107 -1.422503 -0.91940083 0.0094481101 0.39320849 95.486509
123 0.3596509 0.22632071 0.90522384 -1.5186989 -0.07829174 0.97403711 -0.21241937 -1.5157287 -0.92979659 0.0055252692 0.3680324 95.640879
124 0.33445492 0.22684525 0.91470278 -1.1230619 -0.077306755 0.97393056 -0.21326698 -1.6142195 -0.93923567 0.00061548906 0.34327257 95.775876
125 0.30592079 0.22670091 0.92467248 -0.72230126 -0.075320956 0.97395522 -0.21386414 -1.7133102 -0.94907286 -0.0042217271 0.3150285 95.881446
126 0.27642232 0.22552303 0.93420024 -0.30939362 -0.068831865 0.97422535 -0.21481859 -1.8147651 -0.95856818 -0.00492209 0.28482083 95.953833
127 0.24657471 0.22425293 0.94282107 0.12075591 -0.062246075 0.97451513 -0.21551233 -1.9176333 -0.96712275 -0.0055470187 0.25424967 96.041746
128 0.22059498 0.22404545 0.94928474 0.55701137 -0.057686325 0.97455365 -0.21660413 -2.0208326 -0.97365816 -0.0069789645 0.22790602 96.140385
129 0.19776255 0.22255414 0.95465159 1.0089778 -0.050814961 0.97490393 -0.21674882 -2.12797 -0.97893201 -0.0056457825 0.20410859 96.229363
130 0.17845203 0.22143637 0.9587079 1.4769296 -0.045959818 0.97515984 -0.21668146 -2.2401298 -0.98287468 -0.0053947933 0.18419644 96.30807
131 0.16237304 0.2199564 0.96190135 1.9718233 -0.040719215 0.97550118 -0.21619268 -2.3597391 -0.98588895 -0.004064005 0.16735156 96.380522
132 0.15010007 0.21929397 0.96404365 2.4929158 -0.038043641 0.97564951 -0.21601065 -2.4860893 -0.98793862 -0.0042525162 0.15478781 96.458344
133 0.14486804 0.21891059 0.96493079 3.0475789 -0.037337219 0.9757332 -0.21575574 -2.6217728 -0.98874631 -0.00477172 0.14952608 96.542079
134 0.1437128 0.21995988 0.96486492 3.6230188 -0.038048021 0.97549298 -0.21671565 -2.7625114 -0.98888779 -0.0055663873 0.14855988 96.631229
135 0.14151967 0.22031724 0.96510752 4.2021823 -0.038117597 0.97540935 -0.21707955 -2.904234 -0.98920135 -0.0060665533 0.14643758 96.718315
136 0.13939986 0.22079739 0.96530628 4.7744879 -0.038524449 0.97529548 -0.21751893 -3.0443143 -0.98948654 -0.0068657832 0.14446217 96.804925
137 0.13690019 0.22147299 0.96550923 5.3563053 -0.03857704 0.97513857 -0.21821195 -3.1862226 -0.98983343 -0.0073732305 0.14204044 96.887871
138 0.13422917 0.22198896 0.96576574 5.9425147 -0.038976463 0.97501391 -0.2186975 -3.3289551 -0.99018354 -0.0082865485 0.13952766 96.972734
139 0.1312388 0.22259964 0.96603613 6.5434335 -0.039418931 0.97486551 -0.21927897 -3.4736519 -0.99056681 -0.0093022023 0.13671483 97.055659
140 0.12932137 0.2234364 0.96610154 7.1772063 -0.040990915 0.97465456 -0.2199275 -3.6251943 -0.99075517 -0.01116006 0.13520254 97.141794
141 0.12566094 0.22463182 0.96630735 7.8253814 -0.042753304 0.97434945 -0.22094158 -3.7798249 -0.99115163 -0.013549106 0.13204143 97.22873
142 0.12433927 0.22506276 0.96637805 8.5004452 -0.044394042 0.9742225 -0.2211777 -3.9443166 -0.99124618 -0.015400355 0.13112557 97.316029
143 0.12279237 0.22518003 0.96654851 9.1880405 -0.044482565 0.97418868 -0.22130882 -4.1132569 -0.99143503 -0.015819521 0.12963954 97.400367
144 0.12236838 0.22566138 0.96649002 9.9110729 -0.046002666 0.97405134 -0.22160239 -4.2866409 -0.99141808 -0.017343991 0.12957413 97.494512
145 0.12397497 0.2253953 0.96634735 10.66753 -0.048598832 0.97407078 -0.22096189 -4.4675405 -0.99109456 -0.019569607 0.13171436 97.5991
146 0.12711876 0.2259232 0.96581549 11.438803 -0.051517452 0.97390426 -0.22103469 -4.6535248 -0.99054876 -0.021658697 0.1354405 97.706669
147 0.13199279 0.22626999 0.96508022 12.229137 -0.054899788 0.97377282 -0.22079945 -4.844395 -0.98972925 -0.023838765 0.14095318 97.827523
148 0.13526834 0.22702469 0.96444922 12.99814 -0.058201916 0.97353543 -0.22100044 -5.0321211 -0.98909812 -0.02623843 0.14490181 97.947801
149 0.13909902 0.22730125 0.96383901 13.786753 -0.061271809 0.97341155 -0.22071613 -5.2214095 -0.98838115 -0.028354763 0.14932777 98.073597
150 0.14352248 0.22732109 0.96318557 14.578304 -0.064289468 0.97334744 -0.22013974 -5.4120069 -0.9875567 -0.030327688 0.15431161 98.204186
151 0.14563088 0.22726653 0.96288192 15.376122 -0.065963706 0.97332255 -0.21975414 -5.603484 -0.98713753 -0.031512273 0.15673718 98.336749
152 0.14717203 0.22753531 0.96258408 16.192289 -0.068835819 0.97317764 -0.21951492 -5.8020754 -0.98671277 -0.033953809 0.15888712 98.470988
153 0.1486899 0.22814047 0.9622075 17.002969 -0.070980674 0.97297611 -0.21972507 -5.9965481 -0.98633318 -0.03562724 0.1608653 98.605913
154 0.14630394 0.22939928 0.96227395 17.783749 -0.073232106 0.97258336 -0.22072278 -6.185926 -0.98652536 -0.038176738 0.15909218 98.737233
155 0.14346181 0.23025291 0.96249797 18.581971 -0.075247964 0.97228067 -0.22137734 -6.3785018 -0.98679103 -0.040666821 0.15681122 98.869137
156 0.14087429 0.23097929 0.9627061 19.387761 -0.078700857 0.97193874 -0.22167803 -6.5700872 -0.98689446 -0.044537062 0.15509946 99.004523
157 0.13870574 0.2309973 0.96301661 20.198045 -0.081413702 0.97178452 -0.22137422 -6.7657246 -0.98698156 -0.047696876 0.15359845 99.138306
158 0.13743328 0.23151361 0.96307506 20.99666 -0.084929677 0.97147469 -0.22141311 -6.9638753 -0.98686327 -0.051364126 0.15317535 99.26941
159 0.13775433 0.23183539 0.96295178 21.770997 -0.088242013 0.971227 -0.2212043 -7.1558804 -0.98652783 -0.054500958 0.15424836 99.397858
160 0.13820598 0.23206455 0.96283185 22.54931 -0.091233269 0.97101073 -0.22094012 -7.346796 -0.98619251 -0.057307055 0.15537151 99.527988
161 0.1373428 0.23341658 0.96262853 23.331586 -0.095551424 0.97042775 -0.22167495 -7.5370578 -0.98590413 -0.061535073 0.15558456 99.661666
162 0.13662313 0.23387733 0.96261911 24.121799 -0.099190991 0.97007705 -0.22161127 -7.7313352 -0.98564463 -0.065205921 0.1557335 99.794121
163 0.13322317 0.23539316 0.96272617 24.926474 -0.10324369 0.96939612 -0.22273703 -7.9302613 -0.98569387 -0.069721676 0.1534489 99.926159
164 0.12666079 0.2368617 0.96325158 25.7269 -0.10522003 0.96880203 -0.22439085 -8.1299309 -0.98634977 -0.072931841 0.14763184 100.04989
165 0.11950492 0.23761937 0.96397907 26.527526 -0.10409462 0.96858453 -0.22584995 -8.3283785 -0.98736161 -0.073354863 0.14048553 100.16006
166 0.11107718 0.23759269 0.96499306 27.339313 -0.10142486 0.96864194 -0.2268164 -8.5306453 -0.98862275 -0.072680167 0.13169183 100.25818
167 0.10079321 0.2380616 0.96600592 28.136456 -0.099363287 0.96850475 -0.22830983 -8.7288554 -0.9899332 -0.072973448 0.12127329 100.34577
168 0.09229445 0.23804477 0.96685906 28.938589 -0.097126864 0.96852527 -0.22918346 -8.9286921 -0.99098344 -0.072755632 0.11251006 100.42357
169 0.081793517 0.23852223 0.96768642 29.742 -0.09549394 0.96834813 -0.23061372 -9.1287705 -0.99206391 -0.073545486 0.10198203 100.49355
170 0.070220988 0.23928423 0.96840699 30.550917 -0.094365116 0.96804327 -0.23235177 -9.3307229 -0.99305806 -0.075067873 0.090557046 100.55542
171 0.060543315 0.2392288 0.96907385 31.353529 -0.091702069 0.96808202 -0.23325482 -9.5349186 -0.99394432 -0.074744061 0.080548677 100.6067
172 0.051639958 0.23958581 0.9695009 32.146541 -0.089576999 0.96799417 -0.23444219 -9.7377269 -0.99464031 -0.074738402 0.071448561 100.65156
173 0.044141862 0.2399787 0.96977407 32.933757 -0.088080942 0.9678748 -0.23549947 -9.9385559 -0.99513482 -0.075023234 0.063861351 100.69188
174 0.037921561 0.24080439 0.96983258 33.722725 -0.086900877 0.96764843 -0.23686416 -10.139788 -0.99549499 -0.075297049 0.057620857 100.72691
175 0.032054773 0.24104211 0.96998517 34.51948 -0.086627385 0.96750181 -0.23756225 -10.342753 -0.99572499 -0.07641228 0.051893903 100.76244
176 0.024173342 0.24128374 0.97015351 35.288316 -0.087188278 0.96724812 -0.23838868 -10.542568 -0.99589855 -0.078823369 0.044418737 100.79723
177 0.016616426 0.24148241 0.97026294 36.049838 -0.087127422 0.96705527 -0.23919196 -10.741268 -0.99605862 -0.080561999 0.037108746 100.82703
178 0.010365176 0.24189215 0.97024779 36.812305 -0.086743133 0.96685962 -0.24012077 -10.940583 -0.99617683 -0.081673445 0.031004156 100.85101
179 0.0029160192 0.24328885 0.96994952 37.542329 -0.083455279 0.96662909 -0.2422051 -11.134645 -0.99650729 -0.080241138 0.02312245 100.86089
180 -0.0055817187 0.24415137 0.96972109 38.275885 -0.081069482 0.9664336 -0.2437903 -11.33045 -0.99669286 -0.07997556 0.014398866 100.86188
181 -0.013526191 0.24455647 0.96954072 39.005235 -0.079177023 0.96632275 -0.24484938 -11.52623 -0.99676884 -0.080077233 0.0062925882 100.85534
182 -0.020367778 0.24411741 0.96953178 39.731474 -0.077947366 0.96639349 -0.24496473 -11.720608 -0.99674944 -0.080561841 -0.00065497912 100.84576
183 -0.025495682 0.24325747 0.96962663 40.444186 -0.077764549 0.96652011 -0.24452288 -11.914375 -0.99664573 -0.081636861 -0.0057252828 100.83628
184 -0.029929775 0.24226959 0.96974723 41.111775 -0.077390922 0.96670776 -0.2438988 -12.099566 -0.99655152 -0.082349474 -0.010183879 100.8254
185 -0.031985972 0.2416002 0.96984858 41.774665 -0.077481768 0.96682557 -0.24340251 -12.280749 -0.99648058 -0.082931054 -0.012205245 100.8163
186 -0.031500016 0.24101377 0.97001038 42.440354 -0.078171844 0.96692509 -0.24278573 -12.458999 -0.99644216 -0.08347526 -0.011617666 100.80958
187 -0.028750421 0.23977479 0.97040275 43.089651 -0.079301855 0.96719692 -0.24133217 -12.631114 -0.996436 -0.083893145 -0.0087927341 100.80678
188 -0.025526942 0.23869757 0.9707584 43.748233 -0.081218798 0.96736932 -0.23999996 -12.806863 -0.99636939 -0.084970302 -0.005307251 100.80739
189 -0.019365041 0.23954052 0.97069324 44.376595 -0.08397366 0.96705511 -0.24031797 -12.974931 -0.99627983 -0.086166437 0.0013880327 100.81308
190 -0.011694069 0.24059943 0.97055407 44.985584 -0.086826464 0.96670994 -0.24069263 -13.134341 -0.99615485 -0.08708446 0.0095856256 100.82528
191 -0.0047678197 0.24064192 0.97060227 45.577669 -0.08980697 0.96658804 -0.24008782 -13.290768 -0.99594782 -0.08831155 0.017002805 100.84268
192 0.0031682376 0.24122817 0.97046327 46.165329 -0.091707023 0.9664486 -0.23993085 -13.445776 -0.99578103 -0.088238145 0.025184259 100.85754
193 0.013811014 0.24179824 0.97022827 46.735882 -0.09517273 0.96623328 -0.23944785 -13.594707 -0.995365 -0.089032262 0.036357263 100.88348
194 0.02706442 0.24175782 0.96995912 47.304865 -0.099683924 0.96613066 -0.23802215 -13.742099 -0.99465105 -0.090247407 0.050247139 100.92319
195 0.045669309 0.24138055 0.96935534 47.861942 -0.10604869 0.96605579 -0.23556265 -13.886998 -0.99331167 -0.092040886 0.069717198 100.97417
196 0.069099082 0.24111336 0.96803393 48.414299 -0.11397012 0.96590805 -0.23244857 -14.025461 -0.9910783 -0.094264972 0.094223087 101.04441
197 0.097829436 0.2414378 0.96547254 48.98496 -0.12423349 0.96550022 -0.22885639 -14.163565 -0.98741861 -0.097555139 0.12444901 101.14028
198 0.13275747 0.24167013 0.96123412 49.523714 -0.1360875 0.9650778 -0.22384125 -14.290561 -0.98176154 -0.10109536 0.16100958 101.25733
199 0.1690199 0.24245242 0.95532671 50.071286 -0.14776016 0.96455093 -0.21865116 -14.42138 -0.97447385 -0.10420284 0.19885312 101.3961
200 0.2086116 0.24368641 0.94715266 50.601377 -0.16032759 0.96387926 -0.21267752 -14.549133 -0.9647675 -0.10748772 0.24014606 101.55997
201 0.25345221 0.24412636 0.9360365 51.095394 -0.17311073 0.96345799 -0.20440463 -14.660788 -0.95173248 -0.11023116 0.28645148 101.74987
202 0.29893666 0.24553721 0.92214336 51.581111 -0.1865855 0.96271841 -0.19585452 -14.768082 -0.93585404 -0.1135105 0.33360554 101.97153
203 0.35464262 0.24548937 0.90219932 52.025476 -0.19930712 0.96258833 -0.18357629 -14.857076 -0.91351264 -0.11471078 0.39030266 102.19698
204 0.41421347 0.24619194 0.87625154 52.453868 -0.21243547 0.96228394 -0.16994312 -14.938291 -0.88504149 -0.11575418 0.45089091 102.45509
205 0.47589565 0.24633285 0.84430059 52.852508 -0.22452306 0.96219495 -0.15417575 -15.007878 -0.85036039 -0.1161934 0.51321183 102.73255
206 0.53754702 0.24437839 0.8070455 53.219141 -0.23379613 0.96275465 -0.13580401 -15.065261 -0.81017444 -0.11568308 0.57466066 103.02883
207 0.59119818 0.24664008 0.76788893 53.584612 -0.24593657 0.96187868 -0.11960139 -15.113018 -0.76811455 -0.11814386 0.6293188 103.38846
208 0.63993346 0.24835598 0.72718946 53.933486 -0.25637045 0.96111354 -0.10263936 -15.151839 -0.72440279 -0.12074754 0.6787199 103.7689
209 0.69123446 0.24602272 0.67946139 54.243873 -0.26176754 0.96165 -0.081895755 -15.181044 -0.67355231 -0.12125178 0.72912644 104.15316
210 0.74175606 0.24344833 0.6249247 54.533901 -0.2655001 0.96225902 -0.059725669 -15.205148 -0.6158796 -0.1216157 0.77839708 104.57149
211 0.78699637 0.24166419 0.56765761 54.781579 -0.26836046 0.96257904 -0.037737842 -15.215632 -0.55553525 -0.12263732 0.82239939 105.00079
212 0.826336 0.23979767 0.50957426 54.993052 -0.26968557 0.9628194 -0.015760119 -15.21439 -0.49440727 -0.12440168 0.86028237 105.4409
213 0.85913137 0.23962034 0.45218958 55.182361 -0.27103665 0.96255658 0.0048828048 -15.204595 -0.43408807 -0.12675493 0.89190852 105.8947
214 0.88807782 0.23994993 0.39209927 55.350018 -0.27133771 0.96213914 0.025768436 -15.186571 -0.37107095 -0.12927571 0.91956197 106.36738
215 0.9120541 0.23992641 0.33255476 55.464715 -0.26997545 0.96174055 0.046564545 -15.15373 -0.30865936 -0.13225101 0.94193373 106.85009
216 0.93038917 0.24198457 0.27535337 55.566159 -0.26910838 0.96092665 0.064811616 -15.114846 -0.248911 -0.13439994 0.9591559 107.33668
217 0.94253631 0.24588449 0.22619936 55.650588 -0.26946817 0.9597141 0.079596707 -15.069702 -0.19751513 -0.13597632 0.97082351 107.83992
218 0.94971014 0.24950125 0.18920839 55.732091 -0.26972816 0.95875938 0.089593811 -15.023768 -0.15905156 -0.13612299 0.9778411 108.34222
219 0.9545007 0.25133554 0.16049576 55.804705 -0.268779 0.95821052 0.097930233 -14.975825 -0.12917538 -0.13661237 0.98216641 108.86756
220 0.95771708 0.2542637 0.13464028 55.863654 -0.26899287 0.95735067 0.10546284 -14.92197 -0.1020826 -0.13722084 0.98526629 109.41254
221 0.96015035 0.25636848 0.11129483 55.914732 -0.26838756 0.9568644 0.11125882 -14.863171 -0.07797081 -0.13669535 0.98753988 109.96804
222 0.9617544 0.25854088 0.090471651 55.955595 -0.2679847 0.9564784 0.11546932 -14.798688 -0.056680646 -0.13529815 0.98918239 110.5383
223 0.96252763 0.26033824 0.075924952 55.987425 -0.26796922 0.95606028 0.11891645 -14.737994 -0.041630334 -0.13480593 0.98999715 111.08454
224 0.96310749 0.26020375 0.06868768 56.024289 -0.26692298 0.95614192 0.12060111 -14.67867 -0.034294313 -0.13448616 0.99032189 111.6471
225 0.96302083 0.26198254 0.062897256 56.052947 -0.26792173 0.95582256 0.12091755 -14.616677 -0.028440332 -0.13329767 0.99066793 112.20248
226 0.96274038 0.26377032 0.059633961 56.081646 -0.26926362 0.9554356 0.12099501 -14.547944 -0.025061518 -0.13254405 0.99086027 112.79035
227 0.96278239 0.26427725 0.056635887 56.113088 -0.26939677 0.95524404 0.12220512 -14.484225 -0.02180506 -0.13291448 0.99088766 113.39408
228 0.96310761 0.26383554 0.053052622 56.141037 -0.26851486 0.95527226 0.12391353 -14.418287 -0.017986909 -0.13358749 0.99087382 114.00607
229 0.96312063 0.26441804 0.049817438 56.166152 -0.26866985 0.95515518 0.12447882 -14.350301 -0.01466894 -0.13327257 0.9909709 114.62018
230 0.96256362 0.26655959 0.049165932 56.191736 -0.27068603 0.9547772 0.12300188 -14.275439 -0.01415518 -0.13170568 0.99118783 115.26198
231 0.96214056 0.26763208 0.051561947 56.221237 -0.27205091 0.95450984 0.12206205 -14.198886 -0.016548666 -0.13146834 0.99118227 115.91954
232 0.96162619 0.26860146 0.055931725 56.254785 -0.27356609 0.9542244 0.12090189 -14.123269 -0.020896995 -0.13156345 0.99108751 116.58843
233 0.96112711 0.26907521 0.06191319 56.289889 -0.27480001 0.95400693 0.1198149 -14.048931 -0.026826395 -0.1321711 0.99086388 117.26244
234 0.96074054 0.26920155 0.06714287 56.332475 -0.27557627 0.95395908 0.11840471 -13.977884 -0.032176824 -0.13225919 0.99069281 117.93418
235 0.96032704 0.26934922 0.072270327 56.383735 -0.27632766 0.95399889 0.11631431 -13.905003 -0.037616646 -0.13167008 0.99057966 118.62777
236 0.95987267 0.26988372 0.076205391 56.435834 -0.27734318 0.9538129 0.11541921 -13.829679 -0.041535924 -0.1319228 0.99038943 119.3352
237 0.95932601 0.27076347 0.079879847 56.491548 -0.27865359 0.95356921 0.11427077 -13.754036 -0.045230615 -0.13188174 0.99023304 120.05734
238 0.95875625 0.2721082 0.082119549 56.549776 -0.28022872 0.95325442 0.11303876 -13.675239 -0.047522052 -0.13138889 0.99019124 120.79803
239 0.95843303 0.27352846 0.081168553 56.60697 -0.28150314 0.95290986 0.11277704 -13.591818 -0.046498588 -0.13093846 0.99029949 121.55979
240 0.95826388 0.27416775 0.08100868 56.667546 -0.28215277 0.95262841 0.11352891 -13.515347 -0.046045207 -0.13164749 0.99022667 122.31281
241 0.95879572 0.27392298 0.075345815 56.723205 -0.28124669 0.95265828 0.1155092 -13.437307 -0.040138193 -0.1319405 0.9904447 123.07928
242 0.95995145 0.27158343 0.068816334 56.774333 -0.27815864 0.95322785 0.1182553 -13.359127 -0.033481468 -0.13266122 0.99059582 123.83502
243 0.95973046 0.27323783 0.065257682 56.81636 -0.27937147 0.95269971 0.11964418 -13.278068 -0.029479661 -0.13305731 0.99066986 124.59077
244 0.95789976 0.27969397 0.064802483 56.856881 -0.28565178 0.95112842 0.11729312 -13.187997 -0.028829309 -0.130866 0.99098085 125.37636
245 0.95617573 0.28538188 0.065461279 56.900373 -0.29131081 0.94972344 0.11473133 -13.091334 -0.02942787 -0.1287729 0.99123742 126.1907
246 0.95579288 0.28679541 0.064872102 56.947761 -0.29262766 0.94936485 0.11434736 -12.99973 -0.028792998 -0.12827577 0.99132052 127.01127
247 0.95537019 0.28830696 0.064396645 56.998446 -0.29407252 0.94889881 0.11450893 -12.908228 -0.028092181 -0.12833571 0.99133287 127.85309
248 0.95451631 0.29108861 0.064545138 57.051358 -0.29686189 0.9479976 0.11477566 -12.820235 -0.027778751 -0.12871624 0.99129236 128.70753
249 0.9543788 0.29202827 0.062294633 57.101806 -0.29754294 0.9476059 0.11623741 -12.732032 -0.025086156 -0.12946985 0.99126602 129.56757
250 0.95424014 0.2930471 0.059574984 57.150087 -0.29824187 0.9471703 0.11798341 -12.641176 -0.02185296 -0.13035227 0.99122692 130.44633
251 0.95387634 0.2944567 0.058439774 57.194596 -0.29952079 0.94659734 0.11933421 -12.550524 -0.020180179 -0.13133401 0.99113279 131.32079
252 0.95312865 0.29665438 0.059514585 57.239218 -0.30183745 0.9458957 0.11906033 -12.464283 -0.020974825 -0.13144355 0.99110177 132.17291
253 0.95193866 0.3001923 0.060806308 57.284023 -0.30548741 0.9449013 0.11763866 -12.376891 -0.022141741 -0.13056036 0.99119313 133.0209
254 0.9497325 0.30641204 0.064186263 57.327841 -0.31203942 0.94308134 0.11501685 -12.286276 -0.025290319 -0.1292639 0.99128771 133.87288
255 0.94702791 0.31364583 0.069025023 57.372703 -0.31976912 0.94083385 0.11215731 -12.19553 -0.029763407 -0.12828818 0.99129025 134.73248
256 0.94478224 0.31933392 0.073569038 57.427472 -0.32592797 0.93899805 0.10978845 -12.103348 -0.03402201 -0.12770439 0.99122862 135.62447
257 0.9430461 0.32348785 0.077586682 57.485206 -0.33052732 0.93753357 0.10854664 -12.018043 -0.037626602 -0.12800902 0.99105903 136.49495
258 0.941538 0.32739592 0.079486731 57.547987 -0.33460958 0.93622412 0.1073346 -11.928317 -0.039276488 -0.12765664 0.99104047 137.37874
259 0.94107268 0.32831091 0.081204602 57.618847 -0.33569346 0.93596459 0.10620772 -11.84074 -0.041135483 -0.12720904 0.99102261 138.27211
260 0.93948404 0.33231832 0.083272424 57.68784 -0.33986089 0.93467623 0.10428236 -11.755324 -0.043177819 -0.12627266 0.99105548 139.15435
261 0.93845085 0.3348726 0.084678094 57.76316 -0.34254365 0.93378874 0.10345196 -11.672397 -0.044428227 -0.12609053 0.9910234 140.04621
262 0.93642352 0.33952992 0.088489922 57.834531 -0.34756841 0.93214797 0.10147045 -11.591174 -0.048033452 -0.12577562 0.99089523 140.91586
263 0.93545571 0.34171688 0.090289661 57.909655 -0.34997479 0.93124447 0.10149512 -11.507249 -0.049399157 -0.1265433 0.99073033 141.79605
264 0.93448068 0.34399897 0.091709287 57.984598 -0.35245196 0.93025739 0.10197398 -11.427685 -0.050234302 -0.12761584 0.99055075 142.68988
265 0.93359343 0.34559316 0.094703209 58.062794 -0.3543983 0.92957202 0.10147703 -11.35223 -0.052963691 -0.12830095 0.99032004 143.57065
266 0.933059 0.34635808 0.097144262 58.145485 -0.3552588 0.9296564 0.097621974 -11.285419 -0.05649863 -0.12559842 0.99047111 144.42436
267 0.93344501 0.34499202 0.098290173 58.233341 -0.35396175 0.93029498 0.096240414 -11.216212 -0.058236684 -0.12462611 0.99049326 145.28199
268 0.93247313 0.34702597 0.10033376 58.318683 -0.35619066 0.92953815 0.095325306 -11.140999 -0.060183709 -0.12462625 0.99037685 146.14955
269 0.93239914 0.34679146 0.10182118 58.405663 -0.35623884 0.92936115 0.096858777 -11.070885 -0.061038853 -0.12658371 0.99007621 147.04058
270 0.93257013 0.34635779 0.10173128 58.489535 -0.35585772 0.92940044 0.097877399 -11.008459 -0.060648506 -0.12747941 0.98998527 147.91777
271 0.93208407 0.34781794 0.10120272 58.567419 -0.35727352 0.9288074 0.098347983 -10.945142 -0.059790646 -0.12782565 0.98999281 148.76547
272 0.93161614 0.34968049 0.099070482 58.647354 -0.35870672 0.92852086 0.095803913 -10.881868 -0.058488254 -0.12478973 0.99045784 149.603
273 0.93086115 0.35245033 0.096313645 58.725571 -0.36100636 0.92783864 0.093753631 -10.809223 -0.056320028 -0.12204146 0.99092584 150.44112
274 0.93058643 0.35365673 0.094529638 58.804294 -0.36200408 0.92742447 0.094004132 -10.734562 -0.05442391 -0.12169909 0.99107389 151.28925
275 0.9303835 0.35503908 0.091289801 58.882865 -0.36300253 0.92700359 0.094304747 -10.658539 -0.051144107 -0.12087802 0.99134901 152.14672
276 0.92971583 0.35695374 0.090622977 58.962962 -0.36481549 0.92631911 0.094034309 -10.581394 -0.050379901 -0.12048586 0.99143588 153.00594
277 0.92860411 0.36005624 0.089743803 59.036633 -0.36778603 0.92517257 0.093749828 -10.508667 -0.049273299 -0.120063 0.99154278 153.86551
278 0.92745484 0.36358693 0.087361921 59.105829 -0.3710718 0.92373989 0.094922218 -10.437903 -0.046187217 -0.12045362 0.99164396 154.72214
279 0.92661591 0.3663081 0.084860842 59.168057 -0.37354376 0.92259234 0.096375934 -10.367492 -0.04298868 -0.12100272 0.99172092 155.56123
280 0.92647717 0.36806543 0.078536184 59.225259 -0.37462258 0.92189544 0.098826114 -10.296299 -0.036027676 -0.12098158 0.99200078 156.38902
281 0.92626446 0.3699313 0.072007061 59.277939 -0.37576868 0.92115711 0.10132797 -10.221351 -0.02884543 -0.12091451 0.99224377 157.23351
282 0.92605242 0.37166217 0.065530013 59.324448 -0.37678692 0.92036832 0.10465971 -10.144089 -0.021413696 -0.12161123 0.99234683 158.07647
283 0.92546084 0.37420415 0.059105898 59.364303 -0.37858229 0.91928847 0.10762923 -10.066656 -0.014060069 -0.12198309 0.99243263 158.91941
284 0.92532075 0.37562877 0.051812793 59.398444 -0.37914058 0.91863251 0.11120525 -9.9886412 -0.0058250259 -0.12254487 0.99244592 159.7487
285 0.92497448 0.37743591 0.044321146 59.426222 -0.38001959 0.91780851 0.11494582 -9.9066149 0.002706356 -0.12316486 0.99238257 160.57175
286 0.92468665 0.37888887 0.037387771 59.450617 -0.38058416 0.91715824 0.11822157 -9.8199737 0.010502334 -0.12354711 0.99228317 161.4055
287 0.92421584 0.38051576 0.032138337 59.467932 -0.38149543 0.91630305 0.12185993 -9.7307891 0.016921169 -0.12488552 0.99202689 162.24928
288 0.92354399 0.38234466 0.02964947 59.482978 -0.38295655 0.91540653 0.12399615 -9.6420941 0.020267947 -0.12587036 0.99183967 163.10566
