4 0.99999297 0.00043125143 -0.0037244325 -0.033409134 -0.00042426242 0.99999815 0.0018771159 -0.017225834 0.0037252351 -0.0018755225 0.9999913 0.88164199
5 0.99998383 0.002051166 -0.0053044911 -0.010851673 -0.0020504019 0.99999789 0.00014946622 -0.0045120952 0.0053047864 -0.00013858746 0.99998592 0.84935372
6 0.99997559 0.0027243277 -0.0064338209 -0.014454918 -0.0027210808 0.99999617 0.00051336451 -0.0056494603 0.0064351948 -0.00049584504 0.99997917 0.8458715
7 0.9999706 0.0024863256 -0.00725397 -0.014342661 -0.0024813811 0.99999668 0.00069053817 -0.0085261238 0.0072556628 -0.000672518 0.99997345 0.84526403
8 0.99995369 0.0038646381 -0.0088138574 -0.016428579 -0.0038634056 0.99999252 0.00015685516 -0.010509403 0.0088143977 -0.00012279639 0.99996114 0.84040843
9 0.99996534 0.0049200515 -0.0067166591 -0.016214762 -0.0049234007 0.99998776 -0.00048220351 -0.012543093 0.0067142044 0.0005152556 0.99997733 0.842077
10 0.9999819 0.0029729118 -0.0052299394 -0.012409532 -0.0029717335 0.99999556 0.00023305466 -0.0118802 0.005230609 -0.00021750846 0.9999863 0.86097027
11 0.99998727 0.0022353945 -0.0045232251 -0.007190378 -0.0022313446 0.99999711 0.00090021348 -0.014486685 0.0045252244 -0.00089010914 0.99998936 0.87893718
12 0.99998739 0.0031342935 -0.003922895 -0.0078211447 -0.0031339839 0.99999509 8.5082228e-05 -0.016582062 0.0039231424 -7.2786866e-05 0.9999923 0.87654376
13 0.99999084 0.0029377815 -0.0031113854 -0.0087783544 -0.0029373676 0.99999568 0.00013759903 -0.01355707 0.0031117762 -0.00012845848 0.99999515 0.88306367
14 0.99998979 0.0045184941 0.0001031265 -0.014408935 -0.0045184459 0.99998968 -0.00046339922 -0.01494206 -0.0001052193 0.00046292852 0.99999989 0.87397271
15 0.99998879 0.0031672172 0.0035189373 -0.010005175 -0.0031668023 0.99999498 -0.00012345786 -0.0089174573 -0.0035193107 0.0001123127 0.9999938 0.87850621
16 0.99999246 0.0025128213 0.002962368 -0.0059375436 -0.0025147092 0.99999664 0.00063371955 -0.010955521 -0.0029607656 -0.00064116426 0.99999541 0.88141569
17 0.99999862 0.0014367357 0.00083302999 -0.0068720038 -0.0014370216 0.99999891 0.00034260793 -0.011894517 -0.00083253685 -0.00034380454 0.99999959 0.89059871
18 0.99999778 0.0019054872 -0.00090319947 -0.0041584883 -0.0019052876 0.99999816 0.00022181995 -0.010577203 0.00090362048 -0.0002200986 0.99999957 0.90398559
19 0.99999045 0.0042594506 -0.00097755525 -0.0057240935 -0.0042596909 0.9999909 -0.00024383307 -0.014826019 0.00097650775 0.00024799482 0.99999949 0.88963998
20 0.99998738 0.0037466585 -0.0033458161 -0.0040976994 -0.0037442832 0.99999273 0.00071591967 -0.016208296 0.0033484741 -0.00070338295 0.99999415 0.88799914
21 0.9999927 0.0029909908 -0.0023771938 -0.0064847716 -0.0029898976 0.99999542 0.00046326705 -0.015072001 0.0023785686 -0.0004561561 0.99999707 0.90567689
22 0.99999346 0.0024404574 -0.002668936 -0.0051171702 -0.0024398989 0.999997 0.00021248852 -0.013119613 0.0026694466 -0.0002059752 0.99999642 0.92415432
23 0.99999635 0.0012982478 -0.0023687225 -0.0020462867 -0.0012958852 0.99999866 0.0009986613 -0.01483739 0.0023700159 -0.00099558806 0.9999967 0.93764867
24 0.99999617 0.0021796988 -0.0017064758 -0.0017285414 -0.0021797521 0.99999762 -2.9367615e-05 -0.014043524 0.0017064078 3.3087197e-05 0.99999854 0.94449611
25 0.99999821 0.00099941926 -0.0016078289 -7.7592759e-05 -0.00099880506 0.99999943 0.00038275783 -0.012908463 0.0016082105 -0.00038115124 0.99999863 0.94371596
26 0.99999845 0.00027124944 -0.0017405179 0.00044458025 -0.00026949376 0.99999945 0.0010088699 -0.015495312 0.0017407906 -0.0010083993 0.99999798 0.94277875
27 0.99999823 0.0014442374 -0.0012024664 -0.0044714696 -0.0014431996 0.99999859 0.00086347906 -0.014992854 0.0012037118 -0.00086174213 0.9999989 0.96844774
28 0.99999906 0.0013267644 -0.0003373161 -0.0035072437 -0.0013265471 0.99999891 0.00064342832 -0.018448628 0.00033816941 -0.00064298025 0.99999974 0.97528294
29 0.99999602 0.0027759944 -0.00050430878 -0.0050906728 -0.0027760815 0.99999613 -0.00017200141 -0.017754876 0.00050382936 0.00017340073 0.99999986 0.97009259
30 0.99999553 0.0029898423 -8.3709901e-05 -0.0061248651 -0.0029898474 0.99999553 -6.1500665e-05 -0.017518979 8.352565e-05 6.175067e-05 0.99999999 0.96709156
31 0.99999751 0.001898168 -0.0011699681 -0.0067101917 -0.0018978419 0.99999816 0.00027974473 -0.015762276 0.0011704969 -0.00027752362 0.99999928 0.95971044
32 0.99999665 0.0018328629 -0.0018303891 -0.0073772041 -0.0018324033 0.99999829 0.00025274134 -0.010296627 0.0018308492 -0.00024938649 0.99999829 0.95560228
33 0.99999762 0.001305512 -0.0017460887 -0.0032343208 -0.0013044845 0.99999898 0.00058951112 -0.011018875 0.0017468565 -0.00058723198 0.9999983 0.96903746
34 0.99999798 0.0018305446 -0.00083129266 0.00029165231 -0.0018302287 0.99999825 0.00038058208 -0.011125906 0.00083198788 -0.00037905985 0.99999958 0.979521
35 0.9999978 0.0016207135 -0.0013326533 -0.0026891715 -0.0016198776 0.99999849 0.00062807218 -0.015565704 0.0013336692 -0.00062591206 0.99999891 0.97547885
36 0.9999923 0.0018481684 -0.0034619321 -0.0064848334 -0.0018500662 0.99999814 -0.00054508816 -0.01712988 0.0034609182 0.00055148877 0.99999386 0.97631646
37 0.9999916 -0.00010426552 -0.0040973441 -0.0039183518 0.00010671273 0.99999982 0.00059705394 -0.014439005 0.0040972811 -0.00059748616 0.99999143 0.98811908
38 0.99998996 0.0030727428 -0.0032608213 -0.0080416361 -0.0030755158 0.99999491 -0.00084572483 -0.015757385 0.003258206 0.00085574505 0.99999433 0.98271876
39 0.99999359 0.0021046662 -0.0028967612 -0.0099070998 -0.0021074906 0.99999731 -0.00097231556 -0.01703479 0.002894707 0.00097841422 0.99999533 1.0017171
40 0.9999986 0.0011799471 -0.0011872178 -0.0024921618 -0.0011800608 0.9999993 -9.5043956e-05 -0.011029484 0.0011871048 9.6444812e-05 0.99999929 1.0124492
41 0.999999 0.0012844078 -0.00058592085 -0.00029464572 -0.0012840896 0.99999903 0.00054318679 -0.010965138 0.00058661795 -0.00054243387 0.99999968 1.0302074
42 0.99999681 0.0025155995 0.00021605885 -0.0031033362 -0.0025156801 0.99999677 0.00037342816 -0.015882142 -0.00021511876 -0.0003739705 0.99999991 1.0357455
43 0.99999491 0.0031182707 0.00068181943 -0.0037459008 -0.0031186823 0.99999495 0.00060349028 -0.013709002 -0.00067993414 -0.00060561359 0.99999959 1.0383127
44 0.99999627 0.0026802675 -0.00053231062 -0.0053966091 -0.0026798447 0.99999609 0.00079346235 -0.015306292 0.00053443523 -0.00079203288 0.99999954 1.0343847
45 0.99999625 0.0025101283 0.0010912567 -0.00035705696 -0.0025108155 0.99999665 0.00062883891 -0.018375651 -0.0010896746 -0.00063157649 0.99999921 1.0399839
46 0.99999299 0.0021029585 0.0030978082 0.0012544302 -0.0021053263 0.99999749 0.00076128332 -0.017645155 -0.0030961995 -0.00076779988 0.99999491 1.0402421
47 0.99999731 0.0011793337 0.0019988998 0.00044988387 -0.0011804139 0.99999916 0.00053930298 -0.022362943 -0.0019982621 -0.00054166106 0.99999786 1.0282033
48 0.99999498 0.0024985148 0.0019469571 -0.0042080429 -0.0024985236 0.99999688 2.1002698e-06 -0.019947151 -0.0019469458 -6.9647775e-06 0.9999981 1.0244485
49 0.99999455 0.0027605175 0.0018100507 -0.0032597798 -0.00275954 0.99999605 -0.00054233416 -0.019101183 -0.0018115407 0.0005373363 0.99999821 1.0265136
50 0.99999656 0.0021974227 0.0014314583 -0.0021456746 -0.0021982077 0.99999743 0.00054701056 -0.017278062 -0.0014302526 -0.00055015532 0.99999883 1.0231315
51 0.99999707 0.0022653808 0.0008517221 -0.0034958503 -0.0022662783 0.99999688 0.0010542185 -0.022408191 -0.00084933124 -0.0010561456 0.99999908 1.0215024
52 0.99999744 0.0022340669 0.00036491125 -0.0018888951 -0.0022340195 0.9999975 -0.00013002038 -0.020916935 -0.00036520081 0.00012920483 0.99999992 1.0109408
53 0.99999104 0.0019331337 -0.0037651797 -0.010333583 -0.001932481 0.99999812 0.00017698781 -0.025978457 0.0037655148 -0.00016971009 0.9999929 1.0104939
54 0.99999209 0.0036732241 -0.0015265163 -0.0073544599 -0.0036753671 0.99999226 -0.0014034357 -0.023935157 0.0015213493 0.0014090351 0.99999785 0.99278843
55 0.99999185 0.0032663563 -0.0023719818 -0.0085748707 -0.0032687188 0.99999416 -0.00099281855 -0.018246369 0.0023687251 0.0010005638 0.99999669 0.99178237
56 0.99999484 0.0022398287 -0.0023017021 -0.0077885871 -0.002240862 0.99999739 -0.00044644511 -0.018459135 0.0023006961 0.0004516006 0.99999725 0.98319671
57 0.99999612 0.00087813755 0.0026441451 0.0022338898 -0.00088049367 0.99999922 0.00089004028 -0.01660949 -0.0026433614 -0.00089236498 0.99999611 0.98075881
58 0.99999869 0.0015394284 0.00050875313 0.001334121 -0.0015395184 0.9999988 0.00017660526 -0.015284404 -0.00050848065 -0.00017738826 0.99999985 0.97647041
59 0.99999979 0.0002222747 0.00060595042 0.0034928704 -0.00022281108 0.99999958 0.00088525702 -0.013678965 -0.0006057534 -0.00088539185 0.99999942 0.97892559
60 0.99999892 0.00044793407 -0.0014001853 0.00076673946 -0.00044711803 0.99999973 0.00058306384 -0.012167611 0.0014004461 -0.00058243716 0.99999885 0.98570895
61 0.99999592 0.0021363263 -0.0018944211 -0.0012919589 -0.0021357192 0.99999767 0.00032240805 -0.010501404 0.0018951054 -0.00031836079 0.99999815 0.97746177
62 0.99999718 0.0018482871 -0.0014879528 -0.0025739966 -0.0018467636 0.99999777 0.0010246261 -0.014650135 0.0014898433 -0.0010218754 0.99999837 0.97807357
63 0.99999731 0.0020094234 -0.0011596635 -0.0046379925 -0.0020081789 0.99999741 0.0010733384 -0.018540269 0.0011618173 -0.0010710067 0.99999875 0.97363636
64 0.99999276 0.0026345844 -0.002744253 -0.0080126398 -0.0026336837 0.99999648 0.00033179716 -0.021282426 0.0027451174 -0.00032456726 0.99999618 0.96285226
65 0.99999009 0.0031677899 -0.0031284419 -0.0069138776 -0.003170652 0.99999456 -0.00091032431 -0.019278801 0.0031255411 0.00092023449 0.99999469 0.96017233
66 0.99998597 0.0027984358 -0.0044980426 -0.0073747636 -0.0028027921 0.99999561 -0.00096247901 -0.015263561 0.0044953294 0.00097507258 0.99998942 0.94887835
67 0.99998719 0.0039343661 -0.0031846902 -0.0089496838 -0.0039379795 0.99999161 -0.0011291378 -0.011314442 0.003180221 0.0011416646 0.99999429 0.93691033
68 0.99999104 0.0033586155 -0.002577966 -0.0059986322 -0.003361601 0.99999368 -0.0011546133 -0.0083716014 0.0025740718 0.001163269 0.99999601 0.93696744
69 0.99999519 0.0021993596 -0.002187227 -0.0047507688 -0.0021978336 0.99999734 0.00069985944 -0.011636367 0.0021887605 -0.00069504891 0.99999736 0.92494345
70 0.99999614 0.0022619038 -0.0016156967 -0.0035694535 -0.0022608219 0.99999722 0.00067115121 -0.01679366 0.0016172103 -0.00066749582 0.99999847 0.91016313
71 0.9999933 0.0031659669 -0.0018363687 -0.0036110936 -0.0031658545 0.99999499 6.4103684e-05 -0.015176269 0.0018365625 -5.8289578e-05 0.99999831 0.88665677
72 0.99999209 0.0028192475 -0.0028048288 -0.0052376945 -0.0028191481 0.99999603 3.9414768e-05 -0.014051134 0.0028049288 -3.1507229e-05 0.99999607 0.8827399
73 0.99999434 0.0026336379 -0.0020933108 -0.0020382518 -0.0026329074 0.99999647 0.00035164077 -0.013702327 0.0020942296 -0.00034612729 0.99999775 0.86348064
74 0.99999485 0.0021423626 -0.0023885159 -0.001650295 -0.0021417842 0.99999768 0.00024469501 -0.01288792 0.0023890346 -0.00023957807 0.99999712 0.84436136
75 0.99999457 0.0020065143 -0.0026140253 -0.0010203118 -0.0020067057 0.99999798 -7.0582768e-05 -0.013329124 0.0026138784 7.5827965e-05 0.99999658 0.84100215
76 0.99999395 0.002708405 -0.0021825819 -0.0041092262 -0.0027087091 0.99999632 -0.0001363822 -0.012674775 0.0021822045 0.00014229336 0.99999761 0.84171021
77 0.99999106 0.0028331944 -0.0031377541 -0.0066055273 -0.002832861 0.99999598 0.00011069108 -0.014003661 0.0031380551 -0.00010180127 0.99999507 0.84161106
78 0.99998978 0.0035594935 -0.0027874225 -0.0099748731 -0.0035571266 0.99999331 0.00085363642 -0.01584427 0.0027904423 -0.00084371248 0.99999575 0.82441488
79 0.99999206 0.003507872 -0.0018902717 -0.0088410554 -0.0035061167 0.99999342 0.00093111584 -0.016076668 0.0018935255 -0.00092448093 0.99999778 0.79250292
80 0.99999168 0.0030883108 -0.0026645938 -0.010955739 -0.003084307 0.99999411 0.0015053847 -0.013737941 0.0026692272 -0.0014971537 0.99999532 0.76569045
81 0.99998268 0.0017882643 -0.0056070854 -0.011800144 -0.0017779978 0.99999673 0.0018354449 -0.013028271 0.0056103493 -0.0018254438 0.9999826 0.75031462
82 0.99997974 0.0029886928 -0.0056205239 -0.012381847 -0.0029930986 0.99999522 -0.00077562829 -0.0092385741 0.0056181789 0.00079243536 0.9999839 0.75354816
83 0.99998383 0.002714253 -0.0049978948 -0.0094904786 -0.0027202708 0.99999558 -0.0011976648 -0.0061504741 0.004994622 0.0012112411 0.99998679 0.77422269
84 0.99999161 0.0027597987 -0.0030277655 -0.005880439 -0.0027619347 0.99999594 -0.00070150692 -0.0075988633 0.0030258172 0.00070986353 0.99999517 0.75289363
85 0.99999622 0.0025490338 -0.0010315297 -0.0017349846 -0.002549013 0.99999675 2.1495401e-05 -0.011437632 0.0010315812 -1.8865937e-05 0.99999947 0.72774493
86 0.99999893 0.0014636117 -8.1986924e-05 -0.00017560165 -0.0014635771 0.99999884 0.00041985346 -0.011998902 8.2601331e-05 -0.00041973301 0.99999991 0.67018969
87 0.99999953 0.0006009423 0.00076214395 0.0016018607 -0.00060122635 0.99999975 0.00037251318 -0.011398024 -0.0007619199 -0.00037297123 0.99999964 0.6180998
88 0.99999811 0.0014186739 0.0013318954 0.0010995195 -0.0014178167 0.99999879 -0.00064436777 -0.011363429 -0.0013328079 0.00064247817 0.99999891 0.59308917
89 0.99999654 0.0021024226 0.0015842206 -0.001343415 -0.0021005934 0.99999713 -0.0011553872 -0.0090426809 -0.0015866451 0.0011520553 0.99999808 0.60234647
90 0.99998756 0.0017047384 0.0046876858 0.00038265798 -0.0017020869 0.99999839 -0.00056955807 -0.0095662349 -0.0046886492 0.00056157213 0.99998885 0.56266975
91 0.99999066 0.00019320915 0.0043187177 0.0078207022 -0.00019230095 0.99999996 -0.00021070619 -0.010743806 -0.0043187582 0.00020987373 0.99999065 0.57359517
92 0.99998259 0.00047892851 0.0058809827 0.007631632 -0.00047870803 0.99999988 -3.8898619e-05 -0.010999469 -0.0058810007 3.6082668e-05 0.99998271 0.58061254
93 0.99996579 0.0016961746 0.0080963868 0.0027494477 -0.0016933132 0.9999985 -0.00036025713 -0.010036614 -0.0080969858 0.00034653508 0.99996716 0.5344041
94 0.99990243 0.0023811377 0.013764207 0.0030490999 -0.0023656262 0.99999655 -0.0011431206 -0.013065412 -0.013766881 0.0011104481 0.99990462 0.53111012
95 0.99989724 0.00077952071 0.014314186 0.0025131857 -0.00077285584 0.99999959 -0.00047113878 -0.0089348382 -0.014314548 0.00046002757 0.99989744 0.49970002
96 0.99979437 0.0010417974 0.020251495 0.018110367 -0.001056579 0.99999918 0.00071921656 -0.0065899593 -0.020250729 -0.00074046598 0.99979466 0.47539532
97 0.99969386 0.00041825729 0.024738679 0.040004139 -0.00044575828 0.99999929 0.0011061556 -0.0065425521 -0.024738199 -0.0011168444 0.99969334 0.4740515
98 0.99959124 0.001790802 0.028533127 0.031203459 -0.0018039666 0.99999828 0.00043564538 -0.0060962613 -0.028532297 -0.00048694011 0.99959275 0.47426771
99 0.99945213 0.001383961 0.03306838 0.026888963 -0.0013773093 0.99999903 -0.00022392793 -0.0059157121 -0.033068657 0.00017825986 0.99945307 0.47868165
100 0.99940317 0.0013591742 0.034517402 0.037251751 -0.0013640272 0.99999906 0.0001170475 -0.0054915401 -0.03451721 -0.00016406031 0.99940409 0.46367348
101 0.99927728 0.0021091665 0.037953382 0.052201774 -0.0021247223 0.99999767 0.00036953531 -0.0048891662 -0.037952514 -0.00044990863 0.99927944 0.45546274
102 0.99914152 0.0035661833 0.041273573 0.052488651 -0.0035811829 0.99999355 0.0002894883 -0.0041533381 -0.041272274 -0.000437048 0.99914784 0.44878173
103 0.99909478 0.00071050484 0.042533813 0.066179688 -0.00072207053 0.99999971 0.00025655506 -0.0030611629 -0.042533619 -0.00028703524 0.99909499 0.43743884
104 0.99910222 0.0020466239 0.042314988 0.057700196 -0.0020044379 0.99999745 -0.0010393564 -0.0041283836 -0.042317008 0.00095360554 0.99910378 0.43773079
105 0.99888288 0.0011052308 0.04724154 0.069986128 -0.001084557 0.9999993 -0.00046324873 -0.0020933993 -0.047242019 0.00041149508 0.99888339 0.42948719
106 0.99859505 0.00079033806 0.052984058 0.080179349 -0.00080092197 0.99999966 0.00017852379 -0.00066419956 -0.052983899 -0.00022070907 0.99859534 0.42304451
107 0.99835634 0.0020478296 0.057274953 0.07740042 -0.0019746023 0.99999716 -0.0013350856 -0.0022573113 -0.057277524 0.0012197959 0.99835755 0.43061327
108 0.99826033 -0.0013264142 0.058945402 0.077783859 0.0013583914 0.99999895 -0.00050242121 -0.0022804251 -0.058944674 0.00058161808 0.99826108 0.40880395
109 0.99808578 -0.00093957455 0.061837681 0.073910459 0.00098704574 0.99999924 -0.00073713109 -0.0018768605 -0.061836942 0.00079675668 0.99808595 0.3876227
110 0.99808745 0.00023450621 0.061817309 0.07358515 -0.00019974451 0.99999982 -0.00056850884 -0.0014199344 -0.061817431 0.00055507387 0.99808732 0.37810541
111 0.99848052 0.0022107264 0.055061498 0.054266195 -0.0021939572 0.99999753 -0.00036499936 -0.00012243745 -0.055062168 0.00024364219 0.9984829 0.3925963
112 0.99833231 0.0024310154 0.057677516 0.064666924 -0.0023846575 0.99999678 -0.0008725582 -0.0017978008 -0.057679452 0.00073356193 0.99833489 0.40685204
113 0.99825857 -0.00067240136 0.058986161 0.067950101 0.00072112322 0.99999942 -0.00080470515 -0.0024920651 -0.058985586 0.00084584011 0.99825848 0.39999166
114 0.99827523 -0.0033292706 0.058612932 0.076490662 0.0033706511 0.99999414 -0.00060714395 -0.0038038579 -0.058610567 0.00080366052 0.9982806 0.40383086
115 0.99831129 0.00080875446 0.058085359 0.077227254 -0.00081506991 0.99999966 8.5035279e-05 -0.0019488164 -0.058085271 -0.00013223531 0.99831162 0.39462168
116 0.99828708 0.003150674 0.058420719 0.074098152 -0.0031375171 0.99999503 -0.00031693533 -0.0017473749 -0.058421427 0.00013309644 0.998292 0.40021146
117 0.99823967 0.0030404817 0.059231005 0.062849252 -0.0029866985 0.99999504 -0.00099653426 -0.0022016865 -0.059233741 0.00081787488 0.99824381 0.40930448
118 0.9984014 -0.00096522069 0.056512918 0.066107696 0.0010355148 0.99999873 -0.0012145896 -0.0025149498 -0.056511674 0.0012711679 0.99840113 0.41196396
119 0.99877084 -0.008575034 0.048818746 0.074774639 0.0085261353 0.99996292 0.0012097963 -0.0005318833 -0.04882731 -0.00079207403 0.99880692 0.3889121
120 0.99907221 -0.0061625358 0.042623238 0.055265511 0.0061674446 0.99998098 1.6332121e-05 -0.0052819213 -0.042622528 0.00024655949 0.99909122 0.39021156
121 0.99931543 0.0016965727 0.036956574 0.033296207 -0.0016434212 0.99999757 -0.0014685457 -0.0065030307 -0.036958976 0.0014068052 0.99931579 0.39317388
122 0.99952155 0.0050130459 0.030521221 0.019665193 -0.0049470824 0.99998526 -0.0022363647 -0.0069028186 -0.030531982 0.0020843037 0.99953162 0.38283414
123 0.99962014 0.0043009832 0.027222612 0.00966229 -0.0042972033 0.99999075 -0.00019735465 -0.0053203015 -0.027223209 8.0298589e-05 0.99962938 0.4153121
124 0.99963755 0.0047620909 0.026497075 0.024482168 -0.0047951134 0.9999878 0.001182868 -0.0056469584 -0.026491119 -0.0013094957 0.99964819 0.42874472
125 0.99954254 0.0044931042 0.029908414 0.042542087 -0.0045448564 0.99998829 0.0016626017 -0.0055318424 -0.029900594 -0.0017977705 0.99955126 0.42394879
126 0.99949879 0.00028400878 0.031655915 0.065257688 -0.0003271577 0.99999902 0.0013578891 -0.0055116409 -0.031655499 -0.0013675649 0.9994979 0.42630602
127 0.99949628 0.00022800863 0.031735271 0.041713157 -0.00027317229 0.99999896 0.0014188092 -0.0036408979 -0.031734914 -0.0014267637 0.9994953 0.44898317
128 0.99963078 0.0013313094 0.027139287 0.018597905 -0.0013462337 0.99999895 0.00053165355 -0.0032848745 -0.02713855 -0.00056799307 0.99963152 0.45863032
129 0.99970183 -0.0016472452 0.024362806 0.019247086 0.0016178191 0.99999794 0.0012274903 -0.0037711731 -0.024364778 -0.0011877097 0.99970243 0.47252999
130 0.99979399 -0.00047975925 0.020291397 0.02119444 0.00045792154 0.99999931 0.0010808382 -0.0056447508 -0.020291901 -0.0010713237 0.99979352 0.4871061
131 0.99985246 -0.0015877882 0.017103823 0.022600617 0.0015662144 0.99999796 0.0012746637 -0.0074415743 -0.017105812 -0.0012476874 0.99985291 0.51372106
132 0.99991901 7.2249563e-05 0.012726896 0.013032157 -8.1162867e-05 0.99999975 0.00069983669 -0.0089534482 -0.012726842 -0.00070081296 0.99991876 0.54157925
133 0.99998574 0.0004522123 0.0053217286 0.0056916948 -0.00045469663 0.99999979 0.00046562561 -0.011101361 -0.0053215169 -0.00046803874 0.99998573 0.57698964
134 0.99999907 0.00094670174 0.00098162988 0.00047141538 -0.00094577273 0.9999991 -0.00094642533 -0.011778919 -0.00098252498 0.00094549605 0.99999907 0.59895504
135 0.99999754 0.00054914803 0.0021474221 0.0025067156 -0.00054852693 0.99999981 -0.00028980758 -0.011341448 -0.0021475809 0.00028862895 0.99999765 0.60246557
136 0.99999763 0.00086288988 0.0019989602 0.00065724122 -0.00086214634 0.99999956 -0.00037279873 -0.011072254 -0.001999281 0.00037107445 0.99999793 0.59542791
137 0.99999681 0.00060233582 0.0024512553 0.0044984143 -0.00060083131 0.99999963 -0.00061446117 -0.010508274 -0.0024516245 0.00061298642 0.99999681 0.60448227
138 0.99999629 0.00097947868 0.0025410766 0.0017587225 -0.00097847006 0.99999944 -0.00039813996 -0.009980108 -0.0025414651 0.00039565212 0.99999669 0.60919042
139 0.99999536 0.0010934375 0.0028441808 0.0041890728 -0.0010920663 0.99999929 -0.00048361618 -0.0083712645 -0.0028447076 0.0004805079 0.99999584 0.62356199
140 0.99999691 0.0019584629 0.0015321755 0.0038273261 -0.00195754 0.9999979 -0.00060360023 -0.0074571598 -0.0015333544 0.00060059907 0.99999864 0.65725336
141 0.99999167 0.0025340607 0.0032000645 0.0040286387 -0.0025311698 0.99999639 -0.0009071084 -0.0068557307 -0.0032023516 0.00089900094 0.99999447 0.67196448
142 0.99999778 0.0018944471 0.00092673921 0.0053353047 -0.0018942609 0.99999819 -0.00020178025 -0.0098143744 -0.00092711979 0.00020002431 0.99999955 0.70018927
143 0.99999878 0.00043157945 0.0015000371 0.0093951592 -0.00043148019 0.9999999 -6.6490073e-05 -0.011132282 -0.0015000657 6.5842756e-05 0.99999887 0.71290171
144 0.99999875 0.0015766288 7.0727304e-05 0.0031566462 -0.0015766077 0.99999871 -0.00029812456 -0.007585569 -7.1197245e-05 0.00029801268 0.99999995 0.74942219
145 0.99999529 0.0021730627 -0.0021687884 -0.002801674 -0.0021718647 0.99999749 0.0005545598 -0.0073165256 0.002169988 -0.00054984687 0.99999749 0.78474736
146 0.99999065 0.002144024 -0.0037553589 -0.0019545337 -0.0021450294 0.99999766 -0.00026370964 -0.0094256823 0.0037547847 0.00027176253 0.99999291 0.80058155
147 0.99998207 0.0022103174 -0.0055661588 -0.0094119293 -0.0022106656 0.99999755 -5.6411342e-05 -0.009951919 0.0055660205 6.8715246e-05 0.99998451 0.82187454
148 0.99998898 0.0024876673 -0.0039803288 -0.0072341185 -0.0024894088 0.99999681 -0.00043262183 -0.011667658 0.0039792399 0.00044252573 0.99999198 0.80055288
149 0.99998769 0.0021378804 -0.0044767985 -0.006732547 -0.0021378028 0.99999771 2.2127271e-05 -0.0085448879 0.0044768355 -1.2556486e-05 0.99998998 0.82063866
150 0.99998532 0.0019566894 -0.0050521394 -0.0072902259 -0.0019553441 0.99999805 0.00027122033 -0.0093121157 0.0050526602 -0.00026133768 0.9999872 0.824496
151 0.99999629 0.0011636143 -0.0024637577 -0.0040980977 -0.0011630444 0.9999993 0.00023273628 -0.0090333074 0.0024640268 -0.00022986996 0.99999694 0.83105413
152 0.9999946 0.0024588328 -0.0021814495 -0.00055384158 -0.0024586261 0.99999697 9.7398543e-05 -0.012036196 0.0021816824 -9.2034649e-05 0.99999762 0.85055409
153 0.99999648 0.0017541299 -0.0019928451 -0.00043543746 -0.0017548454 0.9999984 -0.00035737182 -0.0093793387 0.0019922151 0.00036086769 0.99999795 0.84447513
154 0.9999946 0.002729706 0.0018295799 1.0346138e-05 -0.0027280767 0.99999588 -0.00089241062 -0.010811275 -0.0018320083 0.00088741457 0.99999793 0.81400863
155 0.99999389 0.0026035846 0.0023309365 0.00075967628 -0.0026024302 0.99999649 -0.00049814742 -0.0092202858 -0.0023322253 0.00049207828 0.99999716 0.83159832
156 0.99999069 0.003949057 0.0017416318 -0.0035814892 -0.0039487585 0.99999219 -0.0001748212 -0.0062449201 -0.0017423085 0.00016794229 0.99999847 0.83921457
157 0.99999397 0.0031330772 0.0015011797 -0.0024846547 -0.0031337317 0.999995 0.0004338559 -0.0089471645 -0.0014998129 -0.00043855757 0.99999878 0.844183
158 0.999993 0.0037163475 0.00042886478 -0.0024922228 -0.0037163461 0.99999309 -4.1121843e-06 -0.014335044 -0.0004288771 2.5183456e-06 0.99999991 0.83308264
159 0.99999441 0.0031608835 -0.0010935913 -0.0040342123 -0.003160755 0.999995 0.00011920252 -0.013856101 0.0010939626 -0.00011574528 0.99999939 0.80793237
160 0.99999537 0.0028189442 -0.0011478569 -0.0043144591 -0.0028187537 0.99999601 0.00016756133 -0.012074349 0.0011483247 -0.00016432503 0.99999933 0.81178089
161 0.99999026 0.0044096854 -0.00017116947 -0.006358343 -0.0044098164 0.99998998 -0.00077291859 -0.010868287 0.00016775942 0.00077366589 0.99999969 0.81600711
162 0.99999308 0.0037158945 -0.00015421937 -0.0034946971 -0.0037158867 0.99999309 5.0429072e-05 -0.012234041 0.0001544057 -4.9855662e-05 0.99999999 0.82435574
163 0.99998601 0.0047255682 0.0023780989 -0.00047371285 -0.0047233964 0.99998842 -0.00091805976 -0.013388169 -0.0023824097 0.00090681421 0.99999675 0.8392425
164 0.9999763 0.00342122 0.0059745862 0.0052898695 -0.0034148626 0.99999359 -0.001073959 -0.013770792 -0.0059782222 0.0010535311 0.99998158 0.83405096
165 0.99997325 0.0005360994 0.0072944314 0.013623325 -0.00053086091 0.9999996 -0.00072006702 -0.01065383 -0.0072948145 0.00071617543 0.99997314 0.83199816
166 0.99996013 -0.00067533214 0.0089043405 0.021186833 0.00067580496 0.99999977 -5.0091219e-05 -0.010213701 -0.0089043046 5.6106819e-05 0.99996035 0.84201249
167 0.99994414 0.00035594391 0.010563974 0.022052877 -0.00035122318 0.99999984 -0.00044872262 -0.008965471 -0.010564132 0.00044498724 0.9999441 0.8257299
168 0.99996083 -0.00021935888 0.0088478155 0.02369279 0.00021939871 0.99999998 -3.5315629e-06 -0.0082627802 -0.0088478145 5.4726239e-06 0.99996086 0.82992445
169 0.99994295 0.00084400303 0.010648374 0.024233429 -0.00083955345 0.99999956 -0.00042232736 -0.0076248557 -0.010648726 0.00041336339 0.99994322 0.8305132
170 0.99993191 0.0016017448 0.011559229 0.02406358 -0.0015940958 0.9999985 -0.00067090474 -0.0071661953 -0.011560286 0.00065243254 0.99993296 0.83566197
171 0.99994923 -0.00032911353 0.010070935 0.024706317 0.00032876082 0.99999995 3.6678044e-05 -0.0094673937 -0.010070947 -3.3365253e-05 0.99994929 0.82934357
172 0.99995786 2.4045883e-05 0.0091797463 0.022028302 -2.0676666e-05 0.99999993 -0.00036712196 -0.0099762742 -0.0091797545 0.00036691669 0.9999578 0.81940574
173 0.99997065 0.00031428678 0.0076553595 0.018537848 -0.00031130309 0.99999988 -0.00039093935 -0.0088088707 -0.0076554814 0.00038854474 0.99997062 0.81317056
174 0.99997989 0.00032886906 0.0063329182 0.017683712 -0.00032356449 0.9999996 -0.0008386245 -0.0080606083 -0.0063331915 0.00083655853 0.9999796 0.81474767
175 0.99998273 0.0011319633 0.0057676047 0.012488649 -0.0011307851 0.99999934 -0.00020753865 -0.0072117473 -0.0057678358 0.00020101314 0.99998335 0.82284146
176 0.99996877 0.0024305033 0.0075201964 0.007309031 -0.0024291596 0.99999703 -0.00018780001 -0.01065822 -0.0075206305 0.00016952639 0.99997171 0.79503331
177 0.99997143 0.0017531159 0.007352692 0.0060531045 -0.0017518811 0.99999845 -0.00017437503 -0.010798211 -0.0073529863 0.00016148901 0.99997295 0.78748495
178 0.99998038 0.00113092 0.0061612017 0.0061529526 -0.0011284148 0.99999928 -0.00041006811 -0.010557912 -0.006161661 0.00040310768 0.99998094 0.78835764
179 0.9999668 -0.001392356 0.0080292821 0.014557728 0.0014039915 0.99999797 -0.0014436778 -0.011850354 -0.0080272557 0.0014549029 0.99996672 0.75520945
180 0.99996103 -0.0002458215 0.0088247416 0.017497762 0.00025366664 0.99999957 -0.0008878859 -0.010883973 -0.0088245196 0.00089008984 0.99996067 0.75895928
181 0.99996665 0.00010806235 0.0081663343 0.018311063 -0.00010464196 0.99999991 -0.0004192666 -0.010615075 -0.0081663789 0.00041839807 0.99996657 0.7549014
182 0.99997584 0.0004833805 0.0069343717 0.015116667 -0.00048646195 0.99999978 0.00044269386 -0.0094578473 -0.0069341563 -0.00044605647 0.99997586 0.75165198
183 0.99998683 0.0010791706 0.0050174489 0.010042278 -0.0010834919 0.99999904 0.00085862919 -0.012505481 -0.0050165175 -0.00086405424 0.99998704 0.73846849
184 0.9999901 0.0007208164 0.0043920355 0.0082175349 -0.00072519971 0.99999924 0.00099650178 -0.015707501 -0.0043913139 -0.00099967702 0.99998986 0.6926585
185 0.99999788 0.00059049232 0.0019729529 0.0032537461 -0.00059181676 0.9999996 0.00067078288 -0.013802501 -0.001972556 -0.00067194909 0.99999783 0.68711865
186 0.99999964 0.00055333671 -0.00063847626 -0.00078288617 -0.00055296214 0.99999968 0.00058668782 -0.010948755 0.00063880069 -0.00058633456 0.99999962 0.68908543
187 0.99999558 0.00043417662 -0.002940868 -0.0042127605 -0.00043046019 0.99999911 0.0012642366 -0.0096995417 0.0029414143 -0.0012629651 0.99999488 0.67164446
188 0.99999297 0.0010906162 -0.0035889325 -0.0055969012 -0.0010867416 0.99999882 0.0010813777 -0.012123426 0.0035901077 -0.0010774699 0.99999298 0.68149881
189 0.99997722 0.0011957952 -0.0066434828 -0.0080675509 -0.0012017479 0.99999888 -0.00089209498 -0.013079656 0.0066424086 0.00090005845 0.99997753 0.6502937
190 0.9999665 0.00092308708 -0.0081329396 -0.010560653 -0.00093207989 0.99999896 -0.0011020068 -0.009331245 0.0081319138 0.0011095504 0.99996632 0.62946728
191 0.99997155 0.0012324591 -0.0074417364 -0.010676063 -0.0012328627 0.99999924 -4.9644211e-05 -0.010280128 0.0074416696 5.8817437e-05 0.99997231 0.61246844
192 0.99996669 -6.3380046e-05 -0.0081617337 -0.0036733236 5.845028e-05 0.99999982 -0.00060424675 -0.0097252152 0.0081617705 0.00060374957 0.99996651 0.60785194
193 0.99993727 0.00081231794 -0.011170904 -0.010371474 -0.00081880086 0.9999995 -0.00057577816 -0.0085897115 0.011170431 0.00058488879 0.99993744 0.59008693
194 0.99990174 0.0012187209 -0.0139649 -0.017632659 -0.0012177807 0.99999926 7.5835521e-05 -0.008370751 0.013964982 -5.8821885e-05 0.99990248 0.58877981
195 0.99980578 0.001781139 -0.019627427 -0.021194771 -0.0017721943 0.99999832 0.00047310586 -0.0099151655 0.019628237 -0.00043823036 0.99980725 0.57739292
196 0.99969165 0.0022126758 -0.024732575 -0.029856747 -0.0022026187 0.99999748 0.00043386937 -0.0068994636 0.024733473 -0.00037925916 0.99969401 0.57294375
197 0.99952792 0.003329711 -0.030542648 -0.039847376 -0.003331177 0.99999445 2.8867139e-06 -0.0048396362 0.030542488 9.8857615e-05 0.99953346 0.59355511
198 0.99930376 0.0035708839 -0.037138272 -0.047092662 -0.0035639788 0.99999362 0.00025212967 -0.0039576252 0.037138935 -0.00011959412 0.9993101 0.56378294
199 0.99924784 0.0032263585 -0.03864389 -0.045736774 -0.0032382297 0.99999473 -0.00024460773 -0.0079476441 0.038642897 0.00036956154 0.99925302 0.57796992
200 0.99909017 0.0035088473 -0.042503132 -0.051217783 -0.0035342601 0.99999362 -0.0005227766 -0.011777804 0.042501026 0.00067251808 0.9990962 0.56692988
201 0.998828 0.0028061089 -0.048319285 -0.062252589 -0.002795461 0.99999605 0.00028794067 -0.0076493457 0.048319903 -0.00015252852 0.9988319 0.53726033
202 0.99874874 0.0036066559 -0.049879417 -0.069274306 -0.0036287223 0.99999335 -0.0003518461 -0.0092301411 0.049877816 0.0005324044 0.99875519 0.5400729
203 0.99811793 0.0011332643 -0.061313164 -0.061550681 -0.0011054382 0.99999927 0.00048775491 -0.0021593469 0.061313672 -0.00041905901 0.99811846 0.50241108
204 0.99773418 0.0012629866 -0.067267505 -0.06767026 -0.0012791289 0.99999916 -0.00019690193 -0.0026184622 0.0672672 0.0002824996 0.99773496 0.50214371
205 0.99742321 0.00046599398 -0.071740662 -0.065659102 -0.00046052852 0.99999989 9.2724141e-05 -0.00093804511 0.071740698 -5.9446589e-05 0.99742331 0.48623913
206 0.9972491 -0.0014897356 -0.074108059 -0.064584802 0.0015949133 0.9999978 0.0013600892 0.00067454567 0.07410587 -0.0014745436 0.99724929 0.4704513
207 0.99760256 0.0034142225 -0.069119229 -0.083739614 -0.0034426998 0.99999403 -0.00029288521 0.001731792 0.069117817 0.00053013979 0.99760836 0.50810231
208 0.99780264 0.0032025333 -0.066178739 -0.076417732 -0.00318033 0.99999485 0.00044085306 0.0037585486 0.06617981 -0.00022941412 0.99780769 0.51195626
209 0.99737665 -0.0012653924 -0.072375474 -0.072247382 0.0014136272 0.99999701 0.0019969501 0.0026183052 0.07237273 -0.0020940234 0.99737546 0.489515
210 0.99705375 -0.0016938011 -0.076687397 -0.074980411 0.001847125 0.99999643 0.0019284501 -0.0025493651 0.076683858 -0.0020644197 0.99705332 0.50405194
211 0.99715185 -0.00077916914 -0.075416104 -0.07789548 0.0009224487 0.99999784 0.0018650388 -0.0020007322 0.075414487 -0.0019292944 0.99715041 0.4895707
212 0.997357 -0.0005532867 -0.072654663 -0.078399868 0.00073488516 0.99999667 0.0024727663 -0.001672392 0.072653054 -0.0025196236 0.99735409 0.48194075
213 0.99764212 0.0010878142 -0.068622327 -0.070572306 -0.00094040781 0.99999718 0.0021803505 -0.001626927 0.068624505 -0.0021106766 0.99764033 0.48671062
214 0.99759543 0.0014905413 -0.06929027 -0.066028538 -0.0013413554 0.99999668 0.0021995338 -0.002391358 0.069293319 -0.002101302 0.99759412 0.49748564
215 0.99776404 0.0011913121 -0.066824438 -0.086171264 -0.0010045113 0.99999549 0.0028289268 -0.003283146 0.066827507 -0.0027554756 0.99776074 0.4897009
216 0.9980466 0.0027601754 -0.062412802 -0.068166901 -0.0026688118 0.99999524 0.0015471779 -0.0026176856 0.062416775 -0.0013775877 0.99804922 0.4938867
217 0.99860539 0.0043471305 -0.052615353 -0.058858692 -0.0043139198 0.99999042 0.00074475039 -0.003824085 0.052618086 -0.00051673334 0.99861458 0.50885719
218 0.99923451 0.0036951571 -0.038945313 -0.034769992 -0.0037157101 0.99999299 -0.00045536908 -0.0041776784 0.038943357 0.00059972999 0.99924124 0.50973751
219 0.99954178 0.0019679243 -0.03020519 -0.027525326 -0.0019615696 0.99999805 0.00024001235 -0.0074270033 0.030205604 -0.00018065279 0.99954369 0.53173185
220 0.9996278 0.0031046403 -0.027104103 -0.028606569 -0.0030977572 0.99999516 0.00029593865 -0.0080311943 0.02710489 -0.00021186657 0.99963257 0.54999792
221 0.99970617 0.0020929476 -0.02414951 -0.023605052 -0.0021104454 0.99999753 -0.00069909879 -0.0069474327 0.024147987 0.0007498596 0.99970811 0.5603951
222 0.999772 0.002080481 -0.021251493 -0.022535494 -0.0021135567 0.99999659 -0.0015340514 -0.0057748886 0.021248229 0.0015786179 0.99977298 0.57487526
223 0.99988645 0.0018127726 -0.014960313 -0.016613463 -0.0018215639 0.99999818 -0.00057403851 -0.0076235765 0.014959245 0.00060122449 0.99988792 0.55022159
224 0.99997238 -0.00016463968 -0.0074310286 -0.0038341878 0.00016228641 0.99999994 -0.00031728334 -0.0095219007 0.0074310804 0.00031606862 0.99997234 0.56678717
225 0.99998236 0.0017576541 -0.0056731331 -0.007993171 -0.0017647763 0.99999766 -0.0012506665 -0.0079599209 0.0056709216 0.0012606562 0.99998313 0.55944968
226 0.99999335 0.001803906 -0.0031688462 -0.0074960919 -0.0018064703 0.99999804 -0.00080652163 -0.0051463422 0.0031673852 0.00081224069 0.99999465 0.5924959
227 0.99999469 0.00054891234 -0.0032128918 -0.0020178074 -0.00054775287 0.99999978 0.0003617495 -0.010847395 0.0032130896 -0.00035998771 0.99999477 0.60779397
228 0.99999227 -0.00041820701 -0.00390984 -0.0041984735 0.00042089542 0.99999968 0.00068680439 -0.010969054 0.0039095515 -0.00068844471 0.99999212 0.61605607
229 0.99999448 0.00058678495 -0.0032693664 -0.0051130377 -0.00058785555 0.99999977 -0.00032651488 -0.010467029 0.0032691741 0.00032843499 0.9999946 0.61826397
230 0.99999768 0.0021411458 -0.00023385235 -0.0048867744 -0.0021415201 0.99999641 -0.0016118886 -0.0072643461 0.00023040022 0.0016123856 0.99999867 0.64659714
231 0.99999611 0.001101347 0.002560794 -0.0016334133 -0.0011006901 0.99999936 -0.00025791134 -0.0056495607 -0.0025610764 0.00025509169 0.99999669 0.66263312
232 0.99998927 0.0010119095 0.0045215331 0.00063633266 -0.001012257 0.99999948 7.4559945e-05 -0.0067811528 -0.0045214553 -7.9136098e-05 0.99998978 0.67394647
233 0.99998154 0.0005277567 0.0060539688 -0.00066430263 -0.00053139161 0.99999968 0.00059882469 -0.0083114674 -0.0060536508 -0.00060203067 0.9999815 0.67895906
234 0.99998531 0.00013693973 0.0054184985 0.0033864713 -0.00013739934 0.99999999 8.4450428e-05 -0.0095471128 -0.0054184869 -8.5193686e-05 0.99998532 0.67675327
235 0.99998484 0.00011194832 0.0055058589 0.006846246 -0.00010865267 0.99999981 -0.00059886652 -0.008408189 -0.0055059249 0.00059825921 0.99998466 0.69920176
236 0.9999917 0.0005741948 0.0040334466 0.0026072306 -0.00057513128 0.99999981 0.00023102366 -0.007255831 -0.0040333131 -0.00023334151 0.99999184 0.71329323
237 0.99999217 0.00091032682 0.0038520147 0.0025040578 -0.00091001354 0.99999958 -8.3081053e-05 -0.008081201 -0.0038520887 7.9575017e-05 0.99999258 0.72817521
238 0.99999597 0.0013554602 0.0024937993 0.00040044343 -0.0013540605 0.99999892 -0.00056286462 -0.0067794774 -0.0024945596 0.0005594856 0.99999673 0.74711824
239 0.99999861 0.0014368341 -0.00084357524 -0.0047419253 -0.0014372751 0.99999883 -0.00052248357 -0.0050020442 0.00084282353 0.0005236953 0.99999951 0.76840834
240 0.99999967 0.00072491386 -0.00036149573 0.0015167581 -0.0007246671 0.9999995 0.00068226962 -0.0091598573 0.00036199013 -0.00068200743 0.9999997 0.75925943
241 0.999982 -0.0002294927 -0.0059953027 -0.0039757641 0.00023132662 0.99999993 0.00030520185 -0.011301757 0.0059952322 -0.00030658323 0.99998198 0.77234948
242 0.99997241 -0.0023744028 -0.0070388344 -0.0033008208 0.0023801454 0.99999684 0.00080758068 -0.011227891 0.0070368947 -0.00082431184 0.9999749 0.76140134
243 0.99999123 0.0017483111 -0.0038049407 -0.0075061098 -0.001747001 0.99999841 0.00034762311 -0.011576935 0.0038055424 -0.00034097283 0.9999927 0.76111391
244 0.99997839 0.0065705252 0.00021078413 -0.0094330021 -0.0065699993 0.99997552 -0.0024056131 -0.0076460015 -0.00022658512 0.0024041763 0.99999708 0.791685
245 0.99998232 0.0057894441 0.0013554421 -0.0094281443 -0.0057863359 0.99998065 -0.0022859023 -0.0024655525 -0.00136865 0.0022780188 0.99999647 0.82115028
246 0.99999886 0.001441412 -0.00045394731 -0.0055215454 -0.0014416587 0.99999881 -0.00054350844 -0.0051451077 0.00045316335 0.00054416226 0.99999975 0.82698923
247 0.99999862 0.0015828268 -0.00050207406 -0.0025706244 -0.0015828192 0.99999875 1.5447621e-05 -0.0065814236 0.00050209789 -1.4652907e-05 0.99999987 0.8482707
248 0.9999957 0.0029332182 6.4565831e-05 0.00067140441 -0.0029332375 0.99999565 0.00030110866 -0.010903235 -6.3682333e-05 -0.00030129675 0.99999995 0.86051789
249 0.99999613 0.0010341377 -0.0025813482 -0.0019214565 -0.0010322461 0.9999992 0.00073402651 -0.012399419 0.0025821052 -0.00073135908 0.9999964 0.8659271
250 0.99999452 0.0011240906 -0.0031141077 -0.0030002372 -0.0011214007 0.999999 0.00086537559 -0.013577278 0.0031150774 -0.00086187869 0.99999478 0.88464883
251 0.99999772 0.0015374376 -0.0014840691 -0.0036731025 -0.0015360153 0.99999836 0.00095903088 -0.015082426 0.0014855411 -0.00095674914 0.99999844 0.88013967
252 0.99999672 0.0023086761 0.0011078962 -0.00046284829 -0.0023087454 0.99999733 6.1304013e-05 -0.017136777 -0.0011077517 -6.3861663e-05 0.99999938 0.85745961
253 0.99999195 0.0036537208 0.0016583736 -0.0014599895 -0.0036521096 0.99999286 -0.0009735592 -0.015508331 -0.0016619189 0.0009674948 0.99999815 0.85352249
254 0.99997115 0.0064480811 0.0040163449 -0.0048333804 -0.0064422018 0.99997816 -0.0014750626 -0.012458249 -0.0040257685 0.0014491459 0.99999085 0.85779525
255 0.99995646 0.0075467957 0.0054877539 -0.0074490459 -0.0075402392 0.99997083 -0.0012144568 -0.011788405 -0.0054967591 0.001173025 0.9999842 0.86542723
256 0.99996944 0.0059564315 0.0050626313 -0.0041577394 -0.0059524782 0.99998197 -0.00079558476 -0.010525436 -0.0050672788 0.00076542525 0.99998687 0.8983386
257 0.99998142 0.004412242 0.0042063083 -0.0028733934 -0.0044128638 0.99999025 0.00013857265 -0.012627274 -0.0042056559 -0.00015713194 0.99999114 0.8764671
258 0.99998917 0.0041050385 0.0021931456 -0.0037053168 -0.0041039089 0.99999144 -0.00051931365 -0.0087023483 -0.0021952586 0.00051030755 0.99999746 0.89049029
259 0.99999758 0.00093076127 0.0019952085 0.0023249601 -0.00092978473 0.99999945 -0.00049031085 -0.008854513 -0.0019956637 0.00048845455 0.99999789 0.90040351
