4 0.99916297 0.0018520035 0.040865053 0.057337472 -0.0017759496 0.99999656 -0.0018972952 -0.098701074 -0.04086843 0.0018231339 0.99916291 6.2861235
5 0.9963038 0.0077574636 0.085548718 0.13567944 -0.0074880802 0.99996589 -0.0034693128 -0.10370917 -0.08557272 0.0028158951 0.99632799 7.2744733
6 0.99150937 0.0085378793 0.12975475 0.27113308 -0.0079281224 0.99995491 -0.0052151138 -0.11847947 -0.12979343 0.0041421241 0.99153244 8.262108
7 0.98461653 0.010050372 0.17444001 0.45060823 -0.0089939629 0.99993606 -0.0068454736 -0.13886026 -0.17449767 0.0051712609 0.98464405 9.2389443
8 0.97634589 0.011824951 0.21589096 0.67026353 -0.010356876 0.99991486 -0.0079301632 -0.15646077 -0.21596638 0.0055066278 0.97638531 10.204624
9 0.96612467 0.013089312 0.25774372 0.93343957 -0.011103624 0.99989635 -0.0091582057 -0.18033768 -0.2578369 0.0059860807 0.96616995 11.158581
10 0.95415792 0.015353691 0.29890962 1.2276032 -0.013320651 0.99987216 -0.0088378649 -0.2020215 -0.29900712 0.0044510495 0.95424054 12.10579
11 0.94069475 0.0165336 0.33885109 1.5694295 -0.014279705 0.99985617 -0.0091437746 -0.22775097 -0.33895356 0.0037628084 0.94079562 13.037148
12 0.92376673 0.018270588 0.38251961 1.9519739 -0.015683114 0.99982812 -0.0098816056 -0.24829009 -0.38263444 0.003129201 0.92389457 13.939708
13 0.90499261 0.019603383 0.42497543 2.3738983 -0.016574492 0.99980399 -0.01082356 -0.27265778 -0.42510435 0.0027514908 0.90514021 14.826466
14 0.88512537 0.021163999 0.46487116 2.8353842 -0.01748998 0.99977236 -0.012214903 -0.29950354 -0.46502389 0.0026811343 0.88529411 15.688973
15 0.86413778 0.02280989 0.50273815 3.3406775 -0.017945417 0.99973357 -0.014513518 -0.33140108 -0.50293529 0.0035198352 0.86431694 16.527126
16 0.8410666 0.024944027 0.54035617 3.8685401 -0.019449467 0.99968475 -0.015874465 -0.36494963 -0.54058184 0.0028418439 0.84128668 17.346381
17 0.81641905 0.024179919 0.57695347 4.4433238 -0.017924561 0.99970258 -0.016533004 -0.40294689 -0.57718168 0.003156223 0.81660971 18.134009
18 0.79021204 0.029954374 0.61210106 5.032715 -0.02285345 0.9995503 -0.019411552 -0.4386395 -0.6124073 0.0013506222 0.7905413 18.909576
19 0.76152845 0.031282969 0.64737611 5.6586356 -0.02416345 0.99951038 -0.01987484 -0.47315779 -0.64768094 -0.00050758249 0.76191156 19.655809
20 0.73015013 0.030882755 0.6825885 6.3207495 -0.023944628 0.9995209 -0.019608863 -0.50979714 -0.68286711 -0.0020269128 0.73053986 20.357935
21 0.69756851 0.030812128 0.7158553 7.0033131 -0.024679483 0.99951531 -0.018972498 -0.54257083 -0.71609298 -0.0044323208 0.69799089 21.027623
22 0.66523008 0.031941689 0.74595489 7.7250326 -0.025793202 0.99947123 -0.019795278 -0.57562333 -0.74619281 -0.0060721502 0.66570226 21.661861
23 0.63201407 0.032658684 0.77426846 8.48597 -0.025550502 0.99944652 -0.021300533 -0.60717258 -0.77453563 -0.0063207111 0.63249876 22.26222
24 0.59829576 0.035208627 0.80050145 9.2601919 -0.027059171 0.99935206 -0.023730658 -0.64253433 -0.80081836 -0.0074629536 0.59886086 22.841394
25 0.56493918 0.035265514 0.82437861 10.065699 -0.024449963 0.99936295 -0.025995708 -0.68180105 -0.82477026 -0.0054700318 0.56544157 23.383207
26 0.53075733 0.034695711 0.84681338 10.896421 -0.021500891 0.99939128 -0.027471029 -0.72052084 -0.84725111 -0.003626791 0.53118028 23.894187
27 0.49660834 0.034574482 0.86728588 11.749237 -0.018957638 0.99939997 -0.028986076 -0.75857399 -0.86776773 -0.0020469643 0.49696585 24.371371
28 0.46118764 0.035618795 0.88658744 12.622593 -0.019552974 0.99935923 -0.029978296 -0.79701557 -0.8870872 -0.0035098013 0.46158862 24.827318
29 0.42537324 0.033929038 0.90438181 13.512806 -0.017550504 0.99941828 -0.029239625 -0.83632281 -0.90484786 -0.0034346016 0.4257213 25.243831
30 0.39397313 0.035134043 0.91845022 14.429264 -0.01808646 0.99937193 -0.030471326 -0.88030654 -0.91894402 -0.0046066291 0.39436118 25.634237
31 0.36112671 0.037966256 0.93174358 15.357951 -0.022420679 0.99923546 -0.032026539 -0.92521476 -0.93224722 -0.0093246846 0.36170187 26.008238
32 0.32965125 0.038648608 0.94331138 16.30454 -0.024189382 0.99917943 -0.032484325 -0.96969236 -0.94379288 -0.012109621 0.33031566 26.348957
33 0.30191546 0.040189247 0.95248722 17.28054 -0.024730097 0.99910491 -0.034317388 -1.017139 -0.95301393 -0.013194152 0.30263913 26.661223
34 0.27140381 0.04063276 0.9616075 18.268012 -0.023011861 0.99909673 -0.035722007 -1.0625728 -0.96219047 -0.01243329 0.27209372 26.937749
35 0.24493342 0.041262438 0.96866148 19.274578 -0.023744184 0.99904954 -0.036552991 -1.1057921 -0.96924915 -0.014047027 0.24568038 27.194723
36 0.22177405 0.041707191 0.97420573 20.308453 -0.023408288 0.99902458 -0.037440918 -1.1537931 -0.97481711 -0.014501065 0.22253404 27.42911
37 0.19770479 0.041545771 0.97938082 21.363179 -0.023002877 0.99902291 -0.037735472 -1.2026018 -0.97999171 -0.015068093 0.19846731 27.641499
38 0.17614885 0.04071721 0.98352108 22.435999 -0.021892676 0.999059 -0.037439487 -1.2539011 -0.9841201 -0.014936986 0.17687451 27.835194
39 0.15816 0.040293487 0.98659104 23.538906 -0.020576582 0.99908451 -0.03750511 -1.305579 -0.98719912 -0.014368863 0.15884432 28.013835
40 0.13922257 0.03944362 0.98947527 24.638449 -0.018801943 0.99913152 -0.03718305 -1.3571635 -0.99008264 -0.013427338 0.13984329 28.17073
41 0.12202957 0.038951949 0.99176185 25.775657 -0.019093196 0.99913677 -0.036892313 -1.4088114 -0.99234284 -0.014433951 0.12266796 28.317449
42 0.10436426 0.037519881 0.99383117 26.927508 -0.017323185 0.99920504 -0.035903615 -1.4597524 -0.9943883 -0.013469268 0.10493126 28.443988
43 0.091389583 0.036184142 0.99515762 28.071236 -0.016634577 0.9992556 -0.03480552 -1.5110409 -0.99567631 -0.013373164 0.091923469 28.55336
44 0.079967712 0.03557033 0.99616261 29.250735 -0.017351378 0.9992613 -0.03428808 -1.5615741 -0.99664646 -0.014542855 0.080525841 28.650975
45 0.073680442 0.033749421 0.99671069 30.410253 -0.017597188 0.99931556 -0.032536775 -1.6147495 -0.99712668 -0.015141981 0.074223914 28.741787
46 0.067594681 0.033333484 0.99715589 31.584186 -0.019304593 0.99929827 -0.032096491 -1.6658193 -0.99752612 -0.017080137 0.068190743 28.825318
47 0.064114151 0.032269849 0.9974207 32.783592 -0.021656134 0.99928661 -0.030938161 -1.7107638 -0.9977076 -0.019616703 0.064767259 28.904624
48 0.063899131 0.031557337 0.9974573 34.000252 -0.02333622 0.99927379 -0.03011984 -1.7533718 -0.99768352 -0.021352252 0.064589162 28.982278
49 0.061701207 0.03060023 0.99762549 35.256992 -0.025261456 0.99925754 -0.029087917 -1.7891655 -0.99777497 -0.023406713 0.062428408 29.059106
50 0.060805409 0.029258461 0.99772074 36.532677 -0.026749109 0.999259 -0.027673364 -1.8243202 -0.99779119 -0.025005451 0.061542996 29.137199
51 0.058345019 0.028414296 0.99789204 37.806987 -0.029074911 0.99921912 -0.026752124 -1.860607 -0.99787303 -0.027452771 0.059125607 29.214494
52 0.057237765 0.028447626 0.99795521 39.092685 -0.031937077 0.99913448 -0.026649489 -1.8976822 -0.99784966 -0.030346417 0.058096763 29.289826
53 0.057276212 0.028326656 0.99795644 40.41481 -0.034410131 0.99905944 -0.026383045 -1.9325967 -0.99776523 -0.032828693 0.058197069 29.364124
54 0.054783998 0.028510841 0.99809112 41.762428 -0.038767161 0.99889925 -0.026406043 -1.9718302 -0.99774541 -0.037246533 0.055828984 29.445006
55 0.052885043 0.028074773 0.9982059 43.124794 -0.040929608 0.99882561 -0.025923747 -2.0106852 -0.9977615 -0.0394852 0.05397203 29.521086
56 0.051878889 0.029307219 0.99822327 44.510701 -0.043280215 0.99869606 -0.027071773 -2.0531763 -0.99771513 -0.041798867 0.053079669 29.590209
57 0.047750729 0.029177799 0.99843305 45.896112 -0.046721135 0.99854439 -0.026946583 -2.098917 -0.99776604 -0.045361209 0.049044447 29.661893
58 0.045310408 0.03167169 0.99847078 47.304868 -0.052849926 0.99817353 -0.029263941 -2.1414166 -0.99757402 -0.051443149 0.046901501 29.726081
59 0.043143284 0.036433144 0.99840438 48.745846 -0.060279819 0.99760906 -0.033799295 -2.1925316 -0.99724875 -0.058725427 0.045236318 29.794252
60 0.041034758 0.036483872 0.99849141 50.193335 -0.062048074 0.99749731 -0.033897573 -2.2482389 -0.99722929 -0.060563495 0.043195818 29.854846
61 0.041091544 0.040288138 0.99834282 51.661516 -0.068482958 0.99695046 -0.037413206 -2.3116862 -0.99680572 -0.066832108 0.043725288 29.922395
62 0.040101278 0.041058585 0.9983517 53.153674 -0.070936461 0.99675121 -0.038143422 -2.3787276 -0.99667446 -0.069289941 0.042883552 29.98515
63 0.036665582 0.041591218 0.99846173 54.686826 -0.071960137 0.99664963 -0.038873208 -2.4527352 -0.99673339 -0.070424139 0.039535653 30.048433
64 0.035557546 0.041560892 0.99850307 56.269723 -0.072783974 0.99658918 -0.03888933 -2.5292034 -0.99671372 -0.071292218 0.038461237 30.102634
65 0.033324377 0.044744145 0.99844253 57.849697 -0.075252826 0.99627381 -0.04213529 -2.6029501 -0.99660753 -0.073731494 0.036567331 30.153778
66 0.033143408 0.047105962 0.99833991 59.445691 -0.078499373 0.99592551 -0.044385977 -2.6814707 -0.99636311 -0.076897959 0.036706157 30.208039
67 0.034233142 0.048419168 0.9982403 61.061932 -0.08076737 0.99569268 -0.045525801 -2.7638452 -0.99614497 -0.079066758 0.037996381 30.264106
68 0.034553238 0.048342064 0.99823301 62.683118 -0.08106645 0.99567357 -0.045412049 -2.847015 -0.99610962 -0.079354079 0.038322668 30.322887
69 0.034189314 0.047332266 0.99829393 64.334452 -0.082987557 0.9955627 -0.044360632 -2.9310118 -0.99596397 -0.081329321 0.037965598 30.384358
70 0.0339709 0.045793738 0.99837315 66.006174 -0.085799604 0.9953953 -0.042737709 -3.0173883 -0.99573314 -0.084208189 0.037743562 30.445038
71 0.033850791 0.044720386 0.99842588 67.687711 -0.088602662 0.99519909 -0.041571855 -3.1069198 -0.99549172 -0.087055957 0.037650625 30.506996
72 0.034006819 0.043732174 0.99846435 69.392803 -0.090968727 0.99503048 -0.040483457 -3.1995477 -0.99527298 -0.089452324 0.037816085 30.570794
73 0.034333834 0.042572401 0.99850328 71.105698 -0.093380789 0.99485818 -0.039206061 -3.2926878 -0.99503834 -0.091894936 0.038132744 30.635693
74 0.036046322 0.042052245 0.99846497 72.835106 -0.096594608 0.99458267 -0.0384015 -3.3815661 -0.99467091 -0.095062107 0.039913071 30.702318
75 0.039430127 0.04151981 0.99835935 74.578546 -0.099552987 0.99432832 -0.037420328 -3.466623 -0.99425074 -0.097914175 0.043339917 30.77512
76 0.040852061 0.040641589 0.99833832 76.345855 -0.10171345 0.99415085 -0.036308999 -3.5498112 -0.99397463 -0.10006115 0.044746911 30.854291
77 0.041948825 0.039607951 0.99833438 78.12296 -0.10507942 0.99384716 -0.035014611 -3.6289284 -0.99357873 -0.10343558 0.045852705 30.934689
78 0.042905292 0.038460257 0.99833861 79.914359 -0.10775178 0.99360822 -0.033647207 -3.7088911 -0.99325161 -0.10612912 0.046775217 31.019629
79 0.043552055 0.037890331 0.9983324 81.713014 -0.11004602 0.99338172 -0.032901698 -3.7897426 -0.99297189 -0.10842958 0.0474335 31.10818
80 0.04548017 0.037310515 0.99826826 83.522877 -0.11264545 0.99312022 -0.031986083 -3.8687595 -0.99259389 -0.11099565 0.049370141 31.199605
81 0.047416083 0.036369424 0.99821291 85.361576 -0.11408475 0.99299464 -0.030760162 -3.9472128 -0.99233888 -0.11242235 0.051233118 31.297171
82 0.048941093 0.035911567 0.99815588 87.199021 -0.11649555 0.99273782 -0.030004683 -4.0224639 -0.99198469 -0.11481227 0.052769217 31.396603
83 0.050926914 0.035887691 0.99805739 89.05584 -0.11775324 0.9925991 -0.029682942 -4.0991531 -0.9917362 -0.11601284 0.054775906 31.499802
84 0.052374201 0.035587786 0.99799323 90.940303 -0.11897896 0.99246882 -0.02914683 -4.1755326 -0.99151451 -0.11721366 0.056213964 31.607653
85 0.054974339 0.035861772 0.99784357 92.822299 -0.12071733 0.99226287 -0.029010508 -4.2519407 -0.99116357 -0.11886219 0.058878138 31.718391
86 0.055214423 0.035446844 0.99784514 94.731032 -0.12144097 0.99218861 -0.02852613 -4.3273676 -0.99106182 -0.11960424 0.059087826 31.835091
87 0.053187059 0.035400985 0.99795688 96.655098 -0.12194904 0.99212143 -0.02869459 -4.4045482 -0.99111031 -0.12017371 0.057085143 31.951972
88 0.04884583 0.033803202 0.99823417 98.596341 -0.12168882 0.99218322 -0.027643792 -4.4813453 -0.99136572 -0.12012366 0.052577489 32.064482
89 0.045045345 0.031820539 0.99847804 100.55829 -0.12113945 0.99229071 -0.026158268 -4.5584583 -0.99161294 -0.11977678 0.048552804 32.169166
90 0.041190479 0.029714964 0.99870936 102.50783 -0.12002193 0.99246687 -0.024579079 -4.6340206 -0.99191641 -0.11885461 0.044446637 32.265494
91 0.037507678 0.027745979 0.99891109 104.46408 -0.11899355 0.99262614 -0.023103369 -4.7075082 -0.99218636 -0.11799743 0.040532698 32.354157
92 0.033642903 0.025844922 0.99909971 106.43714 -0.11817769 0.99275524 -0.021701378 -4.7782264 -0.99242242 -0.11734121 0.036453465 32.435234
93 0.028834905 0.023166425 0.99931571 108.43423 -0.11752856 0.99287549 -0.01962588 -4.8447938 -0.99265083 -0.11688223 0.03135219 32.508536
94 0.026493978 0.021775686 0.99941179 110.4227 -0.11880354 0.99274571 -0.018481011 -4.9083801 -0.99256429 -0.11824404 0.028888815 32.573451
95 0.02613173 0.0217988 0.99942082 112.42791 -0.12014656 0.99258356 -0.018508212 -4.972082 -0.99241222 -0.11959333 0.028556979 32.634127
96 0.025038409 0.022157753 0.99944091 114.44583 -0.12088685 0.99248486 -0.018975028 -5.035939 -0.9923505 -0.12034417 0.027528825 32.695311
97 0.02157311 0.022932202 0.99950425 116.48881 -0.12090729 0.99245899 -0.020160917 -5.1033207 -0.99242939 -0.12041243 0.0241831 32.75176
98 0.017779077 0.021427548 0.99961232 118.53616 -0.12027733 0.9925558 -0.019137035 -5.1704568 -0.99258115 -0.11989047 0.020223976 32.801387
99 0.013979079 0.019911708 0.99970403 120.5956 -0.12070458 0.99252374 -0.018080854 -5.2347349 -0.99259008 -0.12041611 0.016278003 32.844341
100 0.0098276848 0.016841612 0.99980989 122.64221 -0.12016801 0.99263188 -0.015539501 -5.2950133 -0.99270496 -0.11999245 0.011779098 32.878196
101 0.0063949794 0.014288119 0.99987748 124.69939 -0.12066933 0.99260209 -0.013412382 -5.3498474 -0.9926722 -0.12056879 0.0080718088 32.904802
102 0.0043890044 0.012413366 0.99991333 126.77071 -0.12082942 0.99260318 -0.011792246 -5.402995 -0.99266362 -0.1207672 0.0058564403 32.924572
103 0.00053076342 0.0099397512 0.99995047 128.83593 -0.12081405 0.99262669 -0.0098028233 -5.4512893 -0.99267505 -0.12080287 0.001727712 32.937455
104 -0.003806071 0.0066628079 0.99997057 130.91258 -0.12074253 0.9926586 -0.0070736554 -5.4938553 -0.9926766 -0.12076591 -0.0029736447 32.941149
105 -0.0076952069 0.0046686097 0.99995951 133.01813 -0.12192755 0.9925233 -0.0055721863 -5.53437 -0.99250921 -0.1219655 -0.0070684403 32.935914
106 -0.008885486 0.0032040725 0.9999554 135.13064 -0.12207531 0.99251162 -0.0042649668 -5.5740774 -0.9924811 -0.12210777 -0.0084278103 32.923811
107 -0.011346401 0.0018548835 0.99993392 137.22785 -0.12181475 0.99254756 -0.0032234311 -5.6122993 -0.99248803 -0.12184329 -0.011035891 32.909639
108 -0.013751786 0.0017992393 0.99990384 139.35815 -0.12272722 0.9924343 -0.0034736784 -5.6473775 -0.9923452 -0.12276319 -0.01342693 32.889513
109 -0.017476767 0.00031951719 0.99984723 141.4797 -0.12370217 0.99231623 -0.0024793538 -5.6804852 -0.99216552 -0.12372661 -0.017302955 32.863677
110 -0.022021845 -0.0016789123 0.99975609 143.61763 -0.12513355 0.99213925 -0.0010902217 -5.7105623 -0.99189551 -0.12512705 -0.022058826 32.83032
111 -0.026266116 -0.0036006482 0.99964852 145.76717 -0.12681916 0.99192577 0.00024061447 -5.7375766 -0.99157807 -0.12676827 -0.026510671 32.785992
112 -0.030481802 -0.0049473642 0.99952309 147.91848 -0.12860074 0.9916959 0.00098677009 -5.7624063 -0.99122792 -0.12850934 -0.030864914 32.731432
113 -0.034963008 -0.006260591 0.99936901 150.07736 -0.13004817 0.99150623 0.0016615892 -5.784894 -0.99089108 -0.12990802 -0.035480221 32.666695
114 -0.038549879 -0.0073606842 0.99922958 152.24929 -0.13136266 0.9913318 0.002234588 -5.8068822 -0.99058459 -0.13117533 -0.039182643 32.590757
115 -0.041864662 -0.0087003313 0.99908542 154.4273 -0.13325493 0.99107705 0.0030468137 -5.8275218 -0.99019723 -0.13300551 -0.042650471 32.507448
116 -0.045450549 -0.0094886714 0.99892154 156.6302 -0.13512059 0.99082373 0.0032638164 -5.8485703 -0.98978621 -0.13482654 -0.0463156 32.414279
117 -0.047188374 -0.0089188506 0.9988462 158.81303 -0.13647368 0.99064073 0.0023981733 -5.8701199 -0.98951921 -0.13620307 -0.047963918 32.312726
118 -0.048058989 -0.0077774472 0.99881423 161.02803 -0.13920579 0.9902629 0.00101283 -5.8878157 -0.98909664 -0.13899206 -0.048673703 32.207133
119 -0.049131589 -0.0070416876 0.99876751 163.25316 -0.14030344 0.99010849 7.8801883e-05 -5.910569 -0.98888882 -0.14012665 -0.04963358 32.099867
120 -0.05034738 -0.0062864847 0.998712 165.47832 -0.14296585 0.98972708 -0.00097730966 -5.9355576 -0.98844625 -0.14283092 -0.050728922 31.990581
121 -0.051563635 -0.0058215967 0.99865276 167.72629 -0.14439028 0.98951932 -0.0016869771 -5.9639081 -0.98817646 -0.14428275 -0.051863799 31.87826
122 -0.053518654 -0.0063131368 0.99854691 169.97427 -0.14590767 0.98929691 -0.0015654894 -5.9948098 -0.98784957 -0.14577945 -0.053866978 31.762299
123 -0.05486451 -0.0066521159 0.99847166 172.23246 -0.14769165 0.98903222 -0.0015262048 -6.0257809 -0.98751057 -0.14754968 -0.055245234 31.641521
124 -0.057514497 -0.0081480342 0.99831144 174.4992 -0.14881373 0.98886506 -0.00050248804 -6.0566725 -0.98719128 -0.14859136 -0.05808662 31.515661
125 -0.059500616 -0.0093070937 0.99818489 176.77662 -0.15026381 0.98864584 0.0002611053 -6.0877923 -0.98685386 -0.14997554 -0.06022356 31.384718
126 -0.060280109 -0.0089688517 0.99814122 179.05853 -0.15269068 0.98827391 -0.00034116178 -6.120976 -0.98643395 -0.15242744 -0.060942723 31.249652
127 -0.059449265 -0.0079976683 0.9981993 181.32974 -0.15481383 0.98794274 -0.0013046787 -6.1567824 -0.9861534 -0.15461264 -0.059970624 31.114028
128 -0.059636374 -0.0068820157 0.99819646 183.61722 -0.15589982 0.98776964 -0.0025039686 -6.1955437 -0.985971 -0.15576798 -0.059979909 30.981117
129 -0.057982402 -0.004857227 0.9983058 185.93825 -0.15723441 0.98755177 -0.004327396 -6.2391764 -0.98585773 -0.15721895 -0.058024351 30.848308
130 -0.056606001 -0.0037297456 0.99838964 188.25719 -0.15953103 0.98717832 -0.0053571158 -6.2845625 -0.98556871 -0.15957739 -0.056475231 30.718841
131 -0.056728125 -0.0034199826 0.99838382 190.57617 -0.16077034 0.98697501 -0.0057540612 -6.3313516 -0.98536028 -0.16083693 -0.056539078 30.591061
132 -0.057726212 -0.0036478965 0.9983258 192.90231 -0.1612558 0.98689602 -0.0057181642 -6.3753393 -0.98522298 -0.16131592 -0.057558018 30.461295
133 -0.058283105 -0.0033779789 0.99829439 195.24312 -0.16348038 0.986527 -0.0062062614 -6.4206793 -0.9848235 -0.16356328 -0.058050095 30.329506
134 -0.058491428 -0.0034224861 0.99828206 197.60209 -0.16565062 0.98616416 -0.0063248729 -6.4670321 -0.98444842 -0.165736 -0.058249092 30.195123
135 -0.058356182 -0.0033551633 0.9982902 199.98988 -0.16721118 0.98589987 -0.0064609969 -6.5171257 -0.98419259 -0.16730233 -0.058094378 30.059974
136 -0.058934609 -0.004216607 0.99825295 202.35511 -0.16676732 0.98597985 -0.0056808009 -6.5651424 -0.98423343 -0.16681078 -0.058811534 29.925418
137 -0.059456115 -0.0037642299 0.99822384 204.70298 -0.16875558 0.98563751 -0.0063346355 -6.6094911 -0.9838631 -0.16883249 -0.059237417 29.791283
138 -0.059445937 -0.0033551975 0.9982259 207.07418 -0.17046891 0.98533926 -0.0068398097 -6.6587737 -0.9835683 -0.17057309 -0.059146377 29.6555
139 -0.060243963 -0.0036496964 0.99817703 209.44514 -0.17144195 0.98517107 -0.0067450623 -6.7084877 -0.9833506 -0.17153578 -0.059976326 29.517313
140 -0.06056737 -0.0046314366 0.99815338 211.82963 -0.17117824 0.98522285 -0.0058155568 -6.7597484 -0.98337667 -0.17121439 -0.060465163 29.377093
141 -0.060584558 -0.0045994632 0.99815249 214.20868 -0.1726866 0.98495883 -0.0059428379 -6.8092436 -0.98311186 -0.17272762 -0.060467565 29.237653
142 -0.060900289 -0.0044782603 0.99813382 216.58943 -0.17466424 0.98460823 -0.0062394135 -6.8587215 -0.98274291 -0.17471828 -0.060745122 29.096968
143 -0.061259554 -0.0041022058 0.99811345 218.9706 -0.17711604 0.98416625 -0.0068256733 -6.9088166 -0.98228165 -0.17720006 -0.061016156 28.955739
144 -0.062938455 -0.0046076652 0.99800679 221.38506 -0.17733165 0.98412869 -0.0066396778 -6.9608066 -0.9821366 -0.1773961 -0.062756629 28.811127
145 -0.064420793 -0.005297137 0.99790878 223.79738 -0.1777523 0.98405535 -0.0062513397 -7.0130179 -0.98196444 -0.17778331 -0.064335209 28.662618
146 -0.066162587 -0.0061684253 0.9977898 226.18051 -0.17798132 0.98401719 -0.0057185063 -7.0655735 -0.98180713 -0.17796632 -0.066202992 28.511847
147 -0.066522066 -0.0061407185 0.99776607 228.56673 -0.17970216 0.98370315 -0.0059267541 -7.1187721 -0.98146932 -0.179695 -0.066541471 28.357088
148 -0.067377554 -0.0066642605 0.99770531 230.96282 -0.18040274 0.98357675 -0.0056131635 -7.1704114 -0.98128242 -0.18036699 -0.067473252 28.20027
149 -0.066517315 -0.006446886 0.99776446 233.38256 -0.18165524 0.98334537 -0.0057565712 -7.2228096 -0.98111003 -0.18163206 -0.066580609 28.040241
150 -0.06644237 -0.0060331931 0.99777204 235.80979 -0.18234873 0.98321433 -0.0061975668 -7.271067 -0.98098645 -0.18235426 -0.06642724 27.882484
151 -0.067563462 -0.0069279178 0.99769094 238.22103 -0.18241285 0.98320644 -0.0055256285 -7.3202136 -0.98089796 -0.18236499 -0.067692578 27.725418
152 -0.066345125 -0.0067790954 0.99777372 240.6419 -0.18368907 0.98296875 -0.005535558 -7.3691672 -0.98074294 -0.1836474 -0.066460436 27.566492
153 -0.066166915 -0.0064102514 0.99778799 243.05589 -0.18467266 0.98278212 -0.0059324616 -7.4177717 -0.98057025 -0.18465671 -0.066211464 27.410746
154 -0.065565887 -0.0063920725 0.99782778 245.48109 -0.18569615 0.9825894 -0.0059073811 -7.4709007 -0.98041732 -0.18568011 -0.065611334 27.25582
155 -0.06518254 -0.0062444369 0.99785383 247.90159 -0.18599527 0.98253225 -0.0060011619 -7.5236945 -0.98038618 -0.18598728 -0.065205388 27.101819
156 -0.065946359 -0.0065518648 0.99780167 250.29958 -0.18615811 0.98250231 -0.0058520914 -7.5742333 -0.98030419 -0.18613482 -0.066012138 26.94894
157 -0.066082194 -0.0058111591 0.99779728 252.69789 -0.18756707 0.98222888 -0.0067017163 -7.6273718 -0.98002643 -0.18759679 -0.065997827 26.795102
158 -0.066981001 -0.0058847674 0.99773691 255.1008 -0.18842843 0.98206292 -0.0068574311 -7.6816295 -0.97980015 -0.18846133 -0.06688842 26.63983
159 -0.067272526 -0.0055419445 0.99771926 257.49469 -0.19079705 0.98160146 -0.0074123231 -7.7351512 -0.97932169 -0.19086055 -0.067092201 26.483944
160 -0.06751056 -0.0050440919 0.99770582 259.92465 -0.19245529 0.98127257 -0.0080616293 -7.7920684 -0.97898077 -0.19255803 -0.067217028 26.325046
161 -0.068040673 -0.0050163075 0.99766995 262.35598 -0.19371372 0.98102311 -0.0082785871 -7.8484284 -0.97869583 -0.19382566 -0.067721205 26.165673
162 -0.070089617 -0.0058618974 0.99752349 264.78189 -0.19344216 0.9810804 -0.007826676 -7.9036781 -0.97860495 -0.19351168 -0.069897493 26.004166
163 -0.072079634 -0.0078232763 0.99736821 267.15728 -0.1923179 0.98131302 -0.006201441 -7.9547071 -0.97868198 -0.19225877 -0.072237245 25.839485
164 -0.073265851 -0.0086492767 0.99727495 269.5445 -0.19306587 0.98116933 -0.0056741919 -8.0032982 -0.9784466 -0.1929555 -0.073556092 25.668658
165 -0.074761732 -0.010151923 0.99714976 271.95307 -0.19315658 0.9811576 -0.0044928887 -8.0481034 -0.97831554 -0.19294194 -0.075313958 25.491061
166 -0.074680835 -0.010895533 0.99714798 274.36254 -0.19462316 0.98087044 -0.0038585181 -8.0914731 -0.97803102 -0.19435627 -0.075372752 25.309705
167 -0.075385669 -0.013268986 0.99706618 276.7936 -0.19278487 0.98123981 -0.001517611 -8.1349243 -0.97834098 -0.1923337 -0.076529485 25.126269
168 -0.07654084 -0.014976725 0.99695397 279.19456 -0.19261309 0.98127472 -4.6626244e-05 -8.1719113 -0.97828512 -0.19202996 -0.07799231 24.944358
169 -0.076560353 -0.0156826 0.99694162 281.60222 -0.19315717 0.98116759 0.00060091656 -8.2080523 -0.97817631 -0.19252043 -0.078147749 24.759045
170 -0.075916092 -0.015491939 0.99699387 284.04616 -0.19552759 0.98069808 0.00035027887 -8.2418204 -0.97775548 -0.19491323 -0.077479873 24.570163
171 -0.076964317 -0.017555116 0.9968793 286.48375 -0.19454803 0.98089035 0.0022534205 -8.2732651 -0.97786892 -0.19376748 -0.078908874 24.380952
172 -0.077485697 -0.01836745 0.99682427 288.96878 -0.19572313 0.98065498 0.0028554573 -8.3000081 -0.97759322 -0.19488032 -0.079581676 24.184735
173 -0.078849268 -0.019390049 0.99669797 291.44563 -0.19693291 0.98041068 0.0034937335 -8.3213531 -0.97724116 -0.19600716 -0.08112321 23.987288
174 -0.078488811 -0.021294978 0.99668754 293.93104 -0.19804677 0.98017793 0.0053461213 -8.3362719 -0.97704506 -0.19697115 -0.081150409 23.78427
175 -0.079103743 -0.023463283 0.99659024 296.43423 -0.19746566 0.98028177 0.0074056089 -8.3484439 -0.97711309 -0.19620655 -0.082177157 23.582528
176 -0.078957836 -0.02525005 0.99655814 298.93356 -0.19721756 0.9803164 0.0092128769 -8.3589436 -0.97717499 -0.19581136 -0.082383421 23.379527
177 -0.079036365 -0.026078707 0.99653057 301.4719 -0.19736769 0.98027847 0.009999865 -8.3692205 -0.97713833 -0.1958926 -0.082624747 23.17178
178 -0.080171021 -0.025838905 0.99644618 304.02125 -0.19900075 0.97995419 0.0094002571 -8.3753321 -0.97671458 -0.19753992 -0.083705896 22.959115
179 -0.081603327 -0.025659278 0.99633455 306.5706 -0.20108449 0.9795347 0.0087570898 -8.3841722 -0.97616904 -0.19963283 -0.085092979 22.742797
180 -0.081258974 -0.024662731 0.99638786 309.13112 -0.20395098 0.97895156 0.0075982181 -8.3957751 -0.97560291 -0.20259687 -0.084578594 22.522492
181 -0.081715947 -0.023774004 0.99637208 311.70577 -0.20717299 0.97828365 0.0063514258 -8.4085476 -0.9748856 -0.20590238 -0.084866713 22.302982
182 -0.083446563 -0.02363335 0.99623198 314.28924 -0.20940065 0.97781351 0.0056565586 -8.4227051 -0.97426285 -0.20813962 -0.086544022 22.081007
183 -0.085071039 -0.023133284 0.99610632 316.88654 -0.21241024 0.97716991 0.0045529178 -8.4384375 -0.97347053 -0.21119588 -0.088042614 21.853738
184 -0.084949911 -0.023250502 0.99611393 319.48665 -0.21510174 0.97658144 0.0044504305 -8.458642 -0.97288993 -0.21388779 -0.087961737 21.622243
185 -0.083691691 -0.023396879 0.996217 322.09083 -0.21734018 0.97608471 0.0046654189 -8.479354 -0.97250142 -0.21612755 -0.086775268 21.39279
186 -0.084008187 -0.023853729 0.99617953 324.72042 -0.2179366 0.97595011 0.0049906593 -8.4979665 -0.97234065 -0.21668474 -0.087186406 21.163575
187 -0.084485931 -0.025187853 0.99610628 327.37403 -0.21959117 0.9755732 0.0060437629 -8.5148224 -0.97192691 -0.21822555 -0.087953248 20.933418
188 -0.086752979 -0.026492212 0.99587756 330.05457 -0.22120198 0.97520513 0.0066729194 -8.5275231 -0.97136176 -0.21971121 -0.090462087 20.699846
189 -0.08799614 -0.027182781 0.99574987 332.72853 -0.22281167 0.97483687 0.0069216288 -8.5394424 -0.97088192 -0.22125564 -0.09183853 20.460503
190 -0.090647164 -0.028642218 0.99547112 335.36843 -0.22377471 0.97461069 0.0076651842 -8.5513415 -0.97041642 -0.22206645 -0.094755107 20.217621
191 -0.093864357 -0.030547072 0.99511627 338.02463 -0.22489916 0.97434318 0.0086957856 -8.5584417 -0.96985046 -0.2229846 -0.098326115 19.965138
192 -0.096361654 -0.030619847 0.99487531 340.70387 -0.2276134 0.97371929 0.0079225336 -8.5639556 -0.96897195 -0.22568354 -0.1007987 19.700282
193 -0.097815211 -0.030410045 0.99473989 343.38253 -0.22994589 0.97317717 0.0071397123 -8.5780468 -0.96827534 -0.22803799 -0.1021842 19.430557
194 -0.10065989 -0.030616861 0.99444971 346.0951 -0.23250574 0.97257385 0.0064087269 -8.5917058 -0.96737208 -0.23057018 -0.10501778 19.155347
195 -0.10418139 -0.031769176 0.9940508 348.7886 -0.23318376 0.97240997 0.0066387502 -8.6112471 -0.96683589 -0.23110489 -0.10871509 18.873586
196 -0.10706674 -0.031562602 0.99375075 351.4954 -0.23612405 0.97170773 0.0054224805 -8.6266103 -0.96580651 -0.2340679 -0.11149027 18.580641
197 -0.10896015 -0.032862639 0.99350277 354.19653 -0.23684062 0.97152892 0.006160844 -8.648137 -0.96541922 -0.23463055 -0.11364115 18.280534
198 -0.11072762 -0.032478452 0.99331998 356.90725 -0.23840479 0.97115201 0.0051781102 -8.6697383 -0.96483295 -0.2362389 -0.11527638 17.974496
199 -0.11263462 -0.033097291 0.99308511 359.61327 -0.2397776 0.97081407 0.0051597382 -8.6931544 -0.96427186 -0.23753842 -0.11728327 17.66429
200 -0.1127225 -0.032331682 0.99310036 362.34333 -0.24717082 0.96896557 0.0034906587 -8.7123808 -0.962393 -0.24507198 -0.11721568 17.351755
201 -0.11662537 -0.029910404 0.9927255 365.06255 -0.25311063 0.9674371 -0.00058695608 -8.7408696 -0.960382 -0.25133785 -0.12039836 17.040024
202 -0.11821921 -0.029100802 0.99256103 367.78388 -0.25488378 0.96696955 -0.0020075017 -8.7846162 -0.95971795 -0.25322505 -0.12173171 16.717285
203 -0.12023417 -0.030412683 0.99227962 370.49825 -0.25395694 0.96721481 -0.0011274063 -8.8318508 -0.95971333 -0.25213187 -0.12401579 16.390515
204 -0.12118556 -0.028079556 0.99223265 373.23234 -0.25870164 0.96594782 -0.0042606099 -8.8767359 -0.95832541 -0.25720856 -0.12432316 16.058835
205 -0.12324579 -0.026923097 0.99201091 375.95879 -0.26152782 0.96517534 -0.0062969991 -8.9337655 -0.95729501 -0.26021455 -0.12599494 15.726664
206 -0.12510578 -0.028034502 0.99174727 378.68042 -0.26131396 0.96523709 -0.0056788113 -8.9941243 -0.95711212 -0.25986788 -0.12808256 15.390006
207 -0.12733585 -0.028604072 0.99144713 381.39543 -0.26078777 0.96537961 -0.0056421005 -9.0540834 -0.95696154 -0.25927575 -0.13038704 15.046036
208 -0.12834741 -0.029926467 0.99127765 384.1116 -0.26027774 0.965523 -0.0045509751 -9.1088366 -0.95696526 -0.25859164 -0.13171158 14.693813
209 -0.13156628 -0.031832706 0.99079616 386.81632 -0.25933808 0.96578053 -0.0034081046 -9.1619145 -0.95678322 -0.25739959 -0.13531959 14.338521
210 -0.13411186 -0.030961544 0.99048242 389.53272 -0.26221595 0.96499439 -0.0053393689 -9.2110683 -0.95564474 -0.26043638 -0.13753581 13.973072
211 -0.13502083 -0.031327406 0.99034741 392.24791 -0.26322247 0.96472015 -0.0053701721 -9.2664325 -0.95523995 -0.2614068 -0.13850341 13.600856
212 -0.13695871 -0.032955713 0.99002841 394.9415 -0.26245085 0.96493622 -0.0041865148 -9.3236801 -0.95517638 -0.2604072 -0.14080569 13.227676
213 -0.14137352 -0.033851166 0.98937741 397.65231 -0.26512009 0.96420292 -0.0048935491 -9.375648 -0.95379501 -0.26299567 -0.1452874 12.847488
214 -0.14255214 -0.034537987 0.98918454 400.36367 -0.26458402 0.96435227 -0.0044584507 -9.4324014 -0.95376844 -0.26235801 -0.14660869 12.454265
215 -0.14283017 -0.035504399 0.98911021 403.06973 -0.26540067 0.96413098 -0.0037168073 -9.4871609 -0.95349992 -0.2630414 -0.1471299 12.061687
216 -0.1455469 -0.036936927 0.98866162 405.78321 -0.26850065 0.96327294 -0.0035392232 -9.5355778 -0.95222033 -0.26597144 -0.15011899 11.666069
217 -0.14533973 -0.035564474 0.98874241 408.47584 -0.2745127 0.96156613 -0.0057649063 -9.5864716 -0.95053627 -0.27226024 -0.14951668 11.266272
218 -0.1435173 -0.034623955 0.98904196 411.16441 -0.276338 0.96103877 -0.006455055 -9.6471406 -0.95028425 -0.27423631 -0.14749362 10.866784
219 -0.14010184 -0.035167886 0.98951237 413.8533 -0.27666744 0.96095256 -0.0050195909 -9.7059452 -0.95069799 -0.27446913 -0.14436105 10.471281
220 -0.13943186 -0.036869255 0.98954507 416.54598 -0.27695501 0.96087742 -0.0032232146 -9.760087 -0.95071275 -0.2745089 -0.14418806 10.085695
221 -0.13866146 -0.03823826 0.98960137 419.24411 -0.27802131 0.96057308 -0.0018393244 -9.8118646 -0.95051418 -0.27538533 -0.14382553 9.7015538
222 -0.13864386 -0.038436177 0.98959617 421.93959 -0.28120119 0.95964643 -0.0021237719 -9.8604826 -0.94958087 -0.27857008 -0.14385739 9.3207375
223 -0.13972567 -0.038178056 0.98945399 424.63589 -0.28205675 0.95939354 -0.0028124477 -9.9124091 -0.94916847 -0.27947517 -0.1448203 8.9383164
224 -0.13836543 -0.038476655 0.98963356 427.30329 -0.28212509 0.95937517 -0.0021450474 -9.9624817 -0.94934741 -0.27949728 -0.1435996 8.5525513
225 -0.13672978 -0.039726807 0.98981149 430.00027 -0.28098105 0.95971321 -0.00029514061 -10.010944 -0.94992351 -0.27815864 -0.14238386 8.1671837
226 -0.1348082 -0.040362008 0.99004934 432.68656 -0.27927165 0.96021142 0.0011190879 -10.058062 -0.95070193 -0.27634187 -0.14071635 7.7861892
227 -0.13244213 -0.041772015 0.99031016 435.37563 -0.27749527 0.96072088 0.0034122475 -10.096671 -0.95155426 -0.27435448 -0.13883147 7.4077332
228 -0.13041929 -0.043376805 0.99050961 438.07155 -0.27548405 0.96128794 0.0058244423 -10.129966 -0.95241766 -0.27211001 -0.13732012 7.0355847
229 -0.12769463 -0.043103755 0.99087647 440.744 -0.27547333 0.9612879 0.0063162804 -10.158832 -0.9527899 -0.27215351 -0.13462525 6.6710633
230 -0.12364924 -0.042883913 0.99139894 443.42674 -0.27578388 0.96119278 0.0071810057 -10.188248 -0.95323354 -0.27252395 -0.13067746 6.3133361
231 -0.12183944 -0.042767703 0.99162801 446.09265 -0.27571584 0.96120925 0.0075791007 -10.213922 -0.95348623 -0.27248414 -0.12890494 5.9678174
232 -0.1181727 -0.041726599 0.99211599 448.78936 -0.27642433 0.96100641 0.0074927942 -10.236801 -0.95374256 -0.27335958 -0.12509898 5.6232745
233 -0.11551493 -0.041510807 0.992438 451.47353 -0.27562872 0.96122978 0.008123625 -10.261479 -0.95429826 -0.27260604 -0.12247797 5.2911521
234 -0.11418495 -0.041384995 0.99259715 454.16641 -0.27571512 0.96120299 0.0083587412 -10.286609 -0.95443336 -0.27271962 -0.1211654 4.9648752
235 -0.11190054 -0.042064937 0.99282871 456.85027 -0.27508821 0.96136972 0.0097271957 -10.311109 -0.95488471 -0.27202701 -0.11914937 4.6431847
236 -0.10923884 -0.042429145 0.9931096 459.53843 -0.27441042 0.96155087 0.010896587 -10.331821 -0.95538781 -0.27132931 -0.11668171 4.327868
237 -0.10764365 -0.043198084 0.99325062 462.24129 -0.27291788 0.96195915 0.012259662 -10.347426 -0.9559962 -0.2697562 -0.11533833 4.0162547
238 -0.10602014 -0.043175461 0.99342621 464.93355 -0.27321155 0.96187078 0.012646423 -10.356479 -0.95609374 -0.27007476 -0.11377372 3.7091656
239 -0.10348695 -0.042819153 0.99370871 467.62938 -0.27369747 0.96172875 0.012937689 -10.368748 -0.9562323 -0.2706367 -0.11124588 3.4063218
240 -0.10039822 -0.043676331 0.99398823 470.33346 -0.27289088 0.96193255 0.014704326 -10.379143 -0.95679195 -0.26977405 -0.10849519 3.109694
241 -0.096688089 -0.044557656 0.99431688 473.04029 -0.27276162 0.96193866 0.016583176 -10.384068 -0.95721083 -0.26960811 -0.10516164 2.8212418
242 -0.092694935 -0.045146986 0.99467051 475.73957 -0.27237338 0.96201788 0.018282009 -10.386138 -0.95771627 -0.26922714 -0.10147103 2.5431362
243 -0.089826537 -0.045587148 0.99491358 478.43389 -0.27166323 0.96219351 0.019560585 -10.383166 -0.95819118 -0.2685244 -0.098814871 2.275222
244 -0.087691021 -0.045795342 0.99509452 481.12543 -0.27093614 0.96238077 0.020414031 -10.376943 -0.95859478 -0.26781697 -0.096799774 2.0136409
245 -0.085236957 -0.046186864 0.99528964 483.81228 -0.27036131 0.9625185 0.021512267 -10.366991 -0.95897836 -0.26725419 -0.094529297 1.7575218
246 -0.084225834 -0.047029229 0.99533627 486.48826 -0.26997573 0.96260093 0.022637023 -10.353646 -0.9591763 -0.26681003 -0.093772624 1.5075581
247 -0.08171382 -0.047078293 0.99554333 489.17432 -0.27224276 0.96195016 0.023144122 -10.335988 -0.95875273 -0.26913829 -0.091421354 1.2608459
248 -0.08088941 -0.045590379 0.99567989 491.86114 -0.27777806 0.96040664 0.021408487 -10.318788 -0.95723368 -0.27484633 -0.09035074 1.0249676
249 -0.078754305 -0.044019321 0.99592173 494.55431 -0.28219723 0.95914621 0.020078605 -10.302785 -0.95611848 -0.2794651 -0.087959031 0.78925525
250 -0.078694437 -0.044043717 0.99592538 497.23102 -0.28567559 0.95812178 0.019798839 -10.283927 -0.95508989 -0.28295353 -0.087981076 0.55848478
251 -0.079027518 -0.045338993 0.99584088 499.91109 -0.28601853 0.95799567 0.020918226 -10.267934 -0.95495974 -0.28317586 -0.08867582 0.32346225
252 -0.076675446 -0.046691884 0.99596224 502.59265 -0.28597581 0.95796324 0.022894228 -10.253649 -0.95516427 -0.2830657 -0.086805015 0.089401897
253 -0.074530953 -0.047376625 0.99609268 505.27045 -0.28740524 0.95750736 0.024036802 -10.235247 -0.95490493 -0.28449079 -0.084980232 -0.13914912
254 -0.072963956 -0.04711199 0.99622124 507.94902 -0.28987787 0.95676224 0.024015085 -10.214244 -0.95427834 -0.28703028 -0.083465887 -0.36118055
255 -0.072001029 -0.046566621 0.99631693 510.64287 -0.29448154 0.95537128 0.023371519 -10.191075 -0.95294099 -0.29171419 -0.082500732 -0.57748164
256 -0.070971897 -0.045745845 0.99642879 513.33092 -0.29957028 0.95380996 0.022451954 -10.166537 -0.95143087 -0.29690701 -0.081397804 -0.79122433
257 -0.069170312 -0.044757815 0.99660034 516.02231 -0.30292842 0.95276471 0.021764004 -10.145462 -0.95049982 -0.30039316 -0.079461453 -1.0054913
258 -0.066747023 -0.044722627 0.99676715 518.71286 -0.30403695 0.95239744 0.022372482 -10.127702 -0.95031912 -0.30156077 -0.077167031 -1.2135863
259 -0.064014627 -0.045030222 0.99693251 521.40643 -0.30372267 0.95247008 0.023519393 -10.110507 -0.95060756 -0.30128544 -0.074648722 -1.4147573
260 -0.061139462 -0.045133583 0.9971083 524.09255 -0.30394963 0.95237369 0.024471485 -10.092269 -0.95072427 -0.30157455 -0.071945957 -1.6089306
261 -0.058962319 -0.044690975 0.99725934 526.7857 -0.30534478 0.95192384 0.024606005 -10.070357 -0.95041468 -0.30305713 -0.069773798 -1.7959604
262 -0.056462334 -0.043639167 0.99745058 529.46421 -0.30675976 0.9514776 0.024263176 -10.050783 -0.95011079 -0.30460777 -0.067109392 -1.9770936
263 -0.0524752 -0.043444638 0.99767677 532.14561 -0.307831 0.95110653 0.025225591 -10.029637 -0.94999289 -0.30579215 -0.063283116 -2.1507053
264 -0.049330075 -0.044684427 0.99778248 534.834 -0.30836828 0.95087408 0.027338057 -10.002372 -0.94998716 -0.3063359 -0.060685955 -2.3136078
265 -0.046196024 -0.045429296 0.99789886 537.52116 -0.30883185 0.95067491 0.028982585 -9.9706101 -0.94999414 -0.3068441 -0.057947419 -2.4713191
266 -0.043092846 -0.046435438 0.99799138 540.20178 -0.30848854 0.95072547 0.030915803 -9.9351529 -0.95025148 -0.30653668 -0.055294271 -2.6210846
267 -0.040083408 -0.047830685 0.99805089 542.87485 -0.30808165 0.95078066 0.033192224 -9.8938928 -0.95051516 -0.30615073 -0.052846289 -2.7631136
268 -0.03684864 -0.048796884 0.99812879 545.55275 -0.30746477 0.95091043 0.035137558 -9.8481658 -0.95084575 -0.30559469 -0.050043083 -2.8987661
269 -0.033549354 -0.049245979 0.99822307 548.23862 -0.30758898 0.95081627 0.036569448 -9.7952134 -0.95092772 -0.30581556 -0.047046796 -3.0270987
270 -0.029913756 -0.048253889 0.99838708 550.93358 -0.30925095 0.95027342 0.036662665 -9.7408949 -0.9505099 -0.30765546 -0.043348811 -3.1463773
271 -0.027141637 -0.047414112 0.99850652 553.61759 -0.31049525 0.94986751 0.036664534 -9.6866536 -0.9501874 -0.30903642 -0.040502819 -3.2550739
272 -0.024468715 -0.047049133 0.99859286 556.29375 -0.31032963 0.94990273 0.03715101 -9.6326331 -0.95031408 -0.30898394 -0.037843642 -3.3546876
273 -0.021183387 -0.046138936 0.99871041 558.97944 -0.31090711 0.9497088 0.037280565 -9.575066 -0.95020424 -0.30971647 -0.034462975 -3.4487508
274 -0.018139797 -0.045102857 0.99881766 561.65946 -0.31140396 0.94954828 0.037222547 -9.5207218 -0.95010451 -0.31036059 -0.031269823 -3.5338214
275 -0.016815842 -0.045433905 0.99882582 564.33444 -0.31101344 0.94964704 0.037960794 -9.4667917 -0.95025677 -0.31000994 -0.030099672 -3.6119223
276 -0.014719869 -0.046817937 0.99879499 567.00899 -0.31035899 0.94977969 0.039946419 -9.4071307 -0.95050549 -0.30939703 -0.028511003 -3.6883154
277 -0.012196205 -0.045971621 0.99886831 569.68206 -0.31101051 0.94956828 0.039905206 -9.3478057 -0.95032824 -0.31017188 -0.025878788 -3.7622083
278 -0.0077453483 -0.044577247 0.99897593 572.34034 -0.31181245 0.94930365 0.039943153 -9.2917458 -0.95011213 -0.31118379 -0.02125243 -3.8258992
279 -0.005956149 -0.045514486 0.99894594 575.03101 -0.31106053 0.94948762 0.041406364 -9.2271106 -0.95037147 -0.31048606 -0.019813051 -3.8783386
280 -0.0041405125 -0.043256427 0.99905544 577.73975 -0.3125497 0.94906732 0.039796737 -9.1591029 -0.94989241 -0.31208973 -0.01744941 -3.925131
281 -0.00068482937 -0.04096783 0.99916025 580.4146 -0.31394391 0.94865316 0.038681747 -9.101745 -0.94944131 -0.31365381 -0.013511267 -3.9637422
282 0.0015646312 -0.040831739 0.99916483 583.10749 -0.3140326 0.94860017 0.039257128 -9.0422608 -0.94941094 -0.31383178 -0.011338288 -3.9941519
