4 0.99912352 0.0054890174 0.041497776 0.055165317 -0.0053748762 0.99998146 -0.00286161 -0.014898663 -0.041512714 0.0026360564 0.9991345 1.0250595
5 0.99898036 0.0058599988 0.044764913 0.037892986 -0.0057989087 0.99998207 -0.0014944266 -0.0030611009 -0.044772868 0.0012333152 0.99899643 0.9907334
6 0.99901067 0.00066412423 0.044466072 0.050548985 -0.00060174062 0.99999882 -0.0014163188 -0.010937944 -0.04446696 0.0013881606 0.99900989 0.99564713
7 0.99897644 0.0013662254 0.045212852 0.051325954 -0.0013098133 0.99999833 -0.0012773017 -0.014801358 -0.045214521 0.0012167739 0.99897656 0.99195878
8 0.99910504 0.0016889495 0.042264179 0.047925653 -0.0016603942 0.99999837 -0.00071073096 -0.01039799 -0.042265311 0.00063991969 0.99910622 0.98928805
9 0.99907091 0.0011310995 0.043081652 0.051175596 -0.001098115 0.99999909 -0.00078928351 -0.015509759 -0.043082506 0.00074124159 0.99907124 0.98843579
10 0.99907845 0.0025837285 0.042843677 0.040213915 -0.0026198824 0.99999626 0.00078773048 -0.012161105 -0.042841481 -0.00089924994 0.99908148 0.99118274
11 0.99911105 0.0013318219 0.042134672 0.048016335 -0.0013434447 0.99999907 0.00024753438 -0.016332362 -0.042134303 -0.00030391994 0.99911191 0.99114224
12 0.99890173 0.001849139 0.046817957 0.054225085 -0.0018474511 0.99999829 -7.9322584e-05 -0.010815172 -0.046818024 -7.2584211e-06 0.99890344 0.97893726
13 0.99892152 0.0013760951 0.046410109 0.050837544 -0.0013671359 0.99999904 -0.00022478566 -0.013879863 -0.046410373 0.0001610943 0.99892245 0.98090637
14 0.99900544 0.001442779 0.044565059 0.05143101 -0.0014146115 0.99999878 -0.00066358553 -0.015420637 -0.044565962 0.00059988331 0.99900626 0.97710014
15 0.99906102 0.0010674824 0.043312118 0.05804439 -0.0010011604 0.99999829 -0.0015529185 -0.018949055 -0.043313702 0.001508098 0.99906038 0.9772982
16 0.9990241 0.0021860498 0.044114311 0.044716293 -0.0021624102 0.99999749 -0.0005835838 -0.018615485 -0.044115476 0.00048762104 0.99902632 0.97395876
17 0.99902531 -0.00081295956 0.044133488 0.058392804 0.00080560521 0.99999966 0.00018442417 -0.021409559 -0.044133622 -0.00014869025 0.99902563 0.97381228
18 0.99902403 0.0057592641 0.043792968 0.034187013 -0.0056722869 0.99998169 -0.0021101041 -0.0189827 -0.043804319 0.0018596384 0.9990384 0.97397681
19 0.99896565 0.0021887616 0.045418415 0.038400231 -0.0022162507 0.99999739 0.00055489385 -0.01474584 -0.045417082 -0.00065497849 0.9989679 0.97372479
20 0.99888864 0.00067901256 0.047127669 0.050350412 -0.00074503232 0.99999877 0.0013833191 -0.016264911 -0.047126672 -0.0014168933 0.99888792 0.96432268
21 0.99891697 0.0015911401 0.046501138 0.041850763 -0.001673367 0.9999971 0.0017294048 -0.013035951 -0.046498252 -0.0018053453 0.99891674 0.95578643
22 0.99902349 0.0019633038 0.044138489 0.050090921 -0.0019761833 0.99999802 0.00024816432 -0.013609921 -0.044137914 -0.00033514773 0.99902539 0.95996637
23 0.99904666 0.0006630787 0.04365007 0.059028793 -0.0006463019 0.99999971 -0.00039845881 -0.010872412 -0.043650321 0.00036986782 0.9990468 0.96790961
24 0.99908501 0.0024987205 0.042695459 0.041631695 -0.0024429045 0.99999609 -0.00135943 -0.013717906 -0.042698689 0.0012538852 0.99908721 0.96653574
25 0.99915342 -0.0015622276 0.041109674 0.04910027 0.001611831 0.99999801 -0.0011734942 -0.014924009 -0.041107759 0.0012387626 0.99915395 0.970212
26 0.99915876 -0.0018428469 0.040968046 0.048812589 0.001864724 0.99999814 -0.00049579795 -0.012194394 -0.040967056 0.00057177497 0.99916033 0.9747649
27 0.99920322 -0.0014030398 0.039886712 0.049162744 0.0014312906 0.99999874 -0.00067972774 -0.010171555 -0.039885708 0.00073627563 0.99920398 0.97669215
28 0.99918589 0.0017887895 0.040303346 0.038788481 -0.0017800848 0.99999838 -0.00025186721 -0.0091559977 -0.040303731 0.00017991879 0.99918746 0.98515366
29 0.99919894 -0.00084715844 0.040009532 0.041840372 0.00078785815 0.99999857 0.001497898 -0.0090356108 -0.040010744 -0.0014651763 0.99919818 0.98268796
30 0.99940752 0.0015738967 0.034382082 0.037350386 -0.0015526054 0.99999859 -0.0006459471 -0.01420453 -0.03438305 0.00059218259 0.99940855 0.99631755
31 0.99936268 0.0054539129 0.035277431 0.023004305 -0.0054242416 0.99998485 -0.000936738 -0.013974368 -0.035282006 0.00074478769 0.99937712 1.0018127
32 0.99943643 0.0028439212 0.033447409 0.025201058 -0.0028546969 0.99999589 0.00027441759 -0.011682262 -0.033446491 -0.00036974515 0.99944044 1.0066414
33 0.9995727 0.0015332476 0.029190075 0.028172668 -0.0015005576 0.99999822 -0.0011417742 -0.01346808 -0.029191774 0.0010974849 0.99957323 1.0253601
34 0.99949094 -0.00059100605 0.031898493 0.035723589 0.00061153453 0.99999961 -0.00063380402 -0.0093559648 -0.031898106 0.00065298841 0.99949091 1.0258005
35 0.99962448 0.0017247056 0.027348254 0.026922899 -0.0017194632 0.9999985 -0.00021520596 -0.0054757578 -0.027348584 0.00016810083 0.99962594 1.0393863
36 0.99971626 0.00054960307 0.023813628 0.027190635 -0.00054182254 0.9999998 -0.00033317683 -0.008587619 -0.023813806 0.00032017954 0.99971636 1.0608139
37 0.99969686 0.00051698947 0.024615258 0.028013179 -0.00052380821 0.99999983 0.00027056548 -0.0078512341 -0.024615114 -0.00028337713 0.99969696 1.0766111
38 0.99975853 -0.0002931244 0.021972498 0.023461891 0.00027576519 0.99999965 0.00079306829 -0.0095967325 -0.021972723 -0.00078681754 0.99975826 1.0910773
39 0.99983259 -0.00063429818 0.018286078 0.019603292 0.00062839156 0.99999975 0.00032875585 -0.0093902708 -0.018286282 -0.00031721 0.99983274 1.1182643
40 0.99981495 -0.0010648546 0.019207347 0.020078108 0.0010513918 0.99999919 0.00071100428 -0.0094873425 -0.019208089 -0.00069067827 0.99981527 1.1116554
41 0.9998496 0.00092807851 0.017317867 0.014032285 -0.00093880542 0.99999937 0.00061129362 -0.0087174517 -0.017317289 -0.00062745979 0.99984985 1.1476775
42 0.99984031 -0.0011333543 0.017834523 0.015962306 0.0011099087 0.99999851 0.0013244594 -0.0078566455 -0.017835998 -0.0013044532 0.99984008 1.1597635
43 0.99991476 -0.00023584343 0.01305421 0.011494782 0.00021860163 0.9999991 0.0013221955 -0.0098083811 -0.01305451 -0.0013192292 0.99991392 1.1499909
44 0.99993404 0.0011084426 0.011431586 0.011441183 -0.0011165842 0.99999913 0.00070584271 -0.0091218581 -0.011430793 -0.00071856048 0.99993441 1.1845188
45 0.99998009 0.00045056183 0.006294234 0.0031392348 -0.00046228475 0.99999816 0.0018611547 -0.013212323 -0.0062933838 -0.0018640274 0.99997846 1.1642048
46 0.99997994 0.0019022445 0.0060408898 0.0041039836 -0.0019055795 0.99999804 0.00054636252 -0.012680066 -0.0060398386 -0.00055786295 0.9999816 1.1779334
47 0.99999116 0.0024586194 0.0034105536 0.0028313698 -0.0024628092 0.99999622 0.0012248175 -0.0062872391 -0.0034075294 -0.0012332062 0.99999343 1.2028444
48 0.99999857 0.0016861662 0.00016231331 0.001452313 -0.0016862991 0.99999824 0.00082241177 -0.0048394515 -0.00016092631 -0.0008226843 0.99999965 1.2198704
49 0.99999573 0.0019889226 0.0021424136 0.0044895413 -0.0019912454 0.99999743 0.001082619 0.0022512097 -0.0021402548 -0.0010868804 0.99999712 1.2595844
50 0.99999849 0.0015123549 0.00085358609 0.0016796308 -0.0015135806 0.99999782 0.0014371421 0.0020797929 -0.00085141076 -0.0014384319 0.9999986 1.2785541
51 0.99999427 0.0023916506 0.002397822 0.0013316448 -0.0023940206 0.99999665 0.00098601734 -0.00090836631 -0.0023954557 -0.00099175213 0.99999664 1.2771666
52 0.99999529 0.0028918968 0.0010273574 0.00091984973 -0.0028920346 0.99999581 0.00013259394 -0.0025821358 -0.0010269696 -0.00013556447 0.99999946 1.2884333
53 0.99999694 0.0024724108 -0.00010852854 0.0026529731 -0.0024723821 0.99999691 0.00026320498 0.00047232986 0.00010917896 -0.00026293585 0.99999996 1.3246681
54 0.9999874 0.004424028 0.0023712976 -0.0021644577 -0.0044241794 0.99999021 5.8579414e-05 -0.0036783682 -0.0023710152 -6.9069722e-05 0.99999719 1.3506067
55 0.99999586 0.002212585 0.0018403577 0.00023364656 -0.0022136083 0.9999974 0.00055420271 -0.0028037313 -0.0018391267 -0.00055827425 0.99999815 1.3650384
56 0.99999673 0.0023789682 0.00093827025 0.0060639585 -0.0023779254 0.99999656 -0.0011109551 -0.0062615554 -0.00094090994 0.0011087203 0.99999894 1.3882531
57 0.99998556 0.003554052 0.0040314672 0.0023327898 -0.0035552895 0.99999363 0.00029984305 -0.0080748229 -0.0040303759 -0.00031417175 0.99999183 1.3879925
58 0.99997822 0.0062047656 0.0022482298 0.0052108189 -0.0061997848 0.99997833 -0.0022156778 -0.0042449806 -0.0022619288 0.002201691 0.99999502 1.4108421
59 0.99997 0.0075101862 0.0018978277 -1.2788973e-05 -0.0075016928 0.99996199 -0.0044435122 -0.008890345 -0.0019311271 0.0044291419 0.99998833 1.4434667
60 0.99999621 0.0018419353 0.0020445645 0.0053800824 -0.0018419902 0.9999983 2.4957831e-05 -0.0063960009 -0.0020445151 -2.8723805e-05 0.99999791 1.4498035
61 0.9999792 0.0064412821 -0.00031596192 -0.0031786823 -0.0064423618 0.99997297 -0.0035443236 -0.01381459 0.00029312339 0.0035462855 0.99999367 1.4710351
62 0.99999649 0.0024952863 0.00088941949 0.003351563 -0.0024946896 0.99999666 -0.00067137654 -0.010914705 -0.00089109179 0.00066915536 0.99999938 1.4949368
63 0.99999357 0.0011589909 0.0033929466 0.003658445 -0.0011573317 0.99999921 -0.00049092101 -0.015203068 -0.0033935129 0.00048699109 0.99999412 1.5361622
64 0.99999905 0.00086848108 0.001073582 0.009516782 -0.00086854741 0.99999962 6.1316321e-05 -0.014194398 -0.0010735283 -6.2248719e-05 0.99999942 1.5855769
65 0.99999445 0.0025674022 0.0021217823 0.010571333 -0.002560813 0.99999191 -0.0031023853 -0.011476296 -0.0021297302 0.0030969346 0.99999294 1.5824441
66 0.99999468 0.00326064 2.7596256e-05 0.0050181635 -0.0032605694 0.99999214 -0.0022571273 -0.010817243 -3.4955719e-05 0.0022570253 0.99999745 1.5988014
67 0.99999681 0.0022227119 -0.0011993575 0.0041706572 -0.0022241979 0.99999676 -0.001239088 -0.010215803 0.0011965995 0.0012417516 0.99999851 1.6192717
68 0.9999999 0.00028511762 -0.00033446641 0.0036615018 -0.0002850885 0.99999996 8.7110813e-05 -0.008962654 0.00033449124 -8.7015452e-05 0.99999994 1.6243533
69 0.99999808 0.0019416531 0.00027255144 0.0026365366 -0.0019419459 0.99999753 0.0010781484 -0.008682516 -0.00027045738 -0.0010786756 0.99999938 1.6545863
70 0.999996 0.0028285393 8.9165341e-05 0.0038878407 -0.0028286816 0.99999466 0.0016375291 -0.011801968 -8.4533049e-05 -0.0016377748 0.99999866 1.6750047
71 0.99999604 0.0028159892 -5.6975164e-06 0.0031114269 -0.0028159806 0.99999535 0.0011707261 -0.017332703 8.994242e-06 -0.0011707054 0.99999931 1.6849667
72 0.99999716 0.00236705 -0.00025984709 0.0024155073 -0.0023667705 0.99999663 0.0010704897 -0.021484845 0.00026238011 -0.0010698717 0.99999939 1.7086608
73 0.99999701 0.0024073004 -0.00043004048 0.0021307147 -0.0024067636 0.99999633 0.001244425 -0.023574052 0.00043303461 -0.0012433862 0.99999913 1.716489
74 0.9999933 0.0031593237 -0.0018479402 0.0013817028 -0.0031581547 0.99999481 0.00063518919 -0.020918794 0.0018499374 -0.00062934885 0.99999809 1.7328448
75 0.99998981 0.002842246 -0.0035071661 -0.0013532394 -0.0028399984 0.99999576 0.00064565229 -0.018201259 0.0035089864 -0.00063568536 0.99999364 1.746936
76 0.99999662 0.0021176691 -0.001510371 -0.00074888976 -0.0021162109 0.99999729 0.0009663884 -0.017090015 0.0015124134 -0.00096318886 0.99999839 1.7709534
77 0.99999366 0.0033427612 -0.0012309481 0.00073205762 -0.0033413138 0.99999373 0.0011760094 -0.0144748 0.0012348715 -0.001171889 0.99999855 1.7806219
78 0.99999592 0.0026532104 -0.0010600968 -0.00084477402 -0.0026518701 0.99999569 0.0012637384 -0.017302899 0.0010634452 -0.001260922 0.99999864 1.7951098
79 0.99999712 0.0022848822 -0.00073443724 -0.0020697063 -0.0022843898 0.99999717 0.00067064167 -0.020555852 0.00073596749 -0.000668962 0.99999951 1.802529
80 0.99999469 0.0025515648 -0.0020265834 -0.0032635261 -0.0025501566 0.99999651 0.00069713572 -0.019830708 0.0020283551 -0.00069196392 0.9999977 1.8137814
81 0.99999706 0.0013874794 -0.001989791 -0.0043820509 -0.0013854745 0.99999853 0.0010086402 -0.020140273 0.0019911876 -0.0010058804 0.99999751 1.8428407
82 0.99999587 0.0023791932 -0.0016132235 -0.0029601641 -0.0023782677 0.99999701 0.00057542071 -0.019075366 0.0016145877 -0.00057158166 0.99999853 1.8415709
83 0.99999721 0.0012059399 -0.0020329064 -0.002563352 -0.0012057686 0.99999927 8.5474799e-05 -0.021299558 0.002033008 -8.3023345e-05 0.99999793 1.8611409
84 0.99999818 0.0011909722 -0.0014925703 -0.0019963916 -0.0011904316 0.99999923 0.00036300865 -0.02069735 0.0014930015 -0.00036123118 0.99999882 1.8889775
85 0.99999505 0.0016733875 -0.0026656243 -0.0021391324 -0.0016738794 0.99999858 -0.00018230834 -0.021836619 0.0026653155 0.00018676937 0.99999643 1.8866707
86 0.9999997 0.00072164537 -0.00026622209 -0.0016318098 -0.00072152399 0.99999964 0.00045576229 -0.020263987 0.00026655089 -0.00045557007 0.99999986 1.913677
87 0.99999781 0.00057001329 0.0020114108 -0.00022693869 -0.00057016801 0.99999983 7.6346309e-05 -0.022355116 -0.002011367 -7.7492984e-05 0.99999797 1.9290271
88 0.99999051 -0.00014212193 0.0043541854 0.0011042237 0.0001351823 0.99999872 0.0015940376 -0.020990839 -0.0043544064 -0.0015934338 0.99998925 1.9459034
89 0.9999926 -0.00045381089 0.0038210752 0.0014369263 0.00044630251 0.99999797 0.0019656151 -0.022764966 -0.0038219595 -0.0019638952 0.99999077 1.9661239
90 0.9999919 -0.001030627 0.0038908462 0.0014509514 0.0010225933 0.99999734 0.0020661997 -0.024482519 -0.0038929654 -0.0020622042 0.9999903 1.9532189
91 0.99999265 -0.00095046264 0.0037134912 0.0014524365 0.00094327887 0.99999768 0.0019357773 -0.025341978 -0.0037153224 -0.0019322602 0.99999123 1.9594785
92 0.99999217 -0.00073776645 0.003887606 0.0019764266 0.00073046887 0.99999797 0.0018782256 -0.025019235 -0.0038889838 -0.0018753711 0.99999068 1.9758274
93 0.9999882 -0.0005598202 0.0048246085 0.0023083292 0.00054696876 0.9999963 0.0026646338 -0.023071781 -0.0048260824 -0.0026619634 0.99998481 1.9994103
94 0.99999644 0.0013269463 0.002313487 0.00037263547 -0.0013302495 0.9999981 0.0014268632 -0.024654997 -0.0023115892 -0.0014299356 0.99999631 1.9903914
95 0.99999902 0.0013591404 0.00033283926 0.00046956595 -0.0013591446 0.99999908 1.243061e-05 -0.026749522 -0.00033282206 -1.2882975e-05 0.99999994 2.0069584
96 0.99999913 0.00076638075 0.0010769635 -0.00031577318 -0.00076601503 0.99999965 -0.00033995579 -0.026712399 -0.0010772237 0.00033913053 0.99999936 2.0196825
97 0.99999399 9.0254549e-05 0.0034650766 0.0032806545 -8.7576767e-05 0.9999997 -0.0007729354 -0.028400913 -0.0034651453 0.0007726273 0.9999937 2.0446681
98 0.99999259 -0.00056217538 0.003807687 0.0030342964 0.0005564849 0.99999873 0.0014953668 -0.025655097 -0.0038085228 -0.0014932368 0.99999163 2.0488908
99 0.99999269 0.00049865187 0.0037912935 0.0017105679 -0.00050443045 0.99999871 0.0015233684 -0.024820669 -0.003790529 -0.0015252697 0.99999165 2.0607416
100 0.99999123 -0.00047649114 0.0041602957 0.0022812652 0.00046373661 0.99999519 0.0030662017 -0.023152944 -0.0041617368 -0.0030642456 0.99998665 2.0476478
101 0.99999398 0.00055061515 0.0034252963 0.0003951802 -0.0005593766 0.99999657 0.0025574324 -0.02297627 -0.0034238764 -0.002559333 0.99999086 2.0579554
102 0.99999798 0.00018483492 0.0020038632 3.4120369e-05 -0.00018859375 0.99999822 0.0018757662 -0.025542812 -0.0020035129 -0.0018761403 0.99999623 2.0719383
103 0.99999256 2.1713361e-05 0.0038582202 0.0021108043 -3.125793e-05 0.99999694 0.0024737839 -0.023856661 -0.0038581546 -0.0024738861 0.9999895 2.0656841
104 0.99999059 -4.2283561e-05 0.004337208 0.0025775812 2.8069776e-05 0.99999463 0.0032771824 -0.022057045 -0.0043373233 -0.0032770298 0.99998522 2.076969
105 0.99999172 0.0012147305 0.0038835583 0.0020753833 -0.0012224457 0.99999728 0.0019848843 -0.025556103 -0.0038811367 -0.0019896153 0.99999049 2.1057904
106 0.99999928 0.00015389782 0.0011898327 0.00059717892 -0.00015563876 0.99999892 0.001463223 -0.028072012 -0.0011896062 -0.0014634071 0.99999822 2.1127298
107 0.99999694 -0.00025489287 0.0024615152 9.6183346e-05 0.0002515651 0.99999905 0.0013521344 -0.029485546 -0.0024618576 -0.0013515111 0.99999606 2.0974007
108 0.99999668 0.00092742611 0.0024039026 7.6778999e-05 -0.00092753191 0.99999957 4.2893861e-05 -0.028413166 -0.0024038618 -4.5123415e-05 0.99999711 2.1304884
109 0.99999257 0.00099087965 0.0037251029 0.00052637144 -0.00099633358 0.99999843 0.0014625334 -0.025868297 -0.0037236479 -0.0014662339 0.99999199 2.1218143
110 0.99998861 0.0014462827 0.004548365 -0.00054771182 -0.0014552409 0.99999701 0.0019668571 -0.02503573 -0.0045455068 -0.0019734537 0.99998772 2.1382506
111 0.99998952 0.0016969592 0.0042516008 1.211699e-05 -0.0017049544 0.99999678 0.0018776017 -0.024864276 -0.0042484009 -0.0018848308 0.9999892 2.1500249
112 0.99998947 0.0017909295 0.00422624 0.00074279302 -0.0017964067 0.99999755 0.0012925626 -0.02545885 -0.0042239148 -0.0013001411 0.99999023 2.1519939
113 0.99998886 0.0014508367 0.0044927345 0.0012548609 -0.0014565249 0.99999814 0.0012630877 -0.024662334 -0.0044908936 -0.0012696174 0.99998911 2.1598326
114 0.99999266 0.0013169052 0.0035990542 0.0021684259 -0.001320692 0.99999858 0.0010499791 -0.025534111 -0.0035976663 -0.0010547246 0.99999297 2.1732125
115 0.99999264 0.0018980603 0.0033340378 0.0012737339 -0.0019022741 0.9999974 0.0012611398 -0.025564255 -0.0033316354 -0.0012674728 0.99999365 2.1795486
116 0.99999175 0.0018699361 0.0036071451 0.0028368827 -0.0018724871 0.999998 0.00070397473 -0.027634649 -0.0036058215 -0.00071072326 0.99999325 2.2047985
117 0.99999754 0.0013612952 0.001751872 0.0042167809 -0.001360185 0.99999887 -0.00063474815 -0.028371958 -0.0017527341 0.00063236371 0.99999826 2.1851024
118 0.9999958 0.0027574623 0.0008929175 0.0023799385 -0.0027563223 0.99999539 -0.0012754176 -0.022903224 -0.0008964303 0.0012729511 0.99999879 2.2174661
119 0.9999988 0.0011083622 0.0010816789 0.0023251241 -0.0011075068 0.99999907 -0.00079115479 -0.024928594 -0.0010825548 0.00078995587 0.9999991 2.2276956
120 0.99999562 0.0026906298 0.0012340753 0.0022528357 -0.0026895302 0.99999599 -0.00089178757 -0.025096397 -0.0012364698 0.00088846458 0.99999884 2.2278378
121 0.99999821 0.0014413464 0.0012262053 0.001896856 -0.0014406852 0.99999882 -0.00053990927 -0.026148174 -0.001226982 0.00053814173 0.9999991 2.250797
122 0.99999688 0.0015364652 0.0019674108 0.0031378867 -0.0015372744 0.99999873 0.00040985482 -0.026933454 -0.0019667785 -0.00041287799 0.99999798 2.2510202
123 0.99999745 0.0018054791 0.0013598041 0.0029741406 -0.0018058074 0.99999834 0.00024026052 -0.027288945 -0.001359368 -0.00024271545 0.99999905 2.2614636
124 0.99999581 0.0011354333 0.0026634956 0.004487266 -0.0011392524 0.99999832 0.0014328005 -0.027060814 -0.0026618643 -0.0014358288 0.99999543 2.2702728
125 0.99999692 0.0014657349 0.0020032129 0.00291157 -0.0014678877 0.99999835 0.0010736527 -0.029872783 -0.0020016359 -0.0010765899 0.99999742 2.2812037
126 0.99999666 0.0024554291 0.00080280632 0.0025018789 -0.0024550385 0.99999687 -0.00048716559 -0.033788324 -0.00080400001 0.00048519304 0.99999956 2.2858856
127 0.99999736 0.0021475766 -0.00081529287 0.0023423425 -0.0021484736 0.99999709 -0.0011009143 -0.035083894 0.0008129262 0.001102663 0.99999906 2.2752737
128 0.99999938 0.0010998253 0.00019499212 0.0010826655 -0.0010995938 0.9999987 -0.0011833716 -0.036038714 -0.00019629337 0.0011831565 0.99999928 2.2913743
129 0.99999774 0.00134382 -0.0016503722 -0.00066959387 -0.0013472954 0.99999687 -0.0021064922 -0.038385006 0.0016475363 0.002108711 0.99999642 2.3249267
130 0.99999637 0.0023184341 -0.0013701652 0.00031445993 -0.002320162 0.99999651 -0.0012608599 -0.035730083 0.0013672372 0.0012640343 0.99999827 2.322716
131 0.9999992 0.0012562667 0.00012658035 0.0021319199 -0.0012562183 0.99999914 -0.0003816457 -0.034447637 -0.00012705969 0.00038148638 0.99999992 2.3227155
132 0.99999937 0.00049760622 0.0010015424 0.002980544 -0.00049780628 0.99999986 0.00019951095 -0.030498948 -0.0010014429 -0.0002000094 0.99999948 2.3299713
133 0.99999729 0.0022580736 0.00056532746 0.0020268594 -0.0022578464 0.99999737 -0.00040220678 -0.032025257 -0.00056623419 0.00040092927 0.99999976 2.3447301
134 0.99999755 0.002201659 0.00021608606 0.0024329415 -0.0022016408 0.99999757 -8.442325e-05 -0.031716775 -0.0002162714 8.39473e-05 0.99999997 2.3630393
135 0.99999874 0.0015818121 -0.0001302351 0.0016800703 -0.0015818329 0.99999874 -0.00015991019 -0.035173606 0.00012998199 0.000160116 0.99999998 2.3918771
136 0.99999973 -0.00044688649 0.00057753586 0.0024324817 0.00044637278 0.9999995 0.00088930212 -0.032763862 -0.00057793299 -0.00088904409 0.99999944 2.3693124
137 0.99999782 0.0020202664 0.00052992271 0.0010453415 -0.0020199625 0.9999978 -0.00057350319 -0.031251765 -0.00053108017 0.00057243151 0.9999997 2.3519065
138 0.99999849 0.001738525 -4.4425879e-06 0.000926619 -0.0017385271 0.99999836 -0.00051329698 -0.034575928 3.5502009e-06 0.00051330393 0.99999987 2.3753432
139 0.99999918 0.00099304334 0.0008030652 0.0034461532 -0.00099323242 0.99999948 0.00023508931 -0.033369365 -0.00080283132 -0.00023588675 0.99999965 2.3752715
140 0.99999991 -0.0002657716 0.000322766 0.0030223029 0.00026544883 0.99999947 0.00099966127 -0.035150535 -0.00032303151 -0.00099957551 0.99999945 2.3888996
141 0.99999883 0.0015313332 2.420486e-05 0.0015022335 -0.0015313302 0.99999882 -0.00012498469 -0.03590796 -2.4396225e-05 0.00012494747 0.99999999 2.3833731
142 0.99999793 0.0020102447 0.00032521493 0.0026172541 -0.0020101654 0.99999795 -0.00024408725 -0.035383613 -0.00032570494 0.00024343301 0.99999992 2.3851458
143 0.99999682 0.002493248 0.00036999544 0.0025272958 -0.0024930518 0.99999675 -0.00052979051 -0.035312308 -0.00037131513 0.00052886641 0.99999979 2.38562
144 0.99999856 0.00023018052 0.0016832258 0.0033494963 -0.0002310088 0.99999985 0.00049189986 -0.035446107 -0.0016831123 -0.00049228799 0.99999846 2.4190862
145 0.9999988 0.00043669368 0.0014876849 0.0032869614 -0.00043767989 0.99999968 0.00066266022 -0.036152938 -0.001487395 -0.00066331055 0.99999867 2.4171794
146 0.99999844 0.00024262076 0.001747049 0.0038706938 -0.00024411832 0.9999996 0.00085702855 -0.037536861 -0.0017468404 -0.0008574537 0.99999811 2.3881721
147 0.9999984 0.0017512913 0.00037095559 0.0035328747 -0.0017512378 0.99999846 -0.00014453516 -0.039525734 -0.00037120814 0.00014388529 0.99999992 2.3914953
148 0.99999937 0.00071708039 0.00086220345 0.0037986274 -0.00071749123 0.99999963 0.00047628964 -0.037332053 -0.00086186159 -0.00047690797 0.99999951 2.4014839
149 0.99999883 0.0012684925 -0.00085404899 0.0034510198 -0.0012687513 0.99999915 -0.00030245005 -0.038799408 0.00085366461 0.00030353327 0.99999959 2.4252739
150 0.99999975 0.00070483851 -7.0867185e-05 0.0020898486 -0.00070487114 0.99999965 -0.00046155663 -0.034448138 7.0541837e-05 0.00046160646 0.99999989 2.4325821
151 0.99999937 7.1417926e-05 0.0011241403 0.0028330001 -7.2420551e-05 0.9999996 0.00089188836 -0.034227412 -0.0011240761 -0.00089196921 0.99999897 2.4166063
152 0.99999843 0.0012912072 -0.0012123873 0.0012573702 -0.001291493 0.99999914 -0.00023503583 -0.035920646 0.0012120828 0.00023660125 0.99999924 2.426317
153 0.99999949 0.00099969159 -0.00017221709 0.0015189052 -0.00099976659 0.99999941 -0.00043596361 -0.035538923 0.00017178116 0.00043613556 0.99999989 2.4192265
154 0.99999928 0.0010379019 -0.00059573429 0.0012592273 -0.0010379536 0.99999946 -8.6424468e-05 -0.039152259 0.00059564427 8.7042751e-05 0.99999982 2.4304129
155 0.99999988 0.00030208264 -0.00038228934 0.002086704 -0.00030214676 0.99999994 -0.00016769049 -0.038751689 0.00038223866 0.00016780598 0.99999991 2.4256587
156 0.99999969 0.0001702531 0.00076659959 0.0029734634 -0.0001704807 0.99999994 0.00029683742 -0.036196544 -0.00076654901 -0.00029696802 0.99999966 2.403116
157 0.99999896 0.0014352315 0.00014442551 0.0025400665 -0.00143511 0.99999862 -0.00083739347 -0.039287556 -0.00014562716 0.00083718534 0.99999964 2.403506
158 0.9999992 0.00088326895 0.00090600073 0.003558178 -0.00088328243 0.99999961 1.4475598e-05 -0.03812868 -0.00090598759 -1.527584e-05 0.99999959 2.4082216
159 0.99999704 0.0024147411 0.00030540477 0.0024768208 -0.0024145863 0.99999696 -0.00050643013 -0.037270722 -0.00030662674 0.00050569121 0.99999983 2.3992672
160 0.99999854 0.0016916359 0.00024703486 0.0030019158 -0.0016914841 0.99999838 -0.00061346111 -0.039009377 -0.00024807222 0.00061304235 0.99999978 2.4355067
161 0.99999903 0.0012871223 0.00053775626 0.0027292797 -0.0012870603 0.99999917 -0.00011563049 -0.03687992 -0.00053790464 0.00011493825 0.99999985 2.4369195
162 0.99999786 -0.00026085266 0.0020523477 0.0037084912 0.000259076 0.99999959 0.00086589045 -0.035066081 -0.0020525727 -0.00086535689 0.99999752 2.4316503
163 0.99999738 -0.0011336271 0.0019861875 0.0045388684 0.001129559 0.99999726 0.002048166 -0.032120119 -0.0019885039 -0.0020459171 0.99999593 2.3814121
164 0.99999899 0.00076904378 0.0011960538 0.0044607663 -0.00076996708 0.99999941 0.00077168589 -0.033515864 -0.0011954596 -0.00077260603 0.99999899 2.3935827
165 0.99999887 9.909672e-05 0.0015010804 0.0059536092 -0.00010134734 0.99999887 0.0014993312 -0.030525625 -0.0015009301 -0.0014994816 0.99999775 2.4153238
166 0.99999888 0.0014947124 -6.4879986e-05 0.0056645178 -0.001494671 0.99999868 0.00063377962 -0.032022099 6.5827219e-05 -0.00063368193 0.9999998 2.4164502
167 0.99999801 -0.0018727717 0.00068183521 0.0063091526 0.0018710467 0.99999507 0.0025218365 -0.03345574 -0.00068655467 -0.0025205557 0.99999659 2.438121
168 0.99999932 -0.00017514468 0.0011560164 0.0041028081 0.00017314899 0.9999985 0.0017262284 -0.03316393 -0.001156317 -0.001726027 0.99999784 2.4078996
169 0.99999985 0.0005544758 2.8283523e-05 0.0039658402 -0.0005544945 0.99999962 0.00066545133 -0.035937482 -2.7914536e-05 -0.00066546691 0.99999978 2.4147833
170 0.99999689 0.0024166738 -0.00060888812 0.0041732513 -0.0024169026 0.99999701 -0.00037531676 -0.035095961 0.00060797928 0.00037678721 0.99999974 2.4512033
171 0.99999896 -0.0010012232 0.0010337947 0.0060982727 0.00099900219 0.9999972 0.0021467137 -0.031720943 -0.0010359412 -0.0021456787 0.99999716 2.4449084
172 0.99999914 0.0011965188 0.00054502162 0.0058191615 -0.0011969121 0.99999902 0.00072186526 -0.031836433 -0.00054415737 -0.00072251698 0.99999959 2.4926998
173 0.99999828 0.0012286455 0.0013918541 0.0052803369 -0.0012299388 0.99999881 0.0009286632 -0.027946893 -0.0013907115 -0.00093037349 0.9999986 2.4846313
174 0.9999993 0.0011380887 -0.00033739394 0.0053620722 -0.0011374723 0.99999769 0.0018216344 -0.023025896 0.00033946634 -0.0018212494 0.99999828 2.4936277
175 0.99999964 -0.00059743108 0.0006029413 0.0030497944 0.00059608938 0.99999735 0.0022229763 -0.025498668 -0.00060426778 -0.0022226161 0.99999735 2.5111963
176 0.99999996 -0.00025164604 -0.0001527908 0.0027217429 0.00025192262 0.99999833 0.0018128556 -0.029105054 0.00015233435 -0.001812894 0.99999835 2.5074181
177 0.99999998 0.00015229956 8.2786838e-05 0.0046102648 -0.00015236734 0.99999965 0.00081944794 -0.033488508 -8.2662008e-05 -0.00081946054 0.99999966 2.5466198
178 0.99999793 0.0016547129 0.0011814457 0.0075174853 -0.0016542723 0.99999856 -0.00037379271 -0.030815494 -0.0011820625 0.0003718375 0.99999923 2.5580189
179 0.99999665 0.0021132505 0.0014917246 0.0086564775 -0.0021127256 0.99999771 -0.00035338586 -0.031803881 -0.001492468 0.00035023308 0.99999882 2.5583174
180 0.99999567 0.0029293395 -0.00027344618 0.0084406324 -0.0029296762 0.99999494 -0.0012392113 -0.033086502 0.00026981473 0.001240007 0.99999919 2.5697755
181 0.99999445 0.0032888737 0.00053665573 0.0075468193 -0.0032882485 0.99999392 -0.0011617885 -0.031529351 -0.00054047345 0.0011600174 0.99999918 2.5838197
182 0.99999583 0.0022669595 0.0017905907 0.0082225396 -0.0022663702 0.99999738 -0.0003310846 -0.029564338 -0.0017913365 0.00032702508 0.99999834 2.5928421
183 0.99999384 0.0030706382 0.0017016115 0.0079785299 -0.0030693413 0.999995 -0.00076426883 -0.029462465 -0.0017039498 0.00075904129 0.99999826 2.6070922
184 0.9999962 0.0027554629 -5.7608761e-05 0.0084507301 -0.0027554696 0.9999962 -0.00011740432 -0.031001667 5.7285039e-05 0.00011756262 0.99999999 2.6102807
185 0.99999663 0.0022983205 -0.0012093041 0.0064621809 -0.0022983781 0.99999736 -4.6214012e-05 -0.031698389 0.0012091947 4.8993294e-05 0.99999927 2.6141517
186 0.99999976 0.00060935519 0.00033228062 0.0068832569 -0.00060949048 0.99999973 0.00040719724 -0.030151662 -0.00033203241 -0.00040739967 0.99999986 2.6394405
187 0.99999843 0.0016924177 0.00052227409 0.004539303 -0.0016930412 0.99999785 0.0011956866 -0.029877599 -0.00052024937 -0.001196569 0.99999915 2.6634589
188 0.99999597 0.001634981 0.0023195753 0.0033362049 -0.0016376913 0.99999798 0.0011670422 -0.028936099 -0.0023176625 -0.0011708363 0.99999663 2.6905658
189 0.99999782 0.0016415584 0.0012930865 0.003150398 -0.0016422686 0.9999985 0.0005483454 -0.029876749 -0.0012921844 -0.0005504678 0.99999901 2.6845121
190 0.99999591 0.00096603037 0.0026905075 0.0061597238 -0.00096973976 0.99999858 0.0013777316 -0.029620569 -0.0026891728 -0.001380335 0.99999543 2.6509033
191 0.99999403 0.0011235173 0.0032669082 0.0058257964 -0.0011294267 0.99999773 0.0018076 -0.026931305 -0.0032648699 -0.0018112789 0.99999303 2.6680418
192 0.99999281 0.0027647075 0.0025945555 0.0066264371 -0.0027642115 0.99999616 -0.00019470465 -0.028156261 -0.0025950839 0.00018753135 0.99999662 2.6921424
193 0.99999598 0.0023845763 0.0015337462 0.0064436543 -0.0023838957 0.99999706 -0.00044541587 -0.034868506 -0.0015348038 0.00044175779 0.99999872 2.6920075
194 0.99999227 0.0026108203 0.0029401576 0.0042878643 -0.0026106658 0.99999659 -5.6389962e-05 -0.033024051 -0.0029402948 4.8713757e-05 0.99999568 2.7263327
195 0.99999343 0.00067135504 0.0035633422 0.0059838258 -0.00067523733 0.99999918 0.0010884164 -0.036506115 -0.0035626085 -0.0010908153 0.99999306 2.7080122
196 0.99999098 0.0030069716 0.0029980212 0.0048144374 -0.0030053903 0.99999534 -0.00053182203 -0.033231026 -0.0029996064 0.00052280701 0.99999536 2.7224427
197 0.99999788 0.00072482166 0.0019295372 0.0057270764 -0.00072719338 0.99999898 0.001228752 -0.035926902 -0.0019286446 -0.0012301525 0.99999738 2.7175914
198 0.99999704 0.0016001418 0.0018313467 0.0052102705 -0.0015991093 0.99999856 -0.00056507346 -0.038261985 -0.0018322482 0.00056214327 0.99999816 2.7277542
199 0.99999708 0.0014029056 0.0019667005 0.0052484351 -0.0014038205 0.99999891 0.0004638917 -0.037345121 -0.0019660476 -0.00046665124 0.99999796 2.7235835
200 0.9999709 0.0076213928 0.00033331603 -0.0015200579 -0.0076208374 0.99996962 -0.0016369257 -0.03478373 -0.00034578155 0.001634338 0.9999986 2.747734
201 0.99997272 0.0061350983 0.0041131137 0.0005317672 -0.0061221265 0.99997627 -0.0031589627 -0.03912509 -0.0041323967 0.0031336956 0.99998655 2.7368964
202 0.99999694 0.0018363491 0.0016592597 0.0036494592 -0.0018346345 0.99999778 -0.0010342486 -0.042601652 -0.0016611553 0.0010312013 0.99999809 2.7404222
203 0.99999754 -0.0009565704 0.0020010182 0.0047553783 0.00095369466 0.99999851 0.001437601 -0.041918533 -0.0020023904 -0.0014356891 0.99999696 2.7340517
204 0.99998733 0.0049134124 0.0010963375 0.00098617945 -0.0049101581 0.99998359 -0.002951554 -0.042937237 -0.0011108217 0.0029461334 0.99999504 2.7541621
205 0.99999335 0.0029404135 0.0021557974 0.0026751226 -0.0029371168 0.99999451 -0.0015308236 -0.046207912 -0.0021602868 0.0015244816 0.9999965 2.7468131
206 0.99999823 -0.00021104013 0.0018692828 0.0026370363 0.00020889631 0.99999932 0.0011469854 -0.043928301 -0.0018695235 -0.0011465929 0.9999976 2.7426826
207 0.99999736 -0.00053271894 0.0022336007 0.0052218867 0.00053128461 0.99999965 0.00064270897 -0.044602086 -0.0022339423 -0.0006415206 0.9999973 2.737005
208 0.99999936 -0.00052368185 0.0010045622 0.0054773041 0.00052227358 0.99999888 0.0014016192 -0.039228199 -0.001005295 -0.0014010936 0.99999851 2.7391666
209 0.99999436 -0.00096311641 0.0032170797 0.0066739062 0.00095652149 0.99999744 0.0020508798 -0.040314973 -0.0032190467 -0.002047791 0.99999272 2.7281651
210 0.99999197 0.0029948142 0.0026625698 0.0050156032 -0.0029914017 0.9999947 -0.0012847364 -0.039875879 -0.0026664032 0.0012767613 0.99999563 2.741027
211 0.999999 0.0010483464 0.00095085986 0.0060842819 -0.0010485622 0.99999942 0.00022645193 -0.04055412 -0.00095062192 -0.00022744874 0.99999952 2.7408351
212 0.99999782 -0.00079187393 0.0019307372 0.007854306 0.00078848821 0.99999815 0.0017537236 -0.042059426 -0.0019321223 -0.0017521974 0.9999966 2.7195835
213 0.99998574 0.00278754 0.0045555477 0.0055170759 -0.002789875 0.99999598 0.00050628116 -0.040478518 -0.0045541181 -0.00051898335 0.9999895 2.7375265
214 0.99999916 -0.00055069389 0.0011721504 0.0067868889 0.00054978739 0.99999955 0.00077354479 -0.043088343 -0.0011725758 -0.0007728997 0.99999901 2.7399627
215 0.99999959 0.00084811491 0.00031148396 0.0031626116 -0.00084838081 0.99999928 0.00085451688 -0.043273377 -0.00031075901 -0.00085478079 0.99999959 2.7345917
216 0.99999069 0.0032261179 0.0028670374 0.0025035425 -0.0032289204 0.99999431 0.00097339544 -0.038957089 -0.0028638808 -0.00098264381 0.99999542 2.7423234
217 0.99998049 0.0062468464 1.2304497e-05 0.0024563057 -0.0062468014 0.99997783 -0.0023071226 -0.042147399 -2.6716465e-05 0.0023070007 0.99999734 2.7222925
218 0.99999664 0.0018863989 -0.001777068 0.0056258143 -0.0018885775 0.99999747 -0.0012250742 -0.04519026 0.0017747525 0.0012284263 0.99999767 2.7183887
219 0.99999403 0.00032313184 -0.0034410214 0.006187944 -0.00032139879 0.99999982 0.00050418369 -0.041152291 0.0034411837 -0.00050307474 0.99999395 2.7181346
220 0.99999973 0.0002969699 -0.00066603544 0.0043052433 -0.0002958522 0.99999855 0.001677604 -0.040892184 0.00066653267 -0.0016774065 0.99999837 2.7203804
221 0.99999912 0.0011084033 -0.00073578711 0.0033430286 -0.0011074991 0.99999863 0.0012281556 -0.043779735 0.00073714739 -0.0012273396 0.99999898 2.7254751
222 0.99999451 0.0033122249 0.00011008704 0.0017284493 -0.0033121957 0.99999448 -0.00026425995 -0.044900523 -0.00011096172 0.00026389387 0.99999996 2.7223142
223 0.99999896 0.00089477748 0.0011277229 0.0039160999 -0.00089434134 0.99999953 -0.00038718456 -0.046935471 -0.0011280688 0.00038617559 0.99999929 2.7233723
224 0.99999906 6.7888378e-05 -0.0013719811 0.0075750979 -6.7487423e-05 0.99999996 0.00029228984 -0.042063687 0.0013720008 -0.00029219697 0.99999902 2.6952769
225 0.99999784 -0.0011932216 -0.0017006796 0.00635244 0.0011956509 0.99999827 0.001428114 -0.042554342 0.0016989726 -0.0014301443 0.99999753 2.724456
226 0.99999639 -0.0017789315 -0.0020139021 0.0078590695 0.0017807146 0.99999802 0.0008839719 -0.045961573 0.0020123256 -0.00088755489 0.99999758 2.7131835
227 0.99999526 -0.0018416103 -0.0024675408 0.008072617 0.0018457354 0.9999969 0.0016705179 -0.041025207 0.0024644567 -0.0016750644 0.99999556 2.7155223
228 0.99999556 -0.0020805567 -0.0021339175 0.0063052519 0.0020846004 0.99999603 0.0018944698 -0.042500885 0.0021299675 -0.0018989097 0.99999593 2.72135
229 0.99999622 5.8318984e-06 -0.0027499775 0.0065890545 -6.5920586e-06 0.99999996 -0.00027641517 -0.044481018 0.0027499758 0.00027643225 0.99999618 2.6969799
230 0.99999167 0.00035107811 -0.0040663438 0.0063706873 -0.00035216134 0.9999999 -0.00026567642 -0.046556285 0.0040662501 0.00026710622 0.9999917 2.7062364
231 0.99999833 -5.6853462e-05 -0.0018277361 0.0068030646 5.6652083e-05 0.99999999 -0.00011023088 -0.044840945 0.0018277424 0.00011012715 0.99999832 2.6879463
232 0.99999299 0.00076379366 -0.0036645888 0.0062597164 -0.00076797922 0.99999905 -0.001140892 -0.043440666 0.0036637139 0.0011436983 0.99999263 2.7183697
233 0.999996 -0.00080593056 -0.0027122003 0.0063844333 0.00080559806 0.99999967 -0.00012368262 -0.044928167 0.0027122991 0.00012149718 0.99999631 2.7043767
234 0.9999991 0.00010125084 -0.0013357712 0.0072241286 -0.00010143582 0.99999999 -0.00013841989 -0.046994513 0.0013357571 0.00013855526 0.9999991 2.7122753
235 0.99999709 -0.00062938323 -0.0023279113 0.0073307561 0.00063114459 0.99999952 0.00075596855 -0.046890182 0.0023274344 -0.0007574356 0.999997 2.7027655
236 0.9999961 -0.00067529793 -0.0027094437 0.0059824127 0.00067649557 0.99999967 0.00044113289 -0.047213623 0.0027091449 -0.0004429641 0.99999623 2.7062465
237 0.99999743 -0.0015309716 -0.0016728994 0.006736348 0.0015325459 0.99999838 0.00094018376 -0.045135203 0.0016714573 -0.00094274514 0.99999816 2.7204258
238 0.99999863 0.0003262229 -0.0016202148 0.0062422925 -0.00032631665 0.99999995 -5.7599756e-05 -0.042169954 0.0016201959 5.8128381e-05 0.99999869 2.7093954
239 0.99999666 0.00053829803 -0.002526379 0.0070870509 -0.0005393475 0.99999977 -0.00041474302 -0.046404429 0.0025261551 0.00041610423 0.99999672 2.7124067
240 0.99999475 -0.00079196601 -0.0031427455 0.0066523463 0.000794932 0.99999924 0.00094262136 -0.045505537 0.0031419966 -0.00094511467 0.99999462 2.719939
241 0.99999302 -7.1954948e-05 -0.0037352369 0.0055728808 7.5293499e-05 0.9999996 0.00089366596 -0.045145149 0.0037351711 -0.00089394096 0.99999262 2.7217719
242 0.99999182 -0.0003292947 -0.0040302581 0.0057818294 0.00033180979 0.99999975 0.00062339846 -0.047285313 0.0040300518 -0.00062473064 0.99999168 2.713153
243 0.99999552 -0.00068006194 -0.0029146277 0.0060256604 0.00068153352 0.99999964 0.00050392892 -0.046651416 0.0029142839 -0.00050591308 0.99999563 2.7072078
244 0.99999737 -0.00071002989 -0.0021789507 0.0071825255 0.00071062385 0.99999971 0.00027182935 -0.046471162 0.002178757 -0.00027337705 0.99999759 2.7038192
245 0.99999675 -0.00054245516 -0.0024911294 0.0072056135 0.00054355268 0.99999976 0.00043991392 -0.04487471 0.0024908901 -0.00044126655 0.9999968 2.698663
246 0.99999939 -0.00037642648 -0.0010336982 0.0080094464 0.00037733435 0.99999954 0.00087821999 -0.043945735 0.0010333671 -0.00087860951 0.99999908 2.6872887
247 0.99999419 0.0024130404 -0.0024096262 0.0056380119 -0.0024134063 0.99999708 -0.0001489453 -0.043500583 0.0024092597 0.00015475984 0.99999709 2.6970635
248 0.99998319 0.0057712245 -0.00056509917 0.0019159506 -0.0057723242 0.99998141 -0.0019641676 -0.046461368 0.00055375301 0.0019673965 0.99999791 2.6968095
249 0.99998733 0.0046442811 -0.0019395745 0.0033376388 -0.0046480547 0.99998731 -0.0019456058 -0.042628618 0.0019305139 0.0019545964 0.99999623 2.7031737
250 0.99999342 0.0036263646 9.9739623e-05 0.0045196213 -0.0036263383 0.99999339 -0.00026233636 -0.035247311 -0.00010069029 0.00026197295 0.99999996 2.6864732
251 0.99999988 0.00035029514 0.00035041052 0.008991869 -0.00035074089 0.99999913 0.0012728117 -0.03621624 -0.00034996435 -0.0012729344 0.99999913 2.6901466
252 0.99999721 1.1000877e-05 -0.0023613062 0.0075155417 -7.794866e-06 0.99999908 0.0013577327 -0.041614339 0.002361319 -0.0013577105 0.99999629 2.6914608
253 0.99999665 0.0015440632 -0.0020797175 0.0077195866 -0.0015428769 0.99999865 0.00057191982 -0.042708011 0.0020805977 -0.00056870915 0.99999767 2.6872493
254 0.99999552 0.0026194025 -0.0014493955 0.0063463819 -0.0026200684 0.99999646 -0.00045770219 -0.043625225 0.0014481914 0.00046149766 0.99999884 2.6874745
255 0.99998805 0.0048331698 -0.00074145363 0.0031416165 -0.0048338344 0.99998791 -0.00089727711 -0.042660431 0.00073710798 0.00090085044 0.99999932 2.7022771
256 0.99998538 0.0053491358 -0.00078828463 0.0029153102 -0.0053500838 0.99998496 -0.0012054744 -0.039378653 0.00078182453 0.0012096742 0.99999896 2.6963625
257 0.99999231 0.0035598356 -0.0016483899 0.0065335236 -0.0035618799 0.99999289 -0.001238937 -0.039401189 0.0016439678 0.0012447989 0.99999787 2.6996948
258 0.99999643 0.0012186339 -0.0023767106 0.0063086732 -0.0012189153 0.99999925 -0.00011695884 -0.040991674 0.0023765663 0.00011985543 0.99999717 2.6983181
259 0.99999618 -0.00026320775 -0.0027529375 0.0061608317 0.00026410481 0.99999991 0.00032549676 -0.043421388 0.0027528516 -0.00032622258 0.99999616 2.7007699
260 0.99999583 0.00031072449 -0.0028696938 0.0070922837 -0.00031048293 0.99999995 8.4620317e-05 -0.04508407 0.0028697199 -8.3728974e-05 0.99999588 2.692806
261 0.99999661 0.001519194 -0.0021152464 0.0064955175 -0.0015203263 0.9999987 -0.00053377137 -0.04427969 0.0021144327 0.00053698542 0.99999762 2.6993582
