4 0.99999637 0.002412295 0.0012165949 0.014003249 -0.0024053749 0.99998105 -0.0056568973 -0.11701278 -0.0012302177 0.0056539518 0.9999833 6.7927976
5 0.99999144 0.0041172896 0.00044638208 0.013035444 -0.0041146375 0.99997474 -0.0057852851 -0.14543986 -0.00047019019 0.0057834003 0.9999832 8.3637762
6 0.99997025 0.0077016374 0.00046503817 0.013003879 -0.0076983571 0.99994798 -0.0066828927 -0.16736792 -0.0005164829 0.0066791154 0.9999776 9.8684605
7 0.99992842 0.011467261 -0.0034190105 0.011054667 -0.011492394 0.99990633 -0.0074248834 -0.18828269 0.0033335478 0.0074636461 0.99996663 11.340896
8 0.99987024 0.014457748 -0.0071062997 0.0050531321 -0.014519483 0.99985655 -0.0087142668 -0.21565838 0.0069792926 0.0088163176 0.99993682 12.833197
9 0.99982276 0.016157026 -0.0096663383 -0.0095077834 -0.016235616 0.99983526 -0.0081079825 -0.24325414 0.0095337461 0.008263486 0.99992045 14.32165
10 0.99980812 0.017617326 -0.0085659636 -0.027620794 -0.017660385 0.99983159 -0.0049777002 -0.26657093 0.0084768283 0.0051280247 0.99995096 15.800234
11 0.99968871 0.022214231 -0.011359634 -0.046520934 -0.022281011 0.99973494 -0.0057864659 -0.29338018 0.011228083 0.0060377702 0.99991877 17.274932
12 0.99961628 0.025287854 -0.011307171 -0.071898368 -0.02536095 0.99965801 -0.0063688531 -0.32362793 0.01114225 0.0066531714 0.99991583 18.768002
13 0.99954229 0.027727929 -0.012099602 -0.094698701 -0.027794795 0.99959904 -0.0053938182 -0.35096446 0.011945193 0.0057276568 0.99991229 20.251244
14 0.9995213 0.029542712 -0.0091884677 -0.11495522 -0.029572255 0.99955779 -0.0030965245 -0.37423454 0.0090929258 0.0033667672 0.99995303 21.716511
15 0.99947462 0.032010909 -0.0050801904 -0.13491138 -0.032019328 0.99948593 -0.0015853138 -0.39434409 0.0050268323 0.0017471463 0.99998588 23.188607
16 0.9994485 0.033081142 -0.0028902855 -0.15108734 -0.033084177 0.999452 -0.0010097887 -0.41433184 0.0028552973 0.0011048556 0.99999535 24.655684
17 0.99930426 0.037189384 -0.0028225787 -0.16600327 -0.037200619 0.99929959 -0.0040397113 -0.43841614 0.0026703679 0.0041419037 0.9999879 26.121508
18 0.99919702 0.040013132 -0.0020727043 -0.17488573 -0.040023006 0.99918636 -0.0049663606 -0.45968771 0.0018722987 0.00504533 0.99998556 27.581668
19 0.99905209 0.043209446 -0.0052812749 -0.1821206 -0.043243074 0.99904384 -0.0064289792 -0.48367335 0.0049984333 0.0066512652 0.99996543 29.029629
20 0.99888162 0.046430654 -0.0089291786 -0.1953959 -0.046496201 0.99889188 -0.0072792751 -0.5141191 0.0085813036 0.0076863086 0.99993368 30.481107
21 0.99894032 0.044809203 -0.010506781 -0.22215212 -0.044855984 0.99898432 -0.0042602588 -0.54182784 0.010305212 0.0047270377 0.99993577 31.916295
22 0.99879432 0.047933343 -0.010599063 -0.24053181 -0.047973142 0.99884232 -0.0035333978 -0.5630691 0.010417427 0.0040376093 0.99993762 33.329011
23 0.99864713 0.050638849 -0.011817032 -0.26256501 -0.050668087 0.99871309 -0.0021882646 -0.58242436 0.011691014 0.0027840517 0.99992782 34.737228
24 0.99862138 0.050916956 -0.012760879 -0.29709203 -0.050904261 0.99870261 0.00131751 -0.60078479 0.012811408 -0.00066610962 0.99991775 36.142185
25 0.99837854 0.0554904 -0.012694088 -0.32351545 -0.055503059 0.99845825 -0.00064724385 -0.61822062 0.012638602 0.0013507562 0.99991926 37.538447
26 0.99812574 0.059978681 -0.012149053 -0.341961 -0.059991791 0.99819855 -0.00071767378 -0.63804015 0.012084124 0.0014451732 0.99992598 38.918668
27 0.99784579 0.064323938 -0.012893149 -0.36177451 -0.064333278 0.99792836 -0.00031095843 -0.65622698 0.012846438 0.0011397481 0.99991687 40.25296
28 0.99764519 0.066785733 -0.015613256 -0.37926222 -0.066792616 0.99776682 8.0410982e-05 -0.6759293 0.015583761 0.00096262963 0.99987814 41.605208
29 0.9974416 0.069783521 -0.015509765 -0.403431 -0.069789455 0.99756167 0.00015863347 -0.69414177 0.015483019 0.00092419148 0.99987974 42.941644
30 0.99727786 0.071577426 -0.017707752 -0.42708708 -0.071584492 0.99743445 0.00023496899 -0.71175937 0.017679142 0.0010332721 0.99984322 44.262684
31 0.99700138 0.074878674 -0.019530957 -0.45201734 -0.074893257 0.9971915 -1.5579707e-05 -0.72747269 0.01947494 0.0014782711 0.99980929 45.544479
32 0.99672283 0.078149267 -0.020888434 -0.47995832 -0.07817809 0.99693919 -0.00056591256 -0.74536105 0.020780275 0.002197077 0.99978169 46.810799
33 0.99657562 0.079668872 -0.022134539 -0.50761282 -0.079705897 0.99681805 -0.0007944666 -0.76547801 0.022000816 0.0025560005 0.99975472 48.050946
34 0.99638632 0.081952402 -0.022319003 -0.53758587 -0.081988721 0.99663294 -0.00071587026 -0.78414632 0.022185189 0.002543191 0.99975068 49.288905
35 0.99616459 0.084714497 -0.02189959 -0.56965802 -0.084741756 0.99640284 -0.00031838298 -0.80515729 0.021793844 0.0021729727 0.99976016 50.515847
36 0.99587314 0.088104939 -0.021777166 -0.60177871 -0.088120004 0.99610977 0.00026835666 -0.82392804 0.021716093 0.0016517559 0.99976285 51.733197
37 0.9955712 0.091372338 -0.022115814 -0.63268337 -0.091369732 0.99581634 0.0011300584 -0.83777763 0.022126547 0.00089566342 0.99975482 52.942279
38 0.9952346 0.094670414 -0.023358946 -0.66438438 -0.094638382 0.99550858 0.0024751625 -0.84722369 0.023488358 -0.00025271355 0.99972412 54.145971
39 0.99489425 0.097927515 -0.024406346 -0.69542919 -0.097885959 0.99519337 0.0028941436 -0.85427709 0.024572452 -0.00049032729 0.99969797 55.355173
40 0.99461085 0.10051858 -0.025402819 -0.72665886 -0.10046501 0.99493479 0.0033792532 -0.86060459 0.025613829 -0.00080894647 0.99967162 56.558852
41 0.99445753 0.10228126 -0.024347203 -0.75589143 -0.10221918 0.99475465 0.0037837115 -0.87023592 0.024606499 -0.0012739883 0.99969644 57.720577
42 0.99440302 0.10429049 -0.01691589 -0.77838611 -0.10425247 0.99454592 0.0031163269 -0.8806693 0.017148634 -0.0013353608 0.9998521 58.85779
43 0.99411588 0.10819883 -0.0051627909 -0.79410276 -0.10819006 0.99412826 0.0019475215 -0.89377343 0.0053431966 -0.0013774985 0.99998481 59.99474
44 0.99379749 0.11089059 0.0083584804 -0.79350861 -0.11090184 0.9938309 0.00089525959 -0.90830681 -0.0082076407 -0.0018166768 0.9999647 61.127413
45 0.99337131 0.11227346 0.024660471 -0.7723895 -0.11231235 0.99367287 0.0001932984 -0.92348002 -0.024482741 -0.0029616917 0.9996959 62.257453
46 0.99279196 0.11293798 0.040114451 -0.73227983 -0.11301899 0.99359274 -0.00024981057 -0.93807034 -0.039885643 -0.004285684 0.9991951 63.385881
47 0.9919679 0.11280381 0.057227768 -0.67378771 -0.11291539 0.99360371 -0.0012902479 -0.9556526 -0.057007272 -0.0051820108 0.99836035 64.46415
48 0.99095776 0.11083547 0.075619114 -0.59240914 -0.11097915 0.99381999 -0.0023123248 -0.97259177 -0.07540808 -0.0061007282 0.99713413 65.529366
49 0.98957375 0.10961863 0.09342146 -0.49211368 -0.10974798 0.99395225 -0.0037675169 -0.98769194 -0.093269468 -0.00652458 0.99561956 66.586065
50 0.98791583 0.10709047 0.11204452 -0.3702407 -0.10720031 0.9942245 -0.0050613048 -1.0048436 -0.11193943 -0.0070110633 0.99369034 67.634091
51 0.9859612 0.10477638 0.13000946 -0.22907185 -0.10485775 0.99446761 -0.0062383509 -1.0244867 -0.12994384 -0.0074817268 0.99149317 68.663644
52 0.98327517 0.10224081 0.1507209 -0.068276005 -0.10218854 0.99473191 -0.0081126306 -1.0473674 -0.15075634 -0.0074250003 0.98854311 69.676709
53 0.97971484 0.10060969 0.17331055 0.1139249 -0.10030668 0.9949008 -0.010528627 -1.0687526 -0.1734861 -0.0070691531 0.98481099 70.682503
54 0.97572698 0.095654966 0.19699498 0.32445781 -0.095099327 0.99539173 -0.012300729 -1.0959159 -0.19726381 -0.0067319358 0.98032737 71.659813
55 0.96990139 0.0932759 0.22492425 0.55615552 -0.092177901 0.99562338 -0.015401588 -1.1255348 -0.22537646 -0.0057950239 0.97425456 72.618765
56 0.96291163 0.09266037 0.25340736 0.80917124 -0.090516021 0.99569139 -0.02013439 -1.1584241 -0.2541812 -0.003549787 0.96715014 73.553726
57 0.95451492 0.092075644 0.28359017 1.0938136 -0.088581884 0.99575133 -0.025147963 -1.1928349 -0.28470082 -0.0011168449 0.95861581 74.467994
58 0.94527233 0.092342831 0.31294256 1.406215 -0.086965663 0.99572476 -0.031129698 -1.2321549 -0.31447928 0.0022107866 0.9492618 75.378053
59 0.93497424 0.09291561 0.34233009 1.7468707 -0.085525417 0.9956614 -0.036655918 -1.2769661 -0.34425079 0.0049944166 0.93886449 76.286226
60 0.9222533 0.095772108 0.37453516 2.1046238 -0.086842105 0.99539066 -0.040691087 -1.3252983 -0.3767059 0.0050020687 0.92631945 77.177964
61 0.90847531 0.09743187 0.40642302 2.4889893 -0.087015907 0.99523113 -0.044080735 -1.3798947 -0.40877975 0.0046809922 0.91262111 78.042782
62 0.89267621 0.098774706 0.4397417 2.9022968 -0.086533179 0.99509881 -0.04785646 -1.4371787 -0.44231349 0.0046680767 0.8968484 78.876561
63 0.87525968 0.10218083 0.47273629 3.337207 -0.088035189 0.99475809 -0.052019597 -1.497566 -0.47557369 0.0039132286 0.87966723 79.693226
64 0.8565802 0.10498288 0.50522171 3.8035707 -0.089089975 0.99447053 -0.055598695 -1.559062 -0.50826506 0.0026145532 0.86119677 80.495027
65 0.83757387 0.10574278 0.53599302 4.3009747 -0.088229745 0.99439226 -0.058304622 -1.6235241 -0.53915264 0.0015439012 0.8422067 81.275358
66 0.81873173 0.10592632 0.56432084 4.81687 -0.086749615 0.99437359 -0.060791083 -1.6911546 -0.56758516 0.00081697448 0.82331434 82.021102
67 0.79870451 0.10464917 0.59255353 5.3596739 -0.08347125 0.99450868 -0.063126185 -1.7639259 -0.59590578 0.0009579856 0.80305383 82.735271
68 0.77756497 0.10601864 0.61980061 5.9244137 -0.082933446 0.99436408 -0.066045408 -1.8354486 -0.62330956 -4.7604706e-05 0.78197523 83.437538
69 0.75313056 0.10755145 0.64902009 6.5173211 -0.082455003 0.99419834 -0.069070418 -1.9077683 -0.65268337 -0.0014959108 0.75762936 84.127202
70 0.72816586 0.10822365 0.67680289 7.1419209 -0.080827827 0.99412391 -0.072002733 -1.9813043 -0.68061839 -0.0022745733 0.73263464 84.794876
71 0.70386923 0.10984313 0.70178531 7.7878554 -0.080626932 0.99394083 -0.074704836 -2.0616977 -0.70573895 -0.0040003607 0.70846073 85.446583
72 0.67723755 0.11192057 0.72720225 8.4591613 -0.08158193 0.99369096 -0.076958108 -2.1467231 -0.73122756 -0.007207642 0.68209559 86.082381
73 0.64907717 0.11489931 0.75199535 9.1549435 -0.08314798 0.99332055 -0.080003675 -2.2375265 -0.75616486 -0.010598335 0.65429539 86.695521
74 0.61827483 0.11775567 0.77709064 9.8736657 -0.085045774 0.99293081 -0.08279803 -2.3310103 -0.78134724 -0.014896338 0.6239188 87.28914
75 0.58784242 0.11939571 0.80011623 10.615367 -0.085665516 0.992675 -0.085191764 -2.4292568 -0.80442698 -0.018463037 0.59376462 87.851741
76 0.55622456 0.12143478 0.82211183 11.380674 -0.086754444 0.9923457 -0.087883825 -2.5279064 -0.82649136 -0.022438714 0.56250211 88.389407
77 0.52474426 0.12330383 0.84228241 12.163886 -0.087437453 0.99202758 -0.09075162 -2.6300454 -0.84675747 -0.026025638 0.53134219 88.895209
78 0.49225879 0.12621594 0.86124958 12.963582 -0.088829769 0.99155001 -0.09453959 -2.7342155 -0.86590451 -0.029966658 0.49931099 89.372271
79 0.45929947 0.13218876 0.87839066 13.779316 -0.093223912 0.99057754 -0.10032611 -2.844311 -0.88337612 -0.035807285 0.46729493 89.827121
80 0.42653721 0.13581898 0.89421431 14.612985 -0.09505987 0.98991719 -0.10501171 -2.9591071 -0.89946078 -0.040212496 0.43514749 90.250675
81 0.39589645 0.1374879 0.90794444 15.475846 -0.096079139 0.98950327 -0.1079442 -3.0805183 -0.91325509 -0.044499795 0.40495059 90.650669
82 0.36365213 0.13935327 0.92105256 16.360738 -0.098450261 0.9889592 -0.11075703 -3.2048174 -0.92631784 -0.050400836 0.37335652 91.028919
83 0.33265442 0.1391404 0.93272773 17.268437 -0.098527194 0.98877056 -0.11236122 -3.341742 -0.93788778 -0.05452159 0.34262805 91.372643
84 0.30438461 0.13774694 0.94253691 18.193443 -0.094241491 0.98898905 -0.11410116 -3.4761641 -0.94787585 -0.054095449 0.31401455 91.677292
85 0.27569078 0.13815532 0.95126638 19.118307 -0.090843833 0.988933 -0.1172979 -3.6091388 -0.95694413 -0.054078739 0.2851903 91.951081
86 0.24644345 0.1400006 0.95899191 20.045765 -0.090709046 0.98849952 -0.12099776 -3.7475582 -0.96490288 -0.057170139 0.25630857 92.201867
87 0.22071056 0.13970888 0.96528147 20.998556 -0.086686684 0.9885809 -0.12326028 -3.8871732 -0.97147946 -0.056472209 0.23030116 92.422537
88 0.19562334 0.14017228 0.97060974 21.954093 -0.080113778 0.98870832 -0.12663933 -4.0352958 -0.97740133 -0.052985607 0.20464417 92.615612
89 0.17329676 0.13994395 0.97487638 22.908697 -0.078318953 0.98867655 -0.12800277 -4.1892677 -0.98175071 -0.054168836 0.18229472 92.791805
90 0.15855146 0.13850352 0.97758797 23.869897 -0.076545193 0.98885648 -0.12768544 -4.3423911 -0.98437917 -0.054584951 0.16738643 92.955448
91 0.15142169 0.13805696 0.97878076 24.830506 -0.077077388 0.98883255 -0.12755055 -4.494298 -0.9854596 -0.056127948 0.16037178 93.113194
92 0.1437176 0.13852478 0.97987559 25.797073 -0.078053707 0.98865665 -0.12831808 -4.6464281 -0.98653583 -0.05804136 0.15289974 93.264815
93 0.13708083 0.13883902 0.98078163 26.775844 -0.077746705 0.98858207 -0.12907682 -4.7935852 -0.98750411 -0.058558586 0.14630994 93.410366
94 0.13680793 0.13833789 0.98089054 27.754442 -0.077246357 0.98867536 -0.12866201 -4.9380647 -0.98758122 -0.058168241 0.14594474 93.555303
95 0.13674675 0.13882635 0.98083006 28.737174 -0.077865166 0.98857409 -0.12906652 -5.0787283 -0.9875411 -0.058723071 0.14599404 93.699934
96 0.13808881 0.13975722 0.98050978 29.727591 -0.078985761 0.98839475 -0.12975725 -5.2178349 -0.98726532 -0.059528291 0.1475251 93.848052
97 0.14184017 0.14054354 0.97986168 30.723119 -0.079996772 0.98825941 -0.13016808 -5.3561685 -0.98665189 -0.059922712 0.15141792 94.002388
98 0.14133709 0.14187116 0.97974304 31.719469 -0.081383242 0.98799305 -0.13132551 -5.4966121 -0.9866107 -0.061173504 0.15118601 94.154424
99 0.13941726 0.14283296 0.97987836 32.713909 -0.082875873 0.98775374 -0.13218932 -5.6397109 -0.98675959 -0.062778805 0.14954734 94.304053
100 0.13706972 0.14295173 0.98019219 33.701721 -0.083847989 0.98765489 -0.13231482 -5.784006 -0.98700632 -0.064050793 0.14736381 94.452002
101 0.13604006 0.14211664 0.98045703 34.709262 -0.084571606 0.98771085 -0.13143362 -5.9282969 -0.98708704 -0.065038592 0.14638729 94.601122
102 0.13610646 0.1420598 0.98045605 35.720806 -0.086185685 0.98761138 -0.13113229 -6.0740346 -0.98693826 -0.066653329 0.14666382 94.754302
103 0.13679603 0.14206476 0.98035936 36.734751 -0.08781753 0.98750552 -0.13084655 -6.2215121 -0.98669904 -0.068193454 0.14756262 94.909217
104 0.13813195 0.14182707 0.98020645 37.749354 -0.090035398 0.98739399 -0.13017914 -6.3671023 -0.98631297 -0.070271384 0.14916012 95.066597
105 0.13777804 0.14122325 0.98034343 38.768215 -0.091770767 0.98734524 -0.12933438 -6.5128743 -0.98620252 -0.072147435 0.14899467 95.227259
106 0.13515312 0.14150181 0.9806686 39.794427 -0.094134156 0.98710659 -0.12945744 -6.6633714 -0.98634298 -0.074817839 0.1467307 95.38431
107 0.13187943 0.1420012 0.98104205 40.82237 -0.095981753 0.98686504 -0.12994142 -6.811563 -0.98660802 -0.07702554 0.14377673 95.535485
108 0.13040618 0.14239544 0.98118184 41.854828 -0.096779094 0.98673478 -0.13033868 -6.9591665 -0.98672595 -0.077960926 0.14245722 95.683545
109 0.12796942 0.1422811 0.9815192 42.895307 -0.097617474 0.98665747 -0.13029868 -7.1068288 -0.98696238 -0.079139184 0.14015111 95.831119
110 0.1261692 0.14275676 0.98168318 43.937219 -0.10088789 0.98630675 -0.13046268 -7.2548834 -0.98686526 -0.082579577 0.13884398 95.980645
111 0.12658116 0.14256027 0.9816587 44.980023 -0.105344 0.98595449 -0.12960041 -7.4035041 -0.98634676 -0.087006891 0.13982114 96.131422
112 0.12632147 0.14209829 0.98175913 46.025686 -0.11036293 0.98555624 -0.12844765 -7.5504542 -0.98583111 -0.092124125 0.14017931 96.282737
113 0.12547604 0.14178468 0.98191288 47.063662 -0.11513264 0.98512882 -0.12753656 -7.6877526 -0.98539348 -0.097047447 0.13993412 96.424513
114 0.12545981 0.14223258 0.98185017 48.090673 -0.11903664 0.98467826 -0.12743188 -7.8307719 -0.98493157 -0.10088857 0.14046845 96.566639
115 0.12212023 0.14302438 0.98215615 49.142185 -0.1228534 0.98413088 -0.12803649 -7.9755972 -0.98488261 -0.10502539 0.13775334 96.715143
116 0.11600758 0.14362921 0.98280869 50.187011 -0.12684108 0.98353006 -0.12876272 -8.1224734 -0.98511606 -0.10972307 0.13231503 96.858826
117 0.11101398 0.14407135 0.98332058 51.231273 -0.13062542 0.98296771 -0.12927243 -8.2760989 -0.98519692 -0.11409563 0.12794255 97.002353
118 0.10714436 0.1445403 0.98368095 52.311731 -0.13333596 0.98252786 -0.12984766 -8.4337698 -0.98526224 -0.11724761 0.12454474 97.141612
119 0.10649762 0.14546683 0.9836146 53.388485 -0.13655866 0.98200616 -0.13044352 -8.5910626 -0.98489089 -0.12042917 0.12444608 97.27961
120 0.10787094 0.14614341 0.98336463 54.482495 -0.14023154 0.98148342 -0.13048102 -8.7475831 -0.9842251 -0.12382363 0.12636747 97.419508
121 0.10960959 0.14676774 0.98307935 55.583765 -0.14416504 0.98092777 -0.13037267 -8.9034495 -0.98346441 -0.12743559 0.12867788 97.561617
122 0.11162108 0.14699481 0.98281905 56.692328 -0.14786483 0.9804467 -0.12984663 -9.0598709 -0.98268856 -0.13083076 0.13117389 97.706054
123 0.11548591 0.14667452 0.98242029 57.803815 -0.15081967 0.98015985 -0.12860782 -9.2073387 -0.9817925 -0.13331592 0.13531606 97.850019
124 0.12087573 0.14608573 0.98185948 58.916877 -0.15330027 0.97999302 -0.12693539 -9.35289 -0.98075897 -0.13517593 0.14085236 97.998246
125 0.12520525 0.14544522 0.98141192 60.002501 -0.15428373 0.98001646 -0.12555541 -9.4975012 -0.98006135 -0.1356957 0.14514305 98.147537
126 0.1275487 0.14491325 0.98118882 61.087697 -0.15523879 0.9799931 -0.12455653 -9.635816 -0.97960825 -0.13643155 0.14749302 98.300186
127 0.12979476 0.14410606 0.98101315 62.199791 -0.15681128 0.97991453 -0.12319747 -9.782139 -0.97906262 -0.13784355 0.14978524 98.464453
128 0.13113283 0.14383341 0.9808752 63.308656 -0.1591343 0.97964267 -0.12237807 -9.9284547 -0.97850934 -0.14004312 0.15135216 98.631267
129 0.13417069 0.14408996 0.98042661 64.430625 -0.1629117 0.97911812 -0.12160331 -10.074342 -0.97747536 -0.14340738 0.1548429 98.803377
130 0.13745493 0.14382298 0.98001078 65.562393 -0.16563062 0.97880871 -0.12041546 -10.219407 -0.97656168 -0.14576811 0.15836358 98.980733
131 0.13549864 0.14318467 0.98037661 66.682669 -0.16904907 0.97833369 -0.11952189 -10.359466 -0.97624925 -0.14953671 0.15676813 99.157884
132 0.13444618 0.14384309 0.98042512 67.842844 -0.17429148 0.97741593 -0.11950092 -10.50685 -0.97547259 -0.15481331 0.15648047 99.340709
133 0.13258741 0.14394994 0.98066254 68.98908 -0.17622209 0.97705815 -0.1195953 -10.651727 -0.97538014 -0.15695758 0.15491278 99.517329
134 0.13317557 0.14327055 0.98068234 70.145613 -0.17747334 0.97695 -0.1186246 -10.79644 -0.9750731 -0.15824708 0.15553259 99.695527
135 0.13342356 0.14308642 0.98067551 71.306967 -0.17996974 0.97656866 -0.11800183 -10.941884 -0.97458151 -0.1607477 0.1560485 99.877477
136 0.13579267 0.1414621 0.98058598 72.463192 -0.1813712 0.97657684 -0.11576724 -11.085195 -0.97399431 -0.16212972 0.15826914 100.06163
137 0.13769929 0.13990381 0.98054366 73.625019 -0.18218204 0.97666112 -0.11376574 -11.226062 -0.97357521 -0.16297199 0.15997351 100.24804
138 0.13862844 0.13874215 0.98057779 74.772886 -0.1832405 0.97663518 -0.11227882 -11.366341 -0.97324465 -0.16411654 0.16081261 100.43532
139 0.14015051 0.13734338 0.98055834 75.936647 -0.18459605 0.97659365 -0.11040388 -11.504666 -0.97277038 -0.16553405 0.16222316 100.62659
140 0.14134671 0.13647415 0.980508 77.112959 -0.18682309 0.97633216 -0.10896114 -11.6449 -0.97217195 -0.16778025 0.16349787 100.82383
141 0.14212197 0.1349792 0.98060287 78.291578 -0.18800917 0.97630614 -0.10713897 -11.779294 -0.97183021 -0.16913555 0.16413189 101.01851
142 0.14338816 0.13459408 0.98047147 79.468163 -0.19059817 0.97591805 -0.10609515 -11.91521 -0.97113966 -0.1716633 0.16558849 101.21561
143 0.14652227 0.1338169 0.98011443 80.649476 -0.1923548 0.97574926 -0.10446482 -12.048149 -0.97032516 -0.1732233 0.16870934 101.41225
144 0.15068864 0.133216 0.97956442 81.822407 -0.19404606 0.97558858 -0.10282476 -12.176541 -0.96934985 -0.1745861 0.17286017 101.61009
145 0.1539809 0.13270701 0.97912142 83.004505 -0.19522104 0.97549146 -0.10151371 -12.303669 -0.96859625 -0.17551394 0.17611427 101.8141
146 0.15830956 0.13205327 0.97851931 84.227453 -0.19623003 0.97545634 -0.09989288 -12.427349 -0.96769413 -0.17620089 0.1803369 102.0258
147 0.16269522 0.13100252 0.97794102 85.438525 -0.19728968 0.97544999 -0.097846721 -12.543244 -0.9667508 -0.17701849 0.18454651 102.23915
148 0.16751682 0.13041996 0.97720457 86.643949 -0.19933821 0.97521861 -0.095983451 -12.655984 -0.96550632 -0.17871539 0.18936322 102.45544
149 0.17419851 0.12981044 0.97611688 87.853432 -0.20138822 0.97501714 -0.093724306 -12.766795 -0.96389716 -0.18025182 0.19598884 102.67883
150 0.1777364 0.13010024 0.97544028 89.075289 -0.20482523 0.97440455 -0.092640594 -12.882677 -0.96252608 -0.18332919 0.19983498 102.92011
151 0.18043684 0.1301493 0.97493781 90.318232 -0.207008 0.97403066 -0.09171614 -13.006241 -0.96155619 -0.18527097 0.20269298 103.17253
152 0.18087659 0.13185155 0.97462755 91.546293 -0.21173336 0.97295626 -0.092330843 -13.127884 -0.96044402 -0.18966069 0.2039024 103.42954
153 0.18059752 0.13243571 0.9746001 92.779502 -0.21473208 0.97229871 -0.092332217 -13.252342 -0.95983058 -0.19260295 0.20403295 103.68821
154 0.18011615 0.1322607 0.97471294 94.01353 -0.21750886 0.97174449 -0.091664682 -13.374049 -0.95929564 -0.19549843 0.20379477 103.94623
155 0.18012318 0.13282225 0.97463527 95.241515 -0.22129383 0.97091286 -0.091417462 -13.494574 -0.95842827 -0.19921438 0.20427667 104.20462
156 0.18076439 0.13282898 0.97451564 96.471447 -0.22413295 0.97033024 -0.090683734 -13.614356 -0.95764749 -0.20202869 0.20517252 104.4627
157 0.18095712 0.13257712 0.97451416 97.704421 -0.22760851 0.96961733 -0.089646403 -13.732792 -0.95679096 -0.20558558 0.20563486 104.72387
158 0.18018851 0.13177435 0.97476543 98.943398 -0.23057993 0.96903173 -0.0883758 -13.850876 -0.95622438 -0.20883706 0.20499292 104.98633
159 0.17981863 0.13183961 0.97482491 100.19425 -0.23321024 0.96844015 -0.087957567 -13.970417 -0.95565596 -0.21152276 0.20488994 105.25071
160 0.17806393 0.13220763 0.97509713 101.44077 -0.23668738 0.96759521 -0.087968658 -14.089 -0.95512951 -0.21512916 0.2035857 105.5148
161 0.17646657 0.13259832 0.97533444 102.68879 -0.23960344 0.96686567 -0.088095694 -14.209056 -0.9546988 -0.21814756 0.2023905 105.77399
162 0.17433522 0.13371044 0.97556588 103.93294 -0.24406303 0.96569037 -0.088742445 -14.324746 -0.95396045 -0.22262864 0.20098764 106.03141
163 0.17097884 0.13438803 0.97606666 105.16579 -0.24856046 0.96449534 -0.089254201 -14.43897 -0.95340652 -0.22735101 0.19831186 106.2865
164 0.16538013 0.13483368 0.97696946 106.39349 -0.2525169 0.96337784 -0.09021213 -14.555022 -0.95335444 -0.23178203 0.19337135 106.53417
165 0.16092886 0.13421208 0.97779806 107.62059 -0.2546843 0.96280476 -0.090237416 -14.673576 -0.95353965 -0.23450803 0.1891248 106.77633
166 0.15549205 0.13394264 0.97871427 108.85251 -0.25700435 0.96213117 -0.090841896 -14.793886 -0.95381919 -0.23740865 0.1840276 107.01172
167 0.14861123 0.13341782 0.97985428 110.07594 -0.25796714 0.96177948 -0.091831728 -14.919415 -0.95465581 -0.239123 0.17734866 107.23346
168 0.14004697 0.1327262 0.98120876 111.29554 -0.25884894 0.96142016 -0.093104174 -15.046308 -0.95571133 -0.2409459 0.16900003 107.44456
169 0.12888376 0.13340407 0.98264559 112.5221 -0.26320881 0.95997018 -0.095803192 -15.169522 -0.95609108 -0.24629353 0.15883771 107.64872
170 0.11691552 0.13246918 0.9842676 113.73853 -0.26251124 0.95993816 -0.098012552 -15.301295 -0.95781975 -0.24692214 0.14700633 107.83004
171 0.10672608 0.13267482 0.98539686 114.95676 -0.2645182 0.95913084 -0.10048898 -15.428675 -0.95845695 -0.24993063 0.13745919 108.00005
172 0.094271722 0.13290011 0.98663592 116.16267 -0.26573828 0.95845018 -0.10371256 -15.562921 -0.95942487 -0.25240979 0.12567141 108.15603
173 0.08252505 0.13317949 0.98765018 117.37641 -0.269147 0.95718338 -0.10658209 -15.696669 -0.95955697 -0.25702741 0.11483648 108.30108
174 0.073722301 0.13339208 0.98831756 118.60738 -0.27291379 0.95588266 -0.10865672 -15.832856 -0.95920965 -0.26171508 0.10687442 108.43805
175 0.060830382 0.13386635 0.98913068 119.83319 -0.27595938 0.95459556 -0.11222127 -15.978701 -0.95924249 -0.26613345 0.095010095 108.56795
176 0.048879339 0.13384848 0.98979565 121.06243 -0.27850213 0.95350318 -0.11518737 -16.125295 -0.95919103 -0.27002994 0.0838837 108.67972
177 0.035998771 0.13344093 0.99040276 122.2748 -0.28141519 0.95229358 -0.11807756 -16.272395 -0.95891065 -0.27446376 0.07183371 108.77662
178 0.018635435 0.13242753 0.99101751 123.47061 -0.28150154 0.95178734 -0.12189183 -16.426001 -0.95937983 -0.27670147 0.055015529 108.85187
179 0.0047654329 0.13194219 0.99124597 124.67642 -0.28220824 0.9511422 -0.12524736 -16.583522 -0.95934137 -0.27914094 0.041767782 108.90541
180 -0.0075289307 0.13168387 0.99126319 125.88324 -0.28485975 0.94993641 -0.12835742 -16.743018 -0.95853967 -0.2833374 0.030359431 108.9457
181 -0.021246544 0.13162914 0.99107133 127.08413 -0.28653503 0.9489089 -0.13217206 -16.907695 -0.95783418 -0.28678488 0.017555326 108.9715
182 -0.033732298 0.13145493 0.99074808 128.28935 -0.28881677 0.94773544 -0.13558133 -17.076845 -0.95678998 -0.29071815 0.0059970945 108.98304
183 -0.048352438 0.13141275 0.99014785 129.48236 -0.29132632 0.94634954 -0.13982632 -17.252464 -0.95540101 -0.29521709 -0.007474317 108.98115
184 -0.062529021 0.13117407 0.98938542 130.67285 -0.29369374 0.94501339 -0.14385257 -17.43296 -0.95385228 -0.29957129 -0.020565761 108.96526
185 -0.075229367 0.13069332 0.98856453 131.86441 -0.29498306 0.94408635 -0.14726117 -17.618502 -0.9525364 -0.30268817 -0.032470705 108.93257
186 -0.089609776 0.13021559 0.98742798 133.05305 -0.29487773 0.9434992 -0.1511829 -17.809051 -0.95132396 -0.30471801 -0.046149079 108.88805
187 -0.10330579 0.12949871 0.98618357 134.24902 -0.2966157 0.94236457 -0.15481612 -17.999386 -0.94939302 -0.30851095 -0.058940376 108.82542
188 -0.11880998 0.12891693 0.98451239 135.45242 -0.29802241 0.94118811 -0.15920888 -18.19457 -0.94713615 -0.31232239 -0.073402414 108.74324
189 -0.13421613 0.12738814 0.98273004 136.67765 -0.30054221 0.93976028 -0.16286459 -18.398161 -0.94427775 -0.31721094 -0.087845485 108.64441
190 -0.14810531 0.12620212 0.98088627 137.88502 -0.30209267 0.93864653 -0.16638087 -18.607452 -0.94170319 -0.32096047 -0.10089381 108.52782
191 -0.16232339 0.12484769 0.97880754 139.10189 -0.30470371 0.93714118 -0.17006454 -18.821424 -0.93851309 -0.32585177 -0.11407838 108.39472
192 -0.17461784 0.12438552 0.97674812 140.32085 -0.30574466 0.93610345 -0.17386897 -19.042674 -0.93596414 -0.32899617 -0.12543017 108.242
193 -0.1897024 0.12366965 0.974022 141.5239 -0.30628441 0.93507817 -0.17837757 -19.264365 -0.93284667 -0.33216643 -0.1395085 108.07512
194 -0.20549465 0.12293171 0.97090667 142.72333 -0.30706573 0.93388193 -0.18323499 -19.490962 -0.92923767 -0.33578601 -0.15415964 107.89077
195 -0.21862102 0.1209713 0.96828241 143.93315 -0.30954547 0.93243917 -0.18638315 -19.723149 -0.92541153 -0.34047474 -0.1664047 107.69091
196 -0.23414993 0.12028329 0.96473093 145.14759 -0.31065323 0.93103679 -0.19148096 -19.96758 -0.92123202 -0.34453206 -0.18063582 107.47551
197 -0.24929711 0.11935138 0.96104434 146.3574 -0.31143091 0.92978208 -0.19625484 -20.218921 -0.91698517 -0.34822471 -0.19462229 107.24224
198 -0.26371228 0.11795482 0.95736227 147.58444 -0.3139627 0.92795511 -0.20081489 -20.478541 -0.91207638 -0.35353342 -0.20767976 106.9913
199 -0.28287773 0.11579218 0.95214095 148.78316 -0.31426135 0.92670229 -0.20606446 -20.738233 -0.90621192 -0.35751217 -0.22575445 106.71909
200 -0.29997685 0.11328572 0.947196 149.98968 -0.3158034 0.92514279 -0.21066303 -21.005645 -0.90015674 -0.36232178 -0.24174542 106.42631
201 -0.31477859 0.11126311 0.94262134 151.20179 -0.31736837 0.92360808 -0.21500073 -21.281043 -0.89453441 -0.36683585 -0.25542068 106.11216
202 -0.33166239 0.10911397 0.93706682 152.40806 -0.31868687 0.92194013 -0.22014758 -21.561773 -0.88794076 -0.37164559 -0.2709997 105.77932
203 -0.35030305 0.10830571 0.93035352 153.60488 -0.31787252 0.92059373 -0.22685707 -21.854051 -0.88104761 -0.37520257 -0.28805941 105.42252
204 -0.36923773 0.10666244 0.92319373 154.78807 -0.31766332 0.91907023 -0.23323768 -22.15085 -0.87335764 -0.37938497 -0.30547268 105.04596
205 -0.38883038 0.10302832 0.91553052 155.96719 -0.31885734 0.91726708 -0.23864405 -22.452935 -0.86437317 -0.38471571 -0.32381 104.65
206 -0.40462677 0.099007115 0.90910659 157.14914 -0.32047249 0.91572739 -0.24236462 -22.766078 -0.8564897 -0.3894109 -0.33879879 104.23092
207 -0.4193403 0.098178259 0.90250472 158.32862 -0.32018291 0.91425723 -0.24822672 -23.093764 -0.849492 -0.39305809 -0.35194993 103.78574
208 -0.42998071 0.096109338 0.89770798 159.51248 -0.3217599 0.91271647 -0.25183148 -23.426158 -0.84355628 -0.39712914 -0.36152637 103.3251
209 -0.44356792 0.095357175 0.89115349 160.6815 -0.32036448 0.91175987 -0.25702222 -23.768118 -0.83702697 -0.39950076 -0.37387841 102.84939
210 -0.4593913 0.091364968 0.88352256 161.84628 -0.32102237 0.91038045 -0.26105928 -24.109716 -0.82819341 -0.4035589 -0.38889069 102.35902
211 -0.47384112 0.087254057 0.87627698 162.99294 -0.32219217 0.90890702 -0.26472649 -24.452944 -0.81955283 -0.40776791 -0.40256498 101.85934
212 -0.49166135 0.085340242 0.86659459 164.12246 -0.32220428 0.90672431 -0.27209431 -24.810111 -0.80898305 -0.41299877 -0.41830434 101.33904
213 -0.50616731 0.083560095 0.85837777 165.24005 -0.32131598 0.90536729 -0.27760763 -25.175407 -0.80034414 -0.41632643 -0.43141817 100.79998
214 -0.52228744 0.078840526 0.8491172 166.36491 -0.32196549 0.90379133 -0.28195626 -25.545498 -0.78965441 -0.42064868 -0.44665497 100.23819
215 -0.53873994 0.076715334 0.83897203 167.45828 -0.31918134 0.90302186 -0.28753206 -25.9268 -0.77966826 -0.42268925 -0.46200787 99.655465
216 -0.55119423 0.071895121 0.83127375 168.55732 -0.32081927 0.90142932 -0.29068895 -26.308823 -0.77023371 -0.42691474 -0.47379733 99.054891
217 -0.55875754 0.069364096 0.82642523 169.64011 -0.32145865 0.9004781 -0.29292219 -26.697174 -0.76449617 -0.42933406 -0.48085128 98.44605
218 -0.56865801 0.067283274 0.8198177 170.71682 -0.32268725 0.89851246 -0.29757048 -27.094608 -0.756638 -0.43376059 -0.48923489 97.823235
219 -0.57569926 0.065558531 0.81502912 171.78333 -0.3245775 0.89655869 -0.30138322 -27.494413 -0.75047974 -0.43804625 -0.49486939 97.191333
220 -0.58501352 0.062049294 0.80864646 172.84122 -0.32592668 0.89502555 -0.3044683 -27.895786 -0.74265135 -0.44167756 -0.50337857 96.551439
221 -0.59665776 0.056837533 0.80048051 173.88894 -0.32675975 0.89384751 -0.30702537 -28.29914 -0.73295813 -0.44475392 -0.51474888 95.902238
222 -0.60509715 0.053305545 0.79436515 174.93648 -0.32753918 0.89274079 -0.30940564 -28.710575 -0.72565526 -0.44740622 -0.5227353 95.233471
223 -0.61066841 0.05121698 0.79022841 175.98243 -0.32860668 0.89154179 -0.31172227 -29.12745 -0.72048719 -0.45003331 -0.52760621 94.55017
224 -0.61550717 0.048812723 0.78661825 177.02285 -0.33033861 0.89019957 -0.31372123 -29.544684 -0.71556088 -0.45294808 -0.53179954 93.861648
225 -0.61807552 0.047168216 0.78470239 178.05564 -0.3310335 0.88976402 -0.31422395 -29.963166 -0.71302139 -0.45397695 -0.53432715 93.165862
226 -0.61916199 0.045668109 0.78393423 179.08391 -0.33258306 0.8890979 -0.31447308 -30.379815 -0.71135573 -0.45543306 -0.53530723 92.465898
227 -0.61992995 0.043701552 0.78343925 180.10234 -0.33546238 0.88783793 -0.3149741 -30.794492 -0.709332 -0.4580763 -0.53573715 91.774234
228 -0.62024974 0.042337886 0.783261 181.11927 -0.33808836 0.88660108 -0.31564961 -31.20995 -0.70780405 -0.46059305 -0.53560018 91.08164
229 -0.62234916 0.040794778 0.78167598 182.1301 -0.3403017 0.88522218 -0.31713769 -31.621543 -0.70489454 -0.46337608 -0.53703479 90.387227
230 -0.6245502 0.038987635 0.78001092 183.13625 -0.34296793 0.88360258 -0.31877793 -32.031289 -0.70164812 -0.46661159 -0.5384827 89.692378
231 -0.62728784 0.037192107 0.77789893 184.14323 -0.34491995 0.88228339 -0.32032191 -32.443559 -0.69824081 -0.46924694 -0.54061739 88.991325
232 -0.63000056 0.035329491 0.77579066 185.14273 -0.34638736 0.88130594 -0.32142733 -32.855642 -0.69506483 -0.47122351 -0.54298559 88.287299
233 -0.63174128 0.033478719 0.77445604 186.13977 -0.34736199 0.88092052 -0.32143206 -33.269307 -0.69299541 -0.47207853 -0.54488467 87.579171
234 -0.63301001 0.032288364 0.77346998 187.12514 -0.34784023 0.88072915 -0.3214393 -33.68252 -0.69159637 -0.47251831 -0.54627922 86.87658
235 -0.63243444 0.031669318 0.77396626 188.10262 -0.34952778 0.87999513 -0.321619 -34.094477 -0.69127205 -0.47392567 -0.54546997 86.177293
236 -0.63140808 0.030867676 0.77483615 189.0855 -0.350286 0.88009952 -0.32050652 -34.508111 -0.69182627 -0.4737847 -0.54488948 85.476185
237 -0.63067511 0.029685765 0.77547901 190.07536 -0.35186736 0.87971125 -0.31983959 -34.925154 -0.69169234 -0.47458066 -0.54436658 84.775186
238 -0.62865936 0.028126133 0.77717202 191.06594 -0.35397843 0.87947197 -0.3181638 -35.33882 -0.69244979 -0.47511882 -0.54293229 84.071548
239 -0.62715545 0.026179667 0.77845404 192.0609 -0.35790888 0.87798496 -0.31787343 -35.754594 -0.69179282 -0.47797171 -0.54126317 83.375061
240 -0.62584336 0.024799293 0.77955443 193.05472 -0.36015222 0.8773655 -0.31704896 -36.167907 -0.69181681 -0.47918129 -0.5401619 82.678579
241 -0.62319442 0.023089382 0.78172605 194.04895 -0.36319087 0.8766957 -0.31543133 -36.576753 -0.69261904 -0.48049085 -0.53796606 81.985276
242 -0.62027407 0.021842866 0.78408099 195.05865 -0.36575554 0.87623146 -0.31375341 -36.992024 -0.69388976 -0.4813951 -0.53551455 81.286305
243 -0.61572592 0.02276215 0.78763158 196.06076 -0.36684085 0.8763675 -0.31210204 -37.406554 -0.69735889 -0.48110479 -0.53125214 80.595175
244 -0.61186763 0.022076403 0.79065205 197.07668 -0.36950482 0.87585031 -0.31040666 -37.820215 -0.69934557 -0.48207757 -0.52774717 79.908216
245 -0.60815851 0.021992458 0.79351092 198.08769 -0.37173063 0.87534908 -0.30916049 -38.231171 -0.70139831 -0.48299094 -0.52417577 79.232462
246 -0.60318626 0.022770971 0.79727526 199.10328 -0.37339002 0.87523147 -0.30748928 -38.642744 -0.70480229 -0.48316797 -0.51942519 78.564066
247 -0.59797138 0.022513156 0.80120123 200.11911 -0.3758298 0.87502829 -0.30508579 -39.043648 -0.70794224 -0.48354791 -0.5147808 77.899536
248 -0.59330794 0.023091734 0.80464432 201.14843 -0.37822808 0.87437915 -0.30398108 -39.452509 -0.71058373 -0.48469351 -0.5100422 77.24294
249 -0.5893785 0.023055304 0.807528 202.18848 -0.38052315 0.87383621 -0.30267523 -39.861135 -0.71262553 -0.48567341 -0.50624723 76.585151
250 -0.58509299 0.02178532 0.81067356 203.22702 -0.38356942 0.87332196 -0.30030506 -40.26479 -0.71452133 -0.48665602 -0.50261841 75.932796
251 -0.58116088 0.022599053 0.81347485 204.27107 -0.3849553 0.87306626 -0.29927345 -40.671076 -0.71698081 -0.48707752 -0.49869238 75.289936
252 -0.57650124 0.023262737 0.81676508 205.31761 -0.38576343 0.87343073 -0.29716193 -41.075507 -0.72030058 -0.48639236 -0.49456003 74.649803
253 -0.57166528 0.02259145 0.82017587 206.3726 -0.38852443 0.87299067 -0.29484902 -41.474942 -0.72266701 -0.48721335 -0.49028117 74.015821
254 -0.56576348 0.022025187 0.82427338 207.42483 -0.39177935 0.8724196 -0.29222059 -41.868813 -0.72554852 -0.48826106 -0.48495418 73.39593
255 -0.55349869 0.023042513 0.83253124 208.47038 -0.39578424 0.8722546 -0.2872745 -42.247744 -0.73279879 -0.48850885 -0.47367195 72.800742
256 -0.53994409 0.023830345 0.84136349 209.52637 -0.40040339 0.87197876 -0.2816559 -42.617173 -0.74036312 -0.48896327 -0.46127806 72.221357
257 -0.52495993 0.025303697 0.85075074 210.59144 -0.40488082 0.8717947 -0.2757633 -42.979253 -0.74865788 -0.48921738 -0.44741234 71.655374
258 -0.50779069 0.026847595 0.86106205 211.66809 -0.4096648 0.87174365 -0.26877063 -43.331111 -0.75784128 -0.48922607 -0.43166483 71.107833
259 -0.48909484 0.028353132 0.87176968 212.76064 -0.4146551 0.87174863 -0.2609892 -43.671076 -0.76736394 -0.48913225 -0.41461102 70.581146
260 -0.46966289 0.029740201 0.88234478 213.86391 -0.42033118 0.87135418 -0.25310764 -44.000618 -0.77636235 -0.48975233 -0.39674202 70.079506
261 -0.44901358 0.030989359 0.8929874 214.9789 -0.42572605 0.87124913 -0.24429934 -44.317897 -0.78558524 -0.48986176 -0.37800974 69.601489
262 -0.42851204 0.032086502 0.90296618 216.09861 -0.43133426 0.87087557 -0.23564036 -44.622206 -0.79393212 -0.49045502 -0.35934069 69.14951
263 -0.40679885 0.033149788 0.9129161 217.22785 -0.43669226 0.87070623 -0.22620878 -44.913206 -0.80238058 -0.4906849 -0.33972607 68.722374
264 -0.3844669 0.034565268 0.92249145 218.36846 -0.44183092 0.87051739 -0.21675977 -45.193303 -0.81053727 -0.49092224 -0.31941315 68.319955
265 -0.36184794 0.035653768 0.9315551 219.50787 -0.44765992 0.86987193 -0.20717941 -45.458788 -0.81772043 -0.49198736 -0.29880063 67.949289
266 -0.33986306 0.036302645 0.93977404 220.65299 -0.45323897 0.86923675 -0.19748872 -45.711699 -0.82405556 -0.49306138 -0.27896771 67.602717
267 -0.31439647 0.036942737 0.94857268 221.79525 -0.45929928 0.86857724 -0.18605817 -45.949033 -0.8307822 -0.49417482 -0.25610987 67.289659
268 -0.28755144 0.03718676 0.95704302 222.9402 -0.46538758 0.8679248 -0.17355351 -46.168077 -0.83709534 -0.49530154 -0.23226679 67.007572
269 -0.25628734 0.037683432 0.96586582 224.08661 -0.47099334 0.86772014 -0.15882983 -46.367228 -0.84408655 -0.49562248 -0.20463706 66.761588
270 -0.22344317 0.038368641 0.97396151 225.23674 -0.47696178 0.8671167 -0.14358261 -46.548195 -0.85004744 -0.49662501 -0.17545094 66.553073
271 -0.1890241 0.039402991 0.98118159 226.3947 -0.48204516 0.86679376 -0.12767506 -46.711704 -0.85551294 -0.49710754 -0.14485091 66.376125
272 -0.1542866 0.040297462 0.98720403 227.56018 -0.48649623 0.86655074 -0.11140518 -46.856446 -0.8599518 -0.4974594 -0.11409261 66.231552
273 -0.12184813 0.041344625 0.99168729 228.73831 -0.48922487 0.86683034 -0.096250008 -46.981783 -0.86360413 -0.49688601 -0.085394843 66.114225
274 -0.089652055 0.042532233 0.99506459 229.92504 -0.4916744 0.86697029 -0.081355323 -47.089289 -0.86615173 -0.4965415 -0.056813663 66.031583
275 -0.055913668 0.043668822 0.99748019 231.11346 -0.49388536 0.86704562 -0.06564321 -47.17856 -0.86772746 -0.49631125 -0.026912311 65.985091
276 -0.021297486 0.044537693 0.99878068 232.29261 -0.49666283 0.86654611 -0.049231663 -47.249121 -0.86768225 -0.49710579 0.0036649637 65.978329
277 0.014901098 0.045201569 0.99886676 233.46793 -0.4999114 0.86549584 -0.031708474 -47.298814 -0.86594837 -0.49887243 0.035493621 66.014115
278 0.051003738 0.045992277 0.99763889 234.64392 -0.50230285 0.86457546 -0.014177946 -47.327948 -0.86318625 -0.50039377 0.067198637 66.090312
279 0.08652333 0.046818829 0.9951491 235.81198 -0.50299112 0.86428605 0.0030705018 -47.335778 -0.85994981 -0.50081688 0.098330372 66.195379
280 0.12300324 0.048011369 0.99124424 236.98241 -0.50239802 0.86439394 0.020475127 -47.324982 -0.85584254 -0.50051769 0.13044409 66.339485
281 0.16073845 0.049205913 0.98576973 238.14336 -0.50169584 0.86417929 0.038669355 -47.292648 -0.8499791 -0.50077226 0.16359325 66.523226
282 0.19700998 0.04977127 0.97913733 239.29519 -0.50097469 0.86358925 0.056902214 -47.238059 -0.84274045 -0.50173336 0.19506987 66.743098
283 0.23403032 0.050752031 0.97090374 240.44194 -0.49964124 0.86295101 0.075326403 -47.163244 -0.83401946 -0.50273225 0.22731453 67.00579
284 0.27188176 0.052049567 0.96092205 241.57724 -0.4973003 0.8624723 0.093988447 -47.067859 -0.82387666 -0.50342061 0.26037477 67.306657
285 0.31005845 0.053575692 0.94920674 242.69936 -0.49447437 0.86183175 0.11287607 -46.950032 -0.81200916 -0.50435663 0.29371005 67.647457
286 0.34765081 0.055212245 0.93599709 243.80691 -0.4907922 0.86129812 0.13148557 -46.809478 -0.79891298 -0.50509118 0.32652876 68.026055
287 0.38372735 0.056711862 0.92170338 244.89671 -0.48667274 0.86066967 0.14965711 -46.647509 -0.78479487 -0.50599547 0.35786264 68.443149
288 0.41886379 0.058219989 0.90618077 245.96945 -0.48199809 0.86000457 0.16754063 -46.463471 -0.76956545 -0.50695415 0.38828673 68.898165
