4 0.99998 0.0060517021 0.0018364444 0.012089304 -0.0060396896 0.99996078 -0.00647772 -0.033466386 -0.0018755736 0.0064664989 0.99997733 1.5317463
5 0.99999825 0.0017048443 -0.00076990107 -0.00283207 -0.0017049451 0.99999854 -0.0001302439 -0.019546638 0.0007696779 0.00013155631 0.9999997 1.5711118
6 0.99999358 0.003584006 2.2351898e-05 -0.00064882703 -0.0035839845 0.99999317 -0.00089754066 -0.013225456 -2.5568536e-05 0.00089745479 0.9999996 1.5047858
7 0.99998539 0.0037654266 -0.0038782152 -0.0025486324 -0.0037684475 0.9999926 -0.00077193897 -0.011094125 0.0038752798 0.00078654254 0.99999218 1.4725411
8 0.99998877 0.0029953544 -0.0036723064 -0.00071183774 -0.0030002627 0.99999461 -0.0013317684 -0.01630395 0.0036682975 0.0013427714 0.99999237 1.4924747
9 0.99999526 0.0016955086 -0.0025686235 -0.0037699965 -0.0016940523 0.9999984 0.00056904071 -0.014679647 0.0025695843 -0.00056468663 0.99999654 1.4887035
10 0.99999843 0.0014302072 0.0010496485 -0.0036347976 -0.001433505 0.99999402 0.003147798 -0.011387351 -0.0010451402 -0.0031492977 0.99999449 1.47883
11 0.99998553 0.0046054423 -0.0027791245 -0.0059222897 -0.0046078429 0.99998902 -0.00085801165 -0.019575422 0.0027751424 0.000870805 0.99999577 1.4749211
12 0.99999525 0.0030812896 6.539057e-05 -0.007931278 -0.003081251 0.99999508 -0.00058108531 -0.021788666 -6.7180741e-05 0.00058088107 0.99999983 1.4934113
13 0.99999671 0.002430322 -0.00081689498 -0.0055716476 -0.0024295419 0.99999659 0.00095463916 -0.018035491 0.00081921227 -0.00095265134 0.99999921 1.4835492
14 0.99999435 0.0017868972 0.0028464361 -0.0020975632 -0.0017936664 0.99999557 0.0023773259 -0.015429883 -0.0028421754 -0.002382418 0.99999312 1.4655094
15 0.99998874 0.0024544134 0.0040619193 -0.00596626 -0.0024610596 0.99999564 0.0016320229 -0.015734019 -0.0040578959 -0.0016420012 0.99999042 1.4722723
16 0.99999707 0.0010675282 0.002170374 -0.0081527124 -0.0010689311 0.99999922 0.00064534662 -0.017932087 -0.0021696834 -0.00064766472 0.99999744 1.4671703
17 0.9999915 0.0041196904 0.00016789072 -0.0099255381 -0.0041191635 0.99998694 -0.0030260309 -0.022945016 -0.00018035483 0.0030253136 0.99999541 1.4658839
18 0.99999569 0.0028284084 0.00078381838 -0.0041858016 -0.0028277042 0.9999956 -0.00089812273 -0.015539165 -0.00078635519 0.00089590245 0.99999929 1.4602538
19 0.99998992 0.0032024583 -0.0031474934 -0.0035580608 -0.0032074743 0.99999359 -0.0015899152 -0.016950181 0.0031423816 0.0015999947 0.99999378 1.448074
20 0.99998828 0.003229899 -0.003607835 -0.0046910383 -0.0032335526 0.99999426 -0.0010073181 -0.02133609 0.0036045608 0.0010189724 0.99999298 1.4516934
21 0.99999717 -0.0016493304 -0.0017161927 -0.01312217 0.0016543755 0.9999943 0.0029424382 -0.017889062 0.0017113298 -0.0029452691 0.9999942 1.4355329
22 0.99999512 0.0031200947 -0.00012476973 -0.0028490632 -0.0031200038 0.99999487 0.00072199654 -0.015365297 0.00012702179 -0.00072160374 0.99999973 1.4129095
23 0.99999555 0.0026953846 -0.001281132 -0.0064081077 -0.0026937381 0.99999555 0.0012851553 -0.01470316 0.0012845903 -0.0012816985 0.99999835 1.4084309
24 0.99999934 0.00023792574 -0.001120319 -0.017124665 -0.00023405551 0.99999401 0.00345344 -0.016173737 0.0011211339 -0.0034531755 0.99999341 1.4053029
25 0.99998938 0.004605417 0.00016673263 -0.007611349 -0.0046050817 0.99998748 -0.0019588052 -0.01968868 -0.00017575166 0.0019580166 0.99999807 1.3964616
26 0.99998974 0.0044966102 0.00054814468 0.00012848149 -0.0044965889 0.99998989 -4.00681e-05 -0.018948183 -0.00054831931 3.7602907e-05 0.99999985 1.3803569
27 0.99999025 0.0043496316 -0.00076721012 -0.002561584 -0.0043493554 0.99999048 0.00036133972 -0.01741418 0.00076877451 -0.00035799933 0.99999964 1.334446
28 0.99999321 0.002464609 -0.0027399232 0.0011890535 -0.0024640277 0.99999694 0.00021554653 -0.019245159 0.0027404461 -0.00020879382 0.99999622 1.3523672
29 0.99999548 0.0030038321 9.8047231e-05 -0.0020687129 -0.0030038404 0.99999548 8.4961055e-05 -0.018499444 -9.779158e-05 -8.525519e-05 0.99999999 1.336649
30 0.99999596 0.0017998824 -0.0021982559 -0.0019123514 -0.0018000566 0.99999838 -7.7267579e-05 -0.018004552 0.0021981132 8.1224252e-05 0.99999758 1.3212449
31 0.99999288 0.0033175207 -0.001800907 -0.0010765221 -0.0033182109 0.99999442 -0.00038044136 -0.016133015 0.0017996349 0.00038641443 0.99999831 1.2820323
32 0.99999371 0.0032936805 -0.0013127277 -0.0018559723 -0.0032945366 0.99999436 -0.00065047418 -0.018058338 0.0013105778 0.00065479492 0.99999893 1.2666247
33 0.99999808 0.001531554 -0.0012247133 -0.00022057857 -0.0015319535 0.99999877 -0.0003252959 -0.019491878 0.0012242136 0.00032717148 0.9999992 1.2404645
34 0.99999736 0.0022901821 -0.00019018617 -0.0011463184 -0.00229017 0.99999738 6.3639864e-05 -0.017832598 0.00019033141 -6.3204138e-05 0.99999998 1.2383342
35 0.99999611 0.0027627668 0.00038551838 -0.0030136608 -0.0027629327 0.99999609 0.00043054498 -0.020448274 -0.00038432738 -0.00043160847 0.99999983 1.2273666
36 0.99999425 0.0033909132 7.2291772e-05 -0.0038760894 -0.0033909556 0.99999407 0.00059500605 -0.018779054 -7.0273729e-05 -0.00059524776 0.99999982 1.2177672
37 0.99999459 0.003263353 -0.00041335767 -0.0033001634 -0.0032630097 0.99999433 0.00082849982 -0.014521453 0.00041605902 -0.00082714655 0.99999957 1.2094643
38 0.99999367 0.0032861798 -0.0013612078 -0.0040639897 -0.0032845117 0.99999385 0.0012258614 -0.011225042 0.0013652278 -0.0012213827 0.99999832 1.2040871
39 0.99999408 0.0032658287 -0.0010826746 -0.0018271716 -0.0032654862 0.99999462 0.00031794814 -0.010266323 0.0010837072 -0.0003144108 0.99999936 1.209576
40 0.99999609 0.002595318 -0.0010395183 -0.00087349058 -0.0025949188 0.99999656 0.00038520869 -0.0099455335 0.0010405144 -0.00038250972 0.99999939 1.2040599
41 0.99999794 0.0017593692 0.0010099287 0.0016487957 -0.0017598835 0.99999832 0.00050849866 -0.01346074 -0.0010090324 -0.00051027497 0.99999936 1.1620531
42 0.99997012 0.0020179189 0.0074621751 0.0066793132 -0.0020186915 0.99999796 9.6001721e-05 -0.014128235 -0.0074619661 -0.00011106268 0.99997215 1.1373759
43 0.99992252 0.0039292818 0.011811444 0.0052346007 -0.0039303016 0.99999227 6.3128402e-05 -0.016189993 -0.011811104 -0.00010954605 0.99993024 1.137007
44 0.99990446 0.0027057443 0.013555447 0.008215116 -0.0027116449 0.99999624 0.00041692996 -0.01594402 -0.013554268 -0.00045364768 0.99990803 1.1326239
45 0.99986648 0.0014012232 0.016280932 0.013395887 -0.001419492 0.99999838 0.0011105948 -0.014790616 -0.016279349 -0.0011335571 0.99986684 1.1301632
46 0.99988096 0.00070153121 0.015413568 0.013855471 -0.00072159617 0.9999989 0.0012962496 -0.013336802 -0.015412641 -0.0013072177 0.99988036 1.1290705
47 0.99985308 -9.8697644e-05 0.017140846 0.017050184 8.3239365e-05 0.99999959 0.00090254982 -0.015484752 -0.017140928 -0.00090099042 0.99985268 1.0797518
48 0.99982832 -0.0019245774 0.018428935 0.021912565 0.0019052652 0.99999762 0.0010654286 -0.013170975 -0.018430942 -0.0010301336 0.99982961 1.0681484
49 0.99983877 -0.0011885505 0.01791708 0.021380725 0.001179133 0.99999916 0.00053617216 -0.010337193 -0.017917702 -0.00051495909 0.99983933 1.0612897
50 0.9998211 -0.0024863068 0.01875082 0.024735802 0.0024723391 0.99999665 0.00076805816 -0.010526306 -0.018752667 -0.00072156237 0.99982389 1.0548857
51 0.99983327 -0.0022595047 0.018119979 0.026321128 0.002245938 0.99999718 0.0007690303 -0.011630106 -0.018121666 -0.00072820573 0.99983552 1.0389733
52 0.99977625 -0.0025350527 0.021000546 0.029296116 0.0025287173 0.99999675 0.00032822999 -0.013485938 -0.021001309 -0.0002750521 0.99977941 1.0254947
53 0.99973357 -0.0016747461 0.02302137 0.029709162 0.0016767093 0.99999859 -6.5973447e-05 -0.010112218 -0.023021227 0.00010455601 0.99973497 1.0219055
54 0.9996958 -0.0049619653 0.024159584 0.039437105 0.0049476683 0.99998755 0.0006515117 -0.012751916 -0.024162516 -0.0005317799 0.9997079 0.99923959
55 0.9995836 -0.0025281677 0.028744185 0.039724061 0.0025399706 0.9999967 -0.00037411306 -0.01377501 -0.028743144 0.00044696667 0.99958673 0.98609376
56 0.99955933 -0.0011092957 0.029663227 0.037713686 0.0011695537 0.99999729 -0.0020141319 -0.014563163 -0.029660912 0.0020479371 0.99955792 0.96830624
57 0.99949715 -0.001186873 0.031686453 0.044810483 0.0012560997 0.99999687 -0.0021649268 -0.011132984 -0.031683784 0.0022036395 0.99949551 0.95705746
58 0.9995126 -0.00068999217 0.031210263 0.042580363 0.00079159635 0.99999443 -0.0032432344 -0.011404699 -0.031207852 0.0032663595 0.99950758 0.96197961
59 0.99950277 -0.00032845172 0.031529551 0.040307841 0.00041731436 0.99999596 -0.0028118531 -0.011154758 -0.0315285 0.0028236127 0.99949886 0.97009427
60 0.99939155 0.002691273 0.03477466 0.031641836 -0.0026550438 0.99999588 -0.001087964 -0.010428015 -0.034777445 0.00099497374 0.99939459 0.96146305
61 0.9993907 0.0016655259 0.034863294 0.033441677 -0.0016529836 0.99999856 -0.00038857632 -0.013207376 -0.034863891 0.00033071111 0.99939202 0.94727755
62 0.99931282 0.001236727 0.037045308 0.039632396 -0.0012158807 0.99999909 -0.00058525016 -0.012838522 -0.037045998 0.00053980531 0.99931342 0.93142693
63 0.99929408 0.0034039262 0.037413195 0.03223734 -0.0033702216 0.99999386 -0.00096390605 -0.013321008 -0.037416246 0.00083713485 0.99929942 0.92656306
64 0.99929062 0.0030954521 0.037532334 0.032287747 -0.0030858701 0.99999519 -0.00031322917 -0.010382535 -0.037533123 0.00019718706 0.99929536 0.92898401
65 0.99934199 0.0012020649 0.036251147 0.035194386 -0.0012206245 0.99999914 0.00048984466 -0.0098466259 -0.036250527 -0.00053377138 0.99934259 0.92690175
66 0.99941719 0.00054730432 0.034131884 0.035997582 -0.00056448665 0.99999972 0.00049377576 -0.011547633 -0.034131604 -0.00051275497 0.99941722 0.90853005
67 0.99939305 -0.0011374003 0.034817131 0.045372022 0.0011153732 0.99999917 0.00065206961 -0.014281229 -0.034817843 -0.00061283974 0.99939349 0.89872482
68 0.99940093 0.001705108 0.034566901 0.03854574 -0.0017036373 0.99999855 -7.2001241e-05 -0.011357685 -0.034566974 1.3068645e-05 0.99940238 0.90311124
69 0.99926996 0.0021083477 0.038145928 0.037147442 -0.0021133573 0.99999776 9.1006939e-05 -0.00908564 -0.038145651 -0.00017155648 0.99927218 0.91156099
70 0.99929688 0.0010206153 0.037479496 0.040689053 -0.0010254647 0.99999947 0.00011016567 -0.0069315848 -0.037479364 -0.00014852211 0.99929739 0.91630627
71 0.9993893 0.0023686496 0.034862956 0.033281638 -0.0023726177 0.99999718 7.2449191e-05 -0.011497967 -0.034862686 -0.00015512141 0.9993921 0.92042194
72 0.99932009 0.0037458918 0.036678784 0.030659302 -0.003772554 0.99999267 0.00065772742 -0.013315363 -0.036676052 -0.00079565291 0.99932689 0.92790256
73 0.99929134 0.0045269045 0.037367546 0.030273171 -0.0045281567 0.99998975 -5.1121469e-05 -0.0167774 -0.037367394 -0.00011812086 0.99930159 0.93118224
74 0.99920673 0.0051364036 0.03949084 0.025405348 -0.0051573946 0.99998661 0.0004296828 -0.016570159 -0.039488104 -0.00063301179 0.99921984 0.93635697
75 0.99927041 0.0038225796 0.038000594 0.02734388 -0.0038551463 0.99999226 0.00078376688 -0.01859306 -0.037997304 -0.0009296929 0.99927741 0.93552148
76 0.99925614 0.0044250046 0.038308973 0.025817484 -0.0044486128 0.99998996 0.0005310396 -0.016479642 -0.038306238 -0.00070106637 0.9992658 0.93998521
77 0.9992989 0.0040317671 0.037221562 0.02646137 -0.0040458394 0.99999177 0.00030275373 -0.017597641 -0.037220035 -0.00045313393 0.99930699 0.937379
78 0.99928807 0.0049069613 0.037406789 0.024788981 -0.0048884837 0.99998788 -0.00058541303 -0.017149812 -0.037409208 0.00040213378 0.99929995 0.93650652
79 0.99929456 0.0080839808 0.036674705 0.017475019 -0.007993439 0.99996463 -0.0026147368 -0.019836984 -0.036694545 0.0023197352 0.99932384 0.94007086
80 0.99933227 0.0056203791 0.036102884 0.019448116 -0.0055735134 0.99998349 -0.0013986263 -0.018679072 -0.036110149 0.0011964725 0.9993471 0.94172829
81 0.99943491 0.0046074597 0.033296101 0.019805234 -0.0046158849 0.99998933 0.00017617865 -0.019078811 -0.033294934 -0.00032977007 0.99944552 0.95838902
82 0.99939202 0.006179921 0.034313153 0.016829532 -0.0061981474 0.9999807 0.00042483249 -0.018164513 -0.034309865 -0.00063725218 0.99941104 0.97002245
83 0.99945264 0.0037582907 0.032867964 0.025168546 -0.0038125804 0.99999147 0.0015892345 -0.02624611 -0.032861711 -0.0017136764 0.99945844 0.97953515
84 0.99954134 -0.00088474258 0.03027074 0.035225674 0.00084866952 0.99999891 0.0012045078 -0.020816831 -0.030271773 -0.0011782655 0.99954101 0.98226419
85 0.99954144 0.00011374781 0.030280198 0.034527857 -0.00010168785 0.99999991 -0.00039981833 -0.018924118 -0.030280241 0.00039655587 0.99954137 0.97286461
86 0.99954062 0.0035064046 0.030104159 0.028278281 -0.0034769802 0.99999343 -0.0010297116 -0.022316425 -0.030107572 0.00092456701 0.99954624 0.97001757
87 0.99963919 -0.00075271119 0.026849876 0.03454851 0.00074946686 0.99999971 0.00013089535 -0.017233726 -0.026849967 -0.00011072503 0.99963947 0.98717183
88 0.99964618 -0.0032959304 0.02639416 0.036168522 0.0033273655 0.99999381 -0.0011471568 -0.023837656 -0.026390216 0.001234574 0.99965096 0.98508484
89 0.99973969 0.0011143687 0.022788272 0.026867206 -0.0011245558 0.99999927 0.00043422271 -0.027759972 -0.022787772 -0.00045973636 0.99974022 0.98210406
90 0.99988626 0.00014480677 0.015081278 0.017908661 -0.00016745922 0.99999886 0.0015007732 -0.025739785 -0.015081044 -0.001503128 0.99988514 0.98648197
91 0.99997386 0.0014499235 0.00708387 0.0086510699 -0.0014547872 0.99999871 0.00068148269 -0.025776992 -0.0070828728 -0.0006917704 0.99997468 0.98488104
92 0.99996927 0.0019699865 0.0075883262 0.00866963 -0.0019686134 0.99999804 -0.00018841477 -0.025499943 -0.0075886826 0.0001734705 0.99997119 0.9897775
93 0.99997746 0.00056124388 0.0066905104 0.0085613396 -0.00055963629 0.99999981 -0.00024214864 -0.018351937 -0.0066906451 0.00023839893 0.99997759 1.0002106
94 0.99999983 -0.00046141444 0.00034331667 0.0022537235 0.0004612611 0.99999979 0.00044657947 -0.015449543 -0.00034352265 -0.00044642103 0.99999984 0.99964646
95 0.99999981 0.00062258794 -2.5716598e-05 0.0024764076 -0.00062259846 0.99999972 -0.00041116263 -0.011534569 2.5460606e-05 0.00041117856 0.99999992 1.0031578
96 0.99999843 0.00093644441 -0.0015019948 -4.6363704e-06 -0.00093767259 0.99999923 -0.00081720421 -0.0087190657 0.0015012284 0.00081861131 0.99999854 1.0110098
97 0.99999226 0.00050866995 -0.0039002958 -0.0039733199 -0.0005115146 0.9999996 -0.0007283791 -0.0067834066 0.0038999238 0.00073036852 0.99999213 1.0168432
98 0.99999891 0.0014437159 0.00030458117 0.0025514233 -0.0014433658 0.9999983 -0.0011466111 -0.0078746521 -0.00030623604 0.0011461703 0.9999993 1.0175868
99 0.99999703 0.0017392185 0.0017061536 0.0045716803 -0.0017379683 0.99999822 -0.00073400375 -0.0094514952 -0.0017074271 0.00073103633 0.99999828 1.0157105
100 0.99999674 0.001279897 0.0022087752 0.0036864967 -0.0012800281 0.99999918 5.7948945e-05 -0.010724115 -0.0022086993 -6.077605e-05 0.99999756 1.0091347
101 0.9999992 0.00085580742 0.00092624775 0.0030192234 -0.00085670651 0.99999916 0.00097072174 -0.0080311221 -0.00092541622 -0.00097151449 0.9999991 1.0286506
102 0.99999868 0.0015945662 -0.00029858136 -0.0012667331 -0.0015944827 0.99999869 0.00027950433 -0.010152193 0.00029902666 -0.00027902788 0.99999992 1.0333539
103 0.9999984 0.0015298064 -0.00092484129 -0.0021760041 -0.0015296141 0.99999881 0.00020855521 -0.01193516 0.00092515924 -0.00020714022 0.99999955 1.0361876
104 0.99999657 0.0020275711 -0.001655785 -0.0037075879 -0.0020266986 0.99999781 0.00052840695 -0.010364045 0.0016568528 -0.00052504936 0.99999849 1.0369496
105 0.99999843 0.0017713557 0.00010604849 -0.0046017238 -0.0017714468 0.99999806 0.00086516878 -0.010722356 -0.00010451576 -0.00086535528 0.99999962 1.0416349
106 0.99999375 0.0026938397 0.002288831 0.00031710994 -0.0026940477 0.99999637 8.7757667e-05 -0.014998341 -0.0022885863 -9.3923338e-05 0.99999738 1.0489044
107 0.9999929 0.0022677815 0.0030096551 0.0037694259 -0.0022671781 0.99999741 -0.00020388861 -0.012135688 -0.0030101096 0.00019706373 0.99999545 1.049438
108 0.99999859 0.00098735484 0.0013584035 0.0042492629 -0.0009869882 0.99999948 -0.00027055216 -0.010458993 -0.0013586699 0.00026921105 0.99999904 1.0533517
109 0.99999665 0.0011551887 0.0023156224 0.0043604468 -0.0011558107 0.9999993 0.00026729319 -0.0090491001 -0.002315312 -0.00026996871 0.99999728 1.0611682
110 0.99999303 0.0034906449 0.001327088 0.00020963619 -0.0034906014 0.99999391 -3.5029087e-05 -0.0096681468 -0.0013272022 3.0396507e-05 0.99999912 1.0629041
111 0.99998985 0.0043799089 -0.001054411 -0.0022332377 -0.0043791021 0.99999012 0.00076626875 -0.010169532 0.0010577567 -0.0007616436 0.99999915 1.0640267
112 0.99998724 0.0050308423 -0.0004619983 -0.0014076516 -0.0050303223 0.99998672 0.0011197262 -0.008981547 0.00046762533 -0.0011173879 0.99999927 1.0666862
113 0.99998817 0.0048611207 0.0001605792 0.0065048099 -0.0048612699 0.99998774 0.00094236513 -0.00088162419 -0.00015599628 -0.0009431346 0.99999954 1.0565521
114 0.99999227 0.0038930886 -0.00054644103 0.0052808402 -0.003893066 0.99999242 4.237803e-05 -0.0090709878 0.00054660187 -4.0250371e-05 0.99999985 1.0465643
115 0.99998714 0.0042389809 0.0027845585 0.0028963597 -0.0042382233 0.99999098 -0.00027789993 -0.0080293708 -0.0027857114 0.00026609477 0.99999608 1.0717426
116 0.99997334 0.0047743413 0.0055249987 0.004127008 -0.0047741367 0.9999886 -5.0219795e-05 -0.010200328 -0.0055251755 2.3841357e-05 0.99998474 1.0647801
117 0.99998037 0.0044300947 0.0044314376 -0.00076160748 -0.0044303685 0.99999018 5.1968776e-05 -0.016856926 -0.0044311639 -7.1600657e-05 0.99999018 1.0650821
118 0.99998884 0.0032148378 0.0034626543 0.0033441139 -0.0032144213 0.99999483 -0.00012584046 -0.015211194 -0.003463041 0.00011470863 0.999994 1.1006359
119 0.99999453 0.0033035107 0.00016955101 0.00037655131 -0.0033034112 0.99999437 -0.00058346997 -0.015090281 -0.00017147756 0.00058290669 0.99999982 1.0967932
120 0.99999209 0.0034866097 -0.0019138575 9.9334532e-05 -0.0034871988 0.99999387 -0.00030458429 -0.011409679 0.0019127838 0.00031125589 0.99999812 1.1139117
121 0.99999046 0.0037002487 -0.0023199313 0.00078539475 -0.0037007723 0.99999313 -0.00022142648 -0.0096333748 0.002319096 0.0002300099 0.99999728 1.1212453
122 0.99999083 0.0034332693 -0.0025591062 0.0020112857 -0.0034328718 0.99999409 0.00015972322 -0.00914322 0.0025596395 -0.00015093667 0.99999671 1.1287845
123 0.99998776 0.0024488036 -0.0042981548 0.0043973723 -0.0024461865 0.99999682 0.00061404669 -3.6728314e-05 0.0042996449 -0.00060352509 0.99999057 1.1304227
124 0.99998186 0.0017833065 -0.0057524972 0.0049665178 -0.0017786245 0.99999808 0.00081891745 0.00083328096 0.0057539466 -0.00080867107 0.99998312 1.1322714
125 0.9999899 0.00042875604 -0.0044737756 0.0069768315 -0.00042559727 0.99999966 0.00070699175 -0.0033043163 0.0044740772 -0.00070508058 0.99998974 1.105314
126 0.9999967 0.00065817649 -0.002485162 0.0076061432 -0.00065661873 0.99999959 0.00062758515 0.0015719482 0.0024855741 -0.00062595128 0.99999672 1.1045469
127 0.99999609 0.0012924419 -0.0024788621 0.0036440561 -0.001289982 0.99999867 0.00099368339 -0.0046495857 0.0024801431 -0.00099048182 0.99999643 1.1336273
128 0.99999625 0.0021607577 -0.0016805119 0.0035471625 -0.0021598074 0.99999751 0.00056707216 -0.006576984 0.001681733 -0.00056344046 0.99999843 1.1308237
129 0.99998772 0.0034090785 -0.0035978391 0.0019314039 -0.0034083607 0.99999417 0.0002056165 -0.0056437738 0.0035985191 -0.00019335124 0.99999351 1.1444136
130 0.99999049 0.002322143 -0.0036906854 0.0021222955 -0.0023199505 0.99999713 0.00059823711 -0.0043928564 0.003692064 -0.00058966921 0.99999301 1.1547187
131 0.99999219 0.003671211 0.001460338 0.0041857985 -0.0036729062 0.99999258 0.0011598143 -0.0017930472 -0.0014560692 -0.0011651689 0.99999826 1.142802
132 0.9999854 0.0053956398 0.00028385708 0.0036348014 -0.00539566 0.99998544 7.0472829e-05 -0.0054102994 -0.00028347271 -7.2003397e-05 0.99999996 1.183685
133 0.9999964 0.0021683988 0.0015776121 0.0070705822 -0.0021686927 0.99999763 0.00018460856 -0.004070432 -0.001577208 -0.00018802925 0.99999874 1.1687491
134 0.999999 0.0011867338 -0.00077298193 0.0050323083 -0.0011860736 0.99999893 0.00085399115 -0.0028795575 0.00077399457 -0.00085307348 0.99999934 1.1790805
135 0.99999673 0.0024814404 -0.00061448959 0.0030614736 -0.0024811174 0.99999678 0.00052579166 -0.0044966858 0.00061579233 -0.00052426532 0.99999967 1.1844715
136 0.99999604 0.0011286978 -0.0025782981 0.00058320958 -0.0011240266 0.99999773 0.001812463 -0.0041163622 0.002580338 -0.0018095577 0.99999503 1.1795306
137 0.99999777 0.00059347358 -0.002028811 0.0017581686 -0.00059008117 0.99999843 0.0016723044 -0.0034345821 0.0020298003 -0.0016711035 0.99999654 1.1850812
138 0.99999895 0.00095907442 -0.0010831121 0.0012853423 -0.00095764418 0.99999867 0.0013202377 -0.0069357945 0.0010843769 -0.0013191991 0.99999854 1.1714525
139 0.99999781 0.0011932752 -0.0017190687 0.00052337173 -0.0011905302 0.99999802 0.0015969419 -0.0050206524 0.0017209709 -0.0015948918 0.99999725 1.1874482
140 0.99999663 0.002111493 -0.0015133844 -0.0011169579 -0.0021096914 0.99999707 0.0011910475 -0.0080418478 0.0015158949 -0.0011878507 0.99999815 1.200921
141 0.99999894 0.0011111329 -0.00094338942 0.0024385159 -0.0011095417 0.99999796 0.0016856128 -0.0030263594 0.00094526044 -0.0016845643 0.99999813 1.2021187
142 0.99999561 0.0024747725 -0.0016304936 0.0012239717 -0.002473544 0.99999666 0.00075499068 -0.0072174565 0.0016323566 -0.00075095427 0.99999839 1.2006752
143 0.99999321 0.0014357193 -0.0033927075 0.0037619367 -0.0014323094 0.99999847 0.0010072808 -0.0044959249 0.0033941484 -0.0010024146 0.99999374 1.204909
144 0.99998941 0.0012652215 -0.0044237181 0.004582071 -0.0012616605 0.99999888 0.00080766859 -0.0025916657 0.004424735 -0.00080207881 0.99998989 1.1963969
145 0.99999361 0.00084154571 -0.0034755172 0.0050423539 -0.00083928488 0.99999944 0.00065190775 -0.0021667495 0.0034760638 -0.00064898663 0.99999375 1.2062776
146 0.99998972 0.00057156367 -0.0044991564 0.0074045944 -0.00056814957 0.99999955 0.00076007124 0.0044879835 0.0044995888 -0.00075750723 0.99998959 1.2472538
147 0.99998938 0.00062609748 -0.0045666873 0.0080040469 -0.00062072471 0.99999911 0.0011778356 0.0092823063 0.0045674207 -0.0011749884 0.99998888 1.23511
148 0.9999855 0.0015913397 -0.0051439758 0.0092632377 -0.001586893 0.99999836 0.00086840451 0.0096549508 0.0051453494 -0.00086022898 0.99998639 1.2297797
149 0.99997428 0.0014214902 -0.0070296185 0.009011358 -0.0014153582 0.99999861 0.00087720349 0.0097524133 0.0070308557 -0.0008672315 0.99997491 1.2348504
150 0.9999869 0.0031401227 -0.0040433967 0.0036158846 -0.0031390341 0.99999504 0.00027553368 0.0021318672 0.0040442418 -0.0002628377 0.99999179 1.2508241
151 0.9999935 0.0019543172 -0.0030295549 0.0032608917 -0.0019533825 0.99999804 0.00031146658 -0.0049707371 0.0030301577 -0.00030554667 0.99999536 1.2743064
152 0.99998812 0.0047505199 -0.0010916636 -0.00036077268 -0.0047514633 0.99998834 -0.00086319144 -0.0062695443 0.0010875503 0.00086836818 0.99999903 1.2605345
153 0.99999528 0.0030707643 -0.00013005118 0.00097801511 -0.0030707682 0.99999528 -2.9714681e-05 -0.0075504468 0.00012995932 3.0113898e-05 0.99999999 1.2661528
154 0.99999589 0.002866565 0.00010564297 0.0013444956 -0.0028666393 0.99999564 0.00070986034 -0.0046005686 -0.00010360765 -0.00071016026 0.99999974 1.2665653
155 0.99999246 0.0038467309 -0.00053004699 -0.0004820601 -0.0038466594 0.99999259 0.00013575228 -0.0052213729 0.00053056527 -0.00013371234 0.99999985 1.2606395
156 0.99999546 0.0028274518 -0.0010425236 0.00069798938 -0.0028269129 0.99999587 0.00051803054 -0.0043479964 0.001043984 -0.00051508106 0.99999932 1.2624049
157 0.99999357 0.0035205091 -0.00067552494 -0.00069195447 -0.0035198917 0.99999339 0.00091295153 -0.0039129702 0.00067873452 -0.00091056789 0.99999936 1.2658788
158 0.99999513 0.0030990025 0.00037047102 -3.4295879e-05 -0.0030995173 0.99999422 0.0013972852 -0.004192453 -0.00036613869 -0.0013984266 0.99999896 1.271956
159 0.99999631 0.0027163015 1.2751665e-05 0.00014156846 -0.0027163068 0.99999622 0.00043462427 -0.0062229818 -1.1571046e-05 -0.0004346573 0.99999991 1.2840452
160 0.99999228 0.0037097 0.0012979389 -0.0005726477 -0.0037100937 0.99999307 0.00030102375 -0.0063597426 -0.0012968132 -0.0003058369 0.99999911 1.2796785
161 0.99999438 0.0031252087 0.0012139026 0.0030770131 -0.003125412 0.9999951 0.00016557964 -0.0069287749 -0.0012133792 -0.00016937266 0.99999925 1.2802692
162 0.99998751 0.0047559378 0.0015351107 0.001514944 -0.0047555002 0.99998865 -0.00028860315 -0.0030380357 -0.0015364659 0.00028129933 0.99999878 1.2757614
163 0.9999841 0.0049147437 0.0027647899 -0.00053208525 -0.0049152281 0.99998791 0.00016846578 -0.0022495766 -0.0027639285 -0.00018205267 0.99999616 1.2641316
164 0.9999765 0.0045785207 0.0051027763 0.0026231399 -0.0045802162 0.99998946 0.00032063756 -0.0032522584 -0.0051012544 -0.00034400184 0.99998693 1.2577862
165 0.99998773 0.0026407592 0.0041918887 0.0020093709 -0.0026452731 0.99999593 0.0010716378 -0.0048869895 -0.0041890417 -0.0010827133 0.99999064 1.2563628
166 0.99998249 0.0028940518 0.0051617762 0.0044386981 -0.0028978902 0.99999553 0.00073630337 -0.0056965717 -0.0051596222 -0.00075124874 0.99998641 1.2599442
167 0.99997551 0.0016439536 0.0068021577 0.010996838 -0.0016493376 0.99999833 0.0007859866 -0.0095483273 -0.0068008542 -0.00079718641 0.99997656 1.2495977
168 0.99996238 0.0017301597 0.0084996032 0.012446308 -0.001738324 0.99999803 0.00095324721 -0.0098072758 -0.0084979372 -0.00096798642 0.99996342 1.2441239
169 0.99992811 0.0055810406 0.010612112 0.0085555538 -0.0055818259 0.99998442 4.4385881e-05 -0.0048544158 -0.010611699 -0.00010361765 0.99994369 1.2494833
170 0.99992664 0.00048894679 0.01210245 0.018107104 -0.00050120011 0.99999936 0.0010094544 -0.0088788417 -0.012101949 -0.0010154461 0.99992625 1.2367427
171 0.99994587 0.0031175653 0.0099265537 0.013027119 -0.0031190071 0.99999513 0.00012977246 -0.0028789126 -0.0099261007 -0.00016072642 0.99995072 1.2365444
172 0.99992123 0.0025802575 0.012283015 0.014709739 -0.0025806818 0.99999667 1.8689749e-05 -0.0077496482 -0.012282926 -5.0386831e-05 0.99992456 1.2232339
173 0.99992519 0.0047932367 0.011253463 0.010799633 -0.0047948831 0.9999885 0.00011932797 -0.0034974495 -0.011252761 -0.00017327808 0.99993667 1.2296187
174 0.9999541 0.0048657191 0.0082535054 0.0068120193 -0.0048671191 0.99998814 0.00014955511 -0.0016209328 -0.0082526798 -0.00018971904 0.99996593 1.2460062
175 0.99991226 0.0046243698 0.012413131 0.0055746898 -0.0046223206 0.9999893 -0.00019376405 -0.0098921821 -0.012413894 0.00013636958 0.99992294 1.2412212
176 0.99992535 0.0040380417 0.011531882 0.0080149196 -0.0040408323 0.99999181 0.00021870406 -0.0051302423 -0.011530904 -0.00026528613 0.99993348 1.2429481
177 0.99991276 0.0045698357 0.012392842 0.0072757337 -0.0045773657 0.99998936 0.0005793095 -0.00415429 -0.012390063 -0.00063598553 0.99992304 1.2250718
178 0.99984914 0.0022517487 0.017222656 0.014113738 -0.0022704383 0.99999685 0.0010657035 -0.0073619427 -0.017220202 -0.0011046457 0.99985111 1.2078775
179 0.99990356 0.002512946 0.013658464 0.015453678 -0.0025200398 0.9999967 0.00050217778 -0.0050580546 -0.013657157 -0.00053654922 0.99990659 1.2171189
180 0.99992059 0.0043648912 0.011822269 0.012106456 -0.0043679 0.99999043 0.00022869632 -0.0037193054 -0.011821158 -0.00028031665 0.99993009 1.2179226
181 0.99990426 0.0035976471 0.013361322 0.01314467 -0.0035976871 0.99999353 -2.1042261e-05 -0.0056037473 -0.013361312 -2.702961e-05 0.99991073 1.2123166
182 0.9999189 0.0041073647 0.012054613 0.011800332 -0.0041081102 0.99999156 3.7083017e-05 -0.005177239 -0.012054359 -8.6601691e-05 0.99992734 1.2170197
183 0.99988901 0.0047062316 0.014135581 0.012290454 -0.0047040774 0.99998892 -0.00018564283 -0.0090626805 -0.014136298 0.00011912737 0.99990007 1.2057693
184 0.99989551 0.0045607991 0.013717395 0.010197498 -0.0045606025 0.9999896 -4.5615031e-05 -0.0096775923 -0.013717461 -1.6949323e-05 0.99990591 1.204116
185 0.99991765 0.0032753796 0.012407972 0.011172587 -0.0032785791 0.9999946 0.00023752591 -0.0092435313 -0.012407127 -0.00027818686 0.99992299 1.206275
186 0.99989586 0.0021426267 0.014271495 0.0091935799 -0.0021469738 0.99999765 0.00028928572 -0.011071109 -0.014270842 -0.00031989612 0.99989812 1.2045603
187 0.99990284 0.0040071346 0.013351532 0.0085310269 -0.0040116011 0.99999191 0.00030776149 -0.0047635165 -0.01335019 -0.0003612926 0.99991082 1.2125993
188 0.99987627 0.0040276077 0.015205764 0.011605061 -0.0040296807 0.99999188 0.00010569404 -0.0027413925 -0.015205214 -0.00016695533 0.99988438 1.2218294
189 0.99987407 0.0052372847 0.014980796 0.0087052461 -0.0052504619 0.99998586 0.00084041224 -0.0027991766 -0.014976183 -0.0009189625 0.99988743 1.2459229
190 0.99989903 0.0040345114 0.013625494 0.01095241 -0.0040430576 0.99999165 0.00059973315 -0.0058928323 -0.013622961 -0.00065476125 0.99990699 1.2308441
191 0.99989043 0.0052615045 0.013836637 0.0097475179 -0.0052690886 0.99998599 0.00051172485 -0.004554066 -0.013833751 -0.00058457525 0.99990414 1.2426483
192 0.99992063 0.0033422873 0.012147312 0.012883592 -0.0033410348 0.99999441 -0.00012340334 -0.0053943307 -0.012147657 8.2808951e-05 0.99992621 1.2481691
193 0.99988122 0.0034057241 0.015031324 0.013899245 -0.0034071929 0.99999419 7.2112589e-05 -0.0029812237 -0.015030991 -0.00012331864 0.99988702 1.2345538
194 0.99986848 0.0038828856 0.015746001 0.013841029 -0.0038824108 0.99999246 -6.0724389e-05 -0.0023162492 -0.015746119 -4.1604228e-07 0.99987602 1.234416
195 0.99990346 0.0052028206 0.012884537 0.0084022101 -0.0052141917 0.99998605 0.00084910126 -0.00099981301 -0.012879939 -0.00091620173 0.99991663 1.2479745
196 0.99987008 0.0043392089 0.015524072 0.0094966498 -0.0043344887 0.99999055 -0.00033768638 -0.0076674457 -0.015525391 0.00027035359 0.99987944 1.2573175
197 0.99987596 0.0040097703 0.015231021 0.0096978606 -0.0040091797 0.99999196 -6.9304781e-05 -0.008117537 -0.015231177 8.2322821e-06 0.999884 1.2574116
198 0.99988085 0.0057851432 0.014311572 0.0050663031 -0.0057838409 0.99998326 -0.00013238215 -0.0075577177 -0.014312099 4.959052e-05 0.99989758 1.279026
199 0.9997991 0.0045925805 0.019510594 0.013692825 -0.0046110696 0.99998896 0.00090276322 -0.003352469 -0.019506233 -0.00099254656 0.99980924 1.2562929
200 0.99983429 0.0055576359 0.017335176 0.0080536197 -0.0055737758 0.99998408 0.00088287468 -0.0034359315 -0.017329994 -0.00097935077 0.99984934 1.2699768
201 0.99987342 0.0051547709 0.015052028 0.0061503772 -0.0051617313 0.99998659 0.00042360532 -0.0036443026 -0.015049643 -0.00050124623 0.99988662 1.2820639
202 0.99983486 0.0055083378 0.017317855 0.0071300843 -0.0055151089 0.99998473 0.00034325579 -0.0029713781 -0.0173157 -0.00043870896 0.99984998 1.2824281
203 0.99980217 0.0038555399 0.019512789 0.013017926 -0.003844991 0.99999244 -0.00057809965 -0.0062710612 -0.01951487 0.00050295879 0.99980944 1.2825407
204 0.99979115 0.0047448084 0.019878238 0.011636106 -0.004743442 0.99998874 -0.00011588854 -0.003797561 -0.019878565 2.1573071e-05 0.9998024 1.2765902
205 0.99976699 0.0065702941 0.020561984 0.0063990451 -0.0065957553 0.99997756 0.0011706909 -0.0016504055 -0.020553831 -0.0013060399 0.99978789 1.2799618
206 0.99984286 0.006112901 0.016640059 0.0025165991 -0.006141894 0.99997971 0.0016918154 -0.0042328512 -0.01662938 -0.001793751 0.99986011 1.2925451
207 0.99986723 0.0039303047 0.015813751 0.0090599771 -0.0039165525 0.99999192 -0.00090051599 -0.0099362001 -0.015817163 0.00083846104 0.99987455 1.302517
208 0.99992453 0.0048192341 0.011300763 0.0012916793 -0.0048195134 0.99998839 -2.5176575e-06 -0.0066063369 -0.011300644 -5.1946712e-05 0.99993614 1.3130734
209 0.9998854 0.002631808 0.014908112 0.0086657794 -0.0026252079 0.99999645 -0.00046227287 -0.010840334 -0.014909275 0.000423083 0.99988876 1.3075338
210 0.99983558 0.0056095021 0.017243853 0.0032252297 -0.005637732 0.99998285 0.0015889224 -0.0044819939 -0.017234644 -0.0016858774 0.99985005 1.3091388
211 0.99985759 0.0058473962 0.015830767 -0.0027486027 -0.0058721535 0.99998161 0.0015178401 -0.0060523769 -0.0158216 -0.0016105846 0.99987353 1.2970261
212 0.99978536 0.0058970626 0.019861004 0.0062710887 -0.0058759046 0.99998211 -0.0011234929 -0.013917213 -0.019867274 0.0010065504 0.99980212 1.2937771
213 0.99985708 0.004004488 0.016425169 0.0043138295 -0.0040003579 0.99999196 -0.00028429429 -0.01321665 -0.016426176 0.00021854711 0.99986506 1.2933834
214 0.99981272 0.0063545592 0.018279371 -0.00081694059 -0.0063854592 0.99997828 0.0016325624 -0.0071853251 -0.0182686 -0.0017489789 0.99983159 1.3106561
215 0.99981092 0.0029690492 0.019217397 0.011857315 -0.0029814941 0.99999536 0.00061896845 -0.013293376 -0.01921547 -0.00067614797 0.99981514 1.2961916
216 0.9998766 0.0063996293 0.014346858 -0.0019117566 -0.0064224045 0.99997819 0.0015419575 -0.006806899 -0.014336677 -0.0016339086 0.99989589 1.3093754
217 0.99995473 0.0035636919 0.0088221247 -0.0032874091 -0.0035695621 0.99999342 0.00064974102 -0.01229992 -0.0088197511 -0.00068120273 0.99996087 1.3014514
218 0.99991936 0.0051786141 0.011595476 0.0022787313 -0.0051668457 0.99998611 -0.0010446371 -0.015800613 -0.011600725 0.00098464079 0.99993222 1.3057183
219 0.99995446 0.0048539365 0.0082166702 0.0006528953 -0.0048433818 0.99998742 -0.0013039579 -0.013376863 -0.0082228961 0.0012641021 0.99996539 1.302464
220 0.99992507 0.0052431178 0.011061803 0.0014766941 -0.0052494448 0.99998607 0.00054301249 -0.010197621 -0.011058802 -0.00060104013 0.99993867 1.2998442
221 0.99988488 0.0057175671 0.014054785 0.00066597291 -0.0057494157 0.99998099 0.0022266732 -0.0092648473 -0.014041787 -0.0023072236 0.99989875 1.2968327
222 0.99993742 0.0044130412 0.010280264 -0.00040587038 -0.0044243422 0.99998963 0.0010768139 -0.010783654 -0.010275406 -0.0011222299 0.99994658 1.3091053
223 0.99997056 0.0035628677 0.0067965154 -0.00051524453 -0.0035622065 0.99999365 -0.00010938193 -0.010693353 -0.0067968619 8.5168115e-05 0.9999769 1.317032
224 0.99997466 0.0040093193 0.0058827215 -0.0021791354 -0.0040089185 0.99999196 -7.9923046e-05 -0.00883644 -0.0058829946 5.633767e-05 0.99998269 1.315506
225 0.99999324 0.0018923077 0.0031539557 0.00043013552 -0.0018942212 0.99999802 0.00060383153 -0.0069643711 -0.0031528069 -0.00060980173 0.99999484 1.3137151
226 0.99999682 0.0021859241 0.0012560701 0.0014681124 -0.0021861608 0.99999759 0.0001870436 -0.0044503961 -0.0012556582 -0.00018978898 0.99999919 1.3118123
227 0.99999351 0.0035169456 0.00077892338 -0.00064351723 -0.0035167345 0.99999378 -0.00027226175 -0.0071719035 -0.00077987606 0.00026952072 0.99999966 1.2990445
228 0.99999533 0.0030455022 0.00023995658 0.00022571085 -0.0030453408 0.99999514 -0.00067027385 -0.0071563956 -0.00024199674 0.00066953997 0.99999975 1.2986087
229 0.99999111 0.0033931433 0.0025016381 0.0036993932 -0.0033913377 0.99999399 -0.00072567511 -0.002281142 -0.0025040854 0.00071718476 0.99999661 1.2935862
230 0.99998875 0.0039565218 0.0026150463 0.0030522409 -0.0039543138 0.99999182 -0.00084896996 0.00030631052 -0.0026183839 0.0008386197 0.99999622 1.2895918
231 0.99998854 0.0034229212 0.0033463785 0.0043784273 -0.0034214323 0.99999405 -0.00045053852 0.002095188 -0.0033479007 0.00043908395 0.9999943 1.2943826
232 0.9999902 0.0028856669 0.0033573521 0.0067410657 -0.0028858764 0.99999583 5.7565442e-05 0.0039617048 -0.003357172 -6.7253781e-05 0.99999436 1.2901186
233 0.99999587 0.0018937801 0.0021624315 0.0073472093 -0.0018956081 0.99999785 0.00084357321 0.0043463704 -0.0021608293 -0.00084766885 0.99999731 1.2909608
234 0.9999981 0.0011232375 0.0015918672 0.0079286485 -0.001124224 0.99999918 0.00061894626 0.00065905524 -0.0015911707 -0.0006207347 0.99999854 1.2787761
235 0.99999836 0.0016205119 -0.00081132075 0.0081677404 -0.0016209378 0.99999855 -0.00052462791 -0.00083576041 0.00081046941 0.00052594215 0.99999953 1.2704723
236 0.99999903 0.00037304494 -0.0013402636 0.0076214178 -0.00037206488 0.99999966 0.00073141532 -0.00059547703 0.001340536 -0.00073091594 0.99999883 1.2761884
237 0.99999847 0.0014329408 -0.0010012763 0.0060483704 -0.0014325819 0.99999891 0.00035906786 -0.0043621287 0.0010017898 -0.0003576329 0.99999943 1.2826108
238 0.99999545 0.0014400593 -0.0026494902 0.0075238852 -0.0014378282 0.99999861 0.00084378647 -0.00056754705 0.0026507016 -0.00083997312 0.99999613 1.2835148
239 0.99999093 0.0037255152 -0.0020645208 0.0039647586 -0.0037265582 0.99999293 -0.00050160933 -0.006762541 0.0020626375 0.00050929834 0.99999774 1.2836875
240 0.99999662 0.0019241995 -0.001747052 0.0064748847 -0.001923807 0.99999812 0.00022630661 -0.0039663089 0.0017474842 -0.00022294486 0.99999845 1.2819981
241 0.99999155 0.0022173435 -0.0034608005 0.0046489261 -0.0022158999 0.99999746 0.00042090563 -0.0018341042 0.003461725 -0.00041323328 0.99999392 1.2791821
242 0.99999164 0.0015717318 -0.0037749512 0.0057084704 -0.0015704312 0.99999871 0.00034747308 -0.0049032419 0.0037754925 -0.00034154187 0.99999281 1.2963144
243 0.99998305 -0.00082140758 -0.0057639831 0.009598347 0.00081838131 0.99999953 -0.00052737168 -0.0086291234 0.0057644135 0.0005226456 0.99998325 1.2859102
244 0.99998704 0.0012903304 -0.0049259375 0.0052802495 -0.001290995 0.99999916 -0.00013172987 -0.0088955194 0.0049257633 0.00013808753 0.99998786 1.2942189
245 0.99998854 0.00087533358 -0.0047073635 0.005828077 -0.0008780128 0.99999945 -0.00056711792 -0.011850636 0.0047068645 0.00057124454 0.99998876 1.2835524
246 0.99998047 -0.00030556911 -0.0062426043 0.0041646057 0.00030090038 0.99999967 -0.00074880842 -0.015105391 0.0062428311 0.0007469154 0.99998023 1.2834826
247 0.9999785 0.00049915678 -0.0065389017 0.005324431 -0.000499501 0.99999987 -5.1009701e-05 -0.0066724853 0.0065388754 5.4274792e-05 0.99997862 1.2783388
248 0.99998276 0.00070900673 -0.0058287099 0.0029908682 -0.00071628778 0.99999897 -0.0012471771 -0.017096967 0.0058278196 0.0012513306 0.99998224 1.2874323
249 0.99998756 0.00092327364 -0.0049014577 0.0048988716 -0.00092637735 0.99999937 -0.00063098973 -0.014451216 0.0049008721 0.00063552248 0.99998779 1.2965838
250 0.99998438 0.0016444152 -0.0053418184 0.0063917276 -0.001642402 0.99999858 0.00038123501 -0.011953098 0.0053424377 -0.00037245564 0.99998566 1.2910797
251 0.99998828 -7.6860869e-05 -0.0048399472 0.0043054073 7.2270151e-05 0.99999955 -0.00094867366 -0.019222008 0.0048400179 0.00094831276 0.99998784 1.2915136
252 0.99998331 -0.0010172548 -0.0056878039 0.006443361 0.0010167314 0.99999948 -9.4917938e-05 -0.017649498 0.0056878975 8.9133384e-05 0.99998382 1.2915966
253 0.9999817 0.0011481166 -0.0059406336 0.002542253 -0.0011480281 0.99999934 1.8306179e-05 -0.015972811 0.0059406507 -1.148583e-05 0.99998235 1.2939189
254 0.99997314 0.0013027343 -0.0072132515 -0.00052034935 -0.0013042701 0.99999913 -0.00020821518 -0.018054783 0.007212974 0.00021761761 0.99997396 1.2830671
255 0.99989048 -0.00033114194 -0.014795575 -0.011239104 0.00031620734 0.99999944 -0.0010117245 -0.016952262 0.014795902 0.0010069353 0.99989003 1.2611889
256 0.99986886 6.1091942e-06 -0.016194616 -0.013699694 -2.1499498e-05 0.99999955 -0.00095016062 -0.014868248 0.016194603 0.00095038419 0.99986841 1.2597075
257 0.99984331 -0.0005336969 -0.017693673 -0.011069998 0.0005086881 0.99999887 -0.0014179028 -0.013600328 0.017694409 0.0014086801 0.99984245 1.2591715
258 0.999799 -0.00078330488 -0.020033717 -0.012815165 0.00075647326 0.99999881 -0.0013468665 -0.011638853 0.020034748 0.0013314408 0.9997984 1.257966
259 0.99976744 -0.00083763802 -0.021549098 -0.016371504 0.00081040898 0.99999886 -0.0012722833 -0.0093603277 0.021550139 0.0012545239 0.99976698 1.25948
260 0.99975461 -3.9026187e-05 -0.022152382 -0.018014988 4.2541234e-06 0.99999877 -0.001569721 -0.010628161 0.022152416 0.0015692416 0.99975337 1.2557868
261 0.99972972 -0.00045756688 -0.023243881 -0.019193555 0.0004301966 0.99999921 -0.0011825131 -0.0091927841 0.023244403 0.001172194 0.99972913 1.253761
262 0.99973928 0.00013245866 -0.022833094 -0.018143028 -0.00016199866 0.99999915 -0.0012918914 -0.0090228208 0.022832903 0.0012952535 0.99973846 1.2450788
