4 0.99999029 -0.0042330398 -0.0012368945 -0.051250822 0.0042372906 0.999985 0.0034539771 -0.11719109 0.0012222555 -0.0034591839 0.99999331 6.2366139
5 0.99999611 -0.0020170244 -0.0019329265 -0.05498991 0.0020246706 0.99999004 0.0039615667 -0.12694764 0.0019249172 -0.0039654642 0.99999032 7.2116434
6 0.99999295 -0.0012774972 -0.0035341417 -0.058296269 0.0012929252 0.99998957 0.0043663558 -0.13641951 0.0035285275 -0.0043708939 0.99998426 8.2084469
7 0.99998561 0.00079980104 -0.0053070796 -0.064653234 -0.00077609243 0.99998966 0.0044677268 -0.14456221 0.0053105989 -0.0044635432 0.99997598 9.2129782
8 0.99996309 0.0027075326 -0.0081559885 -0.073329478 -0.002673636 0.9999877 0.0041639437 -0.14965458 0.0081671632 -0.0041419832 0.99995811 10.203458
9 0.99992904 0.0036158783 -0.011351797 -0.083122922 -0.0035634579 0.99998285 0.0046345355 -0.15436335 0.011368362 -0.0045937544 0.99992486 11.174514
10 0.99988319 0.0059136029 -0.014094609 -0.096502515 -0.0058435385 0.99997033 0.0050069244 -0.15813311 0.014123801 -0.0049239766 0.99988817 12.132585
11 0.99984659 0.0081681672 -0.015495424 -0.11242459 -0.0080836098 0.99995208 0.0055116397 -0.16486609 0.015539703 -0.0053855347 0.99986479 13.097575
12 0.99983366 0.0098908026 -0.015325231 -0.12825042 -0.0098014359 0.99993453 0.0058954151 -0.17477745 0.01538254 -0.0057442247 0.99986522 14.058124
13 0.99982935 0.011253745 -0.014651278 -0.14315541 -0.011163797 0.99991836 0.006206508 -0.18559882 0.01471993 -0.0060418844 0.99987344 15.024385
14 0.9998315 0.012034871 -0.013862422 -0.1559321 -0.011941629 0.99990559 0.0067893214 -0.19606909 0.013942824 -0.0066226371 0.9998809 15.992651
15 0.99981452 0.012619925 -0.014549943 -0.16891712 -0.012515072 0.99989516 0.0072749933 -0.20602173 0.014640229 -0.00709155 0.99986772 16.944904
16 0.99980133 0.013727459 -0.014453163 -0.18326882 -0.013618535 0.99987826 0.0076078315 -0.21509391 0.014555841 -0.0074094888 0.99986664 17.897186
17 0.99975483 0.01513907 -0.016159044 -0.19884272 -0.015015116 0.99985706 0.0077647427 -0.22233774 0.016274287 -0.0075202088 0.99983932 18.83982
18 0.99968819 0.017277793 -0.018028511 -0.2174998 -0.017132354 0.99981962 0.0081905674 -0.22852604 0.018166776 -0.0078791424 0.99980396 19.767425
19 0.99962519 0.019029459 -0.019682275 -0.23597759 -0.018865836 0.99978612 0.0084656651 -0.23428358 0.019839164 -0.0080911692 0.99977048 20.685281
20 0.99953478 0.022326076 -0.020779721 -0.2574052 -0.02216401 0.9997223 0.0079970731 -0.2356995 0.020952496 -0.0075327904 0.99975213 21.586824
21 0.99948876 0.025421277 -0.019390895 -0.27638723 -0.025270299 0.99964865 0.0079916168 -0.24052155 0.019587242 -0.0074975171 0.99978008 22.486131
22 0.99949686 0.026679605 -0.017154157 -0.28962231 -0.026534097 0.99961038 0.0086546416 -0.24615942 0.017378378 -0.0081951167 0.99981544 23.397569
23 0.99948809 0.028506759 -0.014524312 -0.29738795 -0.028372213 0.9995533 0.0093866439 -0.25300596 0.014785409 -0.0089697517 0.99985049 24.286807
24 0.99946386 0.029921183 -0.013294669 -0.30347385 -0.029791263 0.9995074 0.0098650113 -0.26242322 0.013583294 -0.0094636571 0.999863 25.158297
25 0.99941799 0.032134992 -0.011448285 -0.30908494 -0.03202323 0.99943887 0.0098151465 -0.26930143 0.011757272 -0.0094428227 0.99988633 26.031317
26 0.99935163 0.034526402 -0.010211836 -0.31531644 -0.034427213 0.99935974 0.0097342212 -0.27406998 0.010541387 -0.0093763446 0.99990052 26.892706
27 0.99927694 0.036676865 -0.010022013 -0.32294196 -0.036581073 0.99928471 0.0095796854 -0.27649184 0.010366198 -0.0092061425 0.99990393 27.766422
28 0.9992005 0.038598049 -0.010420171 -0.33098963 -0.038493953 0.99920862 0.010011872 -0.2794451 0.010798364 -0.0096027535 0.99989562 28.648599
29 0.9991379 0.039865661 -0.011584783 -0.34064394 -0.039745076 0.99915505 0.010458887 -0.28127192 0.011991946 -0.0099894318 0.99987823 29.534688
30 0.99898565 0.042516794 -0.014833365 -0.35709198 -0.042362452 0.99904635 0.010568466 -0.2848612 0.015268558 -0.0099293677 0.99983416 30.405228
31 0.99885556 0.044133795 -0.0184341 -0.37625356 -0.043946834 0.9989794 0.010426987 -0.2885305 0.018875471 -0.0096049334 0.99977574 31.267871
32 0.99868315 0.045845229 -0.023026232 -0.40288063 -0.045607022 0.99890139 0.010765852 -0.28845754 0.0234945 -0.0097015167 0.99967693 32.129068
33 0.9984717 0.047582945 -0.028109701 -0.43299937 -0.047277806 0.99881641 0.011422153 -0.28938524 0.028619933 -0.010075731 0.99953962 32.992945
34 0.998415 0.047854006 -0.029622668 -0.45570926 -0.047499947 0.99879243 0.01254303 -0.29158644 0.030187133 -0.011116074 0.99948249 33.873235
35 0.99838864 0.049250581 -0.028187483 -0.46529174 -0.048919983 0.9987269 0.012300635 -0.3011424 0.028757413 -0.010901883 0.99952701 34.678715
36 0.99835696 0.051326037 -0.02547627 -0.47356504 -0.051036382 0.99862592 0.011892735 -0.30997269 0.026051673 -0.010572978 0.99960472 35.445488
37 0.99835532 0.053300432 -0.021112622 -0.47825787 -0.053074748 0.99852868 0.011109543 -0.31639837 0.021673704 -0.0099707239 0.99971542 36.183346
38 0.99841549 0.053426897 -0.017666667 -0.48245405 -0.053234219 0.99851916 0.011202475 -0.31450861 0.018239021 -0.010244253 0.99978121 36.942991
39 0.99831705 0.055107301 -0.018063202 -0.49781841 -0.054912289 0.9984292 0.011120048 -0.31347419 0.018647626 -0.010109442 0.99977505 37.767056
40 0.99816435 0.057361021 -0.019434003 -0.51193665 -0.057151414 0.99830292 0.011174752 -0.31449637 0.020042019 -0.010043558 0.99974873 38.620471
41 0.99796046 0.060192573 -0.021255676 -0.52891437 -0.05995581 0.9981335 0.011606028 -0.31072476 0.021914601 -0.010307956 0.99970674 39.516028
42 0.99774267 0.063067981 -0.023065622 -0.54949428 -0.062807415 0.99795523 0.011852353 -0.3104485 0.023765964 -0.010376906 0.99966373 40.351292
43 0.99750001 0.066149697 -0.024859182 -0.57072543 -0.065867165 0.99775597 0.012017979 -0.31114586 0.025598385 -0.01035053 0.99961876 41.160209
44 0.99715686 0.069587986 -0.02890911 -0.59721351 -0.069245678 0.997519 0.012678872 -0.31106756 0.029719686 -0.010640993 0.99950167 41.95996
45 0.99681529 0.072659011 -0.03286305 -0.62541307 -0.072291754 0.99730848 0.0122302 -0.31364248 0.033663236 -0.0098155227 0.99938507 42.722139
46 0.99650591 0.075221811 -0.036299829 -0.65511629 -0.074834648 0.99712476 0.011910812 -0.31796143 0.037091415 -0.0091527097 0.99927 43.453547
47 0.99614187 0.078602844 -0.03902571 -0.68867928 -0.0782223 0.99687312 0.011186303 -0.32331892 0.03978296 -0.0080904638 0.99917563 44.171855
48 0.99571361 0.082302997 -0.042197694 -0.71603662 -0.081930324 0.9965828 0.010488999 -0.32958436 0.042916776 -0.0069867681 0.99905426 44.84028
49 0.99541767 0.085084608 -0.043638411 -0.74461205 -0.084735994 0.99635538 0.0097803947 -0.33075842 0.04431153 -0.0060378331 0.99899955 45.537469
50 0.99522933 0.087156264 -0.043845078 -0.77468147 -0.086819203 0.99617837 0.0095373746 -0.33165636 0.044508764 -0.0056852798 0.99899285 46.25072
51 0.99517117 0.088900279 -0.041606586 -0.80440405 -0.088583784 0.99602438 0.0093931328 -0.33348376 0.04227623 -0.0056621057 0.99908995 46.925687
52 0.99513398 0.090807669 -0.038240866 -0.83673978 -0.090529658 0.99585354 0.0089433063 -0.33667427 0.038894426 -0.0054378549 0.99922857 47.599102
53 0.99506993 0.092043726 -0.036929918 -0.86522763 -0.091775773 0.99573996 0.0088898838 -0.33940462 0.037590857 -0.0054567837 0.99927835 48.25115
54 0.99499552 0.094145808 -0.033474081 -0.89111261 -0.093937988 0.99554797 0.0077310602 -0.34429801 0.034052903 -0.0045478819 0.99940972 48.868892
55 0.99487522 0.095728036 -0.03254943 -0.91702304 -0.095535462 0.99539828 0.0074243209 -0.34920966 0.033110365 -0.0042766474 0.99944259 49.42087
56 0.99481855 0.096712684 -0.031348606 -0.93634706 -0.096539273 0.99530449 0.0070021272 -0.35560038 0.031878606 -0.0039394738 0.99948402 49.949159
57 0.99483258 0.097796807 -0.027275504 -0.95173684 -0.097656247 0.9951993 0.0064415552 -0.36099659 0.027774528 -0.003744645 0.99960724 50.457478
58 0.99469226 0.10020597 -0.023368941 -0.96471451 -0.10012082 0.99496371 0.0047883406 -0.36560086 0.023731071 -0.002423207 0.99971548 50.964947
59 0.9945539 0.1023996 -0.019413783 -0.97615159 -0.10235887 0.9947427 0.0030823386 -0.37081966 0.019627351 -0.0010783781 0.99980682 51.493777
60 0.99450872 0.10366183 -0.014375781 -0.98196218 -0.10364191 0.99461235 0.002124984 -0.37734174 0.01451861 -0.00062338074 0.99989444 52.005964
61 0.9944175 0.10506986 -0.0097051157 -0.98380389 -0.10506357 0.99446478 0.0011567928 -0.38614854 0.0097729409 -0.00013067991 0.99995227 52.500063
62 0.99426406 0.10677996 -0.0060859673 -0.98548609 -0.10677994 0.99428256 0.00032760005 -0.39544017 0.0060861531 0.0003241393 0.99998147 52.963
63 0.99413637 0.10813161 0.00067955683 -0.98524792 -0.10813113 0.99413633 -0.00070234304 -0.40492196 -0.00075151744 0.00062474455 0.99999956 53.415143
64 0.9938681 0.11013969 0.0097717993 -0.97702517 -0.11012601 0.9939157 -0.0019278881 -0.41455985 -0.0099246823 0.00083993828 0.99995043 53.845841
65 0.99345865 0.1126189 0.018892192 -0.96944634 -0.11257031 0.99363711 -0.0036187567 -0.42455202 -0.019179525 0.0014683863 0.99981502 54.289481
66 0.9928946 0.11567398 0.027926111 -0.95739581 -0.11557385 0.99328533 -0.0051784137 -0.43467809 -0.028337606 0.001914092 0.99959662 54.732339
67 0.9922884 0.11905466 0.034492695 -0.94354158 -0.11888898 0.99288406 -0.0068222281 -0.44544113 -0.035059468 0.0026688177 0.9993817 55.114977
68 0.99137252 0.12436944 0.041385919 -0.92621095 -0.12402871 0.99222076 -0.010711017 -0.45808965 -0.042396095 0.0054855671 0.99908586 55.490594
69 0.99075782 0.12580209 0.050722833 -0.90148065 -0.12527879 0.99203129 -0.013380091 -0.47144926 -0.052001885 0.0069019361 0.99862317 55.919749
70 0.99100702 0.11989885 0.059408658 -0.79829369 -0.11884657 0.99269147 -0.020952808 -0.55014847 -0.061486691 0.013703867 0.99801386 57.408065
71 0.99102505 0.114686 0.068676774 -0.67953726 -0.11326033 0.99326765 -0.024317903 -0.65010724 -0.071003346 0.016321299 0.99734258 59.276672
72 0.99085436 0.11400516 0.07218375 -0.55841749 -0.11238486 0.99332088 -0.026137196 -0.74780285 -0.074681407 0.017785797 0.99704886 60.9914
73 0.990688 0.11179977 0.077705333 -0.45172532 -0.10994959 0.99355084 -0.027707411 -0.83478538 -0.080301887 0.018905733 0.99659132 62.446251
74 0.99021492 0.11925383 0.072477279 -0.42292006 -0.11737058 0.99264316 -0.029725139 -0.86832284 -0.075488918 0.020927578 0.99692705 62.922401
75 0.98938476 0.12329187 0.076921697 -0.38949642 -0.12102257 0.99208377 -0.033514355 -0.89177501 -0.080444822 0.023849333 0.99647374 63.26276
76 0.98830346 0.12386843 0.088954536 -0.35195767 -0.12092129 0.99194171 -0.037809559 -0.91114245 -0.092921133 0.026610824 0.99531784 63.523758
77 0.9867127 0.12360146 0.105455 -0.31342387 -0.11986061 0.99193845 -0.041126998 -0.92548675 -0.10968823 0.027940634 0.99357329 63.763124
78 0.9845272 0.1241768 0.12363794 -0.27149426 -0.1195172 0.99183673 -0.04444574 -0.93990199 -0.12814779 0.028981183 0.99133159 63.97669
79 0.98113956 0.12628267 0.14634846 -0.21415987 -0.1202097 0.99150568 -0.049658783 -0.9608015 -0.15137639 0.031129695 0.98798594 64.220169
80 0.97696599 0.13083124 0.16858432 -0.14769949 -0.12310207 0.99083764 -0.055556655 -0.98577049 -0.17430825 0.033523887 0.98412035 64.48765
81 0.97149573 0.13731699 0.19323593 -0.072764208 -0.12726655 0.98983007 -0.063557374 -1.0192463 -0.19999826 0.03715325 0.97909162 64.791536
82 0.96494832 0.14382221 0.21952209 0.01467124 -0.13128732 0.98881735 -0.070737366 -1.0522871 -0.22724087 0.039437438 0.97303975 65.085932
83 0.95852683 0.14569211 0.24494927 0.12572712 -0.13064312 0.98845868 -0.076692171 -1.0903473 -0.2532957 0.041510571 0.96649792 65.405831
84 0.95048898 0.14543847 0.27462408 0.25617586 -0.12754527 0.9884351 -0.082025259 -1.1306797 -0.28337773 0.042937106 0.95804673 65.723557
85 0.93883912 0.1444799 0.31258069 0.40402318 -0.12286065 0.98852364 -0.087898607 -1.1713948 -0.32169301 0.04411879 0.94581564 66.026603
86 0.9248534 0.14511354 0.35155125 0.5645813 -0.11969778 0.9884347 -0.093108364 -1.214188 -0.36099677 0.044031688 0.93152704 66.346031
87 0.90830784 0.14832915 0.39112065 0.73453253 -0.1184952 0.98795769 -0.099490539 -1.2594335 -0.40116804 0.044022119 0.91494608 66.669081
88 0.8903759 0.15064293 0.42957828 0.91240141 -0.1158989 0.98757796 -0.10609952 -1.3069705 -0.44022522 0.044680806 0.89677503 66.98501
89 0.87244217 0.15519041 0.46342273 1.0940163 -0.11583586 0.98688652 -0.11241407 -1.3566404 -0.47479127 0.044393809 0.87897811 67.294046
90 0.85551996 0.1595461 0.49257555 1.2702353 -0.1154904 0.9861743 -0.11883644 -1.4047932 -0.50472528 0.044779201 0.86211791 67.597228
91 0.83630103 0.16269891 0.52357395 1.4771253 -0.11364444 0.98565626 -0.12476601 -1.4567221 -0.53636328 0.044840681 0.84279524 67.885178
92 0.81253355 0.16472784 0.55915472 1.7178873 -0.11021252 0.98535218 -0.13013137 -1.5126392 -0.57240062 0.04411026 0.81878684 68.175061
93 0.78347588 0.16757286 0.59840196 1.9888214 -0.10646892 0.98491425 -0.13641177 -1.5742402 -0.61223358 0.043164122 0.78949793 68.471523
94 0.74813612 0.1697765 0.64145796 2.2900314 -0.10008985 0.98452598 -0.14384191 -1.6409783 -0.65595305 0.043409904 0.75355242 68.764295
95 0.7089782 0.1720972 0.68390971 2.6149405 -0.093460967 0.98414242 -0.15076019 -1.7118398 -0.69901002 0.042966833 0.71381995 69.038067
96 0.66753643 0.17389829 0.72398517 2.960927 -0.086101833 0.98384954 -0.15692813 -1.7865568 -0.73958207 0.042418797 0.67172843 69.292749
97 0.62392188 0.17506784 0.76162508 3.3211433 -0.077528498 0.9836431 -0.16258989 -1.8623076 -0.77763158 0.042395748 0.62728925 69.531486
98 0.57878771 0.17571864 0.79632141 3.7052775 -0.068104189 0.98351264 -0.16752487 -1.9427171 -0.81262948 0.042728514 0.58121225 69.766501
99 0.53463423 0.17882629 0.82594638 4.0935284 -0.062346993 0.98303764 -0.17248109 -2.0231868 -0.84278061 0.040719026 0.5367149 70.002387
100 0.48625181 0.17989773 0.8551 4.5142668 -0.053890263 0.98288924 -0.17613765 -2.111885 -0.87215542 0.039565692 0.48762644 70.225739
101 0.43988434 0.17743028 0.88035237 4.9448406 -0.038399836 0.98310792 -0.17895292 -2.2030123 -0.89723313 0.044913203 0.43926711 70.406472
102 0.39261589 0.1752555 0.9028501 5.3892505 -0.022506307 0.98321298 -0.18106787 -2.3021027 -0.91942716 0.050770307 0.38996942 70.56466
103 0.34785443 0.17353326 0.92134876 5.8629328 -0.0066451813 0.9831527 -0.18266497 -2.4082118 -0.93752504 0.057418295 0.34314722 70.698678
104 0.30302593 0.17319833 0.93711134 6.3685749 0.0043390044 0.98308497 -0.18309831 -2.5174017 -0.95297247 0.059549672 0.29714875 70.824653
105 0.26143488 0.17214305 0.9497466 6.9447413 0.016032262 0.98305764 -0.1825939 -2.642631 -0.965088 0.062963008 0.25424574 70.950106
106 0.22854861 0.17171555 0.95826893 7.512475 0.026146565 0.98288362 -0.18236233 -2.7623449 -0.97318136 0.066734105 0.22014693 71.042957
107 0.20632793 0.17143526 0.96334769 8.0807388 0.033590794 0.98271057 -0.18207544 -2.8803242 -0.97790619 0.06992687 0.19700201 71.133635
108 0.19173868 0.17055293 0.96651332 8.6640038 0.039533882 0.9826435 -0.1812421 -2.9962106 -0.98064949 0.07296115 0.18166816 71.221106
109 0.17800453 0.17082399 0.96908905 9.2766447 0.043217177 0.98250947 -0.18112788 -3.114821 -0.98308023 0.074122883 0.16750862 71.309861
110 0.16913101 0.17122109 0.97060706 9.9175856 0.045015485 0.98242466 -0.18114987 -3.2389491 -0.98456507 0.074330415 0.15845089 71.410048
111 0.16280199 0.17186154 0.9715756 10.584975 0.045886567 0.98232849 -0.18145259 -3.3670301 -0.9855912 0.074123119 0.15203891 71.509192
112 0.15809194 0.17202862 0.97232357 11.242446 0.046744412 0.98229891 -0.18139377 -3.4963037 -0.98631738 0.074127594 0.14725218 71.605753
113 0.15329653 0.17129042 0.97322135 11.867835 0.049105868 0.98232488 -0.18062757 -3.6234082 -0.9869594 0.075480465 0.14217564 71.692435
114 0.14964373 0.17171046 0.97371572 12.507734 0.050497706 0.98219205 -0.18096588 -3.7510191 -0.98744965 0.076250826 0.13830791 71.780283
115 0.14604714 0.17322564 0.9739934 13.162321 0.049681888 0.98202339 -0.18210342 -3.8798246 -0.98802936 0.074985521 0.13481554 71.874371
116 0.14626773 0.17312096 0.97397891 13.84157 0.049176389 0.98207808 -0.18194564 -4.011531 -0.98802202 0.07450955 0.13513288 71.972586
117 0.14699329 0.17313869 0.97386652 14.556264 0.047643406 0.98217917 -0.18180775 -4.1522434 -0.98798945 0.073122844 0.13612484 72.074584
118 0.14887665 0.17369152 0.97348191 15.243863 0.045756999 0.98218827 -0.18224265 -4.2906321 -0.9877966 0.071675294 0.13827731 72.174667
119 0.14953516 0.174518 0.97323313 15.879296 0.04349331 0.9821864 -0.18280613 -4.423102 -0.98779939 0.06966508 0.13928104 72.265512
120 0.14931618 0.17472745 0.97322917 16.55226 0.044532204 0.98207614 -0.18314807 -4.5549851 -0.98778623 0.070687016 0.13885887 72.350754
121 0.14778498 0.17596573 0.97323979 17.227513 0.044522926 0.98186372 -0.18428571 -4.6810178 -0.98801689 0.07056615 0.13727021 72.43602
122 0.1474607 0.17699502 0.97310232 17.967864 0.043371869 0.98175431 -0.18514114 -4.8188961 -0.98811654 0.069506314 0.13709358 72.535328
123 0.15008931 0.17777522 0.97255807 18.775904 0.040216001 0.981789 -0.18566885 -4.9793834 -0.98785421 0.066979313 0.14020664 72.648038
124 0.1527196 0.1790252 0.9719191 19.574155 0.036511917 0.98176187 -0.18657541 -5.142816 -0.9875949 0.063980358 0.14339774 72.765328
125 0.15588447 0.17890941 0.97143784 20.384913 0.034452979 0.98187708 -0.18636059 -5.3117659 -0.9871743 0.062519656 0.14689544 72.891099
126 0.16159089 0.1809393 0.97012854 21.154139 0.029394092 0.98172921 -0.18799901 -5.4744031 -0.98642002 0.058894982 0.15331996 73.017914
127 0.16630497 0.18087521 0.96934351 21.930196 0.026934519 0.98183276 -0.18782666 -5.6319107 -0.98570648 0.057345314 0.15841189 73.150842
128 0.16617368 0.18330483 0.96890953 22.698019 0.020269011 0.9817281 -0.18920619 -5.7870217 -0.9858882 0.051079931 0.15942197 73.290726
129 0.16715142 0.18525472 0.96837034 23.488029 0.016083914 0.98154538 -0.19055144 -5.949589 -0.98580007 0.047426135 0.1610871 73.432134
130 0.16825017 0.18463173 0.96829904 24.251051 0.014052239 0.98175329 -0.18963883 -6.1150392 -0.9856442 0.045513539 0.16258568 73.558459
131 0.17024373 0.18420999 0.96803088 24.98376 0.01127298 0.98194312 -0.18883993 -6.2756527 -0.98533754 0.04306141 0.16509307 73.679718
132 0.17294999 0.18530599 0.96734173 25.729675 0.0090097524 0.98180319 -0.1896871 -6.4332146 -0.98488944 0.041521896 0.1681333 73.807357
133 0.17602874 0.18661539 0.96653433 26.486892 0.0065185715 0.98162356 -0.19071596 -6.5884965 -0.98436348 0.039871917 0.17157751 73.94135
134 0.17778129 0.18696696 0.96614554 27.271305 0.0040560193 0.98163772 -0.19071133 -6.7484339 -0.9840617 0.037823615 0.17375849 74.084497
135 0.18257235 0.18620316 0.96539927 28.073871 0.0016399393 0.98184357 -0.18968502 -6.9184768 -0.98319109 0.03621444 0.17895214 74.235171
136 0.19040321 0.1856257 0.96399676 28.853528 -0.0017866141 0.9820246 -0.18874423 -7.0872396 -0.98170438 0.034215222 0.1873123 74.389644
137 0.19614523 0.18707341 0.96256461 29.604398 -0.005939262 0.98184154 -0.18960959 -7.25092 -0.98055691 0.031474097 0.19369463 74.541773
138 0.20152969 0.1888344 0.96110737 30.347521 -0.0098208884 0.98158022 -0.19079753 -7.4112877 -0.97943321 0.029012443 0.1996721 74.70022
139 0.20501547 0.18955774 0.96022734 31.104347 -0.012374372 0.98148995 -0.19111315 -7.569861 -0.97868054 0.027298946 0.2035663 74.869139
140 0.20796863 0.18996546 0.95951144 31.840084 -0.015932343 0.98148731 -0.19086303 -7.726659 -0.97800577 0.024406261 0.20714518 75.032297
141 0.21260716 0.19021756 0.95844431 32.60782 -0.018545991 0.98147796 -0.19067496 -7.8879634 -0.97696178 0.022763566 0.21219704 75.206124
142 0.21624652 0.19074239 0.95752536 33.351416 -0.021378995 0.98142049 -0.19067417 -8.0455006 -0.97610474 0.0207617 0.21630667 75.374909
143 0.2184824 0.19248757 0.95666818 34.107792 -0.02316071 0.98109925 -0.19211385 -8.205127 -0.97556604 0.019816384 0.21881109 75.545715
144 0.22032638 0.19291479 0.95615909 34.88028 -0.025396989 0.98104965 -0.19208452 -8.3663108 -0.97509556 0.018037727 0.22105059 75.723994
145 0.2225061 0.19405468 0.95542339 35.648272 -0.029029327 0.98087461 -0.19246347 -8.5262076 -0.97449906 0.015088999 0.22388387 75.906757
146 0.22405881 0.19535738 0.95479483 36.440344 -0.032854657 0.98066034 -0.19293974 -8.6926407 -0.97402171 0.011860393 0.22614401 76.100846
147 0.22579621 0.1966494 0.95412007 37.225554 -0.036639196 0.98043511 -0.19340227 -8.8598167 -0.97348534 0.0087113094 0.22858363 76.292788
148 0.22579631 0.19781301 0.95387949 38.001098 -0.040030962 0.98022387 -0.19380036 -9.0273627 -0.97335175 0.0055746934 0.22924959 76.478862
149 0.22512489 0.19868474 0.95385701 38.78071 -0.043053965 0.98005994 -0.19398131 -9.1956823 -0.97337825 0.0026026971 0.22919007 76.667674
150 0.22415379 0.1993172 0.95395375 39.5908 -0.045405576 0.97993495 -0.19407656 -9.3672915 -0.9734955 0.00018817587 0.22870626 76.863188
151 0.22221357 0.19992874 0.95427965 40.397834 -0.047871861 0.97980708 -0.19412948 -9.5385605 -0.9738221 -0.0025449365 0.22729741 77.055982
152 0.21932152 0.20062569 0.9548023 41.180749 -0.050576097 0.97965138 -0.19422954 -9.7099804 -0.97434091 -0.0056914558 0.22500552 77.243397
153 0.21626018 0.20086043 0.95545102 41.942815 -0.052395855 0.9795864 -0.19407484 -9.8758755 -0.97492886 -0.0080910136 0.2223698 77.421024
154 0.21392721 0.19973545 0.95621176 42.7489 -0.052112277 0.97981258 -0.19300649 -10.045423 -0.97545863 -0.0085410319 0.22001726 77.603571
155 0.21199313 0.1998071 0.95662744 43.56686 -0.053922594 0.9797764 -0.19269263 -10.216407 -0.97578243 -0.010734319 0.21848 77.78866
156 0.21182033 0.19972203 0.95668348 44.396187 -0.056296872 0.97976399 -0.19207568 -10.393413 -0.97568585 -0.013172754 0.21877767 77.974081
157 0.21280092 0.20002698 0.95640212 45.256339 -0.058109382 0.97967967 -0.19196594 -10.575467 -0.97536616 -0.014725407 0.2201002 78.170443
158 0.2143938 0.20076103 0.95589243 46.06093 -0.059658075 0.97951293 -0.19234141 -10.742909 -0.97492373 -0.015789897 0.22197853 78.351099
159 0.21630755 0.20056827 0.95550167 46.938368 -0.061413529 0.97952845 -0.19170884 -10.920801 -0.97439186 -0.017212662 0.22419702 78.552046
160 0.22006935 0.20098936 0.95455371 47.837078 -0.06367536 0.97941623 -0.19154422 -11.103176 -0.97340382 -0.018628541 0.22833758 78.761897
161 0.22395795 0.20136666 0.95356926 48.732339 -0.065780739 0.9793143 -0.19135383 -11.2862 -0.97237637 -0.019871279 0.23257129 78.9757
162 0.2283905 0.20138395 0.95251368 49.63322 -0.067709846 0.979289 -0.19080965 -11.472257 -0.97121225 -0.020915445 0.237296 79.200778
163 0.23583294 0.20159614 0.95065338 50.673362 -0.072096457 0.97917979 -0.18976016 -11.687133 -0.96911558 -0.023787045 0.24545724 79.460173
164 0.24565423 0.20071321 0.94835027 51.823373 -0.075803146 0.97931031 -0.1876302 -11.932242 -0.96638913 -0.025795784 0.25578643 79.753356
165 0.25451227 0.20125196 0.94589702 52.903715 -0.081133034 0.97910173 -0.18648625 -12.161411 -0.96366021 -0.029280459 0.26552161 80.046405
166 0.26387192 0.20233427 0.94309728 53.999321 -0.087768311 0.9787314 -0.18542235 -12.396461 -0.9605563 -0.033846308 0.27601829 80.370276
167 0.26883282 0.2018615 0.94179663 54.868761 -0.091494147 0.97872261 -0.18365937 -12.581993 -0.95883148 -0.036795214 0.28158192 80.645093
168 0.27173047 0.20241557 0.94084564 55.711826 -0.094495605 0.97851811 -0.18322875 -12.755978 -0.95772293 -0.039116947 0.28502059 80.907095
169 0.27326446 0.20184935 0.94052294 56.571659 -0.095155209 0.97861327 -0.18237717 -12.928218 -0.95722103 -0.03965846 0.28662727 81.167725
170 0.27276006 0.20193656 0.94065063 57.406634 -0.096059567 0.97855433 -0.18221928 -13.096521 -0.95727456 -0.040656354 0.2863085 81.420083
171 0.27024104 0.20348482 0.94104396 58.241322 -0.09948697 0.97808038 -0.18292349 -13.265146 -0.95763887 -0.044188182 0.28456157 81.674931
172 0.26714115 0.20377126 0.94186671 59.060728 -0.10094768 0.97792738 -0.18294119 -13.435051 -0.95835549 -0.046208141 0.2818149 81.920758
173 0.26625362 0.20431483 0.94200026 59.827428 -0.10335138 0.97769432 -0.18284472 -13.595422 -0.95834627 -0.048673959 0.2814309 82.152337
174 0.2672821 0.20412203 0.94175076 60.633688 -0.105971 0.97760548 -0.18181739 -13.762335 -0.95777372 -0.051201742 0.28292749 82.398451
175 0.26937216 0.20464542 0.9410414 61.419687 -0.10882828 0.97737024 -0.18139375 -13.924312 -0.95686734 -0.053549497 0.28554757 82.63966
176 0.27205355 0.20547804 0.94008812 62.195996 -0.11136872 0.97709447 -0.18133747 -14.08541 -0.95581585 -0.05536291 0.28870587 82.878582
177 0.27155164 0.20735724 0.93982057 62.958849 -0.11491298 0.97651409 -0.18225017 -14.245845 -0.955539 -0.058507252 0.28900206 83.115321
178 0.27035038 0.20827784 0.93996332 63.691305 -0.11674547 0.97620689 -0.18273062 -14.398457 -0.95565749 -0.060335169 0.28823342 83.341531
179 0.26986126 0.20962592 0.93980418 64.374254 -0.11999953 0.97572772 -0.18318135 -14.54644 -0.95539263 -0.063342512 0.28846615 83.550883
180 0.26681933 0.2113456 0.94028746 65.004269 -0.12285811 0.97515728 -0.18432052 -14.686046 -0.95588357 -0.066341664 0.28615636 83.73926
181 0.26222845 0.21239808 0.94134124 65.639821 -0.12355721 0.97483822 -0.18553692 -14.822636 -0.95706318 -0.067656438 0.28187365 83.92579
182 0.25740226 0.21312591 0.94250806 66.278636 -0.12411941 0.97458639 -0.18648222 -14.95512 -0.95829981 -0.068982609 0.27731383 84.109336
183 0.25309091 0.2136219 0.94356277 66.916352 -0.12453414 0.97439608 -0.18719886 -15.089184 -0.95939372 -0.070127452 0.27321403 84.287271
184 0.25131727 0.21462025 0.94381026 67.609165 -0.12686106 0.97399855 -0.1877045 -15.238816 -0.95955509 -0.072559388 0.27200963 84.487436
185 0.25204511 0.21560384 0.9433919 68.312987 -0.13005196 0.97356799 -0.18775446 -15.389605 -0.95893682 -0.075367377 0.27342277 84.694938
186 0.251831 0.21671386 0.94319472 68.962736 -0.13255707 0.97314351 -0.18820261 -15.53241 -0.95865001 -0.077631879 0.27379468 84.880307
187 0.2501884 0.21810817 0.94331046 69.601582 -0.13443427 0.97268381 -0.18924458 -15.677892 -0.95881868 -0.079466457 0.27267544 85.059448
188 0.24423267 0.22002638 0.94442513 70.167845 -0.13656958 0.97201612 -0.19113684 -15.807198 -0.96005168 -0.082297886 0.26744703 85.214822
189 0.23899693 0.22006579 0.94575448 70.785451 -0.13500785 0.97205085 -0.19206747 -15.935722 -0.96158901 -0.081780752 0.2620278 85.375394
190 0.23506661 0.220933 0.94653702 71.422267 -0.13548785 0.97176477 -0.19317389 -16.070541 -0.9624899 -0.082835536 0.25836321 85.542686
191 0.23063476 0.22186902 0.94740792 72.074969 -0.13656553 0.97140082 -0.19424261 -16.209043 -0.96340933 -0.084584174 0.25433848 85.713491
192 0.22847333 0.22272112 0.94773165 72.796378 -0.13765812 0.97108986 -0.19502463 -16.36264 -0.96376878 -0.085905034 0.25252752 85.902419
193 0.22865564 0.22361589 0.94747695 73.41546 -0.13973498 0.97072182 -0.19537956 -16.499544 -0.96342659 -0.087721041 0.253208 86.066597
194 0.22936517 0.2234332 0.94734854 74.020877 -0.14015585 0.9707344 -0.19501525 -16.635606 -0.96319677 -0.088046743 0.25396815 86.22914
195 0.22949795 0.22302419 0.94741276 74.624358 -0.14037832 0.97080061 -0.19452501 -16.770336 -0.96313275 -0.088353123 0.25410453 86.393448
196 0.22930865 0.22323041 0.94741003 75.207063 -0.14124759 0.97067455 -0.19452484 -16.898266 -0.96305074 -0.08921316 0.25411485 86.553756
197 0.22882819 0.22391663 0.94736425 75.813097 -0.14201869 0.97045256 -0.19507026 -17.032167 -0.96305162 -0.089905859 0.25386727 86.720055
198 0.22806581 0.22485182 0.94732659 76.435572 -0.14314274 0.97013932 -0.19580536 -17.168752 -0.96306605 -0.090946426 0.25344154 86.88863
199 0.22717427 0.22550297 0.94738603 77.065367 -0.14480266 0.96982884 -0.19612264 -17.306224 -0.96302861 -0.092630005 0.25297361 87.057776
200 0.22684346 0.22501848 0.94758048 77.68306 -0.14371738 0.97002641 -0.1959438 -17.445948 -0.96326914 -0.091735218 0.25238323 87.216513
201 0.22678687 0.22386416 0.94786739 78.314307 -0.14057945 0.97055789 -0.19558807 -17.588856 -0.96374541 -0.088893878 0.2515805 87.376682
202 0.22643303 0.22366975 0.94799787 78.960245 -0.13872107 0.97076106 -0.1959064 -17.733725 -0.96409783 -0.087147601 0.25084009 87.543249
203 0.22878184 0.22531182 0.94704461 79.609868 -0.13933776 0.97040873 -0.19720994 -17.87854 -0.96345417 -0.086841026 0.25340636 87.715308
204 0.23387971 0.22758829 0.94525334 80.309169 -0.14602863 0.96941149 -0.19727364 -18.032818 -0.9612367 -0.091895758 0.2599601 87.909014
205 0.22024196 0.23730056 0.94614056 82.254715 -0.16504019 0.96503861 -0.20362242 -18.466567 -0.96138197 -0.11130503 0.25170615 88.464268
206 0.22018763 0.23814752 0.94594038 84.749654 -0.16766997 0.96454701 -0.20380315 -19.048418 -0.96093926 -0.11373087 0.25231153 89.124683
207 0.22235726 0.23715368 0.94568251 87.232108 -0.16866498 0.96469748 -0.20226416 -19.628324 -0.9602653 -0.11452862 0.25450702 89.780419
208 0.22519757 0.23690726 0.94507197 89.730329 -0.16959762 0.9647111 -0.20141756 -20.212596 -0.95943878 -0.11492322 0.25742952 90.44915
209 0.22825005 0.23771633 0.94413605 92.211358 -0.17281642 0.96422771 -0.20099573 -20.787906 -0.9581422 -0.11728494 0.26116633 91.124573
210 0.24924398 0.22700148 0.94146046 93.465402 -0.1759866 0.96657095 -0.18646502 -21.069376 -0.95231624 -0.11920915 0.28086123 91.485335
211 0.25602107 0.22543903 0.94001622 94.228701 -0.18011437 0.96652198 -0.18274015 -21.220575 -0.94974317 -0.12252511 0.28805482 91.713801
212 0.26256312 0.22767538 0.93766975 94.929331 -0.18600841 0.96548016 -0.18234258 -21.36258 -0.94681653 -0.12653803 0.29584904 91.937731
213 0.27433262 0.22632988 0.93462101 95.644726 -0.18722885 0.96588011 -0.17894371 -21.511828 -0.94323223 -0.12589792 0.30734793 92.174253
214 0.28573857 0.22238834 0.93214641 96.720663 -0.18896261 0.96667825 -0.17270255 -21.733486 -0.93949277 -0.12679305 0.31824037 92.536772
215 0.28747566 0.22627287 0.93067629 98.873165 -0.1927626 0.96547924 -0.17519218 -22.177473 -0.93818995 -0.1290361 0.32116876 93.284628
216 0.29079837 0.22775053 0.92928254 101.30279 -0.19511461 0.96496199 -0.17543813 -22.681243 -0.93667853 -0.13029949 0.32504686 94.121228
217 0.29315552 0.2287822 0.92828798 103.69553 -0.19624372 0.96467168 -0.17577495 -23.181897 -0.93570738 -0.1306413 0.32769593 94.956465
218 0.31630231 0.22017398 0.92275473 104.5159 -0.19647275 0.96680861 -0.16333843 -23.356576 -0.92809017 -0.12963185 0.34906202 95.266033
219 0.3062873 0.22254949 0.92555921 105.31275 -0.20705599 0.96458468 -0.16341386 -23.499851 -0.92914798 -0.14159099 0.34152027 95.583847
220 0.30649604 0.22248686 0.92550516 106.09855 -0.21602781 0.96318765 -0.16000444 -23.644803 -0.9270341 -0.15089414 0.34327658 95.881889
221 0.28467074 0.23106276 0.93036154 107.35092 -0.2322462 0.95822699 -0.166921 -23.882595 -0.93006684 -0.16855542 0.32644267 96.364247
222 0.30198961 0.22182607 0.92714373 109.06859 -0.23881513 0.95914325 -0.15169523 -24.214121 -0.92291368 -0.17560558 0.34262675 96.979506
223 0.30415355 0.21782251 0.92738557 109.94851 -0.23749683 0.96010653 -0.14761638 -24.374281 -0.92254319 -0.1753531 0.34375199 97.300765
224 0.31228649 0.21713113 0.9248412 110.83746 -0.23702595 0.96054901 -0.14547913 -24.53003 -0.91994342 -0.17378021 0.35143223 97.619529
225 0.31740732 0.21693462 0.92314246 111.70814 -0.23844351 0.96046299 -0.14371991 -24.676839 -0.91782207 -0.17449959 0.35658467 97.948181
226 0.32122629 0.21866948 0.92141053 112.54277 -0.23983064 0.96004158 -0.14422658 -24.819209 -0.91613045 -0.17465312 0.36083426 98.271286
227 0.32447654 0.21942435 0.92009128 113.35688 -0.23874946 0.96022491 -0.14479882 -24.95206 -0.91526703 -0.17268749 0.36395794 98.588521
228 0.32686602 0.22026189 0.91904479 114.17607 -0.24081113 0.95977356 -0.1443766 -25.082355 -0.91387563 -0.17412443 0.36675891 98.917761
229 0.32765241 0.22276611 0.91816076 114.98962 -0.24511786 0.95857362 -0.14509906 -25.216078 -0.91244791 -0.17751556 0.36868294 99.252278
230 0.326414 0.22518137 0.91801268 115.81685 -0.25050729 0.95708885 -0.1456946 -25.355847 -0.91142748 -0.18241212 0.3688168 99.597181
231 0.32415553 0.22568901 0.91868803 116.59567 -0.25420619 0.95618744 -0.14520561 -25.495049 -0.91120934 -0.186467 0.36732502 99.919021
232 0.32273682 0.22556575 0.91921764 117.34396 -0.25756406 0.95546635 -0.14403017 -25.626864 -0.91076987 -0.1902736 0.36646184 100.2266
233 0.32306021 0.22566317 0.91908012 118.07986 -0.26114018 0.95470704 -0.14261893 -25.755822 -0.90963617 -0.19393426 0.36735761 100.53008
234 0.3265306 0.22664677 0.9176105 118.81077 -0.26468624 0.95390795 -0.14142384 -25.879758 -0.90736928 -0.19669968 0.37147045 100.8364
235 0.33163636 0.22747798 0.91557147 119.57373 -0.26746155 0.95334606 -0.13998389 -26.009552 -0.90469978 -0.19845644 0.37700586 101.16287
236 0.33847543 0.22811521 0.91290627 120.3467 -0.27039756 0.95283053 -0.13783693 -26.138727 -0.90128774 -0.20019323 0.38419155 101.49773
237 0.34374599 0.22958016 0.91056668 121.13888 -0.27450283 0.95186778 -0.13636641 -26.269532 -0.89804618 -0.20307774 0.39022117 101.84871
238 0.34713952 0.23162459 0.90875972 121.87559 -0.2780934 0.95085952 -0.13612536 -26.39488 -0.89563289 -0.2054656 0.39449422 102.17629
239 0.3489203 0.23345069 0.90760973 122.56872 -0.28192493 0.9497614 -0.13590987 -26.511488 -0.89374102 -0.20845611 0.39720664 102.48565
240 0.34865681 0.23488012 0.90734216 123.2228 -0.28479913 0.94886317 -0.13619112 -26.621682 -0.89293221 -0.21092632 0.39772129 102.77434
241 0.34875699 0.23561738 0.90711248 123.86363 -0.28713247 0.94820197 -0.1358965 -26.725552 -0.89214548 -0.21306661 0.39834549 103.05563
242 0.35336745 0.23545148 0.90536958 124.53895 -0.28812364 0.94815385 -0.13412281 -26.837032 -0.89000914 -0.21346376 0.40288588 103.35837
243 0.35727581 0.23560517 0.90379435 125.218 -0.28954486 0.94792792 -0.13265112 -26.950343 -0.88798526 -0.21429599 0.40689002 103.66852
244 0.3640269 0.23292025 0.9017941 125.935 -0.28933428 0.94860242 -0.12821469 -27.071044 -0.88530794 -0.21424636 0.41270864 103.99561
245 0.38219342 0.23018634 0.89495389 126.72022 -0.29597798 0.94795029 -0.11741875 -27.194471 -0.87540007 -0.22000999 0.43043048 104.37776
246 0.38699536 0.23221169 0.89236335 127.26643 -0.30100137 0.94656904 -0.11578048 -27.277756 -0.87156917 -0.2237961 0.4362139 104.65573
247 0.3908826 0.23272767 0.89053279 127.8157 -0.30218714 0.94632647 -0.11466917 -27.35772 -0.86942152 -0.22428539 0.4402299 104.93304
248 0.40039227 0.23484735 0.88573855 128.37068 -0.30654745 0.94523716 -0.11205023 -27.435385 -0.86354776 -0.22665687 0.45045755 105.22612
249 0.3636511 0.24826328 0.89784367 129.18285 -0.32898318 0.93595206 -0.12555352 -27.529689 -0.87150903 -0.24971781 0.42203447 105.67392
250 0.34607776 0.2529627 0.90346006 131.03871 -0.33986027 0.93136524 -0.13058971 -27.811945 -0.87448569 -0.261856 0.4082968 106.56063
251 0.34927992 0.2514747 0.90264281 133.41618 -0.34223742 0.93099861 -0.12694494 -28.194743 -0.87228271 -0.26457886 0.4112432 107.64279
252 0.35301716 0.25231282 0.90095347 135.77723 -0.34484838 0.93024486 -0.12539528 -28.576956 -0.86974624 -0.26642568 0.4154021 108.72672
253 0.37206851 0.24323832 0.89576792 136.373 -0.3396405 0.93380384 -0.11249269 -28.67815 -0.86383413 -0.2623841 0.43005262 109.03026
254 0.37584858 0.24166086 0.89461607 136.98181 -0.34050379 0.93387873 -0.10921341 -28.7648 -0.86185559 -0.26357248 0.43328347 109.32318
255 0.37880108 0.24288644 0.89303748 137.52888 -0.34172729 0.93346475 -0.10893077 -28.83587 -0.86007689 -0.2639122 0.43659842 109.5928
256 0.38191045 0.24276103 0.89174633 138.08902 -0.34172366 0.93359696 -0.10780321 -28.908714 -0.85870215 -0.26355967 0.43950766 109.87042
257 0.38630467 0.24405998 0.88949618 139.31365 -0.34616107 0.93223008 -0.10544892 -29.089407 -0.85495103 -0.26717356 0.44460894 110.47791
258 0.39227849 0.2446729 0.88670897 140.49888 -0.35135768 0.93073598 -0.10138141 -29.25787 -0.8500973 -0.27178228 0.45107544 111.07514
259 0.39493201 0.24696549 0.88489366 141.18778 -0.35920857 0.92802481 -0.098686587 -29.349097 -0.84557552 -0.27888691 0.45521886 111.43503
260 0.39930958 0.24827354 0.88255999 141.72885 -0.36130304 0.92734711 -0.09740299 -29.422164 -0.84262211 -0.27997768 0.4600006 111.71984
261 0.4064594 0.24786944 0.87940408 142.26881 -0.3627475 0.92716769 -0.093670704 -29.488454 -0.83857322 -0.28092832 0.46677008 112.01521
262 0.41369046 0.24712718 0.87623535 142.82304 -0.36516744 0.92668242 -0.088951129 -29.54888 -0.83397421 -0.28317441 0.47360252 112.33034
263 0.41935421 0.24687876 0.87360916 143.36818 -0.36850718 0.92575613 -0.084722663 -29.606885 -0.82966533 -0.28640246 0.47919636 112.64633
264 0.42651406 0.24712981 0.87006473 143.9153 -0.37139954 0.92496289 -0.080659261 -29.664389 -0.82471097 -0.28873935 0.48629362 112.96721
265 0.43171595 0.24997606 0.86667949 144.48552 -0.37532315 0.92348668 -0.079402563 -29.721517 -0.82021577 -0.29100555 0.49250577 113.30314
266 0.43568422 0.25257133 0.86393693 145.06341 -0.37841586 0.92227613 -0.07879127 -29.775229 -0.81668889 -0.29259934 0.49739819 113.64387
267 0.43869387 0.25417661 0.86194081 145.68428 -0.38059045 0.92144662 -0.078018677 -29.833522 -0.81406304 -0.29382015 0.50097022 114.00984
268 0.44168799 0.25601313 0.8598657 146.36035 -0.38386478 0.92019043 -0.076793816 -29.902774 -0.81090048 -0.29615328 0.50471153 114.41848
269 0.44604652 0.25638706 0.85750114 147.04806 -0.38513904 0.91983144 -0.07468556 -29.973089 -0.80790499 -0.29694395 0.50903232 114.83818
270 0.45110998 0.25509944 0.85523335 147.80252 -0.38660863 0.91955585 -0.070361109 -30.04772 -0.80438398 -0.29890002 0.51344451 115.29894
271 0.45999979 0.25063104 0.85181237 149.01121 -0.38365235 0.92126517 -0.063884544 -30.177396 -0.80075658 -0.29741296 0.51993702 116.03705
272 0.47072365 0.24781542 0.84676254 150.6362 -0.38191962 0.92239643 -0.057637712 -30.337875 -0.79533432 -0.29626382 0.52883942 117.0434
273 0.48436209 0.24402528 0.84014585 151.76005 -0.38393341 0.92218865 -0.046509249 -30.431825 -0.78612247 -0.30003277 0.54036273 117.75586
274 0.49069803 0.24363775 0.83657404 152.57685 -0.38860822 0.92052797 -0.040147163 -30.477736 -0.77987123 -0.30539944 0.54638093 118.28026
275 0.49008474 0.24442696 0.83670331 153.38405 -0.39073866 0.91964132 -0.039787199 -30.521753 -0.77919207 -0.30743326 0.54620929 118.80203
276 0.48930748 0.24463099 0.8370985 154.2505 -0.39260546 0.91887792 -0.039041078 -30.566167 -0.77874205 -0.30954637 0.54565735 119.35647
277 0.48848502 0.24460256 0.83758701 155.08848 -0.39414223 0.91825127 -0.038293379 -30.608548 -0.77848206 -0.3114227 0.54496024 119.89102
278 0.48616817 0.2439739 0.83911696 155.91271 -0.39544517 0.91771495 -0.037713027 -30.653332 -0.77927124 -0.3134899 0.54264214 120.41366
279 0.48589568 0.24496143 0.83898708 156.67011 -0.39768137 0.91676281 -0.037354407 -30.693733 -0.77830261 -0.31549922 0.54286773 120.90056
280 0.49132148 0.24366273 0.83620076 157.40993 -0.39674306 0.91729304 -0.034180473 -30.737206 -0.77536971 -0.31496327 0.54735731 121.37722
281 0.49724216 0.24202223 0.83317195 158.13298 -0.39522327 0.91806814 -0.03081144 -30.784463 -0.77236574 -0.31396822 0.55215505 121.84635
282 0.50277843 0.24139688 0.83002495 158.85601 -0.394969 0.91827324 -0.027814108 -30.828886 -0.76890401 -0.31384982 0.55703231 122.32671
283 0.507862 0.24227454 0.82666757 159.58432 -0.39651007 0.91768017 -0.025352559 -30.870263 -0.76475878 -0.31490644 0.56211923 122.81748
284 0.50958458 0.2425248 0.82553334 160.34586 -0.39794539 0.91710074 -0.023782004 -30.903938 -0.76286503 -0.31639827 0.56385207 123.33534
285 0.51184066 0.24242901 0.82416463 161.13153 -0.39884737 0.9167542 -0.021963467 -30.935513 -0.76088103 -0.31747412 0.5659243 123.87443
286 0.51277337 0.24282501 0.82346798 161.94047 -0.40005227 0.91624998 -0.021072171 -30.966616 -0.75961943 -0.31862501 0.56697134 124.4324
287 0.51462701 0.24282241 0.82231158 162.76024 -0.40123843 0.91576995 -0.019313037 -30.99523 -0.75773794 -0.32000403 0.56870969 125.00096
288 0.51777629 0.24294928 0.8202947 163.50248 -0.40108422 0.91586255 -0.018086486 -31.025314 -0.75567135 -0.31964253 0.57165509 125.51772
289 0.52050509 0.24211844 0.81881203 164.26166 -0.40040667 0.91619105 -0.016381094 -31.047999 -0.75415448 -0.31933138 0.57382799 126.04458
290 0.52584901 0.24157314 0.81555213 165.02099 -0.40056279 0.91617552 -0.013105051 -31.065248 -0.75035479 -0.31978858 0.57853525 126.57458
