4 0.99999965 -0.00059940933 -0.00058389589 -0.053521171 0.00060094999 0.99999633 0.0026420027 -0.032953377 0.00058231011 -0.0026423527 0.99999634 0.97560481
5 0.99999731 0.0022153964 -0.00069387808 -0.0025886581 -0.0022150424 0.99999742 0.00051053873 -0.013113377 0.00069500733 -0.00050900039 0.99999963 0.97499375
6 0.99999845 0.00073874298 -0.0016004011 -0.0014067599 -0.00073809084 0.99999964 0.00040803889 -0.013417897 0.0016007019 -0.00040685702 0.99999864 0.99676265
7 0.99999627 0.0020769567 -0.0017728235 -0.0028229318 -0.0020767762 0.99999784 0.0001036711 -0.012525201 0.001773035 -9.9988959e-05 0.99999842 1.0045023
8 0.99999412 0.0019094132 -0.0028487269 -0.003412126 -0.0019102925 0.99999813 -0.00030597889 -0.0095202999 0.0028481373 0.00031141899 0.9999959 0.99047935
9 0.99999448 0.00090463542 -0.0031972206 -0.0018497238 -0.00090316259 0.99999949 0.00046207102 -0.0087573277 0.003197637 -0.00045918086 0.99999478 0.97107514
10 0.9999936 0.002293852 -0.0027443611 -0.0024735122 -0.0022928653 0.99999731 0.00036263352 -0.0082192172 0.0027451855 -0.00035633875 0.99999617 0.95813348
11 0.99999649 0.0022478886 -0.001403931 -0.002251543 -0.0022471935 0.99999735 0.00049653165 -0.01157853 0.0014050434 -0.00049337501 0.99999889 0.96507289
12 0.99999851 0.001716939 0.00016707103 -0.00081664298 -0.0017170032 0.99999845 0.00038514484 -0.015213224 -0.0001664095 -0.00038543113 0.99999991 0.96060946
13 0.99999885 0.0013582949 0.00067091859 6.7100244e-05 -0.0013585083 0.99999903 0.00031769126 -0.016518504 -0.00067048641 -0.00031860234 0.99999972 0.96629519
14 0.9999994 0.00077258688 0.00078232437 0.001595185 -0.0007730498 0.99999953 0.00059159843 -0.016463356 -0.00078186694 -0.00059220284 0.99999952 0.96826541
15 0.99999959 0.00057854247 -0.00069338786 0.0004131175 -0.00057821149 0.99999972 0.00047743924 -0.0164144 0.00069366388 -0.00047703812 0.99999965 0.95225201
16 0.99999939 0.0011028845 9.2580371e-05 -0.00029386802 -0.0011029154 0.99999934 0.00033403229 -0.016005501 -9.221191e-05 -0.0003341342 0.99999994 0.95229906
17 0.99999755 0.0014100085 -0.0017080765 -0.0017513269 -0.0014097822 0.999999 0.00013367717 -0.014441183 0.0017082633 -0.00013126883 0.99999853 0.94267858
18 0.99999597 0.0021329192 -0.0018759777 -0.003463476 -0.0021321767 0.99999765 0.00039772781 -0.013445647 0.0018768216 -0.00039372629 0.99999816 0.92770932
19 0.9999971 0.0017478417 -0.0016585694 -0.0016989027 -0.0017474348 0.99999844 0.00024673848 -0.013307676 0.001658998 -0.00024383953 0.99999859 0.91796185
20 0.99999394 0.0033076632 -0.0010885584 -0.0035070236 -0.0033081973 0.99999441 -0.00048922721 -0.0091179115 0.0010869342 0.00049282541 0.99999929 0.90174541
21 0.99999424 0.0030961318 0.0013888855 -2.3587178e-05 -0.00309617 0.99999521 2.5341729e-05 -0.012018799 -0.0013888003 -2.9641808e-05 0.99999904 0.89944006
22 0.99999676 0.001244988 0.0022195323 0.0047667051 -0.0012465874 0.99999896 0.00071938763 -0.012805862 -0.0022186344 -0.00072215214 0.99999728 0.91144869
23 0.99999495 0.0018142874 0.0026097078 0.0078734503 -0.001816385 0.99999803 0.00080159308 -0.014338473 -0.0026082483 -0.00080632927 0.99999627 0.8891482
24 0.99999827 0.0014076991 0.0012156264 0.0070697308 -0.0014083236 0.99999888 0.00051309481 -0.017403584 -0.0012149028 -0.00051480592 0.99999913 0.87135935
25 0.99999584 0.0022149468 0.0018471965 0.0064553222 -0.0022149602 0.99999755 5.1848862e-06 -0.015304682 -0.0018471805 -9.2763313e-06 0.99999829 0.87290759
26 0.99999637 0.0023933343 0.0012384877 0.0040524198 -0.002393285 0.99999714 -4.1280574e-05 -0.013100064 -0.001238583 3.831637e-05 0.99999923 0.86131571
27 0.99999766 0.0021534458 0.00019505647 0.0016729833 -0.0021534169 0.99999767 -0.00014791501 -0.010875853 -0.00019537454 0.00014749462 0.99999997 0.87368315
28 0.99999807 0.0019184672 -0.00041376628 0.0012109968 -0.0019182945 0.99999807 0.00041735052 -0.01136776 0.00041456615 -0.00041655599 0.99999983 0.88214459
29 0.9999985 0.0012644846 -0.0011810762 -7.9637234e-06 -0.0012640107 0.99999912 0.00040187645 -0.010706897 0.0011815833 -0.00040038295 0.99999922 0.88607796
30 0.99999119 0.0026538883 -0.0032506648 -0.0058517264 -0.0026539659 0.99999648 -1.9580083e-05 -0.01293817 0.0032506014 2.8207064e-05 0.99999472 0.87058747
31 0.99999223 0.0016231505 -0.0035919815 -0.0058153844 -0.0016242165 0.99999864 -0.00029385551 -0.013045996 0.0035914996 0.00029968738 0.99999351 0.86274575
32 0.99998794 0.0017110806 -0.0046036333 -0.01034431 -0.0017104689 0.99999853 0.00013679991 -0.009374 0.0046038606 -0.00012892389 0.99998939 0.86149502
33 0.99998545 0.0017305107 -0.0051099329 -0.0097404109 -0.0017283672 0.99999842 0.00042385968 -0.010688402 0.0051106583 -0.00041502167 0.99998685 0.86428143
34 0.99999875 0.00024200691 -0.001565282 0.0026227147 -0.00024036645 0.99999942 0.0010481341 -0.012148759 0.0015655347 -0.0010477566 0.99999823 0.88049759
35 0.99999797 0.0014039398 0.0014457675 0.015201761 -0.0014036898 0.999999 -0.0001739169 -0.018956763 -0.0014460102 0.00017188713 0.99999894 0.80522771
36 0.9999941 0.0020865093 0.0027290336 0.014222403 -0.0020857674 0.99999779 -0.00027469935 -0.01758578 -0.0027296007 0.0002690056 0.99999624 0.76653442
37 0.99998834 0.0019918031 0.0043993336 0.014865255 -0.0019893614 0.99999786 -0.00055931808 -0.014459072 -0.0044004383 0.0005505597 0.99999017 0.73760914
38 0.99999409 0.00012083455 0.0034367805 0.012174754 -0.00012178316 0.99999995 0.0002758101 -0.0059108941 -0.003436747 -0.00027622701 0.99999406 0.75953901
39 0.9999985 0.0016849894 -0.00039163122 -0.00036494279 -0.00168503 0.99999857 -0.00010342727 -0.0082299115 0.00039145639 0.00010408702 0.99999992 0.82416772
40 0.99999651 0.0022580898 -0.0013719886 0.0018758153 -0.0022581203 0.99999745 -2.0657212e-05 -0.01042614 0.0013719384 2.3755255e-05 0.99999906 0.85346655
41 0.99999429 0.0028307371 -0.0018438187 0.00078665338 -0.0028301398 0.99999594 0.00032647336 -0.0062032286 0.0018447354 -0.00032125323 0.99999825 0.89570351
42 0.9999942 0.002878721 -0.0018219655 -0.002250029 -0.0028784755 0.99999585 0.0001373634 -0.0095728708 0.0018223534 -0.00013211812 0.99999833 0.83545963
43 0.99999361 0.0030879022 -0.0018009821 -0.0019147342 -0.0030878124 0.99999523 5.263726e-05 -0.010428995 0.001801136 -4.7075829e-05 0.99999838 0.80912621
44 0.99998574 0.0034378652 -0.0040863315 -0.0059546904 -0.0034362889 0.99999402 0.00039272065 -0.009951899 0.0040876572 -0.00037867323 0.99999157 0.80010527
45 0.99998753 0.0031014046 -0.0039150955 -0.0052893594 -0.0031042522 0.99999492 -0.00072146476 -0.012641233 0.0039128381 0.00073360921 0.99999208 0.76258185
46 0.99999084 0.0025902314 -0.0034066183 -0.004674842 -0.002592178 0.99999648 -0.00056711164 -0.01364468 0.0034051373 0.00057593701 0.99999404 0.7318815
47 0.99999057 0.0034274507 -0.0026656379 -0.0064017089 -0.0034299314 0.99999369 -0.00092660805 -0.014441226 0.0026624452 0.00093574227 0.99999602 0.71893857
48 0.99998812 0.0037524947 -0.00311003 -0.0001697941 -0.0037554454 0.9999925 -0.00094346868 -0.013804079 0.0031064663 0.00095513702 0.99999472 0.66887094
49 0.99999505 0.0028290468 -0.0013788331 0.0015643414 -0.0028301852 0.99999566 -0.00082437619 -0.0083929867 0.0013764949 0.00082827446 0.99999871 0.69772308
50 0.99999779 0.002092784 -0.00018542405 0.0017497435 -0.0020928321 0.99999778 -0.00025967813 -0.0077596096 0.00018488019 0.00026006562 0.99999995 0.7138416
51 0.99999595 0.0017500953 0.0022446573 0.00061980156 -0.0017502138 0.99999847 5.0855959e-05 -0.0082483022 -0.0022445648 -5.4784383e-05 0.99999748 0.67557277
52 0.99999239 0.0019227938 0.0033951746 -0.0034275213 -0.0019222969 0.99999814 -0.00014960971 -0.0098654273 -0.0033954559 0.00014308203 0.99999423 0.67411715
53 0.99999837 0.0012395891 0.0013113416 -0.0027410294 -0.0012396761 0.99999923 6.5572408e-05 -0.0088516884 -0.0013112593 -6.719794e-05 0.99999914 0.65260985
54 0.9999914 0.0021435039 0.0035500899 -0.0020868128 -0.0021405469 0.99999736 -0.00083651575 -0.010625977 -0.0035518736 0.00082890942 0.99999335 0.6182088
55 0.99999827 0.0015976077 0.00094995731 -0.0065229223 -0.0015974008 0.9999987 -0.00021847122 -0.0098394718 -0.00095030511 0.00021695338 0.99999952 0.55248127
56 0.99999874 0.00099972633 0.0012363761 -0.0011225931 -0.00099934936 0.99999945 -0.0003054756 -0.010470471 -0.0012366809 0.00030423964 0.99999919 0.52857655
57 0.99999095 0.0010948711 0.0041100429 0.0014154144 -0.0010942042 0.99999939 -0.00016450465 -0.0088617684 -0.0041102205 0.00016000593 0.99999154 0.50850133
58 0.99998878 0.002456427 0.0040508287 0.0016337364 -0.0024513264 0.9999962 -0.0012636342 -0.0077516382 -0.0040539173 0.0012536901 0.999991 0.50759394
59 0.99998907 0.0022360266 0.0041071395 0.0016958273 -0.0022306989 0.99999667 -0.0013013012 -0.007620044 -0.0041100355 0.0012921251 0.99999072 0.52892147
60 0.99998613 0.0012776283 0.0051102776 0.0049415102 -0.001275414 0.99999909 -0.00043652674 -0.0076351238 -0.0051108307 0.00043000296 0.99998685 0.51218031
61 0.99998772 0.0014227488 0.0047462019 0.0062547855 -0.001420492 0.99999888 -0.00047884145 -0.0092582757 -0.0047468778 0.00047209363 0.99998862 0.49405444
62 0.99999172 0.0017241411 0.0036863477 0.0038276571 -0.0017225146 0.99999842 -0.00044434344 -0.0094774535 -0.0036871079 0.00043798997 0.99999311 0.46292048
63 0.9999757 0.0013613425 0.0068368048 0.0040010849 -0.001359312 0.99999903 -0.00030162633 -0.0092555846 -0.0068372088 0.00029232565 0.99997658 0.45213065
64 0.9999559 0.0020199957 0.0091714851 0.0088930174 -0.0020179231 0.99999794 -0.0002352309 -0.0084231638 -0.0091719414 0.00021671317 0.99995791 0.43071033
65 0.9999541 0.0024884509 0.0092520198 0.0042297735 -0.0024823006 0.99999669 -0.00067617764 -0.0087240161 -0.0092536718 0.00065318031 0.99995697 0.44371066
66 0.9999534 0.0030661481 0.0091545842 0.0046177858 -0.0030613996 0.99999517 -0.00053266401 -0.0080542365 -0.0091561732 0.00050461335 0.99995795 0.44304082
67 0.99997173 0.0033816486 0.0067159982 0.0041566642 -0.0033758564 0.99999392 -0.00087360532 -0.0083557955 -0.0067189116 0.00085090838 0.99997707 0.38292632
68 0.99995946 0.0052538984 0.0073127724 0.005531825 -0.0052317744 0.99998169 -0.0030412359 -0.0094927709 -0.0073286169 0.0030028539 0.99996864 0.37606893
69 0.99995289 0.0013837453 0.0096070178 0.0079794109 -0.0013694962 0.99999795 -0.0014896222 -0.0078258257 -0.0096090594 0.0014763952 0.99995274 0.42992929
70 0.9999343 -0.006285103 0.0095859351 0.034697403 0.0063468427 0.99995922 -0.0064238841 -0.054818698 -0.0095451695 0.0064843025 0.99993342 1.4925536
71 0.99993911 -0.0053953841 0.0096259719 0.014673806 0.0054171686 0.99998282 -0.0022384638 -0.059382342 -0.0096137292 0.0022904731 0.99995116 1.8740443
72 0.99999284 -0.00078474365 0.0037024102 0.0093463332 0.00078996734 0.99999869 -0.0014096384 -0.055160576 -0.0037012991 0.0014125531 0.99999215 1.7208651
73 0.99998123 -0.0022947064 0.0056817223 0.0068416019 0.0023000741 0.99999691 -0.00093837576 -0.048362432 -0.0056795515 0.00095142653 0.99998342 1.4605324
74 0.99996077 0.0073220935 -0.0049844809 -0.0060113229 -0.0073350341 0.99996976 -0.0025828638 -0.021098786 0.0049654182 0.0026193238 0.99998424 0.47769498
75 0.99998071 0.0038436249 0.0048798911 0.010155875 -0.0038278356 0.99998742 -0.0032408123 -0.012170857 -0.0048922862 0.0032220704 0.99998284 0.3424323
76 0.99992158 0.0003654782 0.01251791 0.018488234 -0.00033038717 0.99999601 -0.0028052191 -0.0083612771 -0.012518885 0.0028008634 0.99991771 0.26361423
77 0.9998576 -0.00038702192 0.01687072 0.01757548 0.00040889775 0.99999908 -0.001293244 -0.0030858679 -0.016870204 0.0012999582 0.99985684 0.24221513
78 0.99982718 0.00046575932 0.018585011 0.01967457 -0.00044525889 0.99999929 -0.0011071853 -0.0031492914 -0.018585514 0.0010987189 0.99982667 0.21720848
79 0.99972424 0.0018375178 0.023410914 0.027743824 -0.0017807063 0.99999542 -0.0024473286 -0.0065529988 -0.023415304 0.0024049658 0.99972293 0.24938597
80 0.99972417 0.0041806694 0.02311062 0.02771818 -0.0041087145 0.99998657 -0.0031601056 -0.0080375142 -0.02312352 0.0030642791 0.99972792 0.27523333
81 0.99964638 0.0058277571 0.025945236 0.02436031 -0.005703236 0.99997187 -0.0048707955 -0.013177752 -0.025972893 0.0047211013 0.9996515 0.3135532
82 0.9995994 0.0059918501 0.02766103 0.030269356 -0.0058911023 0.99997572 -0.0037222838 -0.0097605986 -0.027682662 0.0035578387 0.99961043 0.30723683
83 0.99963975 0.0013803382 0.026804276 0.03946599 -0.0013140846 0.99999604 -0.0024892142 -0.0090463385 -0.026807606 0.0024530944 0.9996376 0.33834545
84 0.99951043 -0.00060136959 0.031281476 0.049829163 0.00064231704 0.99999895 -0.0012989677 -0.0076725897 -0.031280662 0.0013184244 0.99950977 0.34212792
85 0.99918714 -0.0012572704 0.040292481 0.059843757 0.0012909649 0.99999884 -0.00081023996 -0.0057296497 -0.040291416 0.00086159752 0.9991876 0.33427441
86 0.99912481 0.00063383643 0.041823698 0.053237984 -0.00062811656 0.99999979 -0.00014990201 -0.005011894 -0.041823784 0.00012350066 0.999125 0.35606913
87 0.99905553 0.003034522 0.043345499 0.045975849 -0.0029811287 0.99999472 -0.0012963953 -0.0058355265 -0.043349204 0.0011659524 0.9990593 0.36488883
88 0.99907312 0.0018823736 0.043004142 0.040451873 -0.0018141708 0.99999703 -0.0016249316 -0.006673536 -0.043007074 0.0015454087 0.99907357 0.36335594
89 0.99924178 0.0042554499 0.03870078 0.031416948 -0.0041837733 0.99998938 -0.0019328702 -0.0078859749 -0.038708594 0.0017694894 0.99924897 0.36042306
90 0.99940874 0.0036996089 0.034183162 0.015370421 -0.0036141186 0.99999019 -0.0025623979 -0.0067144743 -0.034192307 0.0024373408 0.9994123 0.35356754
91 0.99931313 0.002726084 0.0369572 0.037660347 -0.0026625891 0.99999489 -0.0017671749 -0.0053082876 -0.036961829 0.0016675593 0.99931529 0.35632668
92 0.99906232 0.0021231293 0.043243201 0.052221423 -0.0021001855 0.99999763 -0.00057600026 -0.0029447668 -0.043244321 0.00048464141 0.99906441 0.37734545
93 0.99877749 0.0029015097 0.049346867 0.057237447 -0.0028548881 0.99999541 -0.0010152308 -0.0029913194 -0.049349586 0.00087310992 0.99878119 0.40224914
94 0.99839951 0.0016173552 0.056531461 0.063851049 -0.0015262572 0.99999747 -0.0016545957 -0.0026193694 -0.056533994 0.001565666 0.99839945 0.42049182
95 0.99828441 0.0020652233 0.058514773 0.070587097 -0.0019908842 0.99999714 -0.001328702 -0.0027186632 -0.058517349 0.0012099263 0.99828566 0.42491002
96 0.99829117 0.0016873896 0.058411485 0.07425475 -0.0016328288 0.99999818 -0.00098179216 -0.003045959 -0.058413036 0.00088473848 0.99829211 0.42968501
97 0.99828825 0.0008155378 0.05847991 0.07041486 -0.00076363552 0.99999929 -0.00090986566 -0.0017595363 -0.058480611 0.00086365086 0.99828817 0.43304441
98 0.99832462 0.00015739625 0.057861325 0.063148646 -0.00011514722 0.99999972 -0.00073351061 -0.0018811128 -0.057861425 0.00072561913 0.99832436 0.45306243
99 0.99855412 0.0034639848 0.053643967 0.038506573 -0.0033846251 0.99999304 -0.001570155 -0.0008409423 -0.053649032 0.0013863201 0.99855889 0.45975349
100 0.99836237 0.0015540931 0.057185295 0.042234643 -0.0015348777 0.99999875 -0.00037993976 -0.0028598959 -0.057185814 0.00029154513 0.99836351 0.48268235
101 0.99849061 -0.0058754495 0.054607582 0.056651243 0.0058917557 0.99998263 -0.00013762139 -0.0049580328 -0.054605825 0.0004591482 0.99850788 0.47236467
102 0.99851026 -0.0062158734 0.054209122 0.057362752 0.0062413979 0.99998048 -0.00030156787 -0.011460135 -0.054206189 0.00063945931 0.99852956 0.4784564
103 0.99870865 -0.0067871602 0.050348417 0.065143355 0.0068313412 0.99997642 -0.00070547082 -0.014508212 -0.050342441 0.001048507 0.99873147 0.49914004
104 0.99881556 -0.0021142775 0.048610671 0.058510425 0.0021329312 0.99999767 -0.00033186683 -0.012371422 -0.048609856 0.00043515697 0.99881775 0.52904598
105 0.99899333 -0.0035727092 0.044716388 0.054496478 0.0035704931 0.99999362 0.00012942867 -0.015849217 -0.044716565 3.036118e-05 0.99899971 0.60013964
106 0.99937535 -0.0037539959 0.03514009 0.056897015 0.0037722177 0.99999278 -0.00045226193 -0.014108103 -0.035138139 0.00058453549 0.99938229 0.58466901
107 0.99971425 -0.0031757229 0.023692452 0.038545088 0.0031858682 0.99999485 -0.00039047438 -0.012328948 -0.02369109 0.00046584383 0.99971922 0.58602695
108 0.99987215 -0.0031515432 0.015676216 0.030912896 0.0031473932 0.99999501 0.0002893937 -0.0077740857 -0.015677049 -0.00024001749 0.99987708 0.60021899
109 0.99989595 -0.0010925785 0.014383925 0.025740045 0.0010996189 0.99999928 -0.00048156071 -0.0055883496 -0.014383388 0.00049732743 0.99989643 0.62974675
110 0.99995791 -0.00013699918 0.0091737436 0.010233976 0.00014098355 0.9999999 -0.00043367784 -0.0050427714 -0.0091736832 0.00043495293 0.99995783 0.66039408
111 0.99997907 0.00030808672 0.0064631961 0.0094971186 -0.00030416226 0.99999977 -0.00060817534 -0.0041895611 -0.006463382 0.00060619675 0.99997893 0.68668369
112 0.99998828 2.1431659e-05 0.0048422246 0.0059358758 -2.061609e-05 0.99999999 -0.00016847852 -0.0068376435 -0.0048422282 0.00016837671 0.99998826 0.67692146
113 0.99998551 -0.0014498486 0.005184821 0.0074314009 0.0014471158 0.99999881 0.00053077539 -0.010844394 -0.0051855844 -0.00052326466 0.99998642 0.64389993
114 0.99999224 -0.00070244663 0.0038764676 0.005125151 0.00070454352 0.99999961 -0.00053958821 -0.0091159272 -0.003876087 0.00054231516 0.99999234 0.65830334
115 0.99999303 0.0014676441 0.0034326487 -0.0014558261 -0.0014630657 0.99999804 -0.0013358988 -0.0069380546 -0.0034346026 0.0013308673 0.99999322 0.67370468
116 0.99999985 0.00045770322 -0.00030781625 -0.004380387 -0.00045764899 0.99999988 0.00017622157 -0.0043106972 0.00030789687 -0.00017608067 0.99999994 0.69880894
117 0.99999856 0.0013776609 -0.0009897409 -0.0031597133 -0.0013774736 0.99999903 0.00018987626 -0.0068621854 0.00099000153 -0.00018851265 0.99999949 0.73548243
118 0.99999643 0.0015118597 -0.0022038698 -0.0044022255 -0.0015126045 0.9999988 -0.00033634827 -0.0095542944 0.0022033586 0.00033968065 0.99999751 0.70841308
119 0.99999722 0.0021086397 -0.0010543027 -0.0011962658 -0.0021091938 0.99999764 -0.00052471224 -0.013229722 0.0010531938 0.00052693451 0.99999931 0.655286
120 0.99999944 -0.00098294217 0.00040156095 0.010693547 0.00098308913 0.99999945 -0.00036594312 -0.0061509831 -0.00040120102 0.00036633768 0.99999985 0.6909331
121 0.9999988 0.00029482464 0.0015201746 0.010989078 -0.00029295844 0.9999992 -0.0012276977 0.00023877857 -0.0015205353 0.0012272509 0.99999809 0.69209843
122 0.99999928 0.0011943781 0.00011611209 0.0051562768 -0.0011942758 0.9999989 -0.00087656502 0.0019063695 -0.00011715892 0.00087642572 0.99999961 0.75957973
123 0.99999153 0.0026135242 -0.0031792053 0.00082288269 -0.0026148026 0.9999965 -0.00039804008 -0.0067061617 0.0031781539 0.00040634971 0.99999487 0.83146975
124 0.99998965 0.0031490486 -0.00328471 -0.0026284852 -0.0031516592 0.99999472 -0.00078990394 -0.010691006 0.0032822053 0.00080024805 0.99999429 0.8231352
125 0.99999278 0.0014291042 -0.0035199592 -0.0065611237 -0.0014278861 0.99999892 0.00034852928 -0.012675475 0.0035204534 -0.00034350066 0.99999374 0.83754852
126 0.99997064 0.0038895187 -0.0066026736 -0.010882007 -0.0038991162 0.99999136 -0.0014413186 -0.01413976 0.0065970105 0.0014670208 0.99997716 0.79619233
127 0.99998561 0.0015213111 -0.0051445689 -0.010348943 -0.0015196485 0.99999879 0.00032705285 -0.0063817372 0.0051450602 -0.0003192302 0.99998671 0.80286724
128 0.99997776 0.0065770667 -0.0011049708 -0.014369706 -0.0065785838 0.99997742 -0.001375038 -0.0053913353 0.0010959021 0.0013822766 0.99999844 0.79557688
129 0.99999076 0.0039225511 -0.0017584964 -0.011428651 -0.0039249003 0.99999141 -0.0013344517 -0.0075611162 0.0017532468 0.0013413413 0.99999756 0.81875056
130 0.99999732 0.0017846471 -0.0014745398 0.00034881002 -0.0017832421 0.99999796 0.00095362609 -0.015052359 0.0014762387 -0.00095099407 0.99999846 0.79076441
131 0.9999941 0.0023486361 -0.0025052871 0.0015023606 -0.0023465158 0.99999689 0.00084893423 -0.016882603 0.0025072731 -0.00084305052 0.9999965 0.75965467
132 0.99999368 0.0017019518 -0.0031225244 -0.00055561536 -0.0017045447 0.9999982 -0.00082790773 -0.011815505 0.0031211097 0.00083322498 0.99999478 0.77289545
133 0.99999202 0.0018498881 -0.0035410732 -0.0024066218 -0.0018534991 0.99999777 -0.0010167394 -0.0065757286 0.0035391844 0.0010232947 0.99999321 0.7844711
134 0.99999539 0.0020782522 -0.0022152863 -0.0038726327 -0.0020782153 0.99999784 1.8948057e-05 -0.0049073281 0.0022153209 -1.4344128e-05 0.99999755 0.81322557
135 0.99998523 0.0014485727 -0.0052393826 -0.0062811214 -0.001443015 0.99999839 0.0010643801 -0.011168131 0.005240916 -0.0010568039 0.99998571 0.83400539
136 0.99996236 0.0018604825 -0.0084741481 -0.0098094611 -0.001852368 0.99999782 0.00096531275 -0.01493 0.0084759255 -0.00094957917 0.99996363 0.81233518
137 0.99997423 0.0029669491 -0.0065366998 -0.0060851959 -0.0029728766 0.99999518 -0.00089727546 -0.016152329 0.0065340061 0.00091668514 0.99997823 0.78322545
138 0.99997734 0.0027607548 -0.0061400247 -0.0086532144 -0.002768485 0.99999539 -0.0012508421 -0.01345013 0.0061365431 0.0012678123 0.99998037 0.77640181
139 0.99999038 0.0018249155 -0.0039883593 -0.011364497 -0.0018263777 0.99999827 -0.00036300878 -0.0078369058 0.0039876899 0.00037028954 0.99999198 0.79137502
140 0.99998908 0.0029146373 -0.0036524532 -0.0069023833 -0.0029138988 0.99999573 0.00020748552 -0.0099769915 0.0036530424 -0.00019684038 0.99999331 0.76965437
141 0.99998528 0.0016591422 -0.0051656671 -0.0077688383 -0.0016586211 0.99999862 0.00010517207 -0.0082325689 0.0051658344 -9.6602638e-05 0.99998665 0.80344517
142 0.999989 0.0020683947 -0.0042103429 -0.0038809937 -0.0020687519 0.99999786 -8.0478288e-05 -0.0093320878 0.0042101675 8.9187557e-05 0.99999113 0.77854954
143 0.99999577 0.001306985 -0.00259916 0.00025206643 -0.0013109501 0.99999798 -0.001524433 -0.0088413478 0.0025971623 0.0015278339 0.99999546 0.79163286
144 0.99999569 0.0018296839 -0.0022966923 -0.0014149036 -0.0018297458 0.99999833 -2.483672e-05 -0.0059102108 0.002296643 2.9038976e-05 0.99999736 0.80898949
145 0.99999085 0.0031308852 -0.002915188 -0.004941684 -0.0031322467 0.99999499 -0.00046259453 -0.0054131272 0.0029137251 0.00047172138 0.99999564 0.80543569
146 0.99999136 0.003442354 -0.0023285274 -0.0080671757 -0.0034436552 0.99999392 -0.00055502954 -0.0066160978 0.0023266026 0.00056304339 0.99999713 0.83225019
147 0.99999119 0.0033641634 -0.0025122385 -0.0055294219 -0.0033655715 0.99999418 -0.00055647247 -0.0082698462 0.0025103519 0.00056492268 0.99999669 0.82537549
148 0.99999424 0.0033239268 -0.00068804053 0.00011331874 -0.0033242244 0.99999438 -0.00043180995 -0.010136713 0.00068660136 0.00043409467 0.99999967 0.8149
149 0.9999952 0.0030961941 6.0101917e-05 -0.0010090581 -0.0030961831 0.99999519 -0.00018215647 -0.0097211203 -6.0665619e-05 0.00018196951 0.99999998 0.81956045
150 0.99999676 0.0024980063 0.00049681345 -0.00054927109 -0.0024979692 0.99999688 -7.5380156e-05 -0.0067257457 -0.0004970002 7.4138887e-05 0.99999987 0.85080986
151 0.99999502 0.0028035566 0.001446964 0.00099186073 -0.0028035781 0.99999607 1.2829307e-05 -0.0069406515 -0.0014469223 -1.688592e-05 0.99999895 0.84720474
152 0.99999203 0.0032264753 0.0023528251 -0.00032795382 -0.0032265132 0.99999479 1.2292267e-05 -0.01190803 -0.0023527732 -1.988359e-05 0.99999723 0.82299708
153 0.99999349 0.0023927572 0.0027025416 0.0024580576 -0.0023935676 0.99999709 0.00029669577 -0.010640494 -0.0027018238 -0.00030316256 0.9999963 0.79981055
154 0.9999971 0.0001835965 0.0024020962 0.0052377496 -0.00018652358 0.99999924 0.0012183849 -0.0056527889 -0.0024018707 -0.0012188294 0.99999637 0.84367269
155 0.99999644 0.0021566744 0.0015721093 0.0033474115 -0.0021573115 0.99999759 0.00040367399 -0.0057375128 -0.0015712349 -0.00040706408 0.99999868 0.85586662
156 0.99999716 0.0023620168 -0.00031185637 0.0044259122 -0.0023618254 0.99999702 0.00061247568 -0.009711393 0.00031330212 -0.00061173739 0.99999976 0.86797564
157 0.99999783 0.001584242 -0.0013561431 0.00085928276 -0.0015841975 0.99999874 3.3902607e-05 -0.0091650366 0.0013561951 -3.1754135e-05 0.99999908 0.90082051
158 0.99999743 0.0012041632 -0.0019187064 0.0047413045 -0.0012051197 0.99999915 -0.00049745097 -0.0057601185 0.0019181058 0.00049976197 0.99999804 0.84141889
159 0.99999649 0.0013448348 -0.0022843741 0.0028220135 -0.0013436819 0.99999897 0.00050613662 -0.0012647331 0.0022850525 -0.00050306537 0.99999726 0.91755809
160 0.99998988 0.0014775985 -0.0042496842 0.0011214545 -0.0014780375 0.9999989 -0.00010014937 -0.0020012646 0.0042495316 0.00010642954 0.99999097 0.94072948
161 0.9999897 0.0012992088 -0.004349884 0.00055703947 -0.0012996137 0.99999915 -9.0264612e-05 -0.0033015487 0.0043497631 9.591685e-05 0.99999054 0.93845134
162 0.99998764 0.0010208583 -0.0048663957 -0.0048621764 -0.0010197682 0.99999945 0.0002264819 -0.0052735957 0.0048666243 -0.00022151651 0.99998813 0.94700169
163 0.99996049 0.0028447883 -0.008422227 0.00018063354 -0.0028408257 0.99999585 0.0004824168 -0.0063826728 0.0084235644 -0.00045847166 0.99996442 1.0933035
164 0.99994118 0.0017290668 -0.010706895 0.004753334 -0.0017144348 0.99999758 0.0013756226 -0.015142893 0.010709247 -0.0013571855 0.99994173 1.2117371
165 0.99994284 0.0035157089 -0.010097338 -0.00043685044 -0.0035120835 0.99999376 0.00037675525 -0.015147596 0.0100986 -0.00034127102 0.99994895 1.1425
166 0.99992937 0.0047054343 -0.010914118 -0.014186568 -0.0047038496 0.99998892 0.00017086717 -0.01912817 0.010914801 -0.00011951674 0.99994042 1.1661585
167 0.99997927 0.0027086102 -0.0058421218 -0.018272265 -0.0027012113 0.99999554 0.001273999 -0.014969869 0.0058455465 -0.0012581918 0.99998212 0.93022328
168 0.99999068 0.002393815 -0.003592157 -0.008653972 -0.0023934605 0.99999713 0.00010296952 -0.0097409368 0.0035923932 -9.4370877e-05 0.99999354 0.89972421
169 0.99999848 0.00035576598 -0.0017069138 0.00030765551 -0.00035456283 0.99999969 0.00070511975 -0.0046922135 0.0017071641 -0.00070451347 0.99999829 0.91481489
170 0.99999946 0.000984645 0.00032500684 0.0026214209 -0.00098470773 0.9999995 0.00019293051 -0.0061721897 -0.00032481671 -0.00019325044 0.99999993 0.88834006
171 0.99999089 0.0038487609 0.0018472226 -9.1895301e-05 -0.0038477719 0.99999245 -0.00053865914 -0.0068161063 -0.0018492818 0.00053154654 0.99999815 0.88884138
172 0.99999387 0.0020270203 0.0028544129 0.0029273879 -0.0020278034 0.99999791 0.00027147459 -0.010306273 -0.0028538567 -0.00027726111 0.99999589 0.87213
173 0.99999672 0.0025318679 0.00039395324 -0.00092908481 -0.002531923 0.99999678 0.00013929851 -0.011301315 -0.00039359929 -0.00014029551 0.99999991 0.81672963
174 0.99999588 0.0023803392 -0.0016068595 -0.0039422669 -0.0023789263 0.99999678 0.00088059786 -0.010438054 0.0016089504 -0.00087677163 0.99999832 0.85928079
175 0.99999332 0.0024134364 -0.0027439384 -0.0037751797 -0.0024130745 0.99999708 0.00013519941 -0.010259987 0.0027442567 -0.00012857717 0.99999623 0.83791003
176 0.99999263 0.0019894938 -0.0032849894 -0.0019688702 -0.0019905202 0.99999797 -0.00030920583 -0.011378844 0.0032843676 0.00031574238 0.99999456 0.82798418
177 0.99999355 0.0035812917 -0.00025424318 -0.00087403984 -0.003581535 0.99999312 -0.00096316563 -0.013117389 0.00025079205 0.00096407001 0.9999995 0.81459022
178 0.99999759 0.0020319363 0.00082844045 0.00028392386 -0.0020316099 0.99999786 -0.00039459381 -0.010382446 -0.00082924047 0.00039290979 0.99999958 0.78156634
179 0.99999455 0.0032943844 -0.00021281082 0.0018427364 -0.0032944878 0.99999445 -0.00048719089 -0.014850236 0.00021120465 0.00048788934 0.99999986 0.72932962
180 0.99999117 0.0033978946 0.002473879 0.0067958433 -0.0033957665 0.99999386 -0.00086390804 -0.016082188 -0.0024767992 0.00085549969 0.99999657 0.67200483
181 0.99998852 0.0015767942 0.00452438 0.0080575794 -0.0015737363 0.99999853 -0.00067934739 -0.011250147 -0.0045254446 0.00067221941 0.99998953 0.67615408
182 0.99998743 0.0014912013 0.0047868092 0.0082202297 -0.0014894702 0.99999882 -0.00036518093 -0.0058857182 -0.0047873481 0.00035804653 0.99998848 0.67766104
183 0.99999002 0.0012483921 0.0042892675 0.010274467 -0.0012475851 0.9999992 -0.00019083109 -0.0070169426 -0.0042895023 0.00018547796 0.99999078 0.67539606
184 0.99999571 0.0026353637 0.001281104 0.0019412973 -0.0026349104 0.99999647 -0.00035536217 -0.011838142 -0.001282036 0.00035198505 0.99999912 0.7364114
185 0.99999445 0.0029962337 -0.0014547951 -0.0030976717 -0.0029965874 0.99999548 -0.00024098206 -0.010869908 0.0014540665 0.00024534014 0.99999891 0.74902047
186 0.9999968 0.0025064946 -0.00034804736 0.0045817348 -0.0025066708 0.99999673 -0.00050684635 -0.012912565 0.00034677582 0.00050771716 0.99999981 0.69046502
187 0.99999687 0.0021707859 0.001240225 0.0084321112 -0.002169668 0.99999724 -0.00090202188 -0.017035743 -0.0012421797 0.00089932818 0.99999882 0.67898336
188 0.99997922 0.0032845004 0.0055463625 0.010079855 -0.003277993 0.99999393 -0.0011819661 -0.014614094 -0.005550211 0.0011637606 0.99998392 0.60099953
189 0.99998389 -0.00049159285 0.0056545067 0.014234329 0.00049253996 0.99999986 -0.00016610553 -0.0022528401 -0.0056544243 0.00016888792 0.999984 0.65079282
190 0.99999176 0.0012601518 0.003860229 0.0095326469 -0.0012578309 0.99999903 -0.00060359188 -0.0045904795 -0.0038609858 0.00059873139 0.99999237 0.67200054
191 0.99998918 0.0019523857 0.0042232799 0.0077960149 -0.0019502374 0.99999797 -0.00051274543 -0.0045370409 -0.0042242724 0.00050450348 0.99999095 0.6886915
192 0.999997 0.0015115177 0.0019261501 0.0053427526 -0.0015104905 0.99999872 -0.00053464963 -0.005126473 -0.0019269557 0.0005317386 0.999998 0.76135578
193 0.99999777 0.0020053047 -0.0006651594 0.0020607065 -0.0020056108 0.99999788 -0.00045985021 -0.0091672705 0.00066423585 0.00046118324 0.99999967 0.65488247
194 0.99999963 0.00027025843 -0.00081261445 0.0008455097 -0.00027004866 0.99999993 0.00025824322 -0.010955245 0.00081268418 -0.00025802368 0.99999964 0.64135906
195 0.99999996 0.00019201136 -0.00018534264 -0.00096023535 -0.00019192271 0.99999987 0.000478233 -0.01041611 0.00018543444 -0.00047819742 0.99999987 0.63971036
196 0.9999996 0.00089335415 -1.058892e-05 -0.0027089956 -0.00089335417 0.9999996 -1.3529799e-06 -0.0084014744 1.0587707e-05 1.362439e-06 1 0.61768267
197 0.99999959 0.00085581686 0.00030497668 -0.0022722841 -0.00085565895 0.9999995 -0.00051755055 -0.0095252721 -0.00030541946 0.00051728939 0.99999982 0.64246946
198 0.99999908 0.0012606012 0.00050578219 -0.00050954729 -0.0012602554 0.99999897 -0.00068353643 -0.008322192 -0.00050664334 0.00068289838 0.99999964 0.65914951
199 0.99999822 0.0018143459 0.00050961857 0.00041453659 -0.0018142178 0.99999832 -0.00025188365 -0.0071396405 -0.00051007472 0.00025095864 0.99999984 0.66640811
200 0.99999933 -0.0010003773 0.00058682263 0.0076878425 0.0010002178 0.99999946 0.00027197828 -0.010920356 -0.00058709439 -0.00027139115 0.99999979 0.65275332
201 0.99999496 -0.0030752069 0.00078720698 0.0094470321 0.0030748271 0.99999516 0.00048326548 -0.011275909 -0.00078868931 -0.00048084252 0.99999957 0.66658256
202 0.99999815 -0.0017556174 0.00078790646 0.0063271107 0.0017557865 0.99999844 -0.00021393358 -0.01080847 -0.00078752965 0.00021531658 0.99999967 0.68250329
203 0.99999684 0.00012512494 -0.0025091485 0.0013035284 -0.00012939645 0.99999854 -0.0017022823 -0.010273825 0.0025089319 0.0017026016 0.9999954 0.68737137
204 0.99996216 0.0055297729 -0.0067151656 -0.0051427042 -0.0055368418 0.99998414 -0.0010345489 -0.0089741905 0.0067093383 0.0010716905 0.99997692 0.7417806
205 0.99972628 0.02156697 0.0090686095 -0.015366512 -0.021520471 0.99975492 -0.0051941535 -0.028722637 -0.0091784091 0.004997571 0.99994539 2.0689447
206 0.99999644 0.0025998277 -0.0005962653 0.010607633 -0.0026000006 0.99999658 -0.00028929798 -0.042965748 0.00059551114 0.00029084725 0.99999978 2.6452709
207 0.99999692 0.00052253472 -0.002424559 0.013715901 -0.00051969109 0.99999918 0.0011733254 -0.042733773 0.0024251701 -0.0011720617 0.99999637 2.6318905
208 0.99999519 0.00032182311 -0.003084919 0.011884709 -0.00032078435 0.99999989 0.00033720914 -0.047772829 0.0030850272 -0.00033621792 0.99999518 2.6508972
209 0.99998932 0.0025301071 -0.0038675477 0.0082659538 -0.0025310705 0.99999677 -0.00024423074 -0.044856165 0.0038669173 0.00025401717 0.99999249 2.634503
210 0.99975763 -0.0010069464 -0.021992366 -0.010782845 0.0012505321 0.999938 0.011064975 -0.015605942 0.021979861 -0.011089796 0.99969691 1.3347802
211 0.99996521 0.0027770338 -0.0078660704 -0.00071479617 -0.0027581149 0.99999328 0.0024149618 -0.00011003339 0.007872724 -0.0023931822 0.99996615 0.81097654
212 0.99995695 0.0045714394 -0.0080748546 -0.007723568 -0.0045804659 0.9999889 -0.0010997092 -0.0067385128 0.0080697377 0.0011366484 0.99996679 0.74905797
213 0.99992357 -0.0010337361 -0.012320047 -0.0083449642 0.0010477658 0.99999881 0.0011323662 -0.011147121 0.012318862 -0.0011451881 0.99992346 0.76799315
214 0.99992646 -0.00038641605 -0.012121489 -0.0052743405 0.00043610422 0.99999151 0.0040968048 -0.016219239 0.012119804 -0.0041017897 0.99991814 1.1566775
215 0.99999042 0.0034438612 -0.0027008192 -0.0036553732 -0.0034522429 0.99998922 -0.0031049049 -0.045323692 0.0026900972 0.0031141991 0.99999153 2.3211218
216 0.99999057 0.0017097897 -0.003991654 0.01067702 -0.0017140066 0.99999798 -0.00105325 -0.044572623 0.003989845 0.0010600818 0.99999148 2.6181426
217 0.99999611 0.00067682156 -0.0027048206 0.01114128 -0.00067924919 0.99999937 -0.00089670022 -0.046995889 0.0027042119 0.00089853398 0.99999594 2.5828556
218 0.99970308 -0.0038874599 -0.024055101 -0.014889918 0.0040795127 0.99996016 0.0079399535 -0.021264935 0.024023277 -0.0080357291 0.9996791 0.89368661
219 0.99989329 0.012287487 0.0079013037 -0.014766654 -0.012299883 0.99992319 0.001522197 -0.0042728138 -0.0078819928 -0.0016192197 0.99996763 0.86963284
220 0.9999575 0.0089140772 -0.0023543679 -0.0062308455 -0.0089069323 0.99995575 0.0030279771 -0.0071387873 0.0023812553 -0.0030068782 0.99999264 0.85278011
221 0.99962571 0.020072729 0.018588243 -0.011944787 -0.020019574 0.99979496 -0.00304133 -0.023186828 -0.018645479 0.0026680629 0.9998226 1.3627066
222 0.99980287 0.0037149055 -0.019504418 -0.0062641312 -0.0034984866 0.99993207 0.011118313 -0.024492141 0.019544397 -0.011047885 0.99974795 1.8542452
223 0.99999672 -0.0016720912 -0.001939563 0.0074790739 0.0016793912 0.99999149 0.0037682493 -0.014842772 0.0019332456 -0.0037714942 0.99999102 0.95017543
224 0.99996344 -0.001766431 -0.0083668179 0.013294917 0.0017677564 0.99999843 0.00015101738 -0.01179778 0.008366538 -0.00016580236 0.99996499 0.9569694
225 0.99998363 0.00062080468 -0.0056874257 0.0043568585 -0.00061839422 0.99999972 0.00042557068 -0.0090803145 0.0056876883 -0.00042204664 0.99998374 0.94209334
226 0.99999031 0.00079205788 -0.0043292914 0.002312666 -0.0007990081 0.99999839 -0.0016039022 -0.012062105 0.004328014 0.0016073459 0.99998934 0.90615962
227 0.99999376 -0.0016022655 -0.0031482291 0.0027462142 0.0015979166 0.99999777 -0.0013834121 -0.0049278001 0.0031504386 0.0013783729 0.99999409 0.88375886
228 0.99999405 0.001694707 -0.0030040047 -0.004427574 -0.0016956395 0.99999852 -0.0003078927 -0.0022180619 0.0030034785 0.00031298458 0.99999544 0.89242387
229 0.9999894 0.0042065796 -0.0018733053 -0.0075816912 -0.0042088751 0.99999039 -0.0012231326 -0.0073966266 0.0018681421 0.0012310042 0.9999975 0.88968613
230 0.99998419 0.0056231629 -2.4685639e-05 -0.0094039802 -0.0056231773 0.99998399 -0.00062762086 -0.010927428 2.1156029e-05 0.00062774975 0.9999998 0.90696397
231 0.99999058 0.0040872364 0.0014576033 -0.0042427957 -0.0040885396 0.99999124 0.00089220074 -0.016558905 -0.0014539439 -0.00089815181 0.99999854 0.85395403
232 0.99999326 0.0036119591 0.00065941239 -0.0041986599 -0.0036128824 0.99999249 0.001404421 -0.014511847 -0.00065433472 -0.0014067939 0.9999988 0.81956445
233 0.99999291 0.0035610323 -0.0012237167 -0.0056820872 -0.0035596291 0.99999301 0.0011469349 -0.014966335 0.0012277924 -0.0011425708 0.99999859 0.8062352
234 0.99998512 0.0030419675 -0.0045280435 -0.010150142 -0.0030419457 0.99999537 1.170264e-05 -0.012790159 0.0045280581 2.0715966e-06 0.99998975 0.80196943
235 0.99997955 0.0020141608 -0.0060696048 -0.01274617 -0.0020152745 0.99999795 -0.0001773776 -0.015105479 0.0060692351 0.0001896059 0.99998156 0.83973237
236 0.99996648 0.0019204882 -0.0079589963 -0.012052342 -0.0019204338 0.99999816 1.4473358e-05 -0.013770037 0.0079590094 8.1185267e-07 0.99996833 0.85203437
237 0.99997243 0.0033559489 -0.0066239461 -0.012826212 -0.003358272 0.9999943 -0.00033962909 -0.014188066 0.0066227686 0.00036186474 0.999978 0.87606308
238 0.99998488 0.0031239498 -0.0045246913 -0.006538743 -0.0031287453 0.99999455 -0.0010531485 -0.016707427 0.0045213767 0.0010672892 0.99998921 0.81574674
239 0.99998928 0.0036176843 -0.0028884625 -0.0040312911 -0.003619486 0.99999326 -0.00061877826 -0.013895178 0.0028862045 0.00062922638 0.99999564 0.76779704
240 0.99999551 0.0029597189 -0.00047404455 0.0012799123 -0.0029599261 0.99999552 -0.00043686394 -0.01213968 0.00047274943 0.00043826512 0.99999979 0.72329802
241 0.99999696 0.0023564967 -0.00072135552 0.0018386999 -0.0023564296 0.99999722 9.3942128e-05 -0.0073711822 0.00072157488 -9.2242019e-05 0.99999974 0.70747189
242 0.9999866 0.00031026826 -0.005167814 -0.0025624457 -0.00030870262 0.99999991 0.00030375548 -0.011093238 0.0051679078 -0.00030215609 0.9999866 0.74834266
243 0.9999893 0.00086010113 -0.0045443805 -0.0034277888 -0.00085933855 0.99999962 0.00016975726 -0.013757046 0.0045445247 -0.00016585028 0.99998966 0.75494266
244 0.99997361 -0.0011986227 -0.0071660419 0.00065654403 0.0012164739 0.99999617 0.0024872411 -0.01558365 0.0071630331 -0.0024958928 0.99997123 0.79711702
245 0.99976384 0.0042960473 -0.021302941 -0.016758619 -0.0041936089 0.99997944 0.0048509932 -0.016061149 0.021323343 -0.0047605114 0.9997613 0.88165143
246 0.99996852 0.0044972565 -0.0065377828 -0.0099317754 -0.0044994165 0.99998983 -0.00031571797 -0.014378153 0.0065362964 0.00034512424 0.99997858 0.61825531
247 0.99998944 0.00069914961 -0.0045431443 -0.0050640159 -0.00070039212 0.99999972 -0.00027190613 -0.010206022 0.0045429529 0.00027508524 0.99998964 0.62037394
248 0.99992803 0.0032195336 -0.011557532 -0.014405927 -0.0032305114 0.99999435 -0.00093129554 -0.010069398 0.011554468 0.00096856525 0.99993278 0.6321622
249 0.99904167 0.028132179 0.033530872 -0.032603054 -0.028031174 0.999601 -0.0034786689 9.9192754e-05 -0.033615356 0.0025354254 0.99943163 0.93165234
250 0.999782 0.013796484 0.015671732 -0.0050357842 -0.013799922 0.99990477 0.0001112492 -0.024865636 -0.015668705 -0.00032749363 0.99987718 2.0759249
251 0.99998962 0.0019907337 -0.0040981275 0.006559612 -0.001980842 0.99999512 0.0024163488 -0.038481891 0.0041029178 -0.0024082059 0.99998868 2.6397809
252 0.99998639 0.0021616504 -0.0047481427 0.0099827836 -0.0021620663 0.99999766 -8.2457043e-05 -0.048879692 0.0047479533 9.272172e-05 0.99998872 2.6254707
253 0.99978749 -0.0079459102 -0.019022257 -0.01879327 0.0080763627 0.99994433 0.0067909128 -0.024687149 0.018967238 -0.0069431003 0.999796 0.67553811
254 0.99999053 0.0004142058 -0.0043332571 0.0029138024 -0.00040582697 0.99999805 0.0019343097 -0.0096862585 0.0043340499 -0.0019325328 0.99998874 0.68107176
255 0.99999331 0.00089438592 -0.0035465575 -0.0025502438 -0.00089790667 0.99999911 -0.00099125567 -0.0052259446 0.0035456677 0.00099443352 0.99999322 0.61400219
256 0.99999422 -0.00039589295 -0.0033765837 -0.0016996258 0.00039579777 0.99999992 -2.8857521e-05 -0.0052148376 0.0033765949 2.7520909e-05 0.9999943 0.6293684
257 0.99997346 0.0040664388 -0.0060443482 0.0077849174 -0.0040646559 0.99999169 0.00030721856 -0.031514777 0.0060455472 -0.00028264221 0.99998169 1.3785374
258 0.99995688 0.004694197 -0.00801327 0.0055744923 -0.0046832532 0.99998808 0.0013839298 -0.027342064 0.0080196709 -0.0013463419 0.99996694 1.337557
259 0.99995544 0.0078915571 -0.0051812655 -0.0036434251 -0.0078868001 0.99996846 0.00093790649 -0.014163427 0.0051885036 -0.00089700109 0.99998614 0.78243292
260 0.99998386 0.0016823547 -0.0054260372 -0.00090308802 -0.0016862787 0.99999832 -0.00071868854 -0.013615709 0.005424819 0.00072782675 0.99998502 0.61565231
