4 0.99998812 0.0015755441 0.0046149898 0.014520444 -0.0015482421 0.99998126 -0.0059133296 -0.12303099 -0.00462422 0.0059061157 0.99997191 6.7535905
5 0.99997875 0.0043339775 0.004872152 0.016310807 -0.0043076291 0.99997605 -0.005405256 -0.14647759 -0.0048954616 0.0053841551 0.99997356 8.105616
6 0.9999626 0.0065762723 0.0056200578 0.022405315 -0.0065417446 0.99995969 -0.0061398643 -0.16588997 -0.0056602088 0.0061028711 0.9999654 9.4421267
7 0.99995899 0.0078365461 0.0045417543 0.030590083 -0.0078083499 0.99995028 -0.0061927173 -0.18349733 -0.004590058 0.0061570012 0.99997055 10.779183
8 0.9999449 0.0099415394 0.0033756532 0.035662956 -0.0099214833 0.99993328 -0.0059065749 -0.20105554 -0.0034341484 0.0058727594 0.9999769 12.104622
9 0.99992201 0.012136066 0.0029525815 0.037902922 -0.012120314 0.99991247 -0.0052950382 -0.21844386 -0.0030165839 0.0052588405 0.99998166 13.446231
10 0.99988747 0.014844077 0.0021728801 0.038918867 -0.014831513 0.99987377 -0.0056874581 -0.23937581 -0.0022570307 0.0056545924 0.9999815 14.767499
11 0.99984892 0.017353909 0.001005072 0.039464241 -0.017347787 0.99983259 -0.0058075345 -0.26130246 -0.0011056869 0.0057892228 0.99998267 16.069009
12 0.99980809 0.019556794 0.0011624785 0.037845056 -0.019549847 0.99979251 -0.0057115774 -0.29009731 -0.0012739372 0.0056877564 0.99998305 17.330044
13 0.99976635 0.021608479 0.00059123153 0.034752042 -0.021604938 0.99975167 -0.0054499079 -0.32183013 -0.00070884866 0.0054358624 0.99998501 18.533339
14 0.99969824 0.024335304 -0.0033547775 0.033383046 -0.024353588 0.9996881 -0.0055222256 -0.34398551 0.0032193467 0.0056022615 0.99997916 19.825485
15 0.99966904 0.025428063 -0.0039057039 0.028401399 -0.025446111 0.99966535 -0.0046437104 -0.36401059 0.003786317 0.0047415598 0.99998163 21.149637
16 0.99957682 0.028593877 -0.0053472998 0.021883186 -0.02862231 0.99957609 -0.0053192659 -0.38550708 0.0051929353 0.0054700684 0.99997159 22.452433
17 0.99947053 0.031706862 -0.00730496 0.013253767 -0.03174848 0.99947984 -0.0056539176 -0.40268058 0.0071218932 0.0058828469 0.99995737 23.78197
18 0.99940768 0.033326568 -0.0085828228 0.0031799059 -0.033378329 0.99942496 -0.0059602024 -0.42222877 0.0083792552 0.0062431538 0.99994544 25.06173
19 0.99934087 0.034793834 -0.010355537 -0.0065782241 -0.034858966 0.99937309 -0.0061773103 -0.44127395 0.010134114 0.0065342235 0.99992734 26.330197
20 0.9992412 0.037302817 -0.011205433 -0.019688886 -0.03737437 0.99928176 -0.0062457315 -0.46030864 0.010964403 0.0066597897 0.99991775 27.600651
21 0.99925486 0.036797112 -0.011650236 -0.026415424 -0.036863748 0.99930479 -0.0055578092 -0.4863778 0.011437627 0.0059831406 0.99991673 28.906442
22 0.99907562 0.039486335 -0.01699298 -0.044794564 -0.03962507 0.99918328 -0.0079065953 -0.53381416 0.0166669 0.0085726363 0.99982439 30.506244
23 0.99896123 0.042268877 -0.017024612 -0.072804673 -0.04239197 0.99907692 -0.0069355624 -0.57882227 0.01671574 0.0076500663 0.99983105 32.115703
24 0.99870441 0.047305601 -0.018753774 -0.10310076 -0.047488634 0.99882713 -0.0094376228 -0.63003572 0.018285328 0.010315988 0.99977963 33.848514
25 0.99865791 0.049233044 -0.016078166 -0.13487324 -0.049384114 0.998738 -0.0091382031 -0.66856776 0.015607976 0.0099199467 0.99982902 35.256876
26 0.99849778 0.051918759 -0.017511635 -0.15628621 -0.052095098 0.99859429 -0.0097686272 -0.69879779 0.016979846 0.010666225 0.99979898 36.571698
27 0.99829564 0.055589439 -0.017766644 -0.17786854 -0.055771408 0.99839426 -0.0099161801 -0.72784376 0.017186882 0.010890152 0.99979302 37.899907
28 0.99814069 0.058129462 -0.018334873 -0.19686235 -0.058315294 0.99825036 -0.0097689405 -0.75811454 0.017734932 0.010819982 0.99978422 39.283576
29 0.99800977 0.060620252 -0.01736991 -0.22209048 -0.060763688 0.99812123 -0.0078523328 -0.78134513 0.016861268 0.0088921664 0.99981834 40.620558
30 0.99791185 0.062333024 -0.0169283 -0.24218846 -0.062472571 0.9980158 -0.0078435143 -0.80807025 0.016405803 0.008884692 0.99982598 41.966675
31 0.99779279 0.064605289 -0.01535392 -0.26271924 -0.064720207 0.99787807 -0.0071093218 -0.83524215 0.014862041 0.0080873405 0.99985689 43.303084
32 0.99741996 0.070542029 -0.013314197 -0.29736022 -0.070629499 0.99748318 -0.006217845 -0.86066944 0.01284207 0.0071421794 0.99989207 44.57066
33 0.9974542 0.070518505 -0.010596404 -0.31631975 -0.070586871 0.99748617 -0.0062227586 -0.8925306 0.010130948 0.0069548853 0.99992453 45.882361
34 0.99741042 0.071125388 -0.010660989 -0.32962988 -0.07119185 0.9974446 -0.0059900514 -0.91784426 0.010207702 0.0067335167 0.99992527 47.208652
35 0.99714955 0.074723304 -0.010451442 -0.34482138 -0.074785535 0.99718331 -0.0056960557 -0.93882909 0.0099963764 0.0064614375 0.9999292 48.532086
36 0.99695776 0.076964065 -0.012320333 -0.35758135 -0.077033644 0.99701447 -0.0052761044 -0.96418017 0.011877481 0.0062091349 0.99991022 49.855977
37 0.99660412 0.081098164 -0.014260129 -0.37771818 -0.081205345 0.99667201 -0.0071045222 -1.000213 0.013636509 0.0082383965 0.99987312 51.455516
38 0.99644578 0.083557921 -0.010672605 -0.3998133 -0.083623169 0.99648039 -0.0058210771 -1.0283011 0.010148646 0.0066928663 0.99992614 52.916643
39 0.99619473 0.086931293 -0.0062479258 -0.41827892 -0.086974396 0.99618593 -0.0069951612 -1.0611345 0.0056159981 0.0075119539 0.99995605 54.362228
40 0.99605118 0.088777699 -0.00077877417 -0.42785781 -0.088781021 0.99602408 -0.0073379011 -1.0865991 0.00012423612 0.007378067 0.99997281 55.752931
41 0.99602755 0.089034518 -0.0014138582 -0.43011585 -0.089042606 0.99600004 -0.0074314573 -1.1132629 0.00074654689 0.0075278314 0.99997143 57.066458
42 0.99595036 0.089863848 -0.0027186004 -0.43138944 -0.089882848 0.99592059 -0.0079452387 -1.1410244 0.0019935209 0.0081574206 0.99996478 58.372086
43 0.99574735 0.091977524 -0.0052321997 -0.43527469 -0.09201761 0.99572501 -0.0080218552 -1.1682779 0.0044720024 0.0084691972 0.99995417 59.668037
44 0.99545291 0.094790202 -0.0093993586 -0.44649028 -0.0948626 0.99546145 -0.007581413 -1.2016869 0.0086380564 0.008438589 0.99992712 60.972323
45 0.9954928 0.094102384 -0.011783881 -0.47277042 -0.094220539 0.99550198 -0.0099083422 -1.2527882 0.010798479 0.010973969 0.99988151 62.871504
46 0.9953067 0.095143241 -0.017674154 -0.49688326 -0.095342906 0.99538563 -0.010819094 -1.3020821 0.016563237 0.012453424 0.9997853 64.655373
47 0.99517573 0.095645764 -0.021844491 -0.52652318 -0.095903996 0.9953287 -0.011094656 -1.3528049 0.020681294 0.013136108 0.99969986 66.438394
48 0.99539137 0.094176845 -0.018076967 -0.54135734 -0.094331435 0.99550947 -0.0078971176 -1.3855722 0.017252068 0.0095659507 0.99980545 67.850412
49 0.9952032 0.096423405 -0.016527171 -0.55806216 -0.096566713 0.99529347 -0.0081028466 -1.4148203 0.015668083 0.0096599553 0.99983062 69.231934
50 0.99498583 0.098972798 -0.014408767 -0.57524832 -0.099105358 0.99503802 -0.0087953821 -1.4433229 0.013466769 0.010179268 0.99985754 70.601795
51 0.99455033 0.103195 -0.014847861 -0.59885821 -0.10333542 0.99460559 -0.0090214856 -1.4711143 0.013836794 0.010506633 0.9998491 71.895924
52 0.99423882 0.10592573 -0.01639914 -0.6228832 -0.10608638 0.99431378 -0.009255608 -1.5040103 0.015325485 0.010942012 0.99982272 73.173208
53 0.9937866 0.11031353 -0.014803565 -0.64903074 -0.11046097 0.99383462 -0.0095398045 -1.5418152 0.013659928 0.011115748 0.99984495 74.426343
54 0.99340371 0.11374168 -0.01455754 -0.66960349 -0.11388243 0.99345126 -0.0092335301 -1.584392 0.01341197 0.010830473 0.99985144 75.69443
55 0.99317539 0.11586364 -0.013352682 -0.68943648 -0.11600121 0.99319834 -0.01003339 -1.6206386 0.012099357 0.011513845 0.99986055 76.990022
56 0.99278341 0.11925919 -0.01258471 -0.70701372 -0.11939558 0.99278897 -0.010707046 -1.6538408 0.011217049 0.012132338 0.99986352 78.261259
57 0.99248549 0.12168308 -0.012876519 -0.72235433 -0.12181624 0.99250106 -0.010116145 -1.6802006 0.011548996 0.011608698 0.99986596 79.552765
58 0.99245644 0.12181805 -0.013806132 -0.73361077 -0.12194545 0.99249779 -0.0087939319 -1.7057219 0.012631297 0.010411191 0.99986606 80.872765
59 0.99243813 0.121943 -0.014017267 -0.74809619 -0.12205861 0.9924929 -0.0077088092 -1.7390491 0.012972004 0.0093614462 0.99987208 82.253691
60 0.99234963 0.12293287 -0.011390446 -0.76650133 -0.12302305 0.99237476 -0.0075861261 -1.772778 0.010371008 0.0089293787 0.99990639 83.659112
61 0.99249885 0.12214718 -0.0051127057 -0.78423608 -0.12219637 0.99244733 -0.010780553 -1.8246327 0.0037572775 0.011324443 0.99992886 85.463019
62 0.99261242 0.12131703 -0.0016684721 -0.78262428 -0.12132835 0.99253837 -0.012120397 -1.8683782 0.00018561218 0.012233292 0.99992519 86.935052
63 0.99241956 0.12288943 -0.0012769219 -0.78377578 -0.1228958 0.99234247 -0.012366047 -1.902681 -0.00025251237 0.012429237 0.99992276 88.214851
64 0.99232089 0.12367735 -0.0017898132 -0.77896141 -0.12368989 0.99225053 -0.011813985 -1.9380476 0.00031482095 0.011944648 0.99992865 89.524222
65 0.99198164 0.12638173 0.00032618271 -0.77943884 -0.12637008 0.99191925 -0.011255669 -1.9705078 -0.0017460578 0.011124199 0.99993664 90.814749
66 0.99187064 0.12725031 -0.00015590726 -0.77799623 -0.12724287 0.99179783 -0.012091156 -2.0059109 -0.0013839748 0.012012703 0.99992693 92.109956
67 0.99184001 0.12743277 -0.0037843568 -0.77363721 -0.12746942 0.9917705 -0.011945606 -2.041963 0.0022309522 0.012330522 0.99992153 93.406483
68 0.99173435 0.12810773 -0.0071704639 -0.77755126 -0.1281855 0.99168102 -0.011709502 -2.074917 0.005610736 0.012531867 0.99990577 94.700995
69 0.99178979 0.12759444 -0.0085264041 -0.78115648 -0.12768586 0.99175124 -0.011210719 -2.1108814 0.0070256472 0.01220738 0.99990084 96.015524
70 0.99176364 0.12794129 -0.005995303 -0.79015136 -0.12800231 0.99171016 -0.011236138 -2.1622284 0.0045080374 0.011911008 0.99991894 97.605258
71 0.99174417 0.12823084 -0.00061095518 -0.79024955 -0.1282295 0.9916799 -0.01131626 -2.2031556 -0.00084522141 0.011301179 0.99993582 98.916599
72 0.99151252 0.12999614 0.0019895807 -0.78736791 -0.12996481 0.99145087 -0.011584337 -2.2398276 -0.0034784906 0.011227441 0.99993096 100.16834
73 0.99124302 0.13205037 -9.481672e-05 -0.79098341 -0.13204323 0.9911814 -0.011131146 -2.275245 -0.0013758913 0.011046193 0.99993808 101.39468
74 0.99122386 0.13211088 -0.0046898785 -0.79590053 -0.13215197 0.99117967 -0.0099299215 -2.3157632 0.003336662 0.010462554 0.99993974 102.66705
75 0.99060713 0.13665227 -0.0048679404 -0.80300522 -0.13670012 0.99054631 -0.011444038 -2.369565 0.0032580671 0.012001995 0.9999227 104.03204
76 0.99008602 0.14042302 -0.0033287472 -0.80560327 -0.14045568 0.98999296 -0.013639366 -2.4285886 0.0013801555 0.01397169 0.99990148 105.5383
77 0.98933582 0.14564011 -0.001905792 -0.81131786 -0.14565215 0.98921705 -0.015328597 -2.487931 -0.00034721648 0.015442715 0.99988073 106.90172
78 0.98858359 0.15067327 0.00028235991 -0.81822064 -0.15065693 0.98850073 -0.01298728 -2.5278823 -0.0022359489 0.012796475 0.99991566 108.09395
79 0.9882605 0.15275 -0.0029395679 -0.81626079 -0.15277501 0.98818212 -0.012480828 -2.5745672 0.00099838222 0.012783404 0.99991783 109.61631
80 0.98829548 0.15241295 -0.0065088919 -0.81888987 -0.15248946 0.98821177 -0.01357743 -2.6367229 0.004362788 0.014411052 0.99988668 111.54051
81 0.98760617 0.15678859 -0.0071701284 -0.83313933 -0.15687597 0.98752022 -0.013914685 -2.6918582 0.0048989835 0.014867052 0.99987752 113.10884
82 0.98737896 0.1582145 -0.0071412933 -0.84261858 -0.15830937 0.98726591 -0.015621752 -2.7507007 0.0045787684 0.016555125 0.99985251 114.70718
83 0.98705486 0.16025936 -0.0062985417 -0.85124744 -0.16033984 0.98693923 -0.015555439 -2.7979113 0.0037233737 0.016363981 0.99985921 116.08593
84 0.98664266 0.16287948 -0.0025638605 -0.85828626 -0.16289963 0.98651182 -0.016063101 -2.8423211 -8.7070794e-05 0.016266195 0.99986773 117.44453
85 0.98643939 0.16412002 0.0014081949 -0.85856408 -0.16407223 0.98629927 -0.017144801 -2.8884702 -0.0042027067 0.016681263 0.99985206 118.88544
86 0.98604193 0.16649675 0.00041932192 -0.85785811 -0.16646517 0.98589812 -0.017150334 -2.9345431 -0.0032688836 0.016841148 0.99985287 120.26573
87 0.98580801 0.16787292 -0.0011317756 -0.85474785 -0.16786848 0.98567036 -0.016552779 -2.9783116 -0.0016632056 0.016507854 0.99986239 121.66296
88 0.98578004 0.16802921 -0.0019811987 -0.86217783 -0.16803646 0.98560007 -0.018871243 -3.0406322 -0.0012182505 0.018935811 0.99982 123.45699
89 0.98575776 0.16816002 -0.0019714336 -0.85868096 -0.16816692 0.98557567 -0.018983431 -3.0906703 -0.001249257 0.019044597 0.99981789 124.89349
90 0.98535637 0.17042976 -0.0051522229 -0.86590198 -0.17049821 0.98516932 -0.019278185 -3.1366628 0.0017902359 0.01987433 0.99980092 126.18516
91 0.98473619 0.17395446 -0.0058752659 -0.87268553 -0.17404013 0.98451911 -0.020785773 -3.1864021 0.002168534 0.021491038 0.99976673 127.47285
92 0.98424346 0.17670851 -0.0062405803 -0.88209808 -0.17680198 0.98402211 -0.021010078 -3.2348847 0.0024282099 0.021782381 0.99975983 128.76469
93 0.98380018 0.1791948 -0.0051437532 -0.89219768 -0.17926409 0.98357383 -0.021137182 -3.2859288 0.0012715883 0.021716856 0.99976339 130.04036
94 0.98320649 0.18245873 -0.0037202452 -0.90097878 -0.18249647 0.98297348 -0.02140221 -3.3307514 -0.00024811764 0.021721726 0.99976406 131.31221
95 0.98267108 0.18533257 -0.0030670696 -0.90815941 -0.18535563 0.98244173 -0.021246436 -3.3795916 -0.00092443937 0.02144676 0.9997696 132.58348
96 0.98215476 0.18804563 -0.0033007481 -0.91486878 -0.1880736 0.98194139 -0.020477152 -3.4301098 -0.00060949776 0.020732519 0.99978491 133.75261
97 0.98227734 0.18736081 -0.0052130807 -0.92019402 -0.18742834 0.98207374 -0.020041467 -3.480971 0.0013646444 0.020663361 0.9997856 135.00077
98 0.98205867 0.18840692 -0.0079762955 -0.93153634 -0.18853089 0.98186848 -0.019755476 -3.5284626 0.0041096051 0.020904817 0.99977306 136.19718
99 0.9816847 0.19019625 -0.010980126 -0.94477679 -0.1903817 0.98151651 -0.01949421 -3.5735901 0.0070694504 0.021227585 0.99974971 137.39701
100 0.98108998 0.1931361 -0.012685552 -0.96364393 -0.19335816 0.98093315 -0.019561916 -3.6163957 0.0086655668 0.021644858 0.99972821 138.61883
101 0.98064686 0.19525589 -0.014384115 -0.98144596 -0.19550273 0.98053025 -0.01841162 -3.6611149 0.010509083 0.020867434 0.99972706 139.83623
102 0.9801717 0.19744413 -0.016711735 -1.0027502 -0.19773108 0.98009598 -0.017724947 -3.7108476 0.012879419 0.020677923 0.99970327 141.17226
103 0.98012957 0.19770077 -0.016138686 -1.0386303 -0.19799295 0.98001675 -0.019126797 -3.781152 0.012034801 0.021942088 0.99968684 143.12824
104 0.98011476 0.19750748 -0.019128234 -1.064733 -0.19785082 0.98006481 -0.018108302 -3.8478052 0.015170385 0.021532753 0.99965308 144.85605
105 0.97998881 0.19836028 -0.016587857 -1.0907646 -0.19864773 0.97990612 -0.017970909 -3.9003504 0.012689829 0.020906432 0.99970094 146.34977
106 0.97963898 0.19974937 -0.020191196 -1.1173528 -0.200091 0.97963665 -0.016598375 -3.9348469 0.016464523 0.020300495 0.99965838 147.5739
107 0.97934501 0.20091563 -0.022721964 -1.1498461 -0.2012857 0.97941213 -0.015357 -3.9716003 0.019168708 0.01961341 0.99962391 148.79482
108 0.98006233 0.19697916 -0.026020356 -1.1818296 -0.19740538 0.98020785 -0.014952167 -4.0183109 0.022560094 0.019790616 0.99954962 150.06453
109 0.98021083 0.19582458 -0.028974146 -1.2177946 -0.19630721 0.98042998 -0.014846494 -4.0623448 0.025499815 0.02024053 0.99946994 151.36995
110 0.97977618 0.19752496 -0.031977526 -1.2606096 -0.19806951 0.98007564 -0.014835122 -4.1000583 0.02841009 0.020868875 0.99937852 152.68435
111 0.97980436 0.19684882 -0.03512807 -1.3057952 -0.19746684 0.98019389 -0.015055168 -4.1412818 0.031468731 0.021687752 0.99926945 153.99423
112 0.97919649 0.19909734 -0.03917285 -1.3562454 -0.19981239 0.97971566 -0.015235304 -4.1798167 0.035344949 0.02274558 0.99911633 155.2897
113 0.9786686 0.20141426 -0.040498187 -1.4116562 -0.20215653 0.97923655 -0.015112727 -4.2158123 0.036613389 0.022977327 0.99906535 156.57082
114 0.97829173 0.2028922 -0.042190985 -1.4700624 -0.20365539 0.97893356 -0.014609769 -4.2550618 0.038337966 0.02288504 0.99900278 157.86073
115 0.97761763 0.20566722 -0.044325955 -1.5315133 -0.20648713 0.97833822 -0.014739974 -4.2953893 0.04033425 0.023562801 0.99890841 159.14464
116 0.97696282 0.20770548 -0.049011357 -1.5967042 -0.20860747 0.977899 -0.014012451 -4.3331631 0.045017698 0.023913782 0.99869996 160.44006
117 0.97620465 0.21023027 -0.053176513 -1.6617089 -0.21126588 0.97731946 -0.014604201 -4.3678967 0.0489002 0.025491074 0.99847837 161.66132
118 0.97573374 0.21171506 -0.055860746 -1.7279695 -0.21282304 0.97698124 -0.014625249 -4.3987911 0.051478519 0.026158806 0.99833149 162.86285
119 0.97498457 0.21442596 -0.058537379 -1.7971236 -0.21558498 0.97638198 -0.014185461 -4.4252164 0.054113116 0.026450388 0.99818446 164.06134
120 0.97385599 0.21965465 -0.057934253 -1.8768315 -0.2207752 0.97522943 -0.013628825 -4.4491994 0.053505558 0.026062962 0.99822741 165.2489
121 0.97320948 0.22287214 -0.056492071 -1.9592549 -0.22392491 0.97452009 -0.012965885 -4.4793415 0.052162928 0.025268507 0.99831889 166.52273
122 0.9725495 0.22593049 -0.055703849 -2.0415507 -0.22691718 0.97384017 -0.011992048 -4.5079068 0.05153728 0.024303024 0.99837535 167.78403
123 0.97195256 0.22870384 -0.054797757 -2.1244656 -0.22961779 0.97321952 -0.010923003 -4.5364604 0.050832119 0.023199184 0.99843776 169.04137
124 0.97146078 0.23037554 -0.056489713 -2.1998097 -0.23129497 0.97282984 -0.010228203 -4.5651579 0.052598555 0.023002088 0.99835083 170.31108
125 0.9708403 0.23247462 -0.058520912 -2.275956 -0.23343277 0.97232134 -0.010011957 -4.5916782 0.054573611 0.023380713 0.99823601 171.57712
126 0.97026234 0.23488985 -0.058461783 -2.3557868 -0.23584882 0.9717384 -0.0099849972 -4.617182 0.05446419 0.023476212 0.99823975 172.85646
127 0.96916992 0.23982869 -0.056496892 -2.4430491 -0.24079165 0.97051666 -0.010802111 -4.6438363 0.052240523 0.024073063 0.99834438 174.13626
128 0.96848578 0.24280472 -0.055508461 -2.5219331 -0.24374414 0.96978016 -0.010728821 -4.6684903 0.051226 0.023920575 0.99840061 175.40475
129 0.96772865 0.24634654 -0.05305355 -2.5996892 -0.24723619 0.96889485 -0.010812798 -4.6972047 0.048739621 0.023580615 0.99853316 176.66671
130 0.96706866 0.24946805 -0.050437436 -2.6661407 -0.25028052 0.96811755 -0.01039008 -4.729011 0.046237378 0.022671432 0.99867321 177.93074
131 0.96747214 0.24751389 -0.052293067 -2.7287799 -0.24826592 0.96865622 -0.0083087729 -4.7625817 0.048597472 0.021021095 0.99859725 179.20644
132 0.96824325 0.24398083 -0.054574615 -2.7870983 -0.24479669 0.96953535 -0.0086982787 -4.7974302 0.05078981 0.021781738 0.99847185 180.48849
133 0.96775066 0.2447256 -0.059733295 -2.8467774 -0.24564056 0.96932475 -0.008374417 -4.8281265 0.055851532 0.02277727 0.99817928 181.74467
134 0.96687494 0.24716354 -0.06374219 -2.9236005 -0.24814354 0.96869164 -0.0078207742 -4.8537333 0.059813521 0.023378926 0.99793579 182.97128
135 0.96607656 0.24952609 -0.06657965 -3.0060546 -0.25051468 0.96808884 -0.0068029254 -4.8783996 0.062757514 0.023251329 0.99775796 184.19678
136 0.96539353 0.25130683 -0.069715456 -3.0938935 -0.25229549 0.96763389 -0.0056147419 -4.9030882 0.06604802 0.023009334 0.99755115 185.42517
137 0.96497695 0.25257989 -0.070872482 -3.1840593 -0.25349872 0.96732682 -0.0041359041 -4.9223498 0.067512212 0.021957139 0.99747685 186.65451
138 0.96401605 0.2558152 -0.072330301 -3.2816446 -0.25679215 0.96645663 -0.0043890322 -4.9471111 0.068781323 0.022804954 0.99737111 187.92771
139 0.96345363 0.2578826 -0.072482361 -3.3774702 -0.25886196 0.96590471 -0.0042972128 -4.9732369 0.068902883 0.022903094 0.99736048 189.19977
140 0.96291935 0.25996273 -0.072150796 -3.472758 -0.2609064 0.96535651 -0.0038130194 -4.9973995 0.068660004 0.022496238 0.99738648 190.48681
141 0.96233904 0.2614393 -0.07451909 -3.5740054 -0.26235624 0.96496747 -0.002619862 -5.0233167 0.071223569 0.022071746 0.99721618 191.8796
142 0.96182542 0.26295938 -0.075790855 -3.7078925 -0.26391167 0.96454313 -0.0026558561 -5.0531357 0.072405173 0.022556564 0.99712024 193.58407
143 0.96086695 0.26637068 -0.076035508 -3.8330756 -0.26730058 0.96361077 -0.0021389752 -5.0851096 0.07269888 0.022379609 0.99710285 195.12233
144 0.96063703 0.26877201 -0.070271905 -3.9428387 -0.26954599 0.96298613 -0.0015959069 -5.1121211 0.067241941 0.0204746 0.99752664 196.49336
145 0.95953282 0.27235478 -0.071551848 -4.0418161 -0.27318972 0.96195811 -0.0019651401 -5.1391667 0.068294671 0.021432849 0.99743498 197.79809
146 0.958808 0.27449487 -0.073074073 -4.1423168 -0.27535922 0.9613396 -0.0018315217 -5.1606063 0.069746263 0.021877701 0.99732487 199.1031
147 0.95801579 0.27690298 -0.074367431 -4.2455661 -0.2778225 0.96063004 -0.0021114129 -5.1793484 0.070854938 0.022683716 0.99722871 200.413
148 0.95704563 0.28003854 -0.075113909 -4.3443587 -0.28101502 0.95969993 -0.0025458405 -5.1995798 0.071373886 0.023544625 0.99717175 201.63663
149 0.95605389 0.28323502 -0.075755622 -4.4389622 -0.28425337 0.95874508 -0.0027900108 -5.2179162 0.071840107 0.024201194 0.99712255 202.85099
150 0.95497607 0.28710801 -0.074764523 -4.5341174 -0.28809573 0.95759816 -0.0025469967 -5.2369614 0.070863113 0.023971664 0.997198 204.03509
151 0.95462144 0.28818661 -0.07514257 -4.6270146 -0.28906092 0.95731031 -0.00079509472 -5.2572659 0.071705628 0.022479798 0.99717252 205.2305
152 0.9540854 0.28923056 -0.07788942 -4.7236489 -0.29008897 0.95699957 0.00030640734 -5.2804795 0.07462877 0.022302526 0.996962 206.50317
153 0.95333533 0.29107072 -0.080184864 -4.8419324 -0.29194773 0.95643386 0.00082068625 -5.3061167 0.076930403 0.022627402 0.99677971 207.97497
154 0.95292561 0.29265212 -0.079294115 -4.9577042 -0.2934554 0.95597139 0.0015875063 -5.3235178 0.076267499 0.021756514 0.99685004 209.39256
155 0.95239998 0.29518494 -0.076158758 -5.0653685 -0.29599405 0.95518947 0.00069344072 -5.3400469 0.072950743 0.021882109 0.9970955 210.76373
156 0.95166803 0.29810645 -0.073895435 -5.1707212 -0.29892894 0.95427531 -7.4233228e-05 -5.3556778 0.070494466 0.022160132 0.99726603 212.0961
157 0.9509776 0.30012505 -0.074609516 -5.2715506 -0.30095 0.95363984 0.00019432429 -5.3715968 0.071208935 0.022268938 0.99721285 213.39358
158 0.95000441 0.30283136 -0.076058011 -5.3719768 -0.30371892 0.95276161 -0.0001081026 -5.3872081 0.072432422 0.023202958 0.99710343 214.6684
159 0.94953078 0.30396593 -0.077434132 -5.4746188 -0.3048455 0.95240163 0.00048381172 -5.4037263 0.073895462 0.023146055 0.99699739 215.93453
160 0.94904742 0.30486488 -0.079789878 -5.5772703 -0.30577406 0.95210365 0.00086322595 -5.4206671 0.076231407 0.023578435 0.99681137 217.1939
161 0.94990462 0.30235164 -0.079150026 -5.6758803 -0.30308797 0.95295832 0.002828151 -5.4399135 0.076281778 0.02130295 0.99685874 218.56289
162 0.94933411 0.30422725 -0.078807046 -5.7928611 -0.3049135 0.95237367 0.0034670903 -5.4595205 0.076108546 0.020737908 0.9968839 220.06325
163 0.94881525 0.30591044 -0.078539543 -5.9146331 -0.30644056 0.95187379 0.0055088242 -5.4761914 0.076444946 0.018840848 0.99689582 221.57116
164 0.94962536 0.30483607 -0.07270959 -6.0436554 -0.30536456 0.95222703 0.0040051715 -5.493748 0.070456964 0.018399522 0.99734515 223.18361
165 0.94880854 0.30541861 -0.080510012 -6.157505 -0.30577873 0.95206791 0.0081205607 -5.5075557 0.079131176 0.016913394 0.99672076 224.60969
166 0.94789235 0.30835385 -0.080112598 -6.2778151 -0.30870112 0.9511226 0.0083244423 -5.5129865 0.078763783 0.016840176 0.9967511 225.97065
167 0.94707863 0.31081013 -0.08024435 -6.3861576 -0.31126044 0.95029766 0.0071535352 -5.5198129 0.078479416 0.018201934 0.99674959 227.28913
168 0.94646519 0.31260243 -0.080519514 -6.4944047 -0.31308013 0.94970123 0.0069482048 -5.5242399 0.078641514 0.018632829 0.99672885 228.60112
169 0.94552521 0.31502602 -0.08210185 -6.6054315 -0.31552269 0.9488907 0.0071935467 -5.5287196 0.080171843 0.019103319 0.99659802 229.91376
170 0.94445987 0.31828079 -0.081810309 -6.7190024 -0.31879573 0.94779724 0.0070392435 -5.5338868 0.079780048 0.019432497 0.9966231 231.21494
171 0.9434103 0.32112191 -0.08281155 -6.8398099 -0.32164471 0.94683213 0.0073130707 -5.5454159 0.08075703 0.019736674 0.99653843 232.58304
172 0.94246288 0.32339977 -0.084713228 -6.9656209 -0.32390881 0.94605403 0.0080462923 -5.5567262 0.082745467 0.019856032 0.99637292 233.97029
173 0.94183406 0.32550091 -0.083652817 -7.1095696 -0.32598407 0.94533963 0.008200585 -5.5685733 0.081749628 0.019545898 0.99646126 235.5411
174 0.94068358 0.32880359 -0.083681709 -7.2402886 -0.32933923 0.94418007 0.0077172579 -5.5804052 0.081548071 0.020300175 0.99646269 236.99097
175 0.93986223 0.33084906 -0.084840535 -7.3613976 -0.3313555 0.94346807 0.0084512166 -5.5885681 0.08284042 0.020169401 0.99635874 238.34027
176 0.93898189 0.33316605 -0.085518517 -7.4815732 -0.33371821 0.94263734 0.0081784536 -5.591985 0.083337737 0.020859669 0.99630305 239.66403
177 0.93846208 0.33435248 -0.086587336 -7.5979487 -0.33493186 0.94220678 0.0081804636 -5.5952143 0.08431834 0.021323805 0.99621072 240.97815
178 0.93768757 0.33609809 -0.088205012 -7.714445 -0.33665409 0.94158586 0.0089434387 -5.5985589 0.086058472 0.021308429 0.99606223 242.28504
179 0.93693993 0.3381972 -0.08812635 -7.8312616 -0.33870809 0.94084301 0.0095469723 -5.5982253 0.086141827 0.020904171 0.99606359 243.57968
180 0.93622323 0.3406002 -0.086473126 -7.9489562 -0.34108196 0.93998449 0.0095989693 -5.6045132 0.084552815 0.020507648 0.99620798 244.80045
181 0.93575244 0.34122514 -0.089066356 -8.0638976 -0.34169045 0.93975446 0.010443563 -5.6163611 0.087264119 0.020660537 0.99597098 246.02266
182 0.93548503 0.34157824 -0.090510221 -8.1795419 -0.34199959 0.93963214 0.011295953 -5.624819 0.088904772 0.020387267 0.9958315 247.2427
183 0.93539367 0.34118702 -0.092898469 -8.3010494 -0.34152858 0.93978564 0.012691223 -5.6334708 0.091634735 0.019856195 0.99559474 248.4866
184 0.93509876 0.34190983 -0.093209463 -8.428358 -0.3422524 0.93952101 0.012784906 -5.635687 0.091943542 0.019946015 0.99556447 249.78295
185 0.93452243 0.34342936 -0.093403115 -8.5575665 -0.34380479 0.93895721 0.01254972 -5.6362264 0.092011479 0.020384446 0.99554932 251.10483
186 0.93384044 0.34470876 -0.095487856 -8.688318 -0.34513045 0.93847022 0.012589344 -5.6387314 0.093952174 0.021199331 0.99535102 252.42035
187 0.93304965 0.34604501 -0.098342462 -8.8201056 -0.34646356 0.93796855 0.013337303 -5.6394018 0.096857451 0.021627717 0.99506329 253.73088
188 0.93178311 0.34845165 -0.10179251 -8.9555602 -0.34885149 0.9370669 0.014427248 -5.6357845 0.1004136 0.022067406 0.99470107 255.03698
189 0.93043509 0.3516207 -0.10321554 -9.093206 -0.35206493 0.93586338 0.014487893 -5.6315391 0.10168989 0.022858529 0.99455353 256.33476
190 0.93010117 0.35161437 -0.10620344 -9.2309747 -0.35204682 0.93585774 0.015271339 -5.6275062 0.10476094 0.023184695 0.99422718 257.63191
191 0.92966373 0.35157359 -0.1100972 -9.3723164 -0.35197212 0.93586602 0.016440545 -5.6228945 0.1088163 0.023466969 0.99378488 258.92739
192 0.92905613 0.35239773 -0.11256361 -9.5194514 -0.35276968 0.93555087 0.017262862 -5.619814 0.11139239 0.023670865 0.99349459 260.22325
193 0.92799218 0.35472053 -0.11403456 -9.672556 -0.35503374 0.93467546 0.018240404 -5.6115741 0.11305556 0.023559167 0.99330936 261.53293
194 0.92663479 0.35811811 -0.11445268 -9.8248698 -0.35855616 0.933345 0.017449425 -5.5994499 0.1130728 0.024868473 0.99327548 262.8364
195 0.92632759 0.35920522 -0.11352899 -9.9734976 -0.35967572 0.93292196 0.01702553 -5.5889897 0.11202936 0.025062407 0.99338883 264.14919
196 0.92574266 0.36081316 -0.11320078 -10.123807 -0.36128493 0.93229966 0.017041525 -5.5758365 0.11168586 0.025121673 0.99342601 265.45122
197 0.92493794 0.36278493 -0.11347661 -10.275566 -0.36327806 0.93152488 0.017039019 -5.5608151 0.11188779 0.02546353 0.99339459 266.75609
198 0.924278 0.36433969 -0.11387188 -10.430637 -0.36485788 0.93090783 0.017006411 -5.5501314 0.11220034 0.025828404 0.99334992 268.07856
199 0.92332349 0.36613301 -0.1158464 -10.592732 -0.36661652 0.93020025 0.017880372 -5.5400921 0.11430695 0.025961839 0.99310623 269.41601
200 0.92216624 0.36832489 -0.11809413 -10.759313 -0.36875183 0.92933322 0.01901933 -5.5315528 0.11675411 0.026008447 0.99282028 270.79195
201 0.92139394 0.37006579 -0.11867832 -10.975323 -0.37064294 0.92860108 0.017992613 -5.5277943 0.11686327 0.027408998 0.99276976 272.52536
202 0.92020229 0.37247287 -0.12038161 -11.188038 -0.37320241 0.92758897 0.017278529 -5.5255397 0.11810045 0.029026969 0.99257735 274.23546
203 0.91999794 0.3752744 -0.11301748 -11.351932 -0.37577561 0.9265425 0.017651213 -5.5201089 0.11133956 0.026230137 0.99343624 275.60841
204 0.91869228 0.37887804 -0.11160628 -11.505451 -0.37948132 0.92505009 0.016617373 -5.5210221 0.10953737 0.02708625 0.9936136 276.96664
205 0.91690309 0.38305972 -0.11204463 -11.663363 -0.38377291 0.92328889 0.01599556 -5.5199477 0.10957682 0.028333318 0.99357447 278.32636
206 0.91559713 0.38547255 -0.11442393 -11.822172 -0.38618522 0.92226869 0.016772532 -5.5168386 0.11199497 0.028831953 0.99329045 279.64408
207 0.91399929 0.38794065 -0.11877453 -11.989814 -0.38858696 0.92122377 0.018623029 -5.5119382 0.11664256 0.0291328 0.99274663 281.02702
208 0.91287638 0.3901854 -0.12005038 -12.161487 -0.39080493 0.92027065 0.019321724 -5.5037129 0.1180179 0.029277937 0.9925798 282.3764
209 0.91197875 0.39213759 -0.12051102 -12.334979 -0.39279347 0.91942482 0.019265751 -5.4987476 0.11835566 0.029765991 0.99252506 283.72972
210 0.91074623 0.39430832 -0.12272848 -12.529784 -0.39495189 0.91848229 0.020079018 -5.4940218 0.12064127 0.03018496 0.99223718 285.23882
211 0.909787 0.3959919 -0.12441083 -12.710944 -0.39654317 0.91776726 0.021369317 -5.4842582 0.12264227 0.029892742 0.99200069 286.60783
212 0.90907488 0.39596843 -0.12958355 -12.923985 -0.3965597 0.91773744 0.022322222 -5.4799749 0.12776258 0.031095045 0.99131725 288.2437
213 0.90687675 0.39875208 -0.13627681 -13.119526 -0.39916525 0.91652479 0.025481147 -5.4680881 0.13506175 0.031288713 0.99034308 289.67511
214 0.90438671 0.40140347 -0.14477558 -13.329231 -0.40167045 0.9153348 0.028686822 -5.45499 0.14403313 0.032208096 0.98904862 291.09505
215 0.90343063 0.40110908 -0.1514088 -13.649795 -0.40168439 0.91534588 0.028132849 -5.4354907 0.14987577 0.035402477 0.98807084 293.14115
216 0.90150422 0.40323188 -0.15714396 -13.927391 -0.40408364 0.9142953 0.027935559 -5.4153023 0.1549405 0.038315283 0.98718056 294.87505
217 0.90220117 0.40318298 -0.15322066 -14.144497 -0.40380511 0.91440269 0.028443686 -5.3957395 0.15157341 0.036209363 0.9877826 296.26067
218 0.90198249 0.40415113 -0.15195227 -14.349664 -0.4047713 0.91398191 0.028233807 -5.3774799 0.15029236 0.036039521 0.98798453 297.58644
219 0.90204168 0.40498211 -0.1493664 -14.549796 -0.40572588 0.91360035 0.026847683 -5.3569566 0.14733404 0.03638409 0.9884174 298.92854
220 0.90244265 0.40519723 -0.14633006 -14.744022 -0.40558384 0.91361198 0.028544284 -5.3365569 0.14525498 0.033589534 0.98882395 300.23109
221 0.90195783 0.40605471 -0.14694105 -14.939141 -0.40564983 0.91339277 0.034084374 -5.3077375 0.14805502 0.028863946 0.98855787 301.57148
222 0.90082123 0.40743844 -0.15005018 -15.342009 -0.40722187 0.91271145 0.033586252 -5.2604739 0.15063686 0.03084851 0.98810778 304.21036
223 0.89985406 0.40828336 -0.15351674 -15.754858 -0.40825564 0.91226477 0.033169238 -5.2145467 0.15359038 0.032826605 0.98758923 306.86681
224 0.89840998 0.40948615 -0.15868407 -16.180586 -0.40981427 0.91160105 0.032181983 -5.1735883 0.15783466 0.036118387 0.98680482 309.5147
225 0.89707711 0.40995503 -0.16489255 -16.614459 -0.41040032 0.91130948 0.032961891 -5.1359997 0.16378105 0.038102601 0.98576064 312.11196
226 0.89628034 0.40990425 -0.16929292 -17.062221 -0.41028387 0.91130952 0.034379905 -5.0945787 0.16837073 0.038644126 0.98496599 314.68928
227 0.89377704 0.41155711 -0.17827894 -17.365919 -0.41174374 0.91051892 0.037713014 -5.0612626 0.17784742 0.039698215 0.98325705 316.35618
228 0.89244271 0.41199539 -0.18386365 -17.716808 -0.41239486 0.9102169 0.037888792 -5.0220584 0.18296582 0.042010853 0.9822213 318.19091
229 0.89153246 0.41207912 -0.18804442 -18.084047 -0.41273698 0.91007711 0.037519673 -4.9829254 0.18659601 0.044162885 0.98144365 320.05291
230 0.89120126 0.4117926 -0.19022932 -18.47279 -0.4129241 0.9100714 0.035547543 -4.9453579 0.1877605 0.046870262 0.98109594 321.98173
231 0.89122288 0.41113189 -0.19155256 -18.866115 -0.41242713 0.91031944 0.034960939 -4.9087571 0.18874759 0.047843489 0.98085953 323.91956
232 0.89107096 0.41059786 -0.19339588 -19.295615 -0.41234578 0.91042792 0.0330431 -4.8739597 0.18964045 0.050302232 0.98056426 326.03422
233 0.89051176 0.41055638 -0.19604155 -19.753105 -0.41264008 0.91033043 0.032039759 -4.8401584 0.19161674 0.052362825 0.98007206 328.28636
234 0.88995729 0.41074111 -0.19816101 -20.236946 -0.41304748 0.91016363 0.0315249 -4.8066812 0.19330754 0.053794098 0.97966243 330.63838
235 0.88818584 0.41221255 -0.20299448 -20.730668 -0.4148086 0.90935851 0.031635645 -4.7734701 0.19763538 0.05610553 0.97866874 333.01981
236 0.88701793 0.41249215 -0.20748361 -21.174652 -0.4153469 0.90910996 0.03171615 -4.7379655 0.20170809 0.058044884 0.97772425 335.11975
237 0.88726794 0.41058616 -0.21017762 -21.559339 -0.4130697 0.91006274 0.034045796 -4.7033435 0.20525357 0.05661027 0.97707028 336.91271
238 0.88682586 0.41000015 -0.21316614 -21.872266 -0.4117649 0.91049015 0.038173694 -4.6659352 0.20973691 0.05392092 0.97626996 338.36887
239 0.8854029 0.41053263 -0.21800157 -22.402525 -0.41227519 0.91019761 0.039615157 -4.6155753 0.21468784 0.054801271 0.97514411 340.72571
240 0.88474866 0.41015787 -0.22133766 -22.865119 -0.41179937 0.91035652 0.040892064 -4.5682079 0.2182684 0.054967516 0.97433955 342.73742
241 0.88263866 0.41182487 -0.22660384 -23.266492 -0.41326075 0.90957935 0.043368555 -4.5229366 0.22397444 0.055367714 0.97302104 344.43796
242 0.88231438 0.41106142 -0.2292376 -23.721466 -0.41261643 0.90986912 0.043425187 -4.4733585 0.22642665 0.056272541 0.97240138 346.34016
243 0.88158241 0.41123663 -0.23172598 -24.185572 -0.41316287 0.90966444 0.042508048 -4.4267346 0.22827377 0.058266228 0.97185195 348.24495
244 0.88201945 0.4109033 -0.23065168 -24.636121 -0.41309122 0.90976353 0.041059074 -4.3808758 0.22670981 0.059065289 0.97216975 350.07699
245 0.88192777 0.41065245 -0.23144762 -25.095381 -0.41327447 0.90975448 0.039381141 -4.3379952 0.22673249 0.060920074 0.97205 351.94931
246 0.88198481 0.41098639 -0.23063611 -25.536751 -0.41392531 0.90952416 0.037835421 -4.3007807 0.22531898 0.062095863 0.97230424 353.74766
247 0.88185965 0.41235233 -0.22866821 -25.941454 -0.41576431 0.9087834 0.035392693 -4.2724648 0.22240415 0.0638607 0.97286087 355.41567
248 0.8814825 0.41368327 -0.22771646 -26.337734 -0.41728517 0.90812224 0.034452477 -4.2452743 0.22104681 0.064653451 0.97311783 357.07219
249 0.88113765 0.41569023 -0.22538432 -26.727247 -0.41939643 0.90718304 0.033547777 -4.2165819 0.21841034 0.064965178 0.97369221 358.71506
250 0.88189818 0.41632302 -0.221203 -27.119961 -0.42015188 0.90689691 0.031784751 -4.1879326 0.21384106 0.064907949 0.97470972 360.37882
251 0.88144239 0.4171711 -0.2214218 -27.525658 -0.42111464 0.90646227 0.031440293 -4.1605517 0.21382651 0.065531161 0.97467121 362.11582
252 0.88179183 0.41421207 -0.22554727 -28.010493 -0.41863927 0.90765089 0.030181089 -4.1312684 0.21721957 0.067809512 0.97376466 364.17071
253 0.88079957 0.41473582 -0.22844329 -28.506009 -0.4197497 0.90718978 0.028579257 -4.1027937 0.21909428 0.070716414 0.97313769 366.23512
254 0.88023454 0.41519137 -0.22978971 -29.00486 -0.4206777 0.90680828 0.026998256 -4.0773716 0.21958467 0.072902615 0.9728658 368.29472
255 0.87931196 0.41614549 -0.23158895 -29.523864 -0.42213622 0.90617303 0.025521058 -4.0564051 0.22048015 0.07532112 0.97247895 370.41814
256 0.87852746 0.41524937 -0.23613023 -30.016944 -0.42164839 0.90640848 0.025222762 -4.0381902 0.22450419 0.077405049 0.97139405 372.40232
257 0.87760249 0.41421133 -0.2413356 -30.54296 -0.42125269 0.90662036 0.024198741 -4.021134 0.22882318 0.080426405 0.97014 374.48337
258 0.87637083 0.41733103 -0.24043505 -30.897515 -0.42515389 0.90487813 0.020967234 -4.0065247 0.22631472 0.083846834 0.97043878 375.8876
259 0.87521213 0.41838926 -0.24280483 -31.241722 -0.426175 0.9043688 0.022176928 -3.9933318 0.22886372 0.08406784 0.96982167 377.27191
260 0.87319869 0.42083804 -0.24580364 -31.597687 -0.42852215 0.90321014 0.024085099 -3.978838 0.23214828 0.084301233 0.96902041 378.65679
261 0.87083076 0.4248584 -0.24728357 -31.957843 -0.43274126 0.90118794 0.024396551 -3.9645131 0.23321407 0.085764543 0.96863601 380.01408
262 0.87098184 0.42363959 -0.24883762 -32.478475 -0.43198436 0.90159021 0.02290156 -3.9510378 0.23405159 0.087547124 0.96827446 381.97478
263 0.87075015 0.42315774 -0.25046303 -32.99463 -0.43178099 0.90170235 0.022314504 -3.9400173 0.23528568 0.088714827 0.967869 383.91199
264 0.87117119 0.42229873 -0.25044874 -33.526879 -0.43084342 0.90214593 0.022506427 -3.9283607 0.23544577 0.088297252 0.96786826 385.90227
265 0.87127445 0.42196076 -0.25065908 -34.080614 -0.43054763 0.90229065 0.022365438 -3.9145382 0.2356047 0.088434247 0.96781707 387.97879
266 0.87008986 0.42192758 -0.25479558 -34.560076 -0.43060956 0.90223029 0.02357508 -3.902593 0.23983129 0.089204985 0.96670756 389.76571
267 0.86760649 0.42390546 -0.25992918 -35.027049 -0.43295156 0.90108665 0.024406519 -3.8822436 0.24456479 0.091361499 0.96531923 391.48863
268 0.86831047 0.42289451 -0.25922421 -35.536158 -0.43186703 0.90161061 0.024270558 -3.8561575 0.2439832 0.090876017 0.96551221 393.35153
