4 0.9999727 0.0052151192 0.0052338764 0.012559504 -0.0051797616 0.99996383 -0.0067464957 -0.039454421 -0.0052688708 0.0067192013 0.99996355 1.492534
5 0.99999616 0.0027608222 0.00025636484 -0.0044254206 -0.0027609523 0.99999606 0.00050847913 -0.01545813 -0.00025496001 -0.00050918499 0.99999984 1.3521343
6 0.99999721 0.0022387992 0.00075109426 -0.00036483732 -0.0022382498 0.99999723 -0.00073139334 -0.012189523 -0.00075272962 0.00072971017 0.99999945 1.3366099
7 0.99999863 0.0012599818 -0.0010779466 0.00073162599 -0.0012600471 0.9999992 -5.9910635e-05 -0.0093929466 0.0010778702 6.1268816e-05 0.99999942 1.3371642
8 0.9999971 0.0021063444 -0.0011683166 -0.00087407806 -0.0021060221 0.99999774 0.00027702903 -0.0093568517 0.0011688975 -0.00027456772 0.99999928 1.3255319
9 0.9999975 0.0021967198 -0.00042913214 -0.0021949226 -0.002196459 0.9999974 0.00060731794 -0.0094859531 0.00043046513 -0.00060637385 0.99999972 1.3416879
10 0.99999604 0.0027070751 -0.00077488384 -0.0027161478 -0.0027073871 0.99999625 -0.00040184886 -0.013969458 0.0007737931 0.00040394517 0.99999962 1.3213573
11 0.99999617 0.0025098567 -0.0011658984 -0.0020670314 -0.0025100185 0.99999684 -0.00013738976 -0.014556274 0.0011655499 0.00014031566 0.99999931 1.301612
12 0.99999756 0.0022033591 0.00015571768 -0.0025137229 -0.0022033745 0.99999757 9.8674912e-05 -0.021517725 -0.00015549989 -9.9017776e-05 0.99999998 1.2611788
13 0.99999773 0.0020524106 -0.00057625541 -0.004004971 -0.0020522665 0.99999786 0.00025045465 -0.024942677 0.00057676821 -0.00024927146 0.9999998 1.2034519
14 0.9999885 0.0027274437 -0.0039435204 -0.001805946 -0.0027280864 0.99999627 -0.00015759879 -0.01515554 0.0039430758 0.00016835524 0.99999221 1.2922458
15 0.99999924 0.0010902118 -0.00057214719 -0.00022955578 -0.0010897168 0.99999903 0.00086484813 -0.01272182 0.0005730895 -0.00086422399 0.99999946 1.3242521
16 0.99999396 0.003169796 -0.0014239665 -0.0010362565 -0.0031708123 0.99999472 -0.00071203404 -0.015477762 0.0014217019 0.00071654487 0.99999873 1.3028971
17 0.99999325 0.0031165665 -0.0019473271 -0.0012300207 -0.0031173327 0.99999506 -0.0003905648 -0.010140319 0.0019461002 0.00039663263 0.99999803 1.3296371
18 0.99999788 0.0016231572 -0.001267547 -0.00033359319 -0.0016235979 0.99999862 -0.00034671273 -0.012328807 0.0012669825 0.00034876999 0.99999914 1.2798888
19 0.99999736 0.0014705666 -0.0017645692 0.0015121612 -0.0014710561 0.99999888 -0.00027617455 -0.011440198 0.0017641611 0.0002787696 0.99999841 1.2685958
20 0.99999649 0.0025117855 -0.00084704823 0.00043643318 -0.0025118694 0.99999684 -9.8012104e-05 -0.011177499 0.00084679936 0.00010013943 0.99999964 1.2706148
21 0.99999976 -0.00051360102 -0.00047018712 0.0085700932 0.00051391638 0.99999964 0.00067082908 -0.01760507 0.00046984242 -0.00067107056 0.99999966 1.3059209
22 0.9999825 0.0027213163 -0.0052532333 0.0016811847 -0.002734711 0.99999302 -0.0025443035 -0.038507843 0.0052462728 0.0025586251 0.99998296 1.6001473
23 0.99999616 0.0027688073 -6.9968874e-05 0.00062390921 -0.0027687382 0.9999957 0.00096904811 -0.032280081 7.265168e-05 -0.00096885067 0.99999953 1.6100072
24 0.99998575 0.0050866441 -0.0016221582 0.00087164331 -0.0050908081 0.99998373 -0.0025732343 -0.039190639 0.0016090427 0.0025814558 0.99999537 1.7333896
25 0.99999462 0.0019219365 0.0026588251 -0.0041491248 -0.0019230762 0.99999806 0.00042614927 -0.025461223 -0.0026580009 -0.0004312601 0.99999637 1.4090108
26 0.99999537 0.0027008555 -0.0014008811 0.00063036186 -0.0027018389 0.9999961 -0.00070050055 -0.018203154 0.0013989837 0.00070428226 0.99999877 1.3152177
27 0.9999932 0.0036793889 -0.00024703941 0.0025160317 -0.0036794286 0.99999322 -0.00016064872 -0.015958698 0.00024644664 0.00016155659 0.99999996 1.3286036
28 0.9999966 0.0025425134 -0.00057562437 0.0065077469 -0.0025424475 0.99999676 0.00011531971 -0.016209664 0.00057591571 -0.00011385583 0.99999983 1.3840198
29 0.99999661 0.0024594991 0.00085200629 -0.00011523838 -0.0024611734 0.99999503 0.0019697165 -0.010190327 -0.00084715754 -0.0019718068 0.9999977 1.3373828
30 0.99999843 0.001715643 0.00044032419 0.0042631765 -0.0017156588 0.99999853 3.5640394e-05 -0.01592336 -0.0004402624 -3.6395784e-05 0.9999999 1.3464316
31 0.99999628 0.0022630436 0.001525733 0.0031344499 -0.0022643136 0.99999709 0.00083114627 -0.016524161 -0.0015238476 -0.00083459791 0.99999849 1.3367368
32 0.99998043 0.0059351465 0.0019780465 -0.014080094 -0.0059371758 0.99998185 0.0010216466 -0.017360011 -0.001971947 -0.0010333706 0.99999752 1.2681074
33 0.99999632 -2.6079734e-05 0.0027115454 0.00018469097 2.5572635e-05 0.99999998 0.00018704932 -0.023750009 -0.0027115502 -0.00018697929 0.99999631 1.3120104
34 0.99999981 0.0006060297 -8.0838881e-05 0.0019471462 -0.00060601129 0.99999979 0.00022757294 -0.016964441 8.097678e-05 -0.00022752391 0.99999997 1.3264895
35 0.99999349 0.0036044225 0.00018811409 -0.00014899931 -0.0036044804 0.99999346 0.00030817506 -0.013100355 -0.00018700207 -0.0003088511 0.99999993 1.3236219
36 0.99999569 0.0022444784 -0.0018951599 0.0024064191 -0.0022439536 0.99999744 0.00027899607 -0.0176789 0.0018957813 -0.00027474221 0.99999817 1.3240757
37 0.99998969 0.0041720063 -0.0017934859 0.001698666 -0.0041755425 0.99998934 -0.0019724842 -0.027543326 0.0017852375 0.0019799526 0.99999645 1.5998334
38 0.99999098 0.0024458884 0.0034718418 0.00018547437 -0.0024513529 0.99999576 0.0015705524 -0.017749155 -0.0034679857 -0.0015790489 0.99999274 1.4614555
39 0.99998408 0.0033943189 0.004507437 -0.00098361882 -0.0033907462 0.99999393 -0.00080003467 -0.024585708 -0.0045101252 0.00078473835 0.99998952 1.4458667
40 0.99998328 0.0018527048 0.0054782436 0.00048251211 -0.0018534675 0.99999827 0.00013413355 -0.01575323 -0.0054779856 -0.00014428505 0.99998499 1.3908798
41 0.99999977 0.00025795764 -0.0006242703 0.00028129997 -0.00025805107 0.99999996 -0.00014957576 -0.017066953 0.00062423169 0.00014973682 0.99999979 1.3136885
42 0.99999887 0.00083357916 -0.0012538157 0.0021781405 -0.00083436697 0.99999945 -0.00062794353 -0.017935372 0.0012532916 0.00062898896 0.99999902 1.3057991
43 0.99999463 0.0021233179 -0.0024965547 0.0011636116 -0.0021240791 0.9999977 -0.0003022721 -0.016919855 0.0024959071 0.00030757335 0.99999684 1.2961316
44 0.99998723 0.0028248321 -0.0041900866 -0.0022609159 -0.0028246262 0.99999601 5.5045262e-05 -0.023251453 0.0041902254 -4.3209131e-05 0.99999122 1.3045532
45 0.99999746 -0.00066663477 -0.0021533347 -0.0049077957 0.00066115869 0.99999655 -0.0025427827 -0.037334134 0.0021550223 0.0025413526 0.99999445 1.8996772
46 0.99998274 0.0010631032 -0.0057789525 -9.6602325e-05 -0.0010715688 0.99999836 -0.0014619996 -0.031765107 0.0057773888 0.0014681669 0.99998223 1.7844291
47 0.99999135 0.00051690056 -0.0041259063 0.0048678637 -0.00051967803 0.99999964 -0.0006721341 -0.031104085 0.0041255574 0.00067427244 0.99999126 1.7837114
48 0.99999286 -0.0015530041 0.0034448752 0.017582267 0.0015407937 0.99999253 0.0035443367 -0.015484654 -0.0034503539 -0.0035390035 0.99998779 1.4122811
49 0.99999623 0.0022582027 0.0015624947 0.00996529 -0.0022581138 0.99999745 -5.8609502e-05 -0.017474427 -0.0015626231 5.508099e-05 0.99999878 1.381786
50 0.99999433 0.0025699701 0.0021755404 0.0071117705 -0.0025689213 0.99999658 -0.00048475229 -0.016792765 -0.0021767788 0.00047916075 0.99999752 1.3701438
51 0.99999089 0.0042482954 -0.00041459761 -0.0033094892 -0.004248407 0.99999094 -0.00026852586 -0.016816999 0.00041345308 0.0002702848 0.99999988 1.2945292
52 0.99999506 0.0027520268 -0.0015189974 -0.0028212243 -0.002752627 0.99999613 -0.00039322094 -0.021777835 0.0015179093 0.00039740023 0.99999877 1.2777448
53 0.99998894 0.0044160196 0.0016168723 -0.0027814059 -0.0044158421 0.99999024 -0.00011332487 -0.026647797 -0.0016173569 0.00010618376 0.99999869 1.2536922
54 0.99999404 0.0034452942 0.00021075443 0.0015801253 -0.0034453639 0.99999401 0.00033159823 -0.030488036 -0.00020961072 -0.00033232238 0.99999992 1.2686005
55 0.99999687 0.0021459324 0.0012881224 0.0018021147 -0.0021450868 0.99999748 -0.00065748089 -0.024233151 -0.0012895301 0.0006547157 0.99999895 1.2960228
56 0.99999377 0.003427343 0.00084091135 0.0017753586 -0.0034268558 0.99999396 -0.0005800596 -0.020376126 -0.00084289433 0.00057717431 0.99999948 1.2716271
57 0.99999697 0.0024349046 -0.00036022688 0.0024042354 -0.0024347056 0.99999688 0.00055186899 -0.012330252 0.0003615695 -0.00055099027 0.99999978 1.2918052
58 0.99999941 0.0001205196 -0.0010836926 0.0071817336 -0.00011922004 0.99999927 0.0011991807 -0.011376222 0.0010838364 -0.0011990508 0.99999869 1.3202258
59 0.99999994 0.0001113524 -0.00034179265 0.0071308401 -0.00011099301 0.99999944 0.0010513245 -0.020464682 0.00034190952 -0.0010512865 0.99999939 1.3812345
60 0.99999615 0.00099119304 0.0025924274 0.0040820604 -0.00099234319 0.99999941 0.00044240579 -0.02256322 -0.0025919874 -0.00044497667 0.99999654 1.4057589
61 0.99997778 -0.00076377079 0.0066229348 0.0074885909 0.00077966833 0.99999682 -0.0023981279 -0.037531792 -0.0066210822 0.0024032383 0.99997519 1.8043336
62 0.99999324 -0.00083162429 0.0035821081 0.01247608 0.00083488566 0.99999924 -0.00090906313 -0.02654824 -0.0035813494 0.00091204764 0.99999317 1.4723916
63 0.99999866 0.0015845859 0.00041846133 0.0032564663 -0.0015845039 0.99999873 -0.00019634441 -0.018530414 -0.00041877193 0.00019568109 0.99999989 1.2801212
64 0.99999952 0.00079336467 -0.00057685079 0.008793642 -0.00079308501 0.99999957 0.00048487829 -0.018229676 0.00057723522 -0.00048442057 0.99999972 1.3097009
65 0.99999423 0.0027243358 0.0020306913 0.0039475226 -0.0027259971 0.99999595 0.00081578567 -0.01685279 -0.0020284606 -0.00082131662 0.99999761 1.2908191
66 0.99999955 0.00087540116 -0.00037262683 0.0036434294 -0.00087573243 0.99999922 -0.00088977137 -0.020526552 0.00037184763 0.00089009729 0.99999953 1.2955231
67 0.99999344 0.00018402169 -0.0036174653 0.0071165967 -0.00018517118 0.99999993 -0.00031742936 -0.019626976 0.0036174066 0.00031809713 0.99999341 1.2968673
68 0.99999403 0.00068130207 -0.0033886076 0.003206504 -0.00068197534 0.99999975 -0.00019753456 -0.017219522 0.0033884722 0.00019984432 0.99999424 1.2948189
69 0.99999887 -0.00051986431 -0.0014086968 0.0084101852 0.0005203168 0.99999981 0.00032086566 -0.019653624 0.0014085298 -0.00032159827 0.99999896 1.3148525
70 0.99999678 0.00034716079 0.002513693 0.0088041617 -0.00034791087 0.9999999 0.00029796552 -0.032664669 -0.0025135893 -0.00029883911 0.9999968 1.590228
71 0.99998565 0.00028829314 0.005350332 0.011052964 -0.00029155895 0.99999977 0.00060962416 -0.024981092 -0.0053501551 -0.00061117535 0.9999855 1.3116952
72 0.999995 0.0017801519 0.0026134457 0.006502285 -0.0017803345 0.99999841 6.7567724e-05 -0.021851212 -0.0026133212 -7.2220194e-05 0.99999658 1.2520735
73 0.99999559 0.0020724498 -0.0021256297 -0.0032476114 -0.0020720752 0.99999784 0.00017843248 -0.021815991 0.0021259948 -0.00017402723 0.99999772 1.2266598
74 0.99998889 6.1013697e-05 -0.0047134386 -0.0012745635 -5.8262297e-05 0.99999983 0.00058387037 -0.026755237 0.0047134734 -0.00058358927 0.99998872 1.2727455
75 0.99998946 0.0045903676 2.353746e-05 0.0046221787 -0.0045903263 0.9999883 -0.0015244634 -0.039984612 -3.0535032e-05 0.0015243393 0.99999884 1.3654728
76 0.99999105 0.0038173966 0.0018247683 0.010402384 -0.0038138109 0.9999908 -0.0019644956 -0.040742586 -0.0018322508 0.0019575187 0.99999641 1.5068307
77 0.99998473 0.0052763761 0.0016460814 0.0045587727 -0.0052739532 0.99998501 -0.0014728011 -0.040501838 -0.0016538278 0.0014640972 0.99999756 1.3641093
78 0.99998541 0.0050847335 0.0018237869 -0.0014241399 -0.0050895304 0.99998358 0.0026352932 -0.022114463 -0.0018103572 -0.002644537 0.99999486 1.1927194
79 0.99999247 0.0021010565 -0.0032614502 0.0055669683 -0.0021010181 0.99999779 1.5197831e-05 -0.026371955 0.003261475 -8.3453508e-06 0.99999468 1.5228324
80 0.9999943 -0.00033599533 -0.0033599196 0.008818727 0.00033052258 0.99999862 -0.0016292547 -0.037224902 0.0033604624 0.0016281349 0.99999303 1.9248318
81 0.99999 0.0044318677 -0.00060210906 0.0011671401 -0.0044321296 0.99999008 -0.00043419322 -0.034055871 0.0006001788 0.00043685751 0.99999972 1.5689898
82 0.9999989 0.0014563969 0.00029615302 0.0076994679 -0.0014558968 0.99999753 -0.0016816139 -0.03583183 -0.00029860138 0.0016811809 0.99999854 1.5990327
83 0.99999752 0.0020698925 0.00082164788 0.0052669175 -0.0020700566 0.99999784 0.0001989149 -0.025149228 -0.00082123437 -0.00020061526 0.99999964 1.3793483
84 0.99998938 0.002654375 0.0037677654 0.005231543 -0.0026547617 0.99999647 9.7625455e-05 -0.022725686 -0.0037674929 -0.00010762694 0.9999929 1.359145
85 0.99999082 0.0012585513 0.0040952089 0.0071180874 -0.0012568401 0.99999912 -0.000420398 -0.02213377 -0.0040957344 0.00041524712 0.99999153 1.4414574
86 0.99999662 0.0024096487 -0.00097455875 0.0024547445 -0.0024098132 0.99999708 -0.00016773767 -0.022300937 0.00097415172 0.00017008561 0.99999951 1.3808737
87 0.9999977 0.0013959639 -0.0016289504 0.0057853738 -0.0013954265 0.99999897 0.00033103609 -0.019102311 0.0016294108 -0.00032876225 0.99999862 1.3977832
88 0.99999989 0.00016183392 -0.00044810036 0.00015329179 -0.00016292169 0.99999704 -0.0024285371 -0.033059366 0.00044770602 0.0024286098 0.99999695 1.7948181
89 0.99999999 0.00013291284 2.8480431e-05 0.01010536 -0.00013290974 0.99999999 -0.00010897158 -0.021528698 -2.8494914e-05 0.00010896779 0.99999999 1.4371799
90 0.99999258 0.0023047149 -0.0030858986 -0.00099738332 -0.0023072731 0.999997 -0.00082570647 -0.021944048 0.0030839864 0.00083282035 0.9999949 1.2923229
91 0.99999346 0.0035868404 -0.0004554751 0.0041015044 -0.0035875691 0.99999227 -0.0016091376 -0.024565817 0.00044969986 0.0016107611 0.9999986 1.2884247
92 0.99999603 0.0027991423 -0.00032071523 0.0019704343 -0.0027992336 0.99999604 -0.00028452851 -0.021606499 0.00031991753 0.00028542514 0.99999991 1.2925978
93 0.9999962 0.0025262148 0.0011020257 0.0021818474 -0.0025262922 0.99999681 6.8823164e-05 -0.024225963 -0.0011018483 -7.1606942e-05 0.99999939 1.276506
94 0.99999344 0.0033186834 0.0014479584 0.0010134853 -0.0033186788 0.99999449 -5.5755183e-06 -0.018039368 -0.0014479689 7.7017288e-07 0.99999895 1.2725353
95 0.99999554 0.0029226855 0.00061377688 0.0015377074 -0.0029228532 0.99999569 0.00027241988 -0.021704694 -0.00061297804 -0.00027421265 0.99999977 1.2720408
96 0.99999612 0.0027594503 -0.00037223439 0.0016899427 -0.0027591845 0.99999594 0.000712797 -0.025800554 0.00037419981 -0.00071176718 0.99999968 1.1699575
97 0.99999784 -0.00069745118 -0.0019601478 0.0035746876 0.00069758625 0.99999975 6.8225148e-05 -0.025066524 0.0019600997 -6.9592372e-05 0.99999808 1.2489558
98 0.9999956 0.0010663748 -0.0027678632 -0.00060735903 -0.0010670351 0.9999994 -0.00023711261 -0.0240436 0.0027676087 0.00024006497 0.99999614 1.1971602
99 0.99999384 0.0018249029 -0.0029992906 0.00043586767 -0.0018258405 0.99999829 -0.00030990124 -0.021721494 0.0029987199 0.00031537556 0.99999545 1.2005603
100 0.99999412 0.0030000213 -0.0016614521 -0.0017346264 -0.0030006753 0.99999542 -0.00039127726 -0.019666761 0.0016602706 0.00039626043 0.99999854 1.2225489
101 0.9999959 0.0021508713 -0.0018888722 0.0017308697 -0.0021493628 0.99999737 0.00080028487 -0.020954271 0.0018905885 -0.00079622172 0.9999979 1.2181682
102 0.9999946 0.0022287965 -0.0024170702 0.0028714407 -0.0022282753 0.99999749 0.00021832614 -0.025044684 0.0024175508 -0.00021293906 0.99999706 1.336891
103 0.99999961 0.00028350322 0.00083866462 0.0039246347 -0.00028244542 0.99999916 -0.0012611422 -0.035543649 -0.00083902145 0.0012609048 0.99999885 1.957249
104 0.99999507 -0.00020389166 -0.0031322056 0.0084066959 0.00020516547 0.9999999 0.0004063656 -0.032570095 0.0031321224 -0.00040700622 0.99999501 1.7289651
105 0.9999966 0.0008577385 0.0024634034 0.007542354 -0.00085931117 0.99999943 0.00063742825 -0.024475357 -0.0024628552 -0.00063954291 0.99999676 1.4946453
106 0.99999177 0.0014071278 -0.0038044228 -0.0036695007 -0.0014047435 0.99999882 0.00062930508 -0.013485246 0.0038053038 -0.00062395566 0.99999257 1.2248219
107 0.99999559 0.001176133 -0.0027281944 -0.0043758262 -0.0011742004 0.99999906 0.00070987781 -0.017710197 0.0027290268 -0.00070667123 0.99999603 1.2217693
108 0.99998646 -0.0040119344 -0.0033131746 0.0024181238 0.0040110695 0.99999192 -0.00026765689 -0.027271374 0.0033142217 0.00025436389 0.99999448 1.2706843
109 0.99999506 -0.0011652656 -0.0029175563 0.002894866 0.0011638705 0.99999921 -0.00047983092 -0.024411864 0.0029181131 0.0004764329 0.99999563 1.3064202
110 0.99999412 0.0017523149 -0.0029485087 -0.0010473926 -0.0017540289 0.99999829 -0.00057883682 -0.018755509 0.0029474893 0.00058400519 0.99999549 1.3155015
111 0.99999514 -0.00066261989 -0.0030463427 0.0011071535 0.00066006303 0.99999943 -0.00084024905 -0.021991737 0.0030468977 0.00083823419 0.99999501 1.311122
112 0.99998955 0.0023308274 -0.0039323398 -0.0010549208 -0.0023346827 0.9999968 -0.00097609843 -0.019606792 0.0039300521 0.000985269 0.99999179 1.2968825
113 0.99999631 0.0023726478 -0.00132406 -0.0017847295 -0.0023728418 0.99999717 -0.00014494054 -0.017157832 0.0013237123 0.00014808179 0.99999911 1.282703
114 0.99999732 0.0015042844 -0.0017606552 -0.0019977763 -0.0015040224 0.99999886 0.00015012395 -0.02055969 0.0017608791 -0.00014747549 0.99999844 1.2916637
115 0.99999377 0.0028620023 -0.0020657241 -0.0026814226 -0.0028631706 0.99999574 -0.00056279068 -0.022563568 0.0020641046 0.0005687017 0.99999771 1.2858129
116 0.99998657 0.0020974893 -0.0047391639 -0.0036820512 -0.0020987297 0.99999776 -0.00025678202 -0.019839387 0.0047386147 0.00026672479 0.99998874 1.2974546
117 0.99998864 0.0026585313 -0.0039557345 -0.0012834051 -0.0026642815 0.9999954 -0.0014490958 -0.018262942 0.0039518638 0.0014596186 0.99999113 1.2233416
118 0.99999535 0.0015535704 -0.0026230964 0.00059790555 -0.0015551195 0.99999862 -0.00058862258 -0.01349542 0.0026221783 0.00059269907 0.99999639 1.2036727
119 0.99999243 0.0027876618 -0.0027128468 -0.00015538364 -0.0027880542 0.9999961 -0.00014086418 -0.0091068372 0.0027124435 0.00014842668 0.99999631 1.2007436
120 0.99998571 0.0053253972 0.00047035981 -0.0082811355 -0.0053257136 0.99998559 0.00067395108 -0.0090966442 -0.00046676398 -0.00067644645 0.99999966 1.1904078
121 0.99999393 0.003247471 0.0012630122 -0.0054568743 -0.0032486918 0.99999426 0.00096568491 -0.014300436 -0.0012598689 -0.00096978219 0.99999874 1.2767577
122 0.99999511 0.0030783033 0.00055198387 -0.0079011062 -0.0030789234 0.99999463 0.0011261233 -0.01430754 -0.00054851435 -0.0011278173 0.99999921 1.2642057
123 0.99999593 0.002781168 0.00064185074 -0.0093601604 -0.002781967 0.99999535 0.0012473096 -0.015982696 -0.00063837878 -0.0012490901 0.99999902 1.260249
124 0.99999691 0.0017042689 -0.0018084584 -0.0020991046 -0.0017037522 0.99999851 0.00028721906 -0.015704076 0.0018089452 -0.00028413701 0.99999832 1.2721752
125 0.99999557 0.0021767048 -0.0020292863 -0.0012473428 -0.0021772372 0.9999976 -0.00026020884 -0.014220497 0.0020287151 0.00026462593 0.99999791 1.2685225
126 0.99999691 0.002486091 5.1315477e-05 -0.0017312753 -0.002486093 0.99999691 4.004709e-05 -0.013444597 -5.1215758e-05 -4.0174541e-05 1 1.282011
127 0.99998472 0.0051126192 0.0021048737 -0.0086774657 -0.0051119356 0.99998688 -0.00033003146 -0.016353179 -0.0021065334 0.00031926644 0.99999773 1.2829175
128 0.99999489 0.0030536556 0.00094324773 -0.004249304 -0.0030539487 0.99999529 0.00030953726 -0.01230945 -0.00094229807 -0.00031241631 0.99999951 1.2711068
129 0.99999053 0.0036285756 0.0024048051 -0.0036616004 -0.0036298308 0.99999328 0.00051779502 -0.016539378 -0.0024029101 -0.00052651915 0.99999697 1.2645648
130 0.99999202 0.0031686426 0.0024340032 0.0051650671 -0.0031712237 0.99999441 0.001057342 -0.017380446 -0.0024306393 -0.0010650523 0.99999648 1.2660462
131 0.9999951 -0.0021009331 -0.0023189452 0.0068109651 0.0021045313 0.99999658 0.0015503077 -0.019204758 0.0023156802 -0.0015551804 0.99999611 1.2775213
132 0.99999128 -0.0035994337 -0.0021167275 0.014534384 0.0035974406 0.99999308 -0.00094464828 -0.021240946 0.0021201131 0.00093702524 0.99999731 1.2835848
133 0.99998671 0.00082324045 -0.0050889966 0.01353151 -0.00082809041 0.9999992 -0.00095099617 -0.016959965 0.0050882097 0.00095519769 0.9999866 1.2577836
134 0.99998864 0.0025484378 -0.0040292067 0.00045288706 -0.0025502712 0.99999665 -0.00044996538 -0.015682881 0.0040280464 0.00046023584 0.99999178 1.2291862
135 0.99999254 0.0024262374 -0.0030066788 -0.00030078599 -0.0024254048 0.99999702 0.00028050743 -0.015622866 0.0030073504 -0.00027321292 0.99999544 1.2284149
136 0.99999277 0.0018191161 -0.0033400643 -0.0015833841 -0.0018179137 0.99999828 0.00036299359 -0.017257085 0.0033407189 -0.00035691902 0.99999436 1.2316554
137 0.99999812 0.001236984 -0.0014949972 -0.00099018916 -0.0012352825 0.99999859 0.0011384954 -0.013011158 0.0014964034 -0.0011366465 0.99999823 1.232726
138 0.99999331 0.0033998252 -0.0013497322 -0.0019345292 -0.0034006582 0.99999403 -0.00061539494 -0.020644688 0.0013476319 0.0006199808 0.9999989 1.2769992
139 0.99999769 0.0021414915 -0.00017089869 0.0018256844 -0.0021414831 0.99999771 4.9597569e-05 -0.020753781 0.00017100451 -4.9231478e-05 0.99999998 1.2757651
140 0.99999774 0.0021179758 0.00019589998 0.0031299087 -0.002118084 0.9999976 0.00055378515 -0.018434636 -0.0001947266 -0.00055419883 0.99999983 1.2906491
141 0.99999549 0.0014941787 -0.0026034706 0.0048978573 -0.0014927977 0.99999874 0.00053232339 -0.020007447 0.0026042627 -0.00052843454 0.99999647 1.3965546
142 0.99999796 0.0016086945 -0.0012212599 0.00037681119 -0.0016091467 0.99999864 -0.00036934029 -0.026157063 0.0012206641 0.00037130472 0.99999919 1.7097792
143 0.99999376 0.0035143191 -0.00037298287 -0.00058775965 -0.0035141572 0.99999373 0.0004338281 -0.029060305 0.00037450514 -0.00043251467 0.99999984 1.5434059
144 0.99998256 0.0023358303 0.0054237011 0.0014243641 -0.0023470763 0.99999511 0.0020680453 -0.024583268 -0.005418844 -0.0020807391 0.99998315 1.3754566
145 0.9999922 0.0037832846 -0.0011361982 -5.8653739e-05 -0.0037840831 0.99999259 -0.00070145591 -0.02593309 0.0011335359 0.00070574991 0.99999911 1.3085026
146 0.99999633 0.0022528345 -0.0015046482 -0.001450858 -0.0022532709 0.99999742 -0.00028840998 -0.020025591 0.0015039946 0.0002917993 0.99999883 1.3089035
147 0.99999604 0.0025605139 -0.0011697179 -0.0024753009 -0.0025612476 0.99999652 -0.00062619434 -0.017701518 0.0011681105 0.0006291878 0.99999912 1.313968
148 0.9999943 0.0033233233 -0.00059848005 -0.002323911 -0.0033236974 0.99999428 -0.00062531839 -0.019034356 0.00059639849 0.00062730399 0.99999963 1.2276285
149 0.99999416 0.0033743654 -0.00054904424 0.0012864213 -0.0033745936 0.99999422 -0.00041519285 -0.015498405 0.00054764006 0.00041704322 0.99999976 1.2180771
150 0.99999156 0.0040123104 0.0008838864 -0.00049359444 -0.0040127671 0.99999182 0.00051552835 -0.016554022 -0.00088181071 -0.00051907083 0.99999948 1.1879589
151 0.99999912 0.001007247 -0.00086754691 0.0018456199 -0.0010058854 0.99999826 0.0015684672 -0.017459161 0.00086912524 -0.0015675932 0.99999839 1.1990589
152 0.99999506 0.0010736869 -0.0029556988 0.0057182243 -0.0010729286 0.99999939 0.0002581415 -0.021462005 0.0029559742 -0.00025496897 0.9999956 1.2763465
153 0.99999534 0.0019440202 -0.0023528397 0.004423547 -0.0019444392 0.99999809 -0.00017581311 -0.025921009 0.0023524934 0.00018038725 0.99999722 1.4765398
154 0.99999856 0.0015756252 0.00063072118 0.0037665808 -0.0015762519 0.99999826 0.00099427494 -0.018264411 -0.00062915348 -0.00099526769 0.99999931 1.4222925
155 0.99999114 0.0026526268 0.0032688515 0.0068302789 -0.0026528639 0.99999648 6.8208151e-05 -0.017477659 -0.003268659 -7.6879365e-05 0.99999465 1.3753637
156 0.99999241 0.0030733207 0.0023952556 0.0014857589 -0.0030731824 0.99999528 -6.1443868e-05 -0.016874055 -0.0023954332 5.4082344e-05 0.99999713 1.3365071
157 0.99999746 0.002118664 -0.00076359719 0.00026780301 -0.0021186324 0.99999775 4.2227018e-05 -0.016496666 0.00076368494 -4.0609129e-05 0.99999971 1.3013861
158 0.99999494 0.0029044535 -0.0012942624 -2.6024847e-05 -0.0029053942 0.99999552 -0.0007255726 -0.01663896 0.0012921492 0.00072932927 0.9999989 1.278761
159 0.99999818 0.0011830552 -0.0014947766 -0.00078506544 -0.0011828401 0.99999929 0.00014476051 -0.017443307 0.0014949468 -0.00014299216 0.99999887 1.2702647
160 0.99999672 0.0009763677 -0.002366262 0.0007555881 -0.0009772199 0.99999946 -0.00035901733 -0.018187501 0.0023659102 0.00036132851 0.99999714 1.263532
161 0.99999602 -0.0028199801 1.0037994e-05 0.016659551 0.0028199533 0.99999389 0.0020669979 -0.016108642 -1.5866825e-05 -0.0020669614 0.99999786 1.3724774
162 0.99999816 0.001915748 0.00013406177 0.0092718751 -0.0019158431 0.99999791 0.00071311889 -0.022092011 -0.00013269533 -0.00071337441 0.99999974 1.5048465
163 0.99999864 0.0016059506 -0.00036769551 0.0042461 -0.0016052025 0.99999666 0.0020261227 -0.02165227 0.00037094814 -0.0020255297 0.99999788 1.5127544
164 0.99998117 -0.0011613646 0.0060266777 0.0062248584 0.0011592122 0.99999926 0.00036062149 -0.025801178 -0.0060270921 -0.0003536285 0.99998177 1.6174742
165 0.99996196 0.00049707212 -0.0087081646 -0.0034205777 -0.0004837712 0.99999871 0.0015294471 -0.02161427 0.0087089137 -0.0015251762 0.99996091 1.430521
166 0.99999524 0.0030682487 0.00031712732 -0.0047966027 -0.003068349 0.99999524 0.00031599975 -0.018897049 -0.00031615625 -0.0003169713 0.9999999 1.3661339
167 0.99999635 0.0026902048 0.00023645509 0.0032586793 -0.0026899301 0.99999572 -0.001154328 -0.017697088 -0.00023955946 0.0011536877 0.99999931 1.3228186
168 0.99999814 0.0019169114 -0.00019831831 0.0018242915 -0.0019169671 0.99999812 -0.00028102623 -0.013970451 0.00019777924 0.00028140587 0.99999994 1.3163879
169 0.9999954 0.0025846036 -0.001584726 -0.0004530234 -0.0025850252 0.99999662 -0.00026407821 -0.014503549 0.0015840381 0.00026817355 0.99999871 1.3172483
170 0.999994 0.0034488667 0.00032635578 -0.0014357384 -0.0034488492 0.99999405 -5.4094913e-05 -0.015823956 -0.00032654041 5.2969037e-05 0.99999995 1.3060419
171 0.99999491 0.0030152696 -0.0010396815 -0.0012753752 -0.0030153344 0.99999545 -6.0788321e-05 -0.022792418 0.0010394935 6.3923e-05 0.99999946 1.3732805
172 0.99999501 0.0024088686 -0.0020432656 -0.0030232461 -0.0024087095 0.9999971 8.0300771e-05 -0.023729912 0.0020434531 -7.5378737e-05 0.99999791 1.3927848
173 0.99999715 0.0021859755 0.00095673024 -0.0018516493 -0.0021864456 0.99999749 0.00049065985 -0.026570976 -0.00095565527 -0.00049275029 0.99999942 1.5772106
174 0.99999369 0.0035502463 0.00013046264 -0.00073229319 -0.0035501851 0.99999359 -0.00046628479 -0.025395304 -0.00013211723 0.00046581868 0.99999988 1.4555765
175 0.99999679 0.0021479595 -0.0013402868 -0.0012041403 -0.002147546 0.99999765 0.00030985298 -0.020137352 0.0013409492 -0.00030697366 0.99999905 1.3545981
176 0.9999967 0.0025101034 -0.00055144091 -0.0021548648 -0.0025103697 0.99999673 -0.00048277592 -0.016284107 0.00055022729 0.00048415865 0.99999973 1.3291138
177 0.99999865 0.0012964016 -0.0010119676 0.0013185555 -0.0012967626 0.9999991 -0.00035612568 -0.014404379 0.001011505 0.00035743748 0.99999942 1.3191827
178 0.9999967 0.0018448594 -0.0017861925 0.0019880179 -0.00184455 0.99999828 0.00017484008 -0.014234183 0.001786512 -0.00017154478 0.99999839 1.3120012
179 0.99999761 0.0021836034 -0.00012930441 0.0017650175 -0.0021835261 0.99999744 0.00059474603 -0.011360926 0.00013060277 -0.00059446227 0.99999981 1.2998501
180 0.99999566 0.0025080969 0.0015437969 -0.0029842547 -0.0025090428 0.99999667 0.00061105476 -0.020200909 -0.0015422592 -0.00061492557 0.99999862 1.2262694
181 0.99999603 0.00067646018 -0.0027359561 -0.00022813723 -0.00067672046 0.99999977 -9.4210081e-05 -0.025221168 0.0027358917 9.6061185e-05 0.99999625 1.2274037
182 0.99999857 0.00034837173 -0.0016545257 0.0011412614 -0.00034786678 0.99999989 0.00030547284 -0.022202405 0.001654632 -0.00030489685 0.99999858 1.2253362
183 0.99999616 -0.00046569309 -0.0027324006 -0.00012108563 0.00046703486 0.99999977 0.00049044045 -0.024274168 0.0027321716 -0.00049171469 0.99999615 1.2496125
184 0.99999965 0.00077471973 -0.00032567128 0.00046411697 -0.00077472585 0.9999997 -1.8665865e-05 -0.01977816 0.00032565672 1.8918164e-05 0.99999995 1.3024401
185 0.99999863 0.0016541781 -0.00010198414 0.00090018518 -0.0016542073 0.99999859 -0.00028747614 -0.018318189 0.00010150846 0.00028764445 0.99999995 1.3280526
186 0.99999701 0.001438039 -0.0019801053 -0.0002859117 -0.0014393935 0.99999873 -0.00068279784 -0.020439835 0.0019791209 0.00068564595 0.99999781 1.3218475
187 0.99999458 0.0014612317 -0.0029509225 0.00029036627 -0.0014620884 0.99999889 -0.00028817041 -0.01827503 0.0029504982 0.00029248335 0.9999956 1.3170177
188 0.99999002 0.0026004981 -0.0036317771 -0.0011338904 -0.0026011666 0.9999966 -0.00017937182 -0.015232578 0.0036312983 0.00018881689 0.99999339 1.313019
189 0.99999311 0.0034521559 -0.0013619208 0.00057780687 -0.0034527611 0.99999394 -0.00044228237 -0.015346095 0.0013603857 0.00044698172 0.99999897 1.3049756
190 0.99999523 2.9263099e-05 -0.0030890605 0.0023018614 -3.0266785e-05 0.99999995 -0.00032486996 -0.015017218 0.0030890508 0.00032496191 0.99999518 1.3043589
191 0.99999168 -1.1278082e-05 -0.0040795412 0.0026306315 1.01149e-05 0.99999996 -0.0002851462 -0.015346444 0.0040795442 0.00028510257 0.99999164 1.3030877
192 0.99999618 0.00089928791 -0.0026139591 0.0031395042 -0.00089956377 0.99999959 -0.00010436031 -0.018436154 0.0026138642 0.00010671134 0.99999658 1.3040485
193 0.99999549 0.0024543891 -0.00173207 0.00073892297 -0.002453714 0.99999691 0.00039179823 -0.015243618 0.0017330263 -0.00038754646 0.99999842 1.3185367
194 0.99999287 0.0037733078 -0.00011102345 0.0017146604 -0.003773405 0.99999249 -0.00088842412 -0.01198783 0.00010767032 0.00088883672 0.9999996 1.312345
195 0.99999878 0.0011809639 0.0010207315 0.0069666704 -0.0011809012 0.9999993 -6.2030751e-05 -0.010816186 -0.0010208041 6.0825292e-05 0.99999948 1.3211559
196 0.99999848 0.0017199473 0.00030244628 0.0018983331 -0.0017199878 0.99999851 0.0001337495 -0.009089091 -0.00030221579 -0.0001342695 0.99999995 1.3107036
197 0.99999767 0.0021434435 -0.00025795148 -0.00018105451 -0.0021434701 0.9999977 -0.00010264865 -0.0079716428 0.00025773087 0.00010320133 0.99999996 1.3137298
198 0.99999849 0.0017030435 -0.00035875131 0.00065598494 -0.0017031064 0.99999853 -0.00017491018 -0.012630538 0.00035845291 0.00017552091 0.99999992 1.3315101
199 0.99999578 0.001930666 -0.0021712212 -0.0034207081 -0.0019304797 0.99999813 8.7886253e-05 -0.01516761 0.0021713868 -8.3694384e-05 0.99999764 1.3471929
200 0.99999406 0.0023470093 -0.002525633 0.00033953341 -0.0023464381 0.99999722 0.00022906589 -0.017325962 0.0025261636 -0.00022313829 0.99999678 1.3858964
201 0.99999791 0.0020388991 -0.00016600645 0.0018005911 -0.0020390921 0.99999724 -0.0011706448 -0.030985381 0.00016361916 0.0011709808 0.9999993 1.7465507
202 0.99999525 0.0027820825 -0.0013272216 0.0030170368 -0.0027838063 0.99999528 -0.0012987047 -0.029753099 0.0013236022 0.0013023933 0.99999828 1.7230191
203 0.99997381 0.0026382074 0.0067388364 0.0093049487 -0.0026592368 0.99999162 0.0031135664 -0.016155462 -0.0067305657 -0.003131405 0.99997245 1.3825884
204 0.99999066 0.0039714734 0.0017065418 0.010330415 -0.0039707559 0.99999203 -0.00042365657 -0.022831457 -0.0017082107 0.00041687635 0.99999845 1.3666449
205 0.99998919 0.0046466234 -0.00017102574 0.0034584825 -0.0046467492 0.99998893 -0.00074234818 -0.022006274 0.00016757444 0.00074313487 0.99999971 1.3686729
206 0.99999331 0.0026584883 -0.0025108944 -0.0024138572 -0.0026590041 0.99999644 -0.00020209348 -0.020627286 0.0025103483 0.0002087686 0.99999683 1.327097
207 0.99998504 0.0026970113 -0.0047589317 -0.00050263745 -0.0026969755 0.99999636 1.3941765e-05 -0.020228989 0.004758952 -1.1068343e-06 0.99998868 1.3929257
208 0.99999596 0.0024390073 -0.0014570894 -0.0027090261 -0.0024388003 0.99999702 0.0001438405 -0.019710026 0.0014574359 -0.00014028637 0.99999893 1.3601433
209 0.99999756 0.0021702578 -0.00040509585 -0.00060264069 -0.0021703523 0.99999762 -0.00023284988 -0.023502655 0.00040458954 0.00023372851 0.99999989 1.3641936
210 0.9999943 0.0023994677 -0.0023757982 -0.00090333498 -0.0023997842 0.99999711 -0.0001303819 -0.027125353 0.0023754784 0.00013608256 0.99999717 1.5213861
211 0.99999627 0.0017804587 -0.0020703278 -0.0036866373 -0.0017793968 0.99999828 0.00051461557 -0.021141362 0.0020712405 -0.00051092972 0.99999772 1.3808212
212 0.99998664 0.00013793485 -0.0051677574 0.0051058373 -0.00014410821 0.99999928 -0.0011942385 -0.031530905 0.0051675889 0.0011949672 0.99998593 1.6493786
213 0.99996755 0.0030361736 -0.0074618451 0.00040526747 -0.003034628 0.99999537 0.00021844927 -0.022009355 0.0074624739 -0.00019579826 0.99997214 1.4445823
214 0.99995352 0.0030036567 -0.0091617625 -0.0036256003 -0.0030082839 0.99999535 -0.0004913222 -0.02718757 0.0091602442 0.00051886055 0.99995791 1.435136
215 0.99998247 0.00018940953 -0.0059173074 -0.0030398989 -0.00020835445 0.99999485 -0.0032011582 -0.044926024 0.0059166706 0.003202335 0.99997737 2.0706616
216 0.99998244 0.0027763566 -0.0052355049 0.00097121116 -0.0027895403 0.99999295 -0.0025125321 -0.031482671 0.0052284923 0.0025270926 0.99998314 1.7558144
217 0.99999405 -0.00041376711 0.003424824 0.011061926 0.00040668044 0.99999778 0.0020696435 -0.016567446 -0.0034256727 -0.0020682384 0.99999199 1.4025225
218 0.99999869 0.0010176323 0.0012597055 0.0084765272 -0.0010180447 0.99999943 0.00032679368 -0.018017818 -0.0012593722 -0.00032807569 0.99999915 1.3415273
219 0.99999517 0.00095576649 0.0029585224 0.012884027 -0.00095516057 0.99999952 -0.00020621283 -0.013757306 -0.0029587181 0.00020338597 0.9999956 1.3569649
220 0.99999775 -0.0002224045 0.0021104498 0.0084328816 0.00021650652 0.99999607 0.0027944712 -0.012628831 -0.002111063 -0.002794008 0.99999387 1.3170184
221 0.99999596 0.00017631358 -0.0028369999 0.0069262581 -0.00016268046 0.99998844 0.0048049861 -0.0077087295 0.0028378143 -0.0048045052 0.99998443 1.3547845
222 0.99999479 0.0018182654 -0.0026688808 0.0081569292 -0.0018228875 0.99999684 -0.0017304508 -0.044247719 0.002665726 0.0017353068 0.99999494 2.6694935
223 0.99999464 0.0012409994 -0.0030310464 0.009554791 -0.0012464863 0.99999759 -0.0018090193 -0.044344408 0.0030287941 0.0018127877 0.99999377 2.6883557
224 0.99998874 0.0018588861 -0.0043672695 0.0068761284 -0.0018721549 0.99999364 -0.0030361232 -0.049531492 0.0043615979 0.0030442652 0.99998585 2.6817445
225 0.99998126 0.00085391688 -0.0060621821 0.0047360011 -0.0008652617 0.99999788 -0.0018690338 -0.049590716 0.0060605732 0.0018742442 0.99997988 2.6330398
226 0.99998914 4.3118164e-05 -0.0046595733 0.0034400942 -4.564406e-05 0.99999985 -0.00054198232 -0.047612333 0.0046595493 0.00054218911 0.999989 2.6158202
227 0.9999509 0.0019832802 -0.009709249 -0.0052098523 -0.0019902861 0.99999777 -0.00071195343 -0.029709846 0.0097078153 0.00073124266 0.99995261 1.6944034
228 0.9999858 0.00092737098 -0.0052480676 -0.0034563068 -0.00093881984 0.99999718 -0.0021794965 -0.035879025 0.0052460317 0.0021843926 0.99998385 1.868045
229 0.99999294 0.00052612398 -0.0037211607 -0.0031962334 -0.00053390787 0.99999767 -0.0020911072 -0.037457203 0.0037200518 0.0020930791 0.99999089 1.8978988
230 0.99999925 0.00025209823 -0.0011988198 -0.0021727588 -0.00025534689 0.99999629 -0.0027104987 -0.04082133 0.001198132 0.0027108027 0.99999561 1.9675352
231 0.99999939 -0.00050851369 -0.00098143633 -0.0017968013 0.00050744404 0.99999928 -0.0010898308 -0.037832228 0.00098198982 0.0010893321 0.99999892 1.9773213
232 0.99999959 -5.6594358e-05 -0.00090756744 0.0020052272 5.4309111e-05 0.99999683 -0.002517819 -0.043731826 0.00090770706 0.0025177687 0.99999642 2.1576741
233 0.99999785 0.0003940077 -0.0020371045 0.0055039461 -0.00039813191 0.99999787 -0.0020245376 -0.043782714 0.0020363025 0.0020253443 0.99999588 2.2979637
234 0.99999833 0.00050758751 -0.0017534448 0.0060056549 -0.00050997304 0.99999894 -0.0013602992 -0.045010554 0.0017527525 0.0013611911 0.99999754 2.4010731
235 0.99998752 0.0020888881 -0.0045394096 0.0072385997 -0.002097703 0.99999592 -0.0019379624 -0.044457672 0.0045353429 0.0019474605 0.99998782 2.4318805
236 0.99999088 0.00073472392 -0.0042072345 0.0059554538 -0.00074242957 0.99999805 -0.0018302568 -0.032910816 0.0042058815 0.0018333637 0.99998947 2.1463967
237 0.99999109 -0.0023757538 -0.0034891655 0.0060484819 0.0023791471 0.9999967 0.00096868393 -0.023133448 0.0034868527 -0.00097697654 0.99999344 1.8339275
238 0.999989 -0.0012485007 -0.0045209921 0.0057808318 0.0012597412 0.99999612 0.0024842973 -0.012005736 0.004517873 -0.0024899652 0.99998669 1.4898202
239 0.9999866 0.00077732205 -0.0051178645 0.0033327846 -0.00078107219 0.99999943 -0.00073079733 -0.044470933 0.0051172935 0.00073478496 0.99998664 2.4158671
240 0.99999326 -0.00036163767 -0.0036529472 0.0027796807 0.00036072162 0.9999999 -0.00025142584 -0.036551827 0.0036530378 0.00025010645 0.9999933 2.0644325
241 0.99998043 0.0018822618 -0.0059668478 -0.0025844867 -0.0018821638 0.99999823 2.2051999e-05 -0.029939415 0.0059668788 -1.0820983e-05 0.9999822 1.7475887
242 0.99999673 -0.00059093917 -0.0024868549 0.0039779678 0.00058828606 0.99999926 -0.0010674489 -0.036953759 0.0024874838 0.0010659825 0.99999634 1.956129
243 0.99999788 0.0006904607 -0.0019415102 0.0025703021 -0.00069412687 0.99999798 -0.0018882694 -0.041167048 0.0019402025 0.001889613 0.99999633 1.9606368
244 0.99999868 -0.00015238489 0.0016182917 0.0020633773 0.00015377316 0.99999962 -0.00085777277 -0.036819926 -0.0016181604 0.00085802049 0.99999832 1.8868228
245 0.99999998 0.00020297159 -3.6040714e-05 0.0016844561 -0.0002030383 0.99999825 -0.0018606481 -0.039111001 3.5662993e-05 0.0018606553 0.99999827 1.9279085
246 0.99999879 0.00065629084 0.0014121415 0.0031070134 -0.0006547978 0.99999923 -0.0010574906 -0.037838282 -0.0014128344 0.0010565646 0.99999844 1.8517003
247 0.99999405 0.0019090087 0.0028721834 0.0071721981 -0.0019050558 0.99999724 -0.0013783757 -0.036996687 -0.0028748068 0.0013728958 0.99999493 1.7162236
248 0.99999785 0.001624902 0.0012873707 0.0076489935 -0.0016243295 0.99999858 -0.00044558557 -0.032910172 -0.0012880929 0.00044349349 0.99999907 1.7031448
249 0.99999424 0.0022299243 0.0025602156 0.0078274893 -0.0022303932 0.9999975 0.00018032125 -0.02886216 -0.0025598071 -0.0001860305 0.99999671 1.6883872
250 0.99998899 0.00066507099 0.0046459617 0.0053331553 -0.00066602989 0.99999976 0.00020485006 -0.029170294 -0.0046458244 -0.00020794215 0.99998919 1.7094671
251 0.99999943 0.0010638018 -5.6468088e-05 0.0021548182 -0.0010638246 0.99999935 -0.00040597904 -0.031324209 5.603617e-05 0.00040603889 0.99999992 1.7836858
252 0.99999112 -0.0026215866 -0.0032999357 -0.00029621527 0.0026119478 0.99999232 -0.0029218526 -0.041055635 0.0033075703 0.0029132074 0.99999029 2.1111122
253 0.99999713 0.0012863176 -0.0020192939 -0.00043282303 -0.0012917595 0.99999553 -0.002695989 -0.039417226 0.002015817 0.0026985897 0.99999433 2.12287
254 0.99999929 0.0010403627 -0.00058186532 0.0011886441 -0.0010415314 0.99999743 -0.0020119006 -0.038180776 0.00057977072 0.0020125052 0.99999781 2.1189611
255 0.99999811 0.0016381553 -0.0010472769 0.0006042411 -0.0016403672 0.99999642 -0.0021147681 -0.041670868 0.0010438088 0.002116482 0.99999722 2.185628
256 0.99999148 -0.00042789644 -0.0041064756 -0.0037865836 0.00041869277 0.9999974 -0.002241856 -0.03923607 0.0041074242 0.0022401175 0.99998906 2.0442369
257 0.99999017 -0.00032297511 -0.0044228284 -0.0021062972 0.00030888191 0.99999487 -0.0031867802 -0.041883868 0.004423835 0.0031853827 0.99998514 2.1461576
258 0.99998849 0.0042544459 0.0022199746 0.0040051084 -0.0042488202 0.99998777 -0.0025327025 -0.020679529 -0.0022307227 0.002523241 0.99999433 1.448211
259 0.99999556 0.0011939602 -0.0027307708 0.0060301303 -0.0011938175 0.99999929 5.3902077e-05 -0.015639364 0.0027308332 -5.0641796e-05 0.99999627 1.4264325
260 0.99998982 0.0026904074 -0.0036211881 -0.00077362592 -0.0026889631 0.9999963 0.00040366147 -0.019400602 0.0036222608 -0.00039392012 0.99999336 1.4298373
