4 0.99999176 0.0036329487 -0.0018182047 -0.061789444 -0.0036287366 0.99999068 0.002313964 -0.11373739 0.0018265948 -0.0023073464 0.99999571 6.0804958
5 0.99998737 0.004378266 -0.0024749715 -0.064406484 -0.0043720839 0.99998727 0.0024972837 -0.12267686 0.0024858744 -0.0024864306 0.99999386 6.6879917
6 0.99997475 0.0044317065 -0.0055578546 -0.066861459 -0.0044180017 0.99998712 0.0024754824 -0.13158769 0.0055687545 -0.0024508646 0.99998153 7.2906407
7 0.99994633 0.0051792565 -0.008974885 -0.073247888 -0.0051652465 0.99998535 0.0015833638 -0.13732026 0.0089829552 -0.0015369205 0.99995851 7.9188574
8 0.99993136 0.0072493628 -0.0092064644 -0.081148421 -0.0072491505 0.99997366 5.626464e-05 -0.14221304 0.0092066309 1.0479225e-05 0.99995766 8.5629399
9 0.99993442 0.0078096228 -0.0083781451 -0.085754254 -0.007816518 0.99996908 -0.00079074305 -0.14808267 0.0083717116 0.00085618014 0.99996463 9.2214404
10 0.9998962 0.006084731 -0.013061351 -0.08460238 -0.0061008429 0.99998062 -0.0011941678 -0.1896696 0.013053833 0.0012737301 0.99991402 10.762831
11 0.9997835 0.013950063 -0.015439455 -0.11257108 -0.014058962 0.99987683 -0.0069674752 -0.24000893 0.015340358 0.007183031 0.99985657 13.278593
12 0.99970127 0.015256291 -0.019095877 -0.13927986 -0.015410157 0.9998497 -0.0079365846 -0.30479295 0.018971926 0.0082284858 0.99978619 15.92732
13 0.99953545 0.017737713 -0.024784831 -0.18014593 -0.017892027 0.99982175 -0.0060183872 -0.37111616 0.024673663 0.0064590437 0.99967473 18.511911
14 0.99942267 0.023244832 -0.024779738 -0.2303763 -0.023383543 0.99971234 -0.0053228331 -0.43521273 0.024648884 0.0058991996 0.9996788 20.936935
15 0.9986032 0.030483692 -0.043155789 -0.27666386 -0.03041511 0.99953477 0.0022449597 -0.45529902 0.04320415 -0.00092923497 0.99906587 21.929301
16 0.99838962 0.034269341 -0.045208601 -0.31537486 -0.034178695 0.99941182 0.0027766723 -0.46732255 0.045277169 -0.001227029 0.99897375 22.729188
17 0.99818863 0.037883191 -0.046737161 -0.35396884 -0.037763662 0.99928073 0.0034380437 -0.48216847 0.046833793 -0.0016668489 0.99890134 23.501574
18 0.99807672 0.040416602 -0.047004122 -0.39315018 -0.040319607 0.99918224 0.0030101573 -0.49188091 0.047087348 -0.0011091793 0.9988902 24.265379
19 0.99809807 0.0414846 -0.045599261 -0.42610712 -0.041446284 0.99913908 0.0017857321 -0.49845603 0.045634088 0.00010758515 0.99895825 25.014612
20 0.99812801 0.041911313 -0.044541632 -0.4541982 -0.041927093 0.99912045 0.00058020828 -0.50279216 0.044526777 0.0012883801 0.9990074 25.761461
21 0.99813024 0.042676513 -0.043758035 -0.4848447 -0.042685468 0.99908823 0.00073002594 -0.50840895 0.043749296 0.0011391723 0.99904193 26.536445
22 0.99801957 0.043754827 -0.045193737 -0.51626353 -0.04374264 0.99904198 0.0012589437 -0.51536457 0.045205529 0.00072044392 0.99897749 27.305759
23 0.99768611 0.045445692 -0.050568253 -0.55321565 -0.045448679 0.99896602 0.0010913166 -0.52778074 0.050565566 0.00120947 0.99872005 28.064461
24 0.99738312 0.047931047 -0.054125312 -0.5931693 -0.047939504 0.99884953 0.0011427257 -0.54054108 0.054117819 0.0014550064 0.99853354 28.790538
25 0.99721397 0.049657202 -0.055664154 -0.63660402 -0.049686758 0.99876443 0.00085363367 -0.54809962 0.055637771 0.0019145171 0.99844922 29.538109
26 0.9971009 0.049690296 -0.057625443 -0.68020252 -0.049686024 0.99876369 0.0015077347 -0.55229478 0.057629125 0.0013598165 0.99833717 30.372288
27 0.99691833 0.052385432 -0.058392108 -0.7279862 -0.052390404 0.99862557 0.0014467245 -0.55663416 0.058387645 0.001616921 0.99829272 31.217501
28 0.99674033 0.054284387 -0.059682111 -0.77994005 -0.054294662 0.99852384 0.0014506006 -0.56633508 0.059672761 0.001794549 0.99821642 32.101471
29 0.99652558 0.056745331 -0.060965275 -0.832944 -0.056795988 0.99838534 0.00090297986 -0.57613153 0.060918082 0.0025627417 0.99813952 32.944806
30 0.99640606 0.059385444 -0.060401677 -0.88276129 -0.059492458 0.9982287 2.6621558e-05 -0.582458 0.060296274 0.0035669196 0.99817419 33.760275
31 0.99641546 0.061634769 -0.057943175 -0.9317396 -0.0617589 0.99809098 -0.00035236809 -0.58634388 0.057810847 0.0039296131 0.99831986 34.619919
32 0.99637609 0.064368279 -0.055600745 -0.98009845 -0.064476531 0.99791915 -0.00015354478 -0.59222203 0.055475169 0.0037379328 0.99845311 35.486423
33 0.99620935 0.068105906 -0.054116135 -1.0291117 -0.06821876 0.9976703 -0.00023888791 -0.60209716 0.053973796 0.0039297193 0.99853466 36.361761
34 0.99597461 0.072438035 -0.052795299 -1.0801613 -0.072568266 0.99736324 -0.00055153381 -0.61503014 0.052616143 0.0043805784 0.99860524 37.232487
35 0.99562197 0.077184635 -0.052720609 -1.1341016 -0.077331512 0.99700509 -0.0007488184 -0.62937273 0.052504923 0.0048225058 0.99860906 38.079027
36 0.99533995 0.08035995 -0.05329807 -1.1878723 -0.080468987 0.99675705 0.00010033106 -0.64524438 0.053133294 0.0041889795 0.99857868 38.953767
37 0.99510292 0.082555641 -0.054357774 -1.24126 -0.082659167 0.99657776 0.00034467926 -0.66075801 0.054200209 0.0041501783 0.9985215 39.836696
38 0.99483245 0.084943485 -0.055615106 -1.2958301 -0.085047422 0.99637672 0.00049943391 -0.67495632 0.055456026 0.0042330697 0.9984522 40.715942
39 0.99449776 0.087264475 -0.057958231 -1.3546276 -0.087336544 0.99617797 0.001293161 -0.68544072 0.057849564 0.0037758271 0.99831821 41.6434
40 0.99412337 0.088941546 -0.061710286 -1.4130381 -0.088944886 0.99603284 0.0026982482 -0.69338279 0.061705463 0.002806424 0.9980905 42.663641
41 0.99385079 0.090557166 -0.063718361 -1.471829 -0.090530327 0.99588813 0.0033140769 -0.70102591 0.063756478 0.0024747473 0.99796246 43.612692
42 0.99352421 0.092030557 -0.066633664 -1.5372401 -0.091917001 0.99575517 0.0047743884 -0.70698247 0.066790211 0.0013812972 0.99776612 44.612034
43 0.99314616 0.093049766 -0.070728177 -1.6031368 -0.092826604 0.99566139 0.006442579 -0.70475736 0.071020801 0.00016703484 0.99747486 45.59796
44 0.9926353 0.093735131 -0.07673932 -1.6714021 -0.093417582 0.99559699 0.0077251713 -0.70260949 0.077125563 -0.00049947506 0.9970213 46.602717
45 0.99174058 0.094827303 -0.086362221 -1.7588473 -0.094356405 0.99549283 0.0095275919 -0.69284676 0.086876456 -0.0013000699 0.99621828 47.86043
46 0.99102073 0.095854615 -0.093219284 -1.85584 -0.095208646 0.99539243 0.011362621 -0.67853298 0.093878937 -0.0023853107 0.9955808 49.07597
47 0.99030397 0.09575128 -0.10064672 -1.9705748 -0.094982714 0.99540148 0.012411797 -0.67291792 0.10137234 -0.0027317525 0.99484484 50.328956
48 0.9895327 0.096250641 -0.10752155 -2.0955064 -0.09531537 0.99535119 0.013815961 -0.6625797 0.1083515 -0.0034228879 0.99410679 51.552549
49 0.98878908 0.0983671 -0.11233924 -2.2215419 -0.097386772 0.99514533 0.014194349 -0.65403795 0.11319014 -0.0030948607 0.99356856 52.69047
50 0.98786024 0.1005159 -0.11844295 -2.3539961 -0.099480853 0.9949318 0.014633905 -0.64719413 0.11931361 -0.002673447 0.99285306 53.81886
51 0.9877257 0.10240917 -0.11794211 -2.4787633 -0.10131923 0.99473753 0.015216242 -0.64383725 0.11887974 -0.0030796685 0.99290392 54.914427
52 0.98759636 0.10519407 -0.11656618 -2.6050005 -0.10412846 0.99444747 0.015210995 -0.64285361 0.11751906 -0.0028844653 0.99306648 55.977861
53 0.98758555 0.10759017 -0.11445159 -2.7275822 -0.10654008 0.99419108 0.015270614 -0.64547218 0.11542973 -0.0028873554 0.99331149 57.025743
54 0.98760832 0.11170418 -0.11023616 -2.8465544 -0.11078882 0.99373939 0.014413374 -0.64927596 0.11115606 -0.0020218321 0.99380095 58.058999
55 0.98746943 0.11483567 -0.1082447 -2.9698595 -0.11396813 0.99338303 0.014187848 -0.65412079 0.10915773 -0.0016736187 0.99402307 59.105364
56 0.98719449 0.11846942 -0.10682731 -3.0908055 -0.11759969 0.99295622 0.014426838 -0.65932712 0.10778399 -0.0016792362 0.99417296 60.150103
57 0.98698821 0.1213428 -0.10549994 -3.210373 -0.1204584 0.9926089 0.014738564 -0.65864267 0.10650861 -0.0018384334 0.99431012 61.213839
58 0.9864889 0.12527131 -0.1055783 -3.337394 -0.12436724 0.99212084 0.015129822 -0.65927167 0.10664178 -0.0017949185 0.99429593 62.317734
59 0.98596923 0.12844169 -0.10661823 -3.4680791 -0.12740388 0.99171332 0.01651718 -0.65788144 0.10785622 -0.0027018547 0.99416287 63.473269
60 0.98563548 0.13175089 -0.10566188 -3.5959305 -0.13069689 0.9912788 0.016868649 -0.65753678 0.10696285 -0.0028166588 0.99425907 64.596049
61 0.98562181 0.13325818 -0.1038842 -3.7142141 -0.13215138 0.99107506 0.01749614 -0.65818467 0.10528856 -0.003516136 0.99443554 65.637047
62 0.98527579 0.13525252 -0.1045868 -3.829087 -0.13419956 0.99080719 0.017072807 -0.65725485 0.10593451 -0.0027859201 0.99436925 66.681557
63 0.98496461 0.13700792 -0.10523107 -3.9409003 -0.13599596 0.99056744 0.01676673 -0.65295009 0.10653565 -0.0022036348 0.99430648 67.717258
64 0.98473698 0.13808283 -0.10595401 -4.053668 -0.13700174 0.99041703 0.017450079 -0.64675739 0.10734822 -0.0026678536 0.99421794 68.7635
65 0.98440816 0.14007831 -0.10638928 -4.1689424 -0.13898827 0.99013704 0.017628976 -0.64182454 0.10780941 -0.0025672442 0.9941683 69.820164
66 0.98418444 0.14134018 -0.10678938 -4.2846494 -0.14021257 0.98995714 0.018032588 -0.63692122 0.10826564 -0.0027741785 0.99411817 70.872701
67 0.98406945 0.14253442 -0.10626049 -4.3990931 -0.14141075 0.98978594 0.018074217 -0.63777298 0.10775134 -0.0027599088 0.99417408 71.907782
68 0.9839063 0.14372951 -0.10616142 -4.5113201 -0.14260664 0.98961326 0.018133316 -0.63808375 0.10766505 -0.0027021597 0.99418359 72.920187
69 0.98389073 0.14476328 -0.10489354 -4.6218141 -0.14361648 0.98946146 0.018444982 -0.63966287 0.10645828 -0.0030834048 0.99431243 73.922651
70 0.98384513 0.14537277 -0.10447754 -4.7318822 -0.14416611 0.98937005 0.01905038 -0.63951938 0.10613637 -0.0036805017 0.99434481 74.923773
71 0.98363671 0.14692734 -0.10426514 -4.84606 -0.14575553 0.9891417 0.018812342 -0.63861961 0.10589705 -0.0033072896 0.99437164 75.948761
72 0.98334378 0.14970722 -0.10306695 -4.9671028 -0.14858129 0.98872595 0.018560042 -0.6419045 0.10468355 -0.0029370811 0.99450128 77.005393
73 0.98273087 0.1533867 -0.10350162 -5.088752 -0.15248112 0.98816601 0.016653011 -0.64834487 0.10483114 -0.00058338341 0.9944899 78.081145
74 0.98245652 0.15567682 -0.10268372 -5.2100045 -0.15481532 0.98780797 0.016355843 -0.65758191 0.10397803 -0.00017189024 0.99457962 79.162712
75 0.98216143 0.15934218 -0.099844987 -5.3406943 -0.15851738 0.98722335 0.016191752 -0.66254027 0.10114934 -7.574769e-05 0.99487129 80.318047
76 0.98224354 0.16076383 -0.096709134 -5.4614088 -0.15987302 0.98699214 0.016941432 -0.6644558 0.098174733 -0.0011794304 0.99516853 81.447302
77 0.98214524 0.16254511 -0.094709299 -5.5771594 -0.16153646 0.98669751 0.018272588 -0.66209946 0.096419557 -0.0026473296 0.9953373 82.57153
78 0.98208544 0.16363918 -0.093436818 -5.6833686 -0.16250944 0.98651172 0.019626176 -0.65836475 0.095388136 -0.0040902155 0.99543179 83.637358
79 0.98185667 0.16385943 -0.095433682 -5.7885525 -0.16260022 0.98647106 0.020878084 -0.6546332 0.097563645 -0.0049817481 0.99521686 84.68523
80 0.9817879 0.1629353 -0.097696622 -5.8951381 -0.16151799 0.98661777 0.022298154 -0.64803748 0.10002239 -0.0061122959 0.99496645 85.753132
81 0.98133729 0.1650349 -0.098694688 -6.0063095 -0.1635745 0.9862682 0.02276633 -0.64011478 0.10109668 -0.0061975135 0.99485734 86.829037
82 0.98085385 0.16646261 -0.101074 -6.1209488 -0.16487487 0.98602426 0.023923296 -0.63125249 0.10364376 -0.006800695 0.99459127 87.909841
83 0.98026808 0.16826831 -0.10373184 -6.2371521 -0.16664465 0.98572024 0.024187771 -0.62187093 0.10632062 -0.006424143 0.99431119 88.97833
84 0.97987704 0.16980435 -0.10491659 -6.3566321 -0.16812814 0.98545598 0.024684393 -0.61232295 0.10758221 -0.0065482379 0.99417467 90.03691
85 0.97938226 0.17241268 -0.10528193 -6.4742814 -0.17065389 0.9849994 0.025559826 -0.60150264 0.10810948 -0.0070660684 0.99411392 91.097151
86 0.97897766 0.1753365 -0.10421076 -6.5866191 -0.1735202 0.98447853 0.026318005 -0.59105541 0.10720777 -0.0076820668 0.994207 92.146712
87 0.97856165 0.17762082 -0.10424951 -6.6992368 -0.17571329 0.98406329 0.027279237 -0.5814093 0.10743349 -0.0083763912 0.99417703 93.181105
88 0.97833097 0.17902313 -0.10401571 -6.7976372 -0.17704705 0.9838038 0.028005574 -0.57363343 0.10734471 -0.0089830458 0.99418132 94.125564
89 0.97818896 0.1799172 -0.10380839 -6.8966374 -0.17788853 0.98363614 0.028557025 -0.55845731 0.10724759 -0.0094678443 0.9941873 95.104121
90 0.97780397 0.18135247 -0.10493194 -7.0027435 -0.17927101 0.98337161 0.029018487 -0.54200664 0.10844967 -0.0095631369 0.99405598 96.124195
91 0.97731028 0.18362136 -0.10558339 -7.1121465 -0.18147345 0.98294762 0.029685625 -0.52190291 0.10923387 -0.0098514843 0.9939673 97.173573
92 0.97680686 0.18546494 -0.10700998 -7.2272236 -0.18323122 0.98259876 0.030428129 -0.50085994 0.11079123 -0.010114837 0.99379227 98.248218
93 0.97616914 0.18809473 -0.10823218 -7.3464756 -0.18579681 0.98209807 0.03102917 -0.48490171 0.11213105 -0.010180524 0.99364131 99.321369
94 0.97567636 0.191004 -0.10757857 -7.4624804 -0.18865701 0.98153179 0.031682029 -0.467645 0.11164319 -0.010615955 0.99369169 100.3778
95 0.97543674 0.19253296 -0.10702459 -7.5771818 -0.19011188 0.98122499 0.032478853 -0.45578258 0.11126846 -0.011334421 0.99372579 101.4056
96 0.97554533 0.19391164 -0.1034873 -7.6802548 -0.19147778 0.98094021 0.033052103 -0.44463153 0.10792405 -0.012428307 0.99408149 102.39323
97 0.97519084 0.19544911 -0.10393504 -7.7885541 -0.19295231 0.98063069 0.03365628 -0.42858835 0.10849999 -0.01276679 0.99401451 103.3902
98 0.97467617 0.19741186 -0.10504735 -7.8987736 -0.19486622 0.98023782 0.034071374 -0.41082881 0.10969748 -0.012738377 0.99388343 104.38795
99 0.97418504 0.1992382 -0.10614927 -8.0061328 -0.19660796 0.97986439 0.034798996 -0.390153 0.11094519 -0.013030869 0.99374113 105.37304
100 0.97340253 0.20178137 -0.10849806 -8.1177365 -0.19905245 0.97934437 0.035533269 -0.36877577 0.11342693 -0.01299137 0.99346144 106.3502
101 0.97253833 0.20447337 -0.1111749 -8.2238908 -0.20160787 0.97878392 0.036553777 -0.35058132 0.11629049 -0.013136213 0.99312841 107.24533
102 0.97165484 0.20697752 -0.11422439 -8.3297753 -0.20399799 0.97825987 0.037313993 -0.33145742 0.11946431 -0.012954775 0.99275401 108.11545
103 0.97085461 0.20950044 -0.11640839 -8.4346099 -0.2063625 0.977717 0.03852094 -0.31456639 0.12188462 -0.013375907 0.99245418 108.96706
104 0.9698689 0.21298026 -0.11829518 -8.5364401 -0.20971523 0.97696261 0.039540624 -0.30061728 0.12399135 -0.013540921 0.99219094 109.76821
105 0.96877718 0.21645715 -0.12090119 -8.6371213 -0.21302241 0.97619489 0.040802883 -0.28506588 0.12685521 -0.01377424 0.99182564 110.52086
106 0.96770333 0.21901909 -0.12482363 -8.7409021 -0.215318 0.97561537 0.042575634 -0.26468419 0.13110474 -0.014323809 0.99126508 111.2643
107 0.96660296 0.22191627 -0.12818702 -8.8450281 -0.21804452 0.97496144 0.04366532 -0.23942843 0.13466746 -0.014256551 0.99078832 111.98805
108 0.96559433 0.22507042 -0.13027251 -8.9488229 -0.22127819 0.97425876 0.043077916 -0.21622477 0.13661471 -0.012769327 0.99054199 112.69185
109 0.96490504 0.22748855 -0.1311764 -9.0491083 -0.22383872 0.9737153 0.042126202 -0.19499655 0.13731171 -0.011285427 0.99046363 113.38042
110 0.96431569 0.22996584 -0.13119069 -9.1386748 -0.22639097 0.97314138 0.041747679 -0.17680241 0.13726764 -0.010557554 0.99047777 114.0328
111 0.9639371 0.2313496 -0.1315396 -9.228294 -0.22771252 0.97281087 0.042259956 -0.15841657 0.13773999 -0.010782725 0.99040977 114.66848
112 0.96361788 0.23202044 -0.13269184 -9.3133965 -0.22835607 0.97265346 0.042410224 -0.14297436 0.13890323 -0.010566263 0.99024963 115.27968
113 0.96324769 0.23330416 -0.13312811 -9.3986431 -0.22963828 0.97234876 0.042473876 -0.12663611 0.13935629 -0.010341554 0.99018834 115.87427
114 0.96304471 0.23448846 -0.13251442 -9.4826415 -0.23090657 0.97206895 0.041999938 -0.11136167 0.13866167 -0.0098493671 0.99029087 116.46839
115 0.96283783 0.23684733 -0.12979476 -9.5575048 -0.23349093 0.97150609 0.040715987 -0.097669197 0.13573988 -0.0088969943 0.9907046 116.99737
116 0.96329607 0.23928132 -0.12167649 -9.6252193 -0.23643638 0.97092222 0.037520133 -0.086753876 0.12711629 -0.0073742469 0.99186045 117.48936
117 0.96395119 0.24212539 -0.11033325 -9.6755749 -0.23989879 0.97022896 0.033229695 -0.079902623 0.11509428 -0.0055629897 0.99333903 117.92238
118 0.96503405 0.24328526 -0.097578639 -9.7108636 -0.24154733 0.96994271 0.02942618 -0.075542597 0.10180465 -0.0048274058 0.99479273 118.31043
119 0.96609778 0.24394327 -0.084538754 -9.7424822 -0.24260879 0.96977907 0.025872906 -0.071310475 0.088295443 -0.0044859115 0.99608427 118.72022
120 0.96685514 0.24506434 -0.071656311 -9.7694638 -0.24405264 0.96949657 0.022684449 -0.068220664 0.075029704 -0.0044446634 0.99717143 119.14008
121 0.9674752 0.24650019 -0.056828067 -9.7961181 -0.24583004 0.96913431 0.018605494 -0.065872346 0.059660292 -0.0040303072 0.99821064 119.59711
122 0.96826532 0.24712862 -0.037279215 -9.8072521 -0.24679075 0.96897497 0.013479842 -0.067631153 0.039453884 -0.0038518977 0.99921401 120.05035
123 0.96893942 0.24707085 -0.010602715 -9.7972703 -0.247014 0.96899077 0.0063917852 -0.074793375 0.011853158 -0.0035742331 0.9999234 120.49177
124 0.96925968 0.24503741 0.022189548 -9.7614708 -0.24505209 0.96950759 -0.0020960486 -0.088435759 -0.022026547 -0.003405979 0.99975162 120.91004
125 0.96831314 0.24255919 0.059453677 -9.7090171 -0.24230769 0.97013108 -0.01151307 -0.10581131 -0.060470466 -0.0032578251 0.99816471 121.31138
126 0.96556298 0.24000563 0.10042639 -9.6343668 -0.2390318 0.97076694 -0.021799725 -0.1283054 -0.10272268 -0.0029560918 0.99470568 121.69816
127 0.96044537 0.23869825 0.14341501 -9.5422206 -0.23645368 0.97109062 -0.032749629 -0.15436593 -0.14708627 -0.0024567777 0.98912066 122.08179
128 0.95271294 0.23901015 0.18764923 -9.4304638 -0.2348847 0.97101513 -0.044256913 -0.18503267 -0.19278811 -0.0019117983 0.98123859 122.46464
129 0.94148536 0.2391349 0.23752861 -9.2934007 -0.23221308 0.97098534 -0.05713529 -0.22212255 -0.24429986 -0.0013652103 0.96969882 122.85726
130 0.92740644 0.23778956 0.2887446 -9.1260638 -0.2272835 0.97131631 -0.06990504 -0.26667554 -0.29708505 -0.00079649702 0.95485073 123.2622
131 0.91087355 0.23635934 0.33829524 -8.9408894 -0.22132035 0.97166541 -0.082966985 -0.31586542 -0.34831984 0.00070081022 0.93737553 123.64095
132 0.89154356 0.23578962 0.3867213 -8.744264 -0.21516976 0.97180004 -0.096470386 -0.36934016 -0.39856253 0.0027968238 0.91713694 124.00551
133 0.86801467 0.2368678 0.43639913 -8.55291 -0.20952535 0.97153122 -0.11057166 -0.42116549 -0.45016628 0.0045411448 0.89293324 124.35458
134 0.84344261 0.23816211 0.48154273 -8.3346698 -0.2039394 0.97120892 -0.12313339 -0.47854337 -0.49700434 0.0056504153 0.8677297 124.67498
135 0.81794399 0.24019894 0.52275436 -8.1058083 -0.19869657 0.9707008 -0.13512777 -0.53899363 -0.53989567 0.0066574523 0.84170566 124.9956
136 0.79097954 0.24487158 0.5607043 -7.8772165 -0.19550148 0.96952912 -0.14762229 -0.60017762 -0.57976769 0.0071476927 0.81475052 125.3173
137 0.76111166 0.24622417 0.60006894 -7.6143829 -0.18869306 0.96918542 -0.15834912 -0.66973426 -0.62056749 0.0072925179 0.78411918 125.60955
138 0.72889593 0.24706743 0.63848918 -7.3300975 -0.1807471 0.96896926 -0.16860884 -0.74650072 -0.6603342 0.0074932314 0.75093453 125.88375
139 0.69412308 0.25020712 0.67497376 -7.0217189 -0.17532418 0.96817592 -0.1785965 -0.83023074 -0.69817952 0.0056287301 0.71590066 126.16483
140 0.65428899 0.25030079 0.71362137 -6.6819339 -0.16518911 0.96815408 -0.18812262 -0.92241005 -0.73798274 0.0052040812 0.67479957 126.43499
141 0.61194318 0.25127201 0.7499253 -6.326623 -0.15530947 0.9679063 -0.19757593 -1.0183532 -0.77550278 0.0044347403 0.63132863 126.67625
142 0.56319309 0.2483402 0.78812481 -5.9253161 -0.13991132 0.96865818 -0.20524627 -1.1270974 -0.81439451 0.0053256961 0.58028725 126.86591
143 0.5091847 0.24344523 0.82550917 -5.5357473 -0.1204147 0.96987809 -0.21174673 -1.2264658 -0.85219206 0.0084147623 0.52316151 126.99299
144 0.45031659 0.24072106 0.85980717 -5.139585 -0.10349191 0.97055282 -0.21752363 -1.3254012 -0.88685086 0.0089714171 0.46196876 127.09893
145 0.39310747 0.24224205 0.88700921 -4.7328933 -0.091815063 0.97019251 -0.22426852 -1.4305074 -0.91489703 0.006720824 0.40363143 127.19478
146 0.34472898 0.24397814 0.90644174 -4.2919401 -0.08199215 0.96976824 -0.22984067 -1.5466898 -0.93511458 0.0049116354 0.35431154 127.33821
147 0.29813102 0.2434533 0.92295634 -3.8230489 -0.067380323 0.96988284 -0.23406634 -1.6726526 -0.95214382 0.0075933423 0.30555615 127.45471
148 0.252756 0.24257735 0.93662728 -3.3267552 -0.052100137 0.97006794 -0.23717854 -1.8086828 -0.96612631 0.01114989 0.25782882 127.53689
149 0.21285767 0.24307551 0.94636459 -2.833742 -0.039420727 0.96990866 -0.24025628 -1.9446222 -0.97628771 0.013834014 0.21603473 127.59603
150 0.17632315 0.24574555 0.95316279 -2.3802747 -0.031899788 0.96925222 -0.24399268 -2.0705299 -0.98381534 0.012615869 0.17874085 127.65853
151 0.14510631 0.24827195 0.95776053 -1.9300546 -0.026847487 0.96863734 -0.2470239 -2.1951195 -0.98905179 0.010131265 0.14722088 127.72019
152 0.1149043 0.24943116 0.96155142 -1.5096452 -0.022342662 0.96836664 -0.24852914 -2.3084709 -0.99312531 0.0070734491 0.11684246 127.76763
153 0.087372775 0.24726996 0.96499927 -1.0246123 -0.016448235 0.96892986 -0.24678788 -2.437854 -0.99603992 0.0056900082 0.088725253 127.79217
154 0.062081725 0.24460646 0.96763297 -0.50786945 -0.0079092557 0.96959313 -0.24459452 -2.5759687 -0.99803977 0.0075315947 0.062128674 127.79875
155 0.04402352 0.24345128 0.96891353 0.033195314 -0.0014557972 0.96986834 -0.24362504 -2.7219548 -0.99902947 0.0093146919 0.043051438 127.81015
156 0.034111932 0.24442957 0.96906687 0.61912934 0.00058130224 0.96962609 -0.24459108 -2.8791775 -0.99941789 0.0089067968 0.032933734 127.82892
157 0.022816955 0.24585464 0.96903814 1.2084139 0.0023251295 0.96927474 -0.24596942 -3.036119 -0.99973699 0.0078654138 0.021544256 127.84232
158 0.013207262 0.24678684 0.9689798 1.8129609 0.0044787954 0.96903993 -0.2468632 -3.195134 -0.99990279 0.0076002507 0.011693057 127.84446
159 0.00562215 0.24695146 0.96901156 2.4580764 0.0062941211 0.96899887 -0.24698474 -3.3660617 -0.99996443 0.007487663 0.003893515 127.83958
160 -0.001888148 0.2471439 0.96897696 3.113248 0.0070065666 0.9689581 -0.24712544 -3.5393451 -0.99997371 0.0063225938 -0.0035611667 127.83057
161 -0.0087202975 0.24764404 0.96881186 3.7821841 0.0064641589 0.96884234 -0.24759364 -3.7197162 -0.99994112 0.0041034649 -0.010049405 127.82378
162 -0.021683876 0.24924016 0.96819894 4.4363053 0.007223548 0.96844035 -0.24914052 -3.8992843 -0.99973882 0.0015915005 -0.02279994 127.80524
163 -0.029648506 0.25296836 0.96702017 5.5546973 0.0060098569 0.96747303 -0.25290257 -4.216146 -0.99954236 -0.0016865296 -0.030204436 127.76025
164 -0.027009178 0.25097084 0.96761778 6.6409061 0.0011449138 0.96797797 -0.2510323 -4.5224164 -0.99963457 -0.0056723367 -0.026431632 127.71198
165 -0.022438995 0.24784629 0.96853949 8.1698733 -0.0024363566 0.96876691 -0.24796093 -4.9497709 -0.99974528 -0.0079237013 -0.021134315 127.66014
166 -0.015488189 0.24379076 0.96970419 9.0409509 -0.010806164 0.96972299 -0.24396809 -5.1860983 -0.99982169 -0.014257406 -0.012384811 127.65265
167 -0.014590588 0.24361599 0.96976203 9.8151661 -0.014378824 0.96971379 -0.24382021 -5.3875158 -0.9997902 -0.017501518 -0.010645784 127.64903
168 -0.016406517 0.24348967 0.96976473 10.5756 -0.017605073 0.9696745 -0.24376485 -5.5905229 -0.99971044 -0.021072112 -0.011622329 127.6431
169 -0.018900793 0.24394263 0.96960548 11.327285 -0.019934965 0.96949391 -0.24430316 -5.79104 -0.99962265 -0.023946575 -0.013461217 127.63748
170 -0.023419475 0.2447551 0.96930207 12.107439 -0.024205926 0.96914485 -0.24530024 -5.9979094 -0.99943268 -0.029207658 -0.016772341 127.63221
171 -0.026929702 0.244461 0.96928512 12.851166 -0.027073816 0.96910265 -0.24516717 -6.1978114 -0.99927067 -0.032844528 -0.019479155 127.62052
172 -0.026386836 0.24290289 0.96969168 13.632827 -0.029153252 0.96942978 -0.24363059 -6.4097834 -0.99922665 -0.034698308 -0.018498777 127.60806
173 -0.02718929 0.24339369 0.96954643 14.416039 -0.033544154 0.96913655 -0.24423148 -6.6205154 -0.99906737 -0.039163098 -0.018185701 127.59837
174 -0.027271211 0.24389848 0.96941727 15.193124 -0.036979401 0.96886794 -0.24480056 -6.8277058 -0.99894388 -0.04252448 -0.017402983 127.58894
175 -0.027257955 0.24470452 0.96921449 15.978048 -0.040692097 0.96849939 -0.24566839 -7.0395434 -0.9987999 -0.046135791 -0.016441774 127.58047
176 -0.027905422 0.24470948 0.96919481 16.759897 -0.04349023 0.96835704 -0.24575014 -7.2472596 -0.99866409 -0.04900827 -0.016379941 127.56979
177 -0.032452452 0.24590172 0.96875137 17.575476 -0.050082231 0.96764413 -0.24729838 -7.4626722 -0.99821775 -0.056542673 -0.019087119 127.56148
178 -0.035886941 0.24501742 0.96885428 18.417115 -0.051755689 0.96772203 -0.24664814 -7.6903109 -0.99801481 -0.058995172 -0.02204754 127.54136
179 -0.041549334 0.24328761 0.96906389 19.278614 -0.053492621 0.96796865 -0.24530618 -7.9271185 -0.9977035 -0.06203008 -0.027204363 127.52279
180 -0.048704716 0.24166981 0.96913548 20.163969 -0.055007445 0.96816536 -0.24419234 -8.1679869 -0.9972974 -0.06520299 -0.033860583 127.5014
181 -0.053749417 0.2419584 0.96879676 21.053931 -0.058059436 0.96780055 -0.24493077 -8.4084995 -0.99686518 -0.069412685 -0.03797075 127.47643
182 -0.055870522 0.24180759 0.96871441 21.911838 -0.059185819 0.96772156 -0.24497329 -8.6437023 -0.9966823 -0.071020946 -0.039755531 127.44531
183 -0.05644332 0.24295723 0.9683935 22.746067 -0.059285585 0.96741258 -0.24616662 -8.8724753 -0.99664409 -0.071306241 -0.04020012 127.40962
184 -0.057778301 0.24273444 0.96837064 23.565043 -0.060658184 0.9673453 -0.24609662 -9.0885676 -0.99648499 -0.072958654 -0.041167741 127.37697
185 -0.056029149 0.24141647 0.96880279 24.379387 -0.062111396 0.9676048 -0.24471005 -9.3079634 -0.99649535 -0.073884595 -0.039219363 127.34652
186 -0.053716723 0.24003656 0.96927653 25.203273 -0.064098816 0.9678471 -0.24323488 -9.5327512 -0.99649683 -0.075195264 -0.036603519 127.31864
187 -0.052083987 0.23899908 0.96962195 26.031634 -0.06659958 0.96794687 -0.24216364 -9.7596813 -0.99641951 -0.077189268 -0.034497296 127.2919
188 -0.054676211 0.23953981 0.96934577 26.853446 -0.071017791 0.96740638 -0.24306634 -9.982317 -0.99597543 -0.082130747 -0.03588253 127.27218
189 -0.056929444 0.23906859 0.96933239 27.692124 -0.072982079 0.96731282 -0.24285678 -10.207715 -0.99570715 -0.0845696 -0.037620861 127.2462
190 -0.058418049 0.23847268 0.9693906 28.52336 -0.075695563 0.96719523 -0.24249423 -10.43036 -0.9954183 -0.087544613 -0.038450337 127.2215
191 -0.060516416 0.23852374 0.96924931 29.336359 -0.078566239 0.96687809 -0.24284559 -10.646222 -0.99507044 -0.090846424 -0.039772087 127.19738
192 -0.06305149 0.24016114 0.96868321 30.126061 -0.082122351 0.9660743 -0.24485965 -10.857208 -0.99462581 -0.094989316 -0.04118983 127.16677
193 -0.065981707 0.23993327 0.96854451 30.937295 -0.083025375 0.96597358 -0.24495245 -11.074585 -0.99436074 -0.096576159 -0.04381604 127.12992
194 -0.06939137 0.23906215 0.96852163 31.727804 -0.084702113 0.96594402 -0.24449454 -11.287961 -0.99398716 -0.099001647 -0.046779114 127.09348
195 -0.072627804 0.23786153 0.96857995 32.544956 -0.085233806 0.96611152 -0.24364649 -11.507998 -0.99371046 -0.10025127 -0.049892719 127.05507
196 -0.073507564 0.23688665 0.96875249 33.371569 -0.087616821 0.96609036 -0.24288392 -11.73198 -0.99343848 -0.10273283 -0.050259698 127.01643
197 -0.075620542 0.23615074 0.96876952 34.191031 -0.089257447 0.966048 -0.24245462 -11.952939 -0.99313379 -0.10480445 -0.051974866 126.97626
198 -0.078690842 0.23566528 0.9686432 35.002006 -0.091031638 0.96589799 -0.24239264 -12.172529 -0.99273414 -0.10725127 -0.054554334 126.9314
199 -0.081140403 0.23517243 0.96856089 35.81525 -0.092622212 0.96578086 -0.24225677 -12.390572 -0.99238976 -0.10936707 -0.056581662 126.88399
200 -0.084092066 0.23448546 0.96847567 36.62631 -0.094082524 0.96570797 -0.24198447 -12.607045 -0.99200659 -0.11146562 -0.059147399 126.83424
201 -0.086171222 0.23409131 0.96838825 37.416049 -0.096692487 0.96544997 -0.24198513 -12.81764 -0.99157711 -0.11448803 -0.060559137 126.78592
202 -0.088931046 0.23397553 0.96816669 38.197236 -0.09845259 0.96519301 -0.24230026 -13.028253 -0.99116014 -0.11686654 -0.062800132 126.73545
203 -0.092741737 0.23368476 0.96787935 38.933342 -0.099386168 0.96504145 -0.24252271 -13.228174 -0.99071764 -0.11868581 -0.066274593 126.68095
204 -0.09985233 0.23365449 0.96717895 39.629104 -0.098639823 0.96492403 -0.24329339 -13.418828 -0.99010089 -0.11969578 -0.073302281 126.61782
205 -0.10212583 0.23291295 0.96712042 40.345058 -0.098552272 0.9650518 -0.24282166 -13.613441 -0.98987769 -0.12011029 -0.07560262 126.55466
206 -0.099826038 0.23183286 0.96761992 41.084767 -0.098952045 0.96534349 -0.24149599 -13.811537 -0.99007239 -0.11985557 -0.073426087 126.49266
207 -0.098772475 0.23130689 0.96785389 41.848459 -0.1015936 0.96518388 -0.24103673 -14.01322 -0.98991051 -0.12213557 -0.071834306 126.43833
208 -0.097243001 0.23078214 0.96813399 42.601034 -0.10338057 0.96513989 -0.24045234 -14.215642 -0.98987693 -0.12346856 -0.069994716 126.38461
209 -0.095271619 0.22964369 0.9686006 43.3343 -0.10553103 0.96521323 -0.23922063 -14.412613 -0.9898417 -0.12500837 -0.067722896 126.3367
210 -0.092760031 0.22826096 0.96917106 44.041526 -0.10723198 0.96541622 -0.23763986 -14.601319 -0.98989745 -0.12596962 -0.065075169 126.29259
211 -0.089132457 0.22751993 0.96968558 44.749327 -0.11026449 0.96532229 -0.23663156 -14.784669 -0.98989758 -0.12801345 -0.060954183 126.25387
212 -0.085619747 0.22792815 0.9699062 45.440654 -0.11356592 0.96490361 -0.23677772 -14.964154 -0.98983439 -0.13042115 -0.056729938 126.21835
213 -0.082426874 0.22746012 0.9702926 46.126883 -0.1168135 0.96468931 -0.23606994 -15.14045 -0.98972748 -0.13280179 -0.052945917 126.18625
214 -0.080143952 0.22686024 0.97062424 46.805835 -0.1203563 0.96442965 -0.23535016 -15.316313 -0.98949047 -0.13568264 -0.049989148 126.15645
215 -0.081071724 0.22715937 0.97047722 47.475651 -0.12386935 0.96383736 -0.23595297 -15.48866 -0.98898121 -0.1393415 -0.050001879 126.12755
216 -0.082162035 0.22764264 0.97027226 48.181987 -0.12698135 0.96323799 -0.23674498 -15.667549 -0.98849644 -0.14265794 -0.050235228 126.09646
217 -0.083585854 0.22793565 0.97008184 48.856241 -0.12959382 0.96273472 -0.23737561 -15.841583 -0.98803791 -0.14555786 -0.050931957 126.06467
218 -0.085625378 0.22758625 0.96998599 49.551684 -0.13041916 0.96262422 -0.23737171 -16.021303 -0.98775463 -0.14682981 -0.052743459 126.02882
219 -0.087722757 0.22703691 0.96992731 50.267972 -0.13135285 0.9625425 -0.23718819 -16.205353 -0.98744682 -0.14820953 -0.054614942 125.9908
220 -0.095636549 0.22833945 0.96887294 50.977019 -0.13346892 0.9616036 -0.23980083 -16.386405 -0.98642778 -0.15224816 -0.061488236 125.95944
221 -0.1019255 0.22934092 0.96799482 51.712471 -0.13407814 0.96101668 -0.24180545 -16.577957 -0.98571513 -0.1544331 -0.067202505 125.91805
222 -0.11037616 0.22997909 0.9669161 52.432577 -0.13509673 0.96035941 -0.24384126 -16.768572 -0.98466545 -0.15754148 -0.074931371 125.87183
223 -0.11991994 0.23029358 0.96570394 53.17383 -0.13592342 0.95975508 -0.24575374 -16.963195 -0.98343485 -0.16073256 -0.083791486 125.81256
224 -0.12599503 0.23014264 0.96496614 53.92287 -0.13736165 0.95930059 -0.24672664 -17.162142 -0.98247499 -0.16363568 -0.089254341 125.74451
225 -0.12667535 0.22852319 0.9652619 54.640506 -0.13901006 0.95940847 -0.24538027 -17.355912 -0.9821556 -0.16526476 -0.089766392 125.6813
226 -0.12821367 0.22687498 0.96544758 55.334799 -0.14066293 0.95948062 -0.24415314 -17.546282 -0.98172057 -0.16710647 -0.091105638 125.6212
227 -0.12830497 0.22620105 0.96559357 56.017954 -0.14271299 0.95929587 -0.24368899 -17.73046 -0.98141271 -0.16906927 -0.09080061 125.56434
228 -0.12733036 0.22624099 0.96571322 56.715322 -0.14570988 0.95880804 -0.2438353 -17.913908 -0.98109922 -0.1717616 -0.089119835 125.50746
229 -0.12687295 0.225973 0.96583616 57.424474 -0.14737746 0.95860273 -0.24364024 -18.099254 -0.98090938 -0.17325385 -0.088317437 125.44599
230 -0.12478847 0.22492406 0.96635244 58.163816 -0.14943506 0.95859469 -0.24241547 -18.294622 -0.98086547 -0.1746576 -0.086010027 125.38132
231 -0.12252565 0.22484892 0.96665943 58.92793 -0.15266107 0.95813655 -0.2422165 -18.4946 -0.98065393 -0.17724902 -0.083070632 125.31972
232 -0.12044313 0.22492221 0.96690407 59.711128 -0.15595084 0.95761399 -0.24218727 -18.697936 -0.98039424 -0.1799593 -0.080261222 125.26017
233 -0.11789896 0.22430192 0.96736162 60.512729 -0.15932125 0.95726343 -0.24137802 -18.907337 -0.98016154 -0.1825795 -0.077124309 125.20393
234 -0.11415352 0.22317665 0.96807086 61.325896 -0.16244988 0.95713155 -0.23981058 -19.123612 -0.98009136 -0.18463823 -0.073004927 125.14714
235 -0.11241851 0.22257546 0.96841224 62.123353 -0.16454995 0.95696403 -0.2390461 -19.337584 -0.97994156 -0.1862254 -0.070955696 125.09063
236 -0.11186795 0.2227821 0.96842848 62.920322 -0.16779155 0.95631783 -0.23937853 -19.549005 -0.97945476 -0.18927292 -0.069600368 125.03686
237 -0.11164389 0.22208689 0.968614 63.720349 -0.17029832 0.9560127 -0.23882646 -19.761413 -0.9790476 -0.19161686 -0.068911961 124.98273
238 -0.11319439 0.22178088 0.96850416 64.519028 -0.173224 0.95543507 -0.23903378 -19.971219 -0.97835604 -0.19482546 -0.069732122 124.92857
239 -0.11430045 0.22133861 0.96847543 65.300636 -0.17593306 0.95494582 -0.23901031 -20.178034 -0.97774385 -0.19770585 -0.070209961 124.87533
240 -0.11539502 0.22137113 0.96833819 66.074062 -0.17867385 0.95432417 -0.23945962 -20.38179 -0.97711807 -0.20064917 -0.070571027 124.82247
241 -0.1164757 0.22118173 0.96825208 66.853497 -0.1814418 0.95374295 -0.23969386 -20.584216 -0.97647957 -0.20359992 -0.07095627 124.76914
242 -0.11683581 0.2206434 0.96833151 67.628444 -0.18396507 0.95332794 -0.23942134 -20.784963 -0.9759643 -0.20611217 -0.070792166 124.71533
243 -0.11691339 0.2205876 0.96833486 68.414493 -0.18585378 0.95293692 -0.23951928 -20.989083 -0.9755971 -0.20797172 -0.070414047 124.65923
244 -0.11848092 0.22043669 0.96817869 69.166347 -0.18808505 0.95241231 -0.23986389 -21.187702 -0.97498018 -0.21051925 -0.071381847 124.60595
245 -0.11959008 0.2201415 0.96810948 69.902954 -0.19021348 0.95196353 -0.239967 -21.381598 -0.97443169 -0.21284517 -0.07197152 124.55341
246 -0.11942156 0.21959571 0.96825423 70.662584 -0.19277188 0.95154572 -0.23958219 -21.577611 -0.97394947 -0.21526348 -0.071303201 124.50139
247 -0.12021818 0.2186073 0.9683793 71.432813 -0.19344324 0.95159764 -0.23883367 -21.778193 -0.97371832 -0.21603859 -0.072111238 124.4427
248 -0.12133938 0.21759338 0.96846781 72.185834 -0.19592478 0.95123163 -0.23826822 -21.978513 -0.97308289 -0.21865818 -0.072789931 124.39004
249 -0.12712481 0.21896544 0.96741586 72.895317 -0.1962972 0.95048462 -0.24092796 -22.173642 -0.97226887 -0.22052896 -0.077847876 124.33037
250 -0.1348419 0.21900142 0.96636229 73.648439 -0.19567501 0.95017804 -0.24263729 -22.373183 -0.97135422 -0.22181064 -0.085270711 124.26054
251 -0.1417092 0.2186912 0.96544948 74.421988 -0.19527698 0.94995114 -0.24384342 -22.57561 -0.97045632 -0.22308493 -0.091911467 124.18408
252 -0.14989529 0.21836309 0.96428678 75.243554 -0.19489034 0.94964453 -0.24534242 -22.792748 -0.96930348 -0.22470587 -0.099790391 124.09561
253 -0.15039298 0.21785385 0.96432447 76.096071 -0.19692409 0.94927081 -0.24516468 -23.019715 -0.96881522 -0.22676978 -0.099863003 124.00714
254 -0.14935183 0.21739401 0.96459002 76.942156 -0.19885394 0.94899634 -0.24466904 -23.242486 -0.96858206 -0.22835431 -0.098504694 123.92173
255 -0.14803367 0.21711792 0.96485536 77.780193 -0.20068696 0.94871175 -0.24427574 -23.465763 -0.96840634 -0.22979495 -0.096868558 123.84258
256 -0.14430463 0.21692704 0.96546303 78.721243 -0.20256334 0.94853787 -0.24340066 -23.720188 -0.96857851 -0.23069127 -0.092936948 123.75525
257 -0.13952184 0.21655595 0.96624904 79.821646 -0.20423574 0.94851901 -0.24207298 -24.015134 -0.96892801 -0.23111707 -0.088110662 123.65765
258 -0.13430807 0.21650674 0.96699856 81.039684 -0.20749769 0.94806214 -0.24108666 -24.340377 -0.96897168 -0.23302987 -0.082407752 123.55018
259 -0.13020122 0.21497659 0.9679012 82.092423 -0.20997841 0.94808905 -0.23882231 -24.617396 -0.96899782 -0.23433333 -0.078301913 123.46798
260 -0.1255741 0.21409525 0.96870759 83.001473 -0.21403977 0.94759424 -0.23717506 -24.855312 -0.96871987 -0.23712502 -0.073168397 123.40231
261 -0.12226577 0.21376074 0.96920455 83.862621 -0.21792722 0.94691736 -0.23633689 -25.080778 -0.96827624 -0.24011199 -0.069191303 123.34364
262 -0.12152082 0.21304009 0.96945688 84.710556 -0.22061134 0.94646891 -0.23564193 -25.303536 -0.96776205 -0.2425086 -0.068016625 123.28904
263 -0.12108046 0.21270891 0.96958469 85.570357 -0.22379163 0.94577423 -0.23543214 -25.525177 -0.96708681 -0.24549119 -0.066912307 123.23655
264 -0.12086172 0.21236227 0.96968796 86.439797 -0.22705601 0.94503771 -0.23526407 -25.74636 -0.96635298 -0.24860792 -0.066000758 123.18358
265 -0.11618845 0.21235347 0.97026093 87.332581 -0.23097509 0.94431857 -0.23433486 -25.970085 -0.96599732 -0.25133313 -0.060670555 123.13404
266 -0.11255495 0.21145517 0.97088523 88.23263 -0.23239429 0.94439271 -0.23262672 -26.200612 -0.96608713 -0.25181149 -0.057155103 123.08046
267 -0.11070908 0.21097349 0.9712022 89.157494 -0.23551033 0.94380701 -0.2318687 -26.433731 -0.96554567 -0.25439814 -0.054801572 123.02307
268 -0.10827726 0.21065863 0.97154465 90.053241 -0.23907908 0.94308973 -0.23113381 -26.660426 -0.96494419 -0.25730255 -0.051751101 122.97088
269 -0.10792404 0.21031225 0.97165899 90.915699 -0.24215883 0.94236844 -0.23086946 -26.880631 -0.96421552 -0.26021219 -0.050775242 122.9277
270 -0.10411226 0.209927 0.97215807 91.788478 -0.24573686 0.94173406 -0.2296742 -27.096496 -0.96372927 -0.262807 -0.046459264 122.89027
271 -0.10168848 0.20922681 0.97256549 92.654968 -0.24832724 0.94134619 -0.22847498 -27.310746 -0.96332398 -0.2647478 -0.043767351 122.85599
272 -0.10107331 0.20855718 0.97277342 93.526212 -0.25065766 0.94089987 -0.22776755 -27.527867 -0.96278502 -0.26685435 -0.042823417 122.8222
273 -0.10201102 0.20832063 0.97272622 94.39449 -0.25257731 0.94035983 -0.22787709 -27.743098 -0.96218424 -0.26893457 -0.04331001 122.78718
274 -0.10396877 0.20785069 0.97261946 95.2405 -0.25496105 0.93967104 -0.22806377 -27.954994 -0.96134563 -0.27169161 -0.044702612 122.75412
275 -0.10495329 0.20790638 0.97250181 96.070699 -0.25717215 0.93896448 -0.22849085 -28.164879 -0.96064945 -0.27408127 -0.045079687 122.71972
276 -0.10619637 0.20691528 0.97257824 96.900734 -0.25949144 0.93844843 -0.2279882 -28.372089 -0.95988884 -0.27658727 -0.045967077 122.68805
277 -0.10598192 0.20588101 0.97282109 97.714124 -0.26175756 0.93804918 -0.22703874 -28.575089 -0.95929707 -0.2787053 -0.045525345 122.65825
278 -0.10586452 0.20568415 0.97287551 98.542465 -0.26517149 0.93710492 -0.22697651 -28.778054 -0.95837198 -0.28200763 -0.044664594 122.62976
279 -0.10542341 0.2054323 0.97297662 99.375561 -0.26767441 0.93645424 -0.22672394 -28.983001 -0.95772458 -0.28434297 -0.043735232 122.60078
280 -0.10364419 0.20514866 0.97322759 100.20604 -0.27093805 0.93566973 -0.22608539 -29.185643 -0.95700079 -0.28711684 -0.041394156 122.57274
281 -0.10295187 0.20473248 0.9733887 101.05633 -0.27403374 0.93488099 -0.22561675 -29.391782 -0.95619375 -0.28996904 -0.04014414 122.54419
282 -0.10240041 0.20417387 0.97356418 101.88896 -0.276956 0.93415851 -0.22504029 -29.595835 -0.95541069 -0.29267868 -0.039111034 122.51495
283 -0.102974 0.20341872 0.97366175 102.72247 -0.27877628 0.93373257 -0.22455991 -29.801287 -0.95481946 -0.29455765 -0.039441867 122.48384
284 -0.10493189 0.2028021 0.97358135 103.57053 -0.28047691 0.93320825 -0.22462177 -30.009184 -0.95410799 -0.2966371 -0.041041998 122.45255
285 -0.1074562 0.20185469 0.97350289 104.41362 -0.28186982 0.93281052 -0.22453024 -30.216918 -0.95341629 -0.29852828 -0.04333953 122.41937
