4 0.99997291 0.0072672838 -0.0011693456 -0.064147147 -0.0072655218 0.99997247 0.0015041088 -0.029333926 0.0011802442 -0.0014955721 0.99999819 0.81949636
5 0.99999951 0.00074499645 -0.00065742999 -0.0014749313 -0.00074487765 0.99999971 0.0001809363 -0.010350592 0.0006575646 -0.0001804465 0.99999977 0.60747727
6 0.99999525 5.3528872e-05 -0.0030827794 -0.00091787484 -5.363785e-05 1 -3.5268008e-05 -0.010419918 0.0030827775 3.5433194e-05 0.99999525 0.60262909
7 0.99999389 0.00075262846 -0.0034131307 -0.0028625569 -0.00075572892 0.9999993 -0.00090719416 -0.0073004753 0.0034124456 0.00090976802 0.99999376 0.62822635
8 0.9999978 0.0020839556 -0.00022368681 -0.0020890732 -0.0020842951 0.99999666 -0.001528275 -0.0059235282 0.0002205012 0.0015287379 0.99999881 0.64411893
9 0.99999949 0.00056804086 0.00083446672 0.0014996038 -0.00056733909 0.99999949 -0.00084098062 -0.005895967 -0.000834944 0.00084050677 0.9999993 0.65851461
10 0.99998757 -0.0017213732 -0.0046801687 0.014380939 0.0017193325 0.99999843 -0.00044002968 -0.040256949 0.0046809188 0.00043197744 0.99998895 1.5413591
11 0.99996571 0.0079422877 -0.002343385 0.0051816455 -0.007955739 0.9999516 -0.0057877395 -0.047304137 0.0022973036 0.0058061844 0.99998051 2.5159709
12 0.99999249 0.0013223643 -0.0036430858 0.01484023 -0.0013260902 0.9999986 -0.001020503 -0.04612275 0.0036417312 0.0010253264 0.99999284 2.6492112
13 0.99998065 0.0024475414 -0.0057189282 0.0092028367 -0.0024371104 0.99999536 0.0018301998 -0.045669454 0.0057233811 -0.0018162268 0.99998197 2.5853441
14 0.99998491 0.0054927047 -7.2537932e-06 0.010774025 -0.0054926983 0.99998467 0.00069554682 -0.049312784 1.1074115e-05 -0.00069549648 0.99999976 2.4258664
15 0.99980279 0.0070705197 -0.018557511 -0.021330443 -0.0069391328 0.99995047 0.0071348528 -0.0153023 0.018607039 -0.0070046727 0.99980234 0.99330095
16 0.99999075 0.0037712342 -0.0020700972 -0.0037327813 -0.003770271 0.99999278 0.00046897361 -0.013941281 0.0020718508 -0.00046116445 0.99999775 0.80078357
17 0.99999234 0.0035925979 -0.0015519816 -0.0030529899 -0.0035916569 0.99999336 0.00060868857 -0.017107514 0.0015541581 -0.00060310972 0.99999861 0.7732963
18 0.9999967 0.0025586589 -0.00025084054 -0.0029716899 -0.0025587686 0.99999663 -0.00043767344 -0.012462923 0.00024971983 0.00043831384 0.99999987 0.764764
19 0.99999831 0.0011249781 0.0014547319 0.0026509082 -0.0011232812 0.99999869 -0.0011667198 -0.008732783 -0.0014560426 0.0011650838 0.99999826 0.74993009
20 0.99999927 0.00048055797 0.0011078244 0.0062238379 -0.00047927219 0.99999921 -0.0011606055 -0.0054173968 -0.0011083812 0.0011600737 0.99999871 0.74734415
21 0.99999941 0.00075847457 0.00077738688 0.0041539321 -0.00075861671 0.9999997 0.000182572 -0.0058978126 -0.00077724817 -0.00018316163 0.99999968 0.77557714
22 0.99999837 0.0010599524 -0.0014584144 0.0025937545 -0.0010592722 0.99999933 0.00046709142 -0.007413745 0.0014589085 -0.0004655458 0.99999883 0.76994626
23 0.99998412 0.0017129464 -0.0053681772 -0.0020383106 -0.0017151333 0.99999845 -0.00040281305 -0.013474508 0.0053674788 0.0004120138 0.99998551 0.75958044
24 0.99999054 0.002497314 -0.0035605959 -0.0025667767 -0.0024977234 0.99999687 -0.00011052261 -0.013684698 0.0035603088 0.00011941495 0.99999365 0.72715372
25 0.9999973 0.0017505851 -0.0015255192 -0.0025017654 -0.0017511402 0.9999984 -0.00036264047 -0.008543992 0.0015248819 0.00036531089 0.99999877 0.7488175
26 0.99999801 2.1766598e-06 -0.0019945587 0.0031432774 -1.0683126e-06 0.99999985 0.00055568632 -0.004757907 0.0019945596 -0.00055568308 0.99999786 0.83530886
27 0.99999604 0.0027090012 -0.00076397313 0.0012793485 -0.0027090777 0.99999633 -9.9091036e-05 -0.0055590738 0.00076370189 0.00010116031 0.9999997 0.84655463
28 0.99999735 0.0019088037 -0.0012906854 0.00032738527 -0.0019088877 0.99999818 -6.3829945e-05 -0.010979907 0.0012905612 6.6293549e-05 0.99999917 0.88547995
29 0.99999607 0.0025062821 -0.0012538374 -0.001975118 -0.0025070568 0.99999667 -0.00061660625 -0.011145869 0.0012522879 0.00061974727 0.99999902 0.84498044
30 0.99999616 0.0027010099 0.00061352541 0.00039190737 -0.0027004923 0.999996 -0.00084287298 -0.0070533115 -0.00061579957 0.00084121293 0.99999946 0.81698304
31 0.99999434 0.0022713029 0.0024809966 0.0032621691 -0.0022707348 0.9999974 -0.00023179957 -0.00372132 -0.0024815166 0.00022616458 0.9999969 0.86103183
32 0.99999358 0.0027232417 0.0023294581 0.0022708627 -0.0027240487 0.99999623 0.00034334256 -0.0054424986 -0.0023285143 -0.00034968591 0.99999723 0.86785241
33 0.99999186 0.0037507672 0.0014892563 0.00036066011 -0.0037507872 0.99999297 1.0701049e-05 -0.0097375154 -0.0014892057 -1.6286845e-05 0.99999889 0.87671127
34 0.99998959 0.0043609893 0.0013409667 -0.0029774618 -0.0043606959 0.99999047 -0.0002216835 -0.012957934 -0.0013419206 0.00021583364 0.99999908 0.87221554
35 0.99998859 0.0047767354 8.8907148e-05 -0.0081406784 -0.0047767183 0.99998857 -0.00019133727 -0.014503761 -8.98201e-05 0.0001909104 0.99999998 0.84821419
36 0.99999484 0.0031473312 -0.00064219346 -0.006379835 -0.0031468159 0.99999473 0.00080188886 -0.015755961 0.00064471388 -0.00079986385 0.99999947 0.87636996
37 0.999997 0.0021978253 -0.0010774669 -0.0049775322 -0.0021976561 0.99999757 0.00015815849 -0.01605498 0.0010778119 -0.00015579011 0.99999941 0.88451835
38 0.99999632 0.0023972608 -0.0012677233 -0.0054739809 -0.0023971992 0.99999713 5.0137558e-05 -0.015005763 0.0012678399 -4.7098388e-05 0.9999992 0.88090781
39 0.99999446 0.0023005423 -0.0024059505 -0.0061688341 -0.002299126 0.99999718 0.00059125103 -0.011514884 0.002407304 -0.00058571617 0.99999693 0.92928632
40 0.9999912 0.0016244394 -0.0038672997 0.0016250062 -0.001620307 0.99999811 0.0010714361 -0.0091566262 0.0038690329 -0.0010651604 0.99999195 1.0219003
41 0.9999966 0.00159853 -0.0020589496 0.0007960158 -0.0015976387 0.99999863 0.00043442507 -0.010178314 0.0020596412 -0.00043113414 0.99999779 0.95084639
42 0.99999438 0.0014066529 -0.0030420958 -0.0007550151 -0.0014030389 0.99999831 0.0011898196 -0.0093823968 0.0030437643 -0.0011855448 0.99999466 1.0014543
43 0.99999057 0.00094012777 -0.004240786 0.0001756566 -0.00093469071 0.99999874 0.0012838871 -0.002486982 0.0042419877 -0.0012799111 0.99999018 0.98812421
44 0.99998106 0.00063931021 -0.0061212148 0.0033617761 -0.00063492926 0.99999954 0.00071761651 -0.0040457047 0.0061216707 -0.00071371638 0.99998101 1.007062
45 0.99995162 0.001032112 -0.0097823421 0.0092886549 -0.0010234261 0.99999908 0.0008928819 0.00089487309 0.0097832546 -0.0008828272 0.99995175 1.2607524
46 0.99997486 0.00093401852 -0.0070289555 0.0080596684 -0.0009257652 0.99999888 0.0011773509 0.0034714246 0.0070300473 -0.0011708142 0.9999746 1.2194565
47 0.99997164 -0.00013579259 -0.007529721 0.0033898394 0.00013831251 0.99999993 0.00033414314 -0.0083974421 0.0075296752 -0.00033517512 0.9999716 1.2582083
48 0.99997529 0.00042923457 -0.0070163623 -0.0006637868 -0.00042404261 0.99999964 0.00074144925 -0.0050142285 0.007016678 -0.00073845569 0.99997511 1.2299868
49 0.99998587 0.002149469 -0.0048616509 -0.0022348856 -0.0021499088 0.99999769 -8.5233988e-05 -0.0075239357 0.0048614564 9.568489e-05 0.99998818 1.1448851
50 0.99997863 0.0021932013 -0.0061590711 -0.0039132547 -0.0021942331 0.99999758 -0.00016076736 -0.0097107401 0.0061587036 0.00017427836 0.99998102 1.1361089
51 0.99999821 0.0018411488 0.00044289564 0.0071295327 -0.0018414274 0.99999811 0.00062959171 -0.012130166 -0.00044173563 -0.00063040614 0.9999997 1.102564
52 0.99999512 0.0028033081 0.0013788917 0.0016334702 -0.0028034972 0.99999606 0.00013518711 -0.015224407 -0.0013785073 -0.00013905217 0.99999904 1.0707918
53 0.99999491 0.0023927423 0.0021109486 0.0023574627 -0.0023933408 0.9999971 0.00028102401 -0.018521476 -0.0021102701 -0.0002860748 0.99999773 1.054865
54 0.99998184 0.0042109618 0.0043109262 0.0021784234 -0.0042092756 0.99999106 -0.00040013529 -0.01956531 -0.0043125726 0.00038198215 0.99999063 1.0399034
55 0.99999294 0.0031708761 0.002016458 -0.0049304729 -0.0031708783 0.99999497 -2.108531e-06 -0.020703765 -0.0020164545 -4.2854266e-06 0.99999797 1.0534019
56 0.99999242 0.0036362426 0.0013887601 -0.0047958046 -0.0036368012 0.99999331 0.00039992559 -0.020809281 -0.0013872966 -0.00040497321 0.99999896 1.0515121
57 0.99999508 0.0028602702 0.0012884933 -0.003463164 -0.0028608734 0.9999958 0.00046655173 -0.01527173 -0.0012871534 -0.00047023565 0.99999906 1.0703207
58 0.99999223 0.0039408263 -0.00012598506 -0.0077181745 -0.0039407783 0.99999216 0.00037888381 -0.018066877 0.00012747719 -0.00037838438 0.99999992 1.111005
59 0.99999452 0.0030815085 -0.0012126036 -0.0058639975 -0.003079997 0.99999448 0.0012463935 -0.017065913 0.0012164376 -0.0012426518 0.99999849 1.1627625
60 0.99999412 0.0033057415 0.00090851996 -0.0050026664 -0.0033061706 0.99999442 0.00047113058 -0.019113236 -0.00090695746 -0.00047413153 0.99999948 1.1298628
61 0.99999754 0.0014374474 0.0016890099 -0.0051516577 -0.0014388943 0.9999986 0.00085573309 -0.019158335 -0.0016877774 -0.00085816129 0.99999821 1.0475091
62 0.99999763 0.0020779515 -0.0006435326 -0.0033693099 -0.0020782817 0.99999771 -0.00051294887 -0.018058884 0.00064246524 0.0005142851 0.99999966 1.050647
63 0.99999816 0.0018234094 -0.00060035325 -0.0010281478 -0.0018236438 0.99999826 -0.00039022779 -0.013743227 0.00059964066 0.0003913219 0.99999974 1.0416369
64 0.99999914 0.0010297461 -0.00081443565 -0.00045219137 -0.0010292755 0.9999993 0.00057805022 -0.011621304 0.00081503033 -0.00057721144 0.9999995 1.0522564
65 0.99999787 0.0020141867 -0.00045846611 -0.00075979692 -0.0020141332 0.99999796 0.00011721142 -0.013850858 0.00045870126 -0.00011628776 0.99999989 1.0628535
66 0.99999912 0.0012448871 -0.00045535914 -0.0011110446 -0.0012447307 0.99999917 0.00034371519 -0.014055215 0.00045578665 -0.00034314809 0.99999984 1.0587959
67 0.99999914 0.0012009068 0.00052073997 -0.00045060383 -0.0012009672 0.99999927 0.00011580884 -0.019890192 -0.00052060051 -0.00011643414 0.99999986 1.0411978
68 0.99999927 0.0012066909 9.0160183e-05 -0.0013071427 -0.0012066974 0.99999927 7.2590214e-05 -0.019097942 -9.0072523e-05 -7.2698957e-05 0.99999999 1.018427
69 0.99999876 0.00099772858 0.0012168977 -0.00056030061 -0.00099832586 0.99999938 0.00049031193 -0.020152798 -0.0012164077 -0.00049152618 0.99999914 1.0083343
70 0.9999998 0.00054923816 0.0003257996 -0.0017378914 -0.00054945282 0.99999963 0.00065914004 -0.018878711 -0.00032543745 -0.00065931892 0.99999973 1.0069763
71 0.99999869 0.0016019843 0.0002461351 -0.003674504 -0.0016019339 0.9999987 -0.0002047286 -0.019480599 -0.00024646275 0.00020433404 0.99999995 1.0311374
72 0.99999523 0.0028341937 0.0012290883 -0.0066891397 -0.002834105 0.99999598 -7.3942701e-05 -0.02452831 -0.0012292929 7.0458983e-05 0.99999924 1.0632434
73 0.9999922 0.0039477833 -0.00014527342 -0.006052555 -0.0039480592 0.9999903 -0.0019505716 -0.027739094 0.00013757158 0.00195113 0.99999809 1.0822551
74 0.99999687 0.0023483042 0.00085849384 -0.0043681051 -0.0023481606 0.99999723 -0.00016824851 -0.028357223 -0.00085888656 0.0001662321 0.99999962 1.0880041
75 0.9999891 0.0037015647 0.002844661 -0.0074999733 -0.0037023754 0.99999311 0.00027978469 -0.025441869 -0.0028436057 -0.00029031364 0.99999591 1.162411
76 0.99999465 0.0013212964 0.0029911424 -0.0040340944 -0.0013250096 0.99999835 0.001239753 -0.021211497 -0.0029894994 -0.0012437097 0.99999476 1.1354848
77 0.99999707 0.0016526456 0.0017680773 -0.0037012791 -0.001655537 0.99999729 0.0016351424 -0.017608776 -0.0017653702 -0.0016380647 0.9999971 1.13003
78 0.99999899 0.00096542668 0.0010402181 -0.0021494415 -0.00096703025 0.99999834 0.0015421672 -0.016400358 -0.0010387276 -0.0015431716 0.99999827 1.070986
79 0.9999976 0.00013787152 -0.0021850396 -0.0039514725 -0.00013588529 0.99999958 0.00090913652 -0.017817012 0.002185164 -0.00090883743 0.9999972 1.0529861
80 0.99999639 -0.0010415192 -0.0024772172 -0.0015357173 0.0010440766 0.99999892 0.0010313013 -0.016278578 0.0024761404 -0.001033884 0.9999964 1.0731042
81 0.99999721 0.0021093046 -0.0010664215 -0.0028118675 -0.0021089858 0.99999773 0.00029995756 -0.016873329 0.0010670517 -0.00029770765 0.99999939 1.081527
82 0.99999579 0.0013799855 -0.0025510533 -0.0046837722 -0.0013780761 0.99999877 0.00075005902 -0.016877186 0.0025520852 -0.00074654032 0.99999646 1.0867617
83 0.99999468 0.0018602769 -0.0026795899 -0.004783052 -0.0018607652 0.99999825 -0.00017974809 -0.017359526 0.0026792508 0.00018473322 0.99999639 1.0746793
84 0.99999803 0.0015365713 -0.0012586478 -0.0061647391 -0.0015362061 0.99999878 0.00029105075 -0.017493531 0.0012590935 -0.00028911663 0.99999917 1.0651821
85 0.99999655 0.0025768999 -0.00051170506 -0.0030379568 -0.0025764895 0.99999636 0.00080106284 -0.016257132 0.00051376745 -0.00079974167 0.99999955 1.0666754
86 0.9999954 0.0028858344 0.0009297614 0.0016631798 -0.0028866999 0.9999954 0.00093083203 -0.016494188 -0.00092707089 -0.00093351169 0.99999913 1.0554776
87 0.99999748 0.0022339153 -0.0002079434 -0.0010291202 -0.0022337189 0.99999706 0.00093974822 -0.018195884 0.00021004211 -0.00093928137 0.99999954 1.0403901
88 0.99999908 0.0013526616 0.00010162053 0.0038093246 -0.0013527381 0.9999988 0.00075625343 -0.017737154 -0.00010059746 -0.0007563902 0.99999971 0.94942928
89 0.99999963 0.00085234056 0.00010583645 0.0055010628 -0.00085240176 0.99999947 0.00057958048 -0.011583434 -0.00010534239 -0.00057967048 0.99999983 0.98358608
90 0.99999825 0.0014408084 -0.0011952151 0.0026823082 -0.001440507 0.99999893 0.00025300873 -0.012566741 0.0011955784 -0.00025128657 0.99999925 1.0256292
91 0.99999715 0.002263262 -0.00076620658 0.0032259721 -0.0022628495 0.99999729 0.00053875065 -0.010106416 0.00076742384 -0.0005370153 0.99999956 1.0552038
92 0.99999712 0.0018362954 -0.0015480832 0.0011027678 -0.0018355704 0.99999821 0.00046961462 -0.011033313 0.0015489427 -0.00046677165 0.99999869 1.080936
93 0.99999561 0.00265326 -0.0013207141 -0.00051444131 -0.0026527795 0.99999641 0.00036543295 -0.017291277 0.001321679 -0.00036192778 0.99999906 1.0797362
94 0.99999567 0.0028963239 0.00052238864 0.0020126031 -0.0028967223 0.99999551 0.00076360013 -0.015627174 -0.00052017466 -0.00076511004 0.99999957 1.0628086
95 0.99999884 0.0014694383 0.00039398871 0.00059661571 -0.0014697875 0.99999853 0.00088755883 -0.021176055 -0.00039268392 -0.00088813688 0.99999953 1.0340229
96 0.99999347 0.0012772429 0.003380998 0.0072318784 -0.00128144 0.99999841 0.0012395004 -0.020097581 -0.0033794095 -0.0012438248 0.99999352 0.99283578
97 0.99999868 0.0015226102 -0.00055970917 -0.0011266827 -0.0015223266 0.99999871 0.00050667174 -0.017653625 0.00056047991 -0.00050581901 0.99999972 1.0027982
98 0.99999732 0.0019929441 -0.0011790244 -0.0026557502 -0.0019927199 0.999998 0.00019132837 -0.016864852 0.0011794033 -0.00018897839 0.99999929 1.0038334
99 0.99999758 0.0018207742 -0.0012314203 -0.00060695151 -0.0018201627 0.99999822 0.00049752142 -0.01347527 0.001232324 -0.00049527884 0.99999912 0.99105225
100 0.99999363 0.0025841334 -0.0024635491 -0.0045150297 -0.0025835125 0.99999663 0.00025516473 -0.014022098 0.0024642002 -0.0002487985 0.99999693 0.9836287
101 0.99999226 0.0027155331 -0.0028465546 -0.0054207602 -0.002714224 0.99999621 0.00046361791 -0.015230284 0.0028478028 -0.00045588813 0.99999584 0.9014406
102 0.99999172 0.0025621379 -0.0031625478 -0.0056451391 -0.0025617539 0.99999671 0.00012546658 -0.014362532 0.0031628589 -0.00011736387 0.99999499 0.87661547
103 0.99999396 0.0025118371 -0.002404125 -0.0035713498 -0.0025100825 0.99999658 0.00073255455 -0.016207055 0.0024059568 -0.00072651557 0.99999684 0.85804785
104 0.99999167 0.0035139595 -0.0020743092 -0.0040930745 -0.003512711 0.99999365 0.00060519942 -0.018411274 0.0020764227 -0.00059790794 0.99999767 0.80749518
105 0.99998983 0.0035042093 -0.0028374953 -0.0075876304 -0.0035022843 0.99999363 0.00068309835 -0.016441457 0.002839871 -0.00067315369 0.99999574 0.75929124
106 0.99998776 0.0025356773 -0.004248715 -0.010572679 -0.0025319211 0.9999964 0.00088923212 -0.012807956 0.0042509545 -0.00087846382 0.99999058 0.75074418
107 0.99998933 0.0029532301 -0.0035519039 -0.011313707 -0.0029520647 0.99999559 0.00033329593 -0.008532563 0.0035528725 -0.00032280692 0.99999364 0.73150343
108 0.99999237 0.0034023129 -0.0019209286 -0.010609071 -0.0034042997 0.99999367 -0.0010319876 -0.010444836 0.0019174053 0.0010385192 0.99999762 0.71163374
109 0.99999624 0.0026579044 -0.00067290592 -0.0074643009 -0.0026586635 0.99999583 -0.0011296546 -0.010681983 0.0006699006 0.0011314394 0.99999914 0.69603068
110 0.99999657 0.0026187639 7.2880829e-05 -0.00091633882 -0.0026187366 0.9999965 -0.00037198431 -0.010021822 -7.3854713e-05 0.00037179218 0.99999993 0.65867382
111 0.99999894 0.0013782962 -0.00046176931 -0.0033251554 -0.0013781028 0.99999896 0.00041899834 -0.0094285723 0.00046234634 -0.00041836153 0.99999981 0.64215292
112 0.99999907 0.00071230662 -0.0011669615 -0.0013625942 -0.00071244557 0.99999974 -0.00011866054 -0.01125654 0.0011668766 0.00011949183 0.99999931 0.6171897
113 0.99999901 0.0013378056 -0.0004434423 -0.0032855514 -0.0013378229 0.9999991 -3.8663877e-05 -0.010170073 0.00044339017 3.9257086e-05 0.9999999 0.60079687
114 0.99999893 0.0012736194 0.00071425151 -0.0016248873 -0.001273392 0.99999914 -0.0003187193 -0.010889195 -0.00071465682 0.00031780943 0.99999969 0.60011952
115 0.99999237 0.0025337276 0.0029730034 -0.0019094058 -0.0025319116 0.99999661 -0.00061443303 -0.0094546353 -0.0029745501 0.00060690096 0.99999539 0.53433736
116 0.99995837 0.0026865666 0.0087196684 -0.00096310669 -0.0026762701 0.99999571 -0.0011922862 -0.0098109972 -0.0087228342 0.0011689003 0.99996127 0.4966572
117 0.99992153 0.0031338258 0.012129264 0.0049158796 -0.0031163144 0.99999408 -0.0014623609 -0.0085902839 -0.012133775 0.0014244476 0.99992537 0.43587381
118 0.99990975 0.0012713942 0.013374597 0.0095996467 -0.0012633465 0.99999902 -0.00061015137 -0.0064727768 -0.01337536 0.00059319956 0.99991037 0.38950238
119 0.99990762 0.00070928983 0.013573701 0.010183532 -0.00070555014 0.99999971 -0.00028029625 -0.0055656517 -0.013573896 0.00027069343 0.99990783 0.4108685
120 0.99991068 0.001155248 0.013315239 0.010255008 -0.0011559578 0.99999933 4.5609074e-05 -0.0054689777 -0.013315177 -6.0996853e-05 0.99991135 0.42057379
121 0.99988012 0.0015077538 0.015410215 0.0079470593 -0.0015029195 0.99999882 -0.00032527839 -0.0062867084 -0.015410688 0.00030207909 0.9998812 0.45770391
122 0.99979508 0.00065780535 0.020232929 0.016701246 -0.00065484995 0.99999977 -0.00015269397 -0.0062757723 -0.020233025 0.00013941315 0.99979528 0.45303431
123 0.99961885 -4.8878577e-05 0.027607185 0.028848018 5.6584791e-05 0.99999996 -0.00027835686 -0.0061734805 -0.02760717 0.00027981291 0.99961881 0.44059492
124 0.99942411 -0.002095949 0.033868293 0.043015255 0.0021012867 0.99999778 -0.00012200778 -0.0058693612 -0.033867962 0.00019310451 0.9994263 0.41777743
125 0.99925682 -0.0025580836 0.038461232 0.046259156 0.0025597223 0.99999672 6.6351903e-06 -0.005359549 -0.038461123 9.1819816e-05 0.99926009 0.40243766
126 0.99909823 -0.0026449711 0.042376117 0.05434655 0.0026486143 0.99999649 -2.9828822e-05 -0.0049751674 -0.042375889 0.00014203991 0.99910173 0.39076779
127 0.99899952 -0.001391015 0.044699309 0.055794495 0.0014056413 0.99999897 -0.00029578404 -0.0043171523 -0.044698851 0.00035831931 0.99900044 0.39142307
128 0.99892454 0.00023725188 0.04636483 0.058276379 -0.00020981514 0.9999998 -0.00059662318 -0.0040445989 -0.046364962 0.0005862535 0.99892439 0.39571155
129 0.99860667 2.0477559e-05 0.052770394 0.063600396 9.1584322e-06 0.99999984 -0.00056136074 -0.0040059933 -0.052770397 0.00056106187 0.99860651 0.41261892
130 0.9984956 -0.0014824109 0.054811792 0.068963668 0.0014918581 0.99999888 -0.00013143982 -0.0037970339 -0.054811536 0.00021301349 0.9984967 0.43496522
131 0.99853305 -0.0018505698 0.054113972 0.070390661 0.0019015566 0.9999978 -0.0008907378 -0.0040480896 -0.054112205 0.00099233191 0.99853437 0.41855737
132 0.9985321 -0.0012788224 0.054148095 0.063954928 0.001372291 0.99999763 -0.0016890206 -0.0052298179 -0.054145807 0.0017608483 0.99853149 0.41267714
133 0.99837579 0.00032386037 0.056970801 0.042622656 -0.0002069613 0.99999786 -0.0020578002 -0.0042682619 -0.056971345 0.0020426672 0.99837372 0.39915174
134 0.9985856 0.0006916617 0.053163084 0.057227109 -0.0006061012 0.9999985 -0.0016255026 -0.0025953845 -0.053164129 0.0015909813 0.99858452 0.38767486
135 0.99874133 0.0013210678 0.050139838 0.046006897 -0.0012232745 0.99999729 -0.0019810483 -0.0023920454 -0.05014232 0.0019172201 0.99874024 0.39586715
136 0.99883647 0.0037900919 0.0480765 0.025451611 -0.0036408061 0.99998828 -0.0031923617 -0.0023421802 -0.048088036 0.0030136101 0.99883855 0.39853606
137 0.99869847 0.001053098 0.050992798 0.052053382 -0.0010044502 0.99999902 -0.00097963059 -0.00098775591 -0.050993779 0.00092713584 0.99869854 0.39575643
138 0.99865881 0.00055804379 0.051771341 0.060698842 -0.00052117836 0.9999996 -0.00072557917 -0.0024033996 -0.051771726 0.00069762393 0.9986587 0.39775191
139 0.99866459 0.0036630975 0.051532765 0.054304097 -0.0036201818 0.99999302 -0.00092610086 -0.0028353388 -0.051535797 0.00073830615 0.99867087 0.42208556
140 0.99836311 0.00036533085 0.05719229 0.063395776 -0.00037828053 0.99999991 0.00021559733 -0.0027085358 -0.057192206 -0.00023687915 0.99836316 0.43921443
141 0.99835074 0.0012441458 0.057395644 0.070280378 -0.0012294367 0.9999992 -0.00029158702 -0.0026976656 -0.057395961 0.0002205418 0.99835147 0.43440749
142 0.99793688 -0.0026018138 0.064149943 0.11538153 0.002481961 0.99999502 0.0019479426 -0.0035759025 -0.064154692 -0.0017847061 0.99793837 0.4421754
143 0.99763716 -0.0054432098 0.068486986 0.12981424 0.0052718155 0.9999825 0.0026830726 0.0011683889 -0.068500392 -0.0023156822 0.9976484 0.40116508
144 0.99752347 -0.0019427299 0.070307609 0.12335281 0.0017902378 0.99999591 0.0022318736 0.0013799027 -0.070311657 -0.0021004789 0.99752286 0.40340795
145 0.99790209 0.0027181581 0.064684082 0.10900667 -0.0026900566 0.99999625 -0.00052153134 -0.0032518621 -0.064685257 0.00034643337 0.99790566 0.41682248
146 0.99857714 0.0023766441 0.053273296 0.052786537 -0.0023250646 0.99999677 -0.0010301596 -0.0049379382 -0.053275572 0.00090482994 0.99857944 0.47507806
147 0.99866257 -0.0026980264 0.051631404 0.063030654 0.0027175629 0.99999626 -0.00030818493 -0.0071833673 -0.051630379 0.00044808434 0.99866616 0.49525003
148 0.99875606 -0.0036599638 0.049728707 0.078877263 0.0036671187 0.99999327 -5.2642056e-05 -0.010485034 -0.04972818 0.00023493764 0.99876276 0.51500867
149 0.99907205 -0.0024589917 0.042999887 0.074559846 0.0025081613 0.99999626 -0.0010895703 -0.011617247 -0.042997047 0.0011964099 0.99907448 0.50925903
150 0.999276 0.0017834751 0.038003893 0.04047418 -0.0016901592 0.99999548 -0.0024874162 -0.01102756 -0.038008157 0.0024213827 0.9992745 0.47289652
151 0.99948628 0.0029094688 0.031917212 0.022694186 -0.0028405066 0.99999353 -0.002205789 -0.0093413341 -0.031923423 0.0021139948 0.99948808 0.4705536
152 0.99952548 0.0031998138 0.030636326 0.017121262 -0.00317604 0.99999462 -0.0008246327 -0.0049398232 -0.0306388 0.00072693919 0.99953026 0.43763699
153 0.99959939 0.0011130158 0.028281172 0.034256667 -0.0011798688 0.99999655 0.0023472924 -0.0041343998 -0.028278462 -0.0023797201 0.99959725 0.50140631
154 0.99964172 -0.002077921 0.026685289 0.040869203 0.0020085774 0.99999454 0.002625112 -0.0060110882 -0.026690598 -0.0025705721 0.99964044 0.53332509
155 0.99981564 -0.0018534942 0.019111671 0.023359991 0.0018326224 0.99999771 0.0011095553 -0.0091133444 -0.019113683 -0.0010743263 0.99981674 0.55996823
156 0.99994873 0.00045091971 0.01011604 0.0072791175 -0.00044088822 0.99999941 -0.00099385046 -0.0096640979 -0.010116482 0.00098933946 0.99994834 0.60683052
157 0.99993464 0.0010891844 0.011381066 0.0066121238 -0.0010728079 0.99999838 -0.0014449344 -0.0080166673 -0.011382622 0.0014326302 0.99993419 0.60988413
158 0.99995149 0.0002858173 0.009845198 0.011289477 -0.00027639741 0.9999995 -0.00095814732 -0.0054818047 -0.009845467 0.00095537966 0.99995108 0.62498794
159 0.99996958 0.00011456712 0.0077986583 0.012634406 -0.00011325083 0.99999998 -0.00016922467 -0.0064668142 -0.0077986775 0.00016833632 0.99996958 0.66724255
160 0.99997154 0.001165853 0.0074533359 0.011600203 -0.0011643895 0.9999993 -0.0002006936 -0.0061833702 -0.0074535647 0.0001920093 0.9999722 0.6776321
161 0.99997651 0.0022173149 0.006485098 0.0042584973 -0.0022138884 0.99999741 -0.00053549816 -0.0094913909 -0.0064862686 0.0005211283 0.99997883 0.69278216
162 0.99991566 0.0024952991 0.01274513 0.011673916 -0.0024737942 0.99999549 -0.0017027879 -0.012060162 -0.012749321 0.0016711155 0.99991733 0.67836658
163 0.99996753 0.0031893443 0.0074009463 0.018445872 -0.0031601806 0.99998721 -0.0039488974 -0.028185102 -0.0074134461 0.0039253809 0.99996482 1.162795
164 0.99998468 0.0040462409 -0.0037775561 0.014202703 -0.0040388797 0.99998993 0.0019542429 -0.021450502 0.0037854254 -0.0019389558 0.99999096 1.1293003
165 0.99998314 0.0023358364 -0.0053167581 0.010028426 -0.0023189806 0.99999227 0.0031742904 -0.029649593 0.0053241316 -0.0031619074 0.99998083 1.5881056
166 0.99994081 0.0064207637 -0.0087831373 -0.011479805 -0.0063850562 0.99997126 0.0040874783 -0.012993539 0.0088091296 -0.0040311556 0.99995307 0.90243134
167 0.99999321 0.0032463396 -0.0017412111 -0.0061969098 -0.0032461134 0.99999472 0.00013270829 -0.006521034 0.0017416327 -0.00012705522 0.99999848 0.79994399
168 0.99999314 0.0035722524 0.00097550486 -0.0022430883 -0.0035723237 0.99999362 7.1427725e-05 -0.011501107 -0.00097524347 -7.4912055e-05 0.99999952 0.7870002
169 0.99999417 0.0028693788 0.0018504452 -0.0031803766 -0.0028684174 0.99999575 -0.0005220095 -0.011290333 -0.0018519352 0.00051669861 0.99999815 0.77790209
170 0.99998065 0.0052506995 0.0033354857 -0.0053536966 -0.0052475196 0.99998577 -0.00096139097 -0.010119608 -0.0033404862 0.00094386934 0.99999398 0.80705133
171 0.99998971 0.0036427151 0.0027024539 -0.00090440188 -0.0036432793 0.99999334 0.00020387492 -0.011361792 -0.0027016932 -0.00021371862 0.99999633 0.77012833
172 0.99999769 0.0018855308 -0.0010322122 -0.0028519383 -0.0018839231 0.99999701 0.0015562923 -0.013927699 0.0010351435 -0.0015543441 0.99999826 0.80986329
173 0.99999003 0.0044569344 -0.00029148395 -0.0048397463 -0.004457117 0.99998987 -0.00062866315 -0.013709229 0.00028867909 0.00062995606 0.99999976 0.81099402
174 0.99999409 0.0033535324 -0.00075938625 -0.0047632641 -0.0033539987 0.99999419 -0.00061360868 -0.011288982 0.00075732408 0.00061615204 0.99999952 0.80419466
175 0.9999931 0.0035991435 -0.00092257202 -0.0051130959 -0.0036000025 0.99999309 -0.00093114297 -0.013441009 0.00091921432 0.00093445781 0.99999914 0.81292341
176 0.99999587 0.0028746895 -5.7895767e-05 -0.0021901849 -0.0028746946 0.99999586 -8.6842824e-05 -0.0093580133 5.7645881e-05 8.7008898e-05 0.99999999 0.80898493
177 0.99996784 0.0075220712 0.0027832692 -0.0050908771 -0.0075179866 0.99997065 -0.0014750909 -0.0086093597 -0.0027942832 0.0014541188 0.99999504 0.84352798
178 0.99999268 0.0024729244 0.0029192386 0.0041737027 -0.0024753334 0.9999966 0.0008219008 -0.012174892 -0.0029171961 -0.00082912088 0.9999954 0.87201831
179 0.99998241 0.0030781965 0.0050696094 -0.00012723257 -0.0030866182 0.99999387 0.0016542265 -0.016986149 -0.0050644863 -0.0016698453 0.99998578 0.89348431
180 0.99997317 0.0032223186 0.0065783765 -0.0025582901 -0.0032323081 0.99999364 0.001508464 -0.016430417 -0.0065734739 -0.0015296869 0.99997722 0.91763362
181 0.99998252 0.0042043293 0.0041561752 -0.0052158992 -0.0042021673 0.99999103 -0.0005287839 -0.016150997 -0.0041583611 0.00051130972 0.99999122 0.92207105
182 0.9999971 0.0016159127 0.0017860811 -0.0014366943 -0.0016160275 0.99999869 6.2810753e-05 -0.017891606 -0.0017859773 -6.5696927e-05 0.9999984 0.88992756
183 0.99999983 0.00023840444 0.0005316707 0.0025027227 -0.00023776585 0.99999925 -0.0012008351 -0.01713107 -0.00053195659 0.0012007085 0.99999914 0.86559129
184 0.99999815 0.0016634313 0.00096151411 -0.00087114521 -0.0016635582 0.99999861 0.00013116307 -0.0077459521 -0.00096129459 -0.00013276236 0.99999953 0.84759845
185 0.99999741 0.00098309458 -0.0020506049 -0.0034045855 -0.00098042174 0.99999867 0.001304036 -0.012340822 0.0020518842 -0.0013020221 0.99999705 0.8438331
186 0.99999535 0.0013683414 -0.0027248446 -0.0044097212 -0.0013646708 0.99999816 0.0013484809 -0.016545776 0.0027266848 -0.0013447561 0.99999538 0.85428443
187 0.99999554 0.0020363533 -0.0021860633 -0.0033080712 -0.0020342557 0.99999747 0.00096132979 -0.018786229 0.0021880154 -0.00095687848 0.99999715 0.85908682
188 0.99998678 0.0049316186 0.0014547775 -0.0083310092 -0.0049304105 0.9999875 -0.00083283902 -0.017565518 -0.0014588665 0.00082565536 0.99999859 0.85144111
189 0.9999955 0.0024614469 0.0017171834 -0.0039729771 -0.0024620381 0.99999691 0.00034229333 -0.015021021 -0.0017163356 -0.00034651956 0.99999847 0.86868844
190 0.99999517 0.0030047482 0.00079614193 -0.0064710022 -0.003005095 0.99999539 0.00043476672 -0.014555402 -0.00079483189 -0.0004371571 0.99999959 0.86074351
191 0.99999362 0.0033077057 0.0013505449 -0.007150631 -0.0033073604 0.9999945 -0.000257823 -0.012791264 -0.0013513903 0.00025335461 0.99999905 0.84138593
192 0.99999036 0.0040865304 0.0016032496 -0.00075601976 -0.0040833958 0.99998975 -0.0019535828 -0.012854585 -0.0016112165 0.0019470173 0.99999681 0.81787351
193 0.99999526 0.0016009534 0.0026284619 0.0033530867 -0.0016012914 0.99999871 0.0001265007 -0.011675268 -0.0026282559 -0.00013070903 0.99999654 0.84057275
194 0.99999271 0.0024717423 0.0029098552 0.0017958289 -0.002473856 0.99999668 0.0007230015 -0.012926577 -0.0029080585 -0.0007301948 0.9999955 0.8195072
195 0.99999458 0.0013112369 0.0030190051 0.00011752735 -0.0013146878 0.99999848 0.001141361 -0.013390325 -0.0030175039 -0.0011453239 0.99999479 0.8470245
196 0.99999674 0.0025385537 0.00028714301 -0.0025541202 -0.0025387869 0.99999645 0.00081455925 -0.015899541 -0.00028507418 -0.00081528559 0.99999963 0.85714018
197 0.99999638 0.0021158373 0.0016650471 -0.00096997623 -0.0021168306 0.99999758 0.00059498518 -0.015219482 -0.0016637842 -0.00059850764 0.99999844 0.8495421
198 0.99999363 0.0024801133 0.0025657773 0.002830799 -0.0024808921 0.99999688 0.00030038822 -0.01592065 -0.0025650243 -0.00030675173 0.99999666 0.84122027
199 0.99999568 0.0021498789 0.0020067063 0.0029136502 -0.0021505439 0.99999763 0.00032927063 -0.013869592 -0.0020059936 -0.00033358472 0.99999793 0.84318159
200 0.9999945 0.0021450672 0.0025279045 0.0036146464 -0.0021463972 0.99999756 0.00052354431 -0.012885062 -0.0025267753 -0.00052896732 0.99999667 0.84081793
201 0.99999434 0.0030556722 0.0014078669 0.001340776 -0.003055867 0.99999532 0.00013622261 -0.012804454 -0.001407444 -0.0001405241 0.999999 0.8186624
202 0.99999456 0.0023932999 0.0022716819 0.0030859506 -0.00239308 0.99999713 -9.9534897e-05 -0.014689587 -0.0022719136 9.4098039e-05 0.99999741 0.81051337
203 0.99999221 0.0018439612 0.0034912019 0.0082390656 -0.0018444057 0.99999829 0.00012410519 -0.014362807 -0.0034909671 -0.00013054341 0.9999939 0.76453734
204 0.99997425 0.0010150778 0.0071040053 0.01696817 -0.0010145825 0.99999948 -7.3326243e-05 -0.01390686 -0.0071040761 6.6116756e-05 0.99997476 0.7238352
205 0.99999739 0.00047184423 0.0022368804 0.010245099 -0.0004734488 0.99999963 0.00071684939 -0.012940862 -0.0022365414 -0.00071790656 0.99999724 0.74443344
206 0.99999726 -0.00017058395 -0.0023361618 0.0053482234 0.00017323413 0.99999934 0.0011342625 -0.011438322 0.0023359668 -0.0011346641 0.99999663 0.76817699
207 0.99999594 0.0023256628 -0.001644779 -0.0024881596 -0.0023251612 0.99999725 0.00030679862 -0.011132708 0.001645488 -0.000302973 0.9999986 0.79165892
208 0.99999723 0.0013758441 -0.0019080653 -0.00058968516 -0.0013750754 0.99999897 0.00040415029 -0.014736962 0.0019086194 -0.00040152544 0.9999981 0.78103249
209 0.99999574 0.0016273455 -0.0024215323 -0.0035180286 -0.0016248892 0.99999816 0.0010159668 -0.014965466 0.0024231812 -0.0010120277 0.99999655 0.76061509
210 0.9999954 0.0010618046 -0.0028419993 -0.0038011715 -0.0010580401 0.99999856 0.0013257942 -0.014217357 0.0028434029 -0.0013227812 0.99999508 0.7331496
211 0.99998882 0.0021019868 -0.0042352015 -0.0076697658 -0.0020995838 0.99999763 0.00057175262 -0.01056791 0.0042363933 -0.00056285407 0.99999087 0.73207079
212 0.99998838 0.0023931549 -0.0041851188 -0.0066606454 -0.002395819 0.99999693 -0.00063165616 -0.011422994 0.0041835943 0.00064167561 0.99999104 0.71500677
213 0.99998962 0.0024208488 -0.0038590166 -0.0069652475 -0.0024197958 0.99999703 0.00027749356 -0.0095118313 0.0038596769 -0.00026815265 0.99999252 0.70914131
214 0.99999109 0.0029310397 -0.0030378103 -0.0059276954 -0.0029299073 0.99999564 0.00037713019 -0.011261103 0.0030389025 -0.00036822633 0.99999531 0.70187613
215 0.99999327 0.0036677203 9.6931618e-05 -0.0043367049 -0.0036676603 0.99999309 -0.00061299226 -0.010339629 -9.9179232e-05 0.00061263262 0.99999981 0.69214684
216 0.99999445 0.0033149589 0.00034549969 -0.0043602367 -0.0033146895 0.9999942 -0.00077741129 -0.0076381251 -0.00034807478 0.00077626175 0.99999964 0.7292466
217 0.99999547 0.002906395 0.00078443818 -0.0018784205 -0.0029059629 0.99999563 -0.00055140089 -0.0096124876 -0.00078603733 0.00054911884 0.99999954 0.69700829
218 0.99999754 0.0013002551 0.0017973379 0.00058657586 -0.0013006985 0.99999912 0.00024559279 -0.0092870898 -0.001797017 -0.00024792998 0.99999835 0.71912372
219 0.99999732 0.0014205167 0.0018296565 0.00022587039 -0.0014213205 0.99999889 0.00043808808 -0.0085713963 -0.0018290322 -0.00044068744 0.99999823 0.74048335
220 0.99996593 0.0039969993 0.007222682 -0.0074541619 -0.0039845626 0.99999056 -0.0017354703 -0.0086433472 -0.0072295504 0.0017066319 0.99997241 0.73238009
221 0.99997979 0.0021378455 0.0059882487 -0.0039357501 -0.0021303478 0.99999694 -0.0012581747 -0.0099618335 -0.0059909202 0.0012453922 0.99998128 0.76103859
222 0.99996322 0.0030870509 0.0080013647 -0.0022811762 -0.0030790646 0.99999475 -0.001010243 -0.010896116 -0.0080044414 0.00098556912 0.99996748 0.74625699
223 0.99995336 0.0031890855 0.009116411 0.0028316385 -0.0031826567 0.99999468 -0.0007196032 -0.0070991168 -0.0091186574 0.00069055523 0.99995819 0.76862724
224 0.99998005 0.0029349046 0.0055930808 0.0041463065 -0.0029336886 0.99999567 -0.00022560411 -0.0075023524 -0.0055937187 0.00020919125 0.99998433 0.77794567
225 0.99999836 0.0017897567 0.0002808724 -0.0017072684 -0.0017901603 0.99999736 0.0014434324 -0.01038271 -0.00027828826 -0.0014439329 0.99999892 0.7459429
226 0.99999736 0.0020075934 0.0011212429 -0.0024521282 -0.0020092083 0.99999694 0.0014410841 -0.014047657 -0.0011183463 -0.0014433331 0.99999833 0.72228397
227 0.99999785 0.0020393176 -0.00038345955 -0.0058704386 -0.0020391537 0.99999783 0.00042749318 -0.0122236 0.00038433052 -0.00042671033 0.99999984 0.70969676
228 0.99999499 0.0027067885 -0.0016440042 -0.0074676947 -0.0027074454 0.99999626 -0.00039745971 -0.0086182906 0.0016429222 0.00040190877 0.99999857 0.72324402
229 0.99999849 0.001528079 -0.00083130829 -0.0029851448 -0.0015280155 0.99999883 7.7023008e-05 -0.0067147072 0.00083142501 -7.5752639e-05 0.99999965 0.7355095
230 0.99999571 0.0015112229 -0.0025093648 -0.0015680125 -0.0015089913 0.99999846 0.00089095815 -0.0090038434 0.0025107074 -0.00088716771 0.99999645 0.76739423
231 0.99999221 0.0026196659 -0.0029511933 -0.0050485493 -0.0026204257 0.99999653 -0.0002536033 -0.0090713878 0.0029505188 0.0002613347 0.99999561 0.79217947
232 0.99999239 0.0027286504 -0.0027894957 -0.0065269416 -0.0027298183 0.99999619 -0.00041495282 -0.0081673322 0.0027883528 0.00042256448 0.99999602 0.81128341
233 0.99999106 0.0026982035 -0.0032567237 -0.0087530396 -0.0026971972 0.99999631 0.0003133461 -0.01010719 0.0032575572 -0.00030455927 0.99999465 0.83029949
234 0.99998809 0.0021715664 -0.0043710035 -0.0057459393 -0.0021676199 0.99999724 0.0009074206 -0.014267184 0.0043729619 -0.00089793512 0.99999004 0.84321093
235 0.99999628 0.0016514169 -0.0021715948 -0.00089278269 -0.0016504879 0.99999855 0.00042953555 -0.016392668 0.0021723009 -0.00042594976 0.99999755 0.82743296
236 0.99999448 0.0030694855 -0.0012752656 -0.0021148435 -0.0030702105 0.99999513 -0.00056690713 -0.014923844 0.0012735193 0.00057081933 0.99999903 0.82614931
237 0.99999675 0.0024247611 -0.00078764913 -0.00083418054 -0.0024244159 0.99999696 0.00043898554 -0.014651655 0.00078871117 -0.00043707452 0.99999959 0.82938204
238 0.99999428 0.0032739036 0.00085054641 -0.00041765109 -0.0032738492 0.99999464 -6.5438649e-05 -0.012823415 -0.00085075609 6.2653714e-05 0.99999964 0.82745066
239 0.99999553 0.002952858 0.00046668192 -0.0005620466 -0.0029529092 0.99999563 0.00010915068 -0.013880341 -0.00046635757 -0.00011052827 0.99999989 0.81013894
240 0.99999545 0.0029834671 0.00044776516 -0.00086414744 -0.0029832934 0.99999547 -0.0003880565 -0.012935185 -0.00044892089 0.00038671892 0.99999982 0.80145586
241 0.99999538 0.0030089364 0.0004282182 -0.0016676892 -0.0030088659 0.99999546 -0.00016530903 -0.0099351861 -0.00042871366 0.00016401982 0.99999989 0.80699308
242 0.99999662 0.0025911618 -0.00021894351 -0.0012969907 -0.0025911084 0.99999661 0.0002440753 -0.0091017388 0.00021957521 -0.00024350717 0.99999995 0.80227993
243 0.99999815 0.001893304 -0.00035140497 0.00046525198 -0.001893364 0.99999819 -0.00017056445 -0.009594292 0.00035108141 0.00017122947 0.99999992 0.81399772
244 0.99999609 0.0026005057 0.0010264898 0.00099055101 -0.0026003412 0.99999661 -0.00016157116 -0.012340937 -0.0010269065 0.0001589013 0.99999946 0.7793715
245 0.99999697 0.0023871085 0.00060251204 0.00041947414 -0.0023871153 0.99999715 1.0683133e-05 -0.011232961 -0.00060248482 -1.2121366e-05 0.99999982 0.76342564
246 0.9999966 0.0025012243 -0.00074173713 -0.002864011 -0.0025010351 0.99999684 0.00025593449 -0.0082980156 0.00074237494 -0.00025407851 0.99999969 0.7861864
247 0.99999943 0.0008629506 0.00062775641 0.0038385369 -0.00086352397 0.99999921 0.00091366324 -0.0090915647 -0.00062696747 -0.00091420481 0.99999939 0.79801745
248 0.99999609 0.0027434321 0.00054083263 -0.00049559215 -0.0027438126 0.99999599 0.00070405168 -0.014631001 -0.00053889895 -0.00070553287 0.99999961 0.78085072
249 0.99998286 0.0018003022 0.0055705512 0.01020806 -0.0017911196 0.99999703 -0.0016529606 -0.018186568 -0.0055735104 0.0016429547 0.99998312 0.73794778
250 0.99996961 0.0013017434 0.0076864638 0.011318501 -0.0013001027 0.99999913 -0.00021844679 -0.0093536566 -0.0076867415 0.00020844695 0.99997043 0.78209325
251 0.99997594 0.0013240162 0.0068096201 0.0095775337 -0.0013249121 0.99999911 0.00012704948 -0.0059732746 -0.0068094459 -0.00013606857 0.99997681 0.80316477
252 0.99996575 0.0016794136 0.0081036366 0.0118352 -0.0016801123 0.99999859 7.941932e-05 -0.0068647367 -0.0081034918 -9.303162e-05 0.99996716 0.85426012
253 0.99999769 0.0021497277 3.0092096e-05 0.0021999353 -0.0021497335 0.99999767 0.00019334165 -0.0094993349 -2.9676394e-05 -0.00019340589 0.99999998 0.88658363
254 0.99999757 0.0016583216 -0.001453489 -0.00062936767 -0.001658003 0.9999986 0.0002203193 -0.0077793747 0.0014538524 -0.00021790888 0.99999892 0.87904597
255 0.99999744 0.0014931993 -0.0017025715 -0.0041078007 -0.0014931039 0.99999888 5.7310287e-05 -0.011632578 0.0017026552 -5.4768024e-05 0.99999855 0.87078598
256 0.99999127 0.00093116028 -0.0040729678 -0.0036724271 -0.00093092906 0.99999956 5.8665003e-05 -0.016988288 0.0040730207 -5.4872847e-05 0.9999917 0.97858722
257 0.9999871 0.00046979001 -0.005057001 -0.0045138775 -0.00046819552 0.99999984 0.00031648297 -0.018544975 0.0050571489 -0.00031411122 0.99998716 1.1432589
258 0.99998109 0.0019535365 -0.0058317239 0.00060935999 -0.0019548538 0.99999807 -0.00022018517 -0.019887795 0.0058312825 0.00023158117 0.99998297 1.2651295
259 0.99998849 0.0014629456 -0.0045695213 -0.0042547081 -0.0014566288 0.99999798 0.00138539 -0.015549502 0.0045715388 -0.0013787179 0.9999886 1.0915576
