4 0.99992976 -0.0023526242 0.011617868 -0.035525244 0.0023247425 0.99999433 0.0024128846 -0.12030247 -0.01162348 -0.0023857058 0.99992964 6.4236263
5 0.99990492 0.0010287872 0.01375192 -0.021382728 -0.0010808999 0.9999922 0.0037826658 -0.13141889 -0.013747922 -0.0037971699 0.99989832 7.4590641
6 0.99987329 0.0036031195 0.015506319 -0.010611344 -0.0036808068 0.99998074 0.0049844981 -0.14540299 -0.015488062 -0.0050409418 0.99986738 8.4995903
7 0.99987698 0.0057333226 0.014600794 0.0044512184 -0.0058221286 0.99996471 0.0060471424 -0.15618503 -0.014565609 -0.0061314058 0.99987516 9.5473234
8 0.99988597 0.0079078171 0.01286629 0.017687624 -0.0079900548 0.99994784 0.0063530353 -0.17090485 -0.012815381 -0.0064551128 0.99989708 10.69022
9 0.99990113 0.0092415737 0.010599938 0.027741373 -0.0093182376 0.99993056 0.0072061961 -0.18266072 -0.010532606 -0.007304256 0.99991789 11.873341
10 0.99987579 0.012249345 0.0099186057 0.037769837 -0.012326723 0.99989371 0.007778359 -0.19130152 -0.0098222721 -0.0078996565 0.99992059 13.086918
11 0.99984881 0.014969361 0.0088493783 0.045832839 -0.015038022 0.99985687 0.0077441077 -0.20281419 -0.0087321878 -0.0078760137 0.99993089 14.312536
12 0.99981862 0.017812163 0.0067438496 0.049591969 -0.017865711 0.99980861 0.0079653856 -0.21271712 -0.0066006783 -0.0080844243 0.99994557 15.521452
13 0.9997749 0.020478528 0.0055507893 0.054540739 -0.02052707 0.99975021 0.008834376 -0.21660037 -0.0053684879 -0.0089463286 0.99994561 16.719147
14 0.99975173 0.021561307 0.0056234802 0.064367808 -0.021613219 0.99972271 0.009340494 -0.22170977 -0.0054205277 -0.0094597164 0.9999406 17.931239
15 0.99972405 0.022275019 0.0074621425 0.074987186 -0.022351428 0.99969687 0.010318023 -0.22478864 -0.0072300466 -0.010481965 0.99991896 19.053767
16 0.99970581 0.023053392 0.0075406883 0.083606817 -0.023135706 0.99967156 0.011017504 -0.22747782 -0.0072842211 -0.011188722 0.99991091 20.125691
17 0.99965104 0.025111686 0.0081988726 0.088564183 -0.025206654 0.99961381 0.011693151 -0.2344369 -0.0079020719 -0.011895737 0.99989806 21.179232
18 0.99959943 0.027200593 0.0078187268 0.091630086 -0.027295715 0.99955132 0.012328522 -0.24021092 -0.0074798758 -0.012537002 0.99989347 22.220058
19 0.99957547 0.028409419 0.0064666837 0.095998521 -0.028489484 0.99951404 0.012645858 -0.24723898 -0.0061042798 -0.012824722 0.99989917 23.333952
20 0.999547 0.029538093 0.0057736652 0.10597316 -0.029607372 0.99948578 0.012307014 -0.25667603 -0.0054071707 -0.012472382 0.99990764 24.551873
21 0.99948623 0.031687128 0.0048204386 0.11204579 -0.031744598 0.9994196 0.012354229 -0.26098608 -0.0044261708 -0.012500905 0.9999121 25.768109
22 0.99940476 0.034256359 0.0040802145 0.11497053 -0.034302601 0.99934104 0.011861859 -0.26790213 -0.0036711817 -0.01199476 0.99992136 26.973646
23 0.99931575 0.036803313 0.0036858106 0.1176083 -0.036842726 0.99925749 0.011267864 -0.27543958 -0.0032683791 -0.011395949 0.99992976 28.172322
24 0.99925201 0.038559167 0.002939888 0.12081903 -0.038591006 0.9991868 0.011677521 -0.2774907 -0.0024872216 -0.01178224 0.99992753 29.349839
25 0.99919052 0.040115734 0.003011944 0.12459755 -0.0401493 0.9991208 0.012064109 -0.28175162 -0.0025253352 -0.012175271 0.99992273 30.528511
26 0.99909012 0.042573506 0.0025396926 0.12787813 -0.042602101 0.99901342 0.012535134 -0.28165461 -0.0020035223 -0.012631925 0.99991825 31.715265
27 0.99900721 0.044549017 7.4864183e-05 0.13027207 -0.044546203 0.99892223 0.013034095 -0.28047979 0.00050587299 -0.01302449 0.99991509 32.911
28 0.9989424 0.045864847 -0.003244135 0.12881003 -0.045814976 0.9988509 0.014062385 -0.27745323 0.0038853769 -0.013898883 0.9998959 34.105065
29 0.99888914 0.046680045 -0.0064419171 0.12394679 -0.046583201 0.99880994 0.014442737 -0.2749624 0.0071084394 -0.014126608 0.99987499 35.35644
30 0.99889871 0.045882507 -0.0098082785 0.11725518 -0.04574428 0.99885668 0.013880716 -0.2791124 0.010433948 -0.013416757 0.99985559 36.55888
31 0.99882285 0.046815642 -0.012697745 0.10471509 -0.046645155 0.99882151 0.013405695 -0.28532306 0.013310378 -0.012797626 0.99982955 37.69358
32 0.99865338 0.04987447 -0.014282292 0.086675597 -0.049692401 0.99868209 0.012830863 -0.29145337 0.014903404 -0.012103864 0.99981571 38.820042
33 0.99848264 0.053030213 -0.014840735 0.067626351 -0.052835731 0.99851587 0.013203404 -0.296845 0.015518891 -0.012399249 0.99980273 39.928647
34 0.99833241 0.055938349 -0.014259693 0.046939725 -0.055733494 0.99834206 0.014379901 -0.2967545 0.015040441 -0.013561179 0.99979496 41.002843
35 0.99825586 0.057753537 -0.012239323 0.030461277 -0.057564235 0.99822462 0.01529225 -0.28980634 0.013100777 -0.014561031 0.99980819 42.236094
36 0.9981438 0.059557914 -0.012721361 0.01383733 -0.059357675 0.99811518 0.015577104 -0.28648899 0.013625124 -0.014793079 0.99979778 43.496057
37 0.99809935 0.060452224 -0.011968655 -0.0023171602 -0.060247294 0.99804203 0.016800111 -0.27989878 0.012960826 -0.016047101 0.99978727 44.719211
38 0.99796199 0.062899198 -0.010750795 -0.023639421 -0.062697271 0.99786681 0.018187194 -0.27647194 0.011871823 -0.017476083 0.99977684 45.905447
39 0.99785656 0.064564674 -0.010663699 -0.042473925 -0.064353838 0.99774516 0.019054368 -0.27583223 0.011869894 -0.018327276 0.99976162 47.059259
40 0.99769639 0.066840753 -0.011586672 -0.061777224 -0.066599465 0.99757745 0.020090444 -0.27562417 0.012901464 -0.019272498 0.99973106 48.205193
41 0.99751708 0.069378555 -0.012096201 -0.080829117 -0.069110878 0.99738158 0.021296843 -0.27217139 0.013542074 -0.020407986 0.99970006 49.373066
42 0.99740485 0.07059726 -0.014128619 -0.097733389 -0.070274647 0.99728149 0.022158261 -0.26543315 0.015654524 -0.021107874 0.99965468 50.557902
43 0.99730962 0.071716372 -0.015176143 -0.1155885 -0.071357226 0.99718524 0.023013652 -0.25360648 0.016783883 -0.02186881 0.99961999 51.766704
44 0.997147 0.073723855 -0.016207672 -0.13754588 -0.073313197 0.997005 0.024618988 -0.23970148 0.017974138 -0.023360515 0.99956555 52.970122
45 0.99692869 0.076026923 -0.018791562 -0.16229706 -0.075514541 0.99678928 0.0266188 -0.22296872 0.020754975 -0.02511801 0.99946906 54.161347
46 0.99674812 0.077839137 -0.020839576 -0.1920834 -0.07727562 0.9966547 0.026603832 -0.20699182 0.022840683 -0.02490693 0.99942885 55.475603
47 0.99655177 0.080136254 -0.021512204 -0.2191118 -0.079548785 0.99646785 0.026901773 -0.18851799 0.023592029 -0.025097741 0.99940662 56.698333
48 0.99636048 0.08204601 -0.023114534 -0.24330923 -0.081398919 0.9962974 0.027669166 -0.1624513 0.025299097 -0.025686967 0.99934989 57.917557
49 0.99608653 0.084876525 -0.02465016 -0.27178184 -0.084186162 0.99606179 0.027811597 -0.13264049 0.026913637 -0.025627556 0.99930924 59.179153
50 0.99596785 0.085796251 -0.026212119 -0.3004422 -0.085043938 0.99596709 0.028582718 -0.10322586 0.028558701 -0.026238287 0.99924773 60.441702
51 0.99580065 0.087187218 -0.027919212 -0.33064114 -0.086374428 0.99583746 0.029104869 -0.074097574 0.030340573 -0.026571142 0.99918642 61.73149
52 0.99560922 0.088987267 -0.02904424 -0.36558522 -0.088128683 0.99566874 0.029613767 -0.048029856 0.031553693 -0.02692411 0.9991394 63.010124
53 0.99542441 0.089826506 -0.032580266 -0.41133049 -0.088829878 0.99556894 0.030848431 -0.025841957 0.035206911 -0.027813181 0.99899298 64.265968
54 0.99525473 0.090345281 -0.036135569 -0.45546186 -0.089227742 0.99551515 0.031430588 -0.0024124705 0.038813115 -0.028057148 0.99885255 65.478487
55 0.99504692 0.090922577 -0.040183914 -0.50568557 -0.089665845 0.99545618 0.032045591 0.021133598 0.042914997 -0.028283744 0.99867833 66.693607
56 0.99482293 0.091790933 -0.043609498 -0.56447488 -0.090392913 0.9953586 0.033019207 0.043226138 0.046437956 -0.028906276 0.99850289 67.931675
57 0.99454256 0.094007771 -0.04525122 -0.62165141 -0.092519599 0.99513244 0.033932839 0.06865945 0.048220912 -0.029561029 0.9983992 69.167184
58 0.99434291 0.095882002 -0.045703818 -0.68295377 -0.09431517 0.99491659 0.035291857 0.094440686 0.048855345 -0.030781647 0.99833147 70.397193
59 0.99397876 0.099680763 -0.045497229 -0.74456649 -0.098107473 0.99453885 0.035598784 0.11522904 0.04879728 -0.030920819 0.99833001 71.569846
60 0.99370291 0.10190847 -0.046574971 -0.80069642 -0.10020984 0.99426077 0.037461769 0.11526762 0.050125343 -0.0325586 0.99821213 72.772064
61 0.99343189 0.10719573 -0.040027313 -0.86457551 -0.10559179 0.99359482 0.040244201 0.12730925 0.044084941 -0.035753319 0.99838785 73.994733
62 0.99332977 0.10916348 -0.037139512 -0.91884933 -0.10757527 0.99329356 0.042371445 0.14963071 0.041515856 -0.038093526 0.99841144 75.238677
63 0.99327051 0.1083514 -0.040910898 -0.95370191 -0.10668181 0.99344731 0.041003939 0.17794934 0.04508566 -0.036363557 0.99832112 76.603508
64 0.99325884 0.10797836 -0.042161328 -1.0012427 -0.1062452 0.993478 0.04139198 0.21456653 0.046355794 -0.036633513 0.99825308 77.934149
65 0.99305443 0.1091498 -0.043923117 -1.053947 -0.10736324 0.99336706 0.041169171 0.24470394 0.048125389 -0.036167501 0.99818632 79.168406
66 0.99273796 0.11240788 -0.042846654 -1.1039089 -0.11069647 0.99303178 0.04042345 0.274269 0.047092008 -0.035386922 0.99826359 80.402667
67 0.99260299 0.11453429 -0.040264417 -1.1594635 -0.1129864 0.99283759 0.038826229 0.30979614 0.044422965 -0.033989702 0.99843446 81.892504
68 0.99261382 0.1153057 -0.037715204 -1.2044918 -0.11381908 0.99271809 0.039444709 0.34039802 0.041988769 -0.034860655 0.99850977 83.19111
69 0.99271901 0.11575086 -0.033327709 -1.2492815 -0.11441646 0.9926473 0.039498096 0.37242043 0.037654602 -0.035397274 0.99866373 84.579754
70 0.99302904 0.1143411 -0.028626499 -1.2849626 -0.11316042 0.99277371 0.039937038 0.40582832 0.032986084 -0.036419254 0.99879209 85.913928
71 0.992824 0.1159305 -0.029336759 -1.3223507 -0.11470675 0.99257608 0.04043488 0.43253907 0.033806604 -0.036779598 0.99875145 87.130611
72 0.99263791 0.1170387 -0.031176084 -1.3620803 -0.11570436 0.99241077 0.041632265 0.46300751 0.03581207 -0.037718558 0.99864653 88.305972
73 0.99265638 0.11749692 -0.028771785 -1.3918194 -0.11624552 0.99233744 0.0418721 0.48636653 0.033471165 -0.038220018 0.99870866 89.354065
74 0.99275328 0.11848843 -0.020036019 -1.412336 -0.1175588 0.992155 0.042523718 0.51142332 0.024917407 -0.039860152 0.99889457 90.405866
75 0.99281984 0.11900274 -0.012130401 -1.4247082 -0.11835414 0.99196486 0.044697746 0.52919864 0.017352088 -0.042941128 0.99892694 91.436252
76 0.99291724 0.11868597 0.0053880602 -1.4180177 -0.1188082 0.99190401 0.044843416 0.55928694 -2.2153795e-05 -0.045165949 0.99897954 92.705232
77 0.99293905 0.11689897 0.0201668 -1.3826092 -0.11768161 0.99210346 0.043377875 0.6093804 -0.014936724 -0.04544485 0.99885521 94.633134
78 0.992843 0.11508979 0.03189284 -1.3220363 -0.11639948 0.9922796 0.042804662 0.64656827 -0.026720237 -0.046210622 0.99857433 96.020453
79 0.99254737 0.11471834 0.041103023 -1.2513549 -0.11646129 0.99226983 0.042863011 0.68424995 -0.035868119 -0.047330482 0.99823513 97.476778
80 0.99227543 0.11767591 0.039266902 -1.1803939 -0.11924064 0.99205058 0.040214537 0.71732918 -0.034222473 -0.04458611 0.99841924 99.032566
81 0.99202133 0.11862613 0.042679723 -1.1220531 -0.12038108 0.99187216 0.04120554 0.75357679 -0.037444778 -0.046014609 0.99823876 100.46626
82 0.99146592 0.12056236 0.049599193 -1.055312 -0.12261807 0.99161804 0.040723005 0.78516492 -0.044273796 -0.046457232 0.99793869 101.74938
83 0.99129882 0.12236517 0.048512349 -0.98711543 -0.1243311 0.99144174 0.039811239 0.81801164 -0.043225662 -0.04549643 0.9980289 103.03028
84 0.99129209 0.12373382 0.045055183 -0.92820278 -0.12553981 0.99129252 0.039733904 0.85057604 -0.039746441 -0.045044127 0.99819403 104.30081
85 0.99121344 0.12525739 0.042503287 -0.87413797 -0.12696419 0.99109408 0.040155896 0.88304306 -0.037094936 -0.045199462 0.99828906 105.57208
86 0.99085409 0.12858926 0.040902429 -0.81928876 -0.13021159 0.99068583 0.039829682 0.92020166 -0.03539979 -0.044791376 0.998369 106.92589
87 0.99059812 0.13116612 0.038869497 -0.76530674 -0.13270399 0.99034648 0.040042262 0.95961393 -0.033242084 -0.04482393 0.99844171 108.25357
88 0.99037515 0.1332094 0.037581156 -0.71179755 -0.13468102 0.99008956 0.039793983 0.99893555 -0.031907781 -0.044472443 0.99850096 109.56459
89 0.99004663 0.13556534 0.03781187 -0.65742372 -0.13703954 0.98977466 0.039574746 1.0401955 -0.03206027 -0.044362567 0.99850097 110.86749
90 0.98976832 0.13751498 0.038056875 -0.60743251 -0.13899227 0.98951132 0.039349421 1.0772097 -0.032246576 -0.044236425 0.99850056 112.135
91 0.98948396 0.13907238 0.039754155 -0.55594408 -0.14063602 0.98926574 0.039682324 1.1148778 -0.03380871 -0.044855892 0.99842125 113.397
92 0.98900617 0.1418464 0.041790233 -0.50557431 -0.14350616 0.98884807 0.03981648 1.1539013 -0.03567637 -0.045375903 0.99833276 114.6247
93 0.98869543 0.14432663 0.040634937 -0.45265547 -0.14594704 0.98847483 0.040210097 1.1963998 -0.034363227 -0.045686091 0.99836468 115.84951
94 0.98843526 0.14647658 0.039247703 -0.40227992 -0.14807805 0.98810119 0.041578934 1.2400984 -0.032690365 -0.04690981 0.99836411 117.05883
95 0.98824265 0.14851756 0.036318382 -0.35540405 -0.15000609 0.98777467 0.042417551 1.279737 -0.029574629 -0.047366814 0.99843968 118.28902
96 0.9880604 0.15058654 0.032563364 -0.31182968 -0.15191097 0.98745991 0.042963633 1.3200152 -0.025685273 -0.047397399 0.99854586 119.54027
97 0.98783237 0.15268235 0.029586057 -0.27464248 -0.15386648 0.98715386 0.043037668 1.3550142 -0.0226349 -0.047066307 0.99863532 120.80038
98 0.98773408 0.15369412 0.027559824 -0.24174432 -0.15481706 0.98692999 0.044729887 1.3942937 -0.020324898 -0.048447967 0.99861893 122.01744
99 0.98762831 0.15441945 0.027294306 -0.20702784 -0.1555447 0.98677949 0.045518748 1.432231 -0.019904483 -0.049201092 0.99859058 123.20647
100 0.98752708 0.15532552 0.025773739 -0.17513141 -0.15639623 0.98659144 0.046662977 1.4697546 -0.018180201 -0.050111871 0.99857817 124.4259
101 0.98731289 0.15704309 0.023468293 -0.14692439 -0.15800849 0.98629958 0.047395517 1.5144974 -0.015703631 -0.050502398 0.99860051 125.6211
102 0.98697786 0.15928883 0.022401008 -0.12752419 -0.16019976 0.98594043 0.047511937 1.5529033 -0.01451794 -0.050481869 0.99861949 126.76952
103 0.98658297 0.16178891 0.021873072 -0.10996441 -0.16267512 0.98551906 0.047842049 1.5916078 -0.013816018 -0.050758358 0.99861543 127.90662
104 0.98615484 0.16439579 0.021741357 -0.094314817 -0.16529654 0.98499415 0.049633347 1.6329349 -0.013255597 -0.052539939 0.99853088 129.03836
105 0.98563639 0.16749273 0.021612886 -0.08252183 -0.16840784 0.9843677 0.05156473 1.6745811 -0.01263831 -0.054463857 0.9984358 130.12804
106 0.98541793 0.16897603 0.01996576 -0.060961583 -0.16980557 0.98409919 0.052103043 1.7190064 -0.010844124 -0.054733574 0.99844215 131.31046
107 0.98521459 0.17028207 0.018874936 -0.040213011 -0.17105305 0.98386763 0.052394781 1.760676 -0.0096485476 -0.054848722 0.9984481 132.48615
108 0.98495518 0.17196286 0.017090679 -0.021025505 -0.17263896 0.98355569 0.053045916 1.8084781 -0.0076877077 -0.055198371 0.99844585 133.69212
109 0.98474308 0.17317625 0.017061422 -0.002881256 -0.17385613 0.98328978 0.053991977 1.857587 -0.0074261942 -0.056134462 0.99839564 134.92068
110 0.98441106 0.17511758 0.016392938 0.012159025 -0.17576292 0.98290174 0.05487665 1.9060029 -0.006502782 -0.056902455 0.9983586 136.10214
111 0.98434389 0.17558678 0.015375906 0.029466957 -0.17617688 0.98279383 0.055478628 1.9563947 -0.005370032 -0.057318932 0.99834151 137.304
112 0.98418654 0.1766681 0.012855911 0.044539001 -0.17711321 0.98261332 0.055694399 2.0036168 -0.0027929652 -0.057090633 0.99836513 138.439
113 0.98450266 0.17510122 0.0097012886 0.060307666 -0.17536941 0.9828854 0.056406857 2.0509602 0.00034165471 -0.057234014 0.99836077 139.61301
114 0.9845258 0.17504423 0.008276631 0.076404621 -0.17522995 0.98287152 0.057078265 2.1035939 0.0018563566 -0.057645342 0.99833544 140.80758
115 0.98496554 0.17248793 0.0095304393 0.094801783 -0.17274899 0.98318777 0.059156453 2.1570017 0.0008335627 -0.059913445 0.99820327 141.97598
116 0.98525921 0.17066366 0.011757073 0.10948051 -0.17106382 0.98339355 0.060614977 2.2162923 -0.0012170557 -0.061732679 0.99809202 143.21302
117 0.98532672 0.17019092 0.012896888 0.13939261 -0.17066024 0.98351868 0.059715783 2.2706287 -0.0025212464 -0.061040547 0.99813214 144.51052
118 0.98515781 0.17124855 0.011749132 0.15622697 -0.17164684 0.98330591 0.060388108 2.3281855 -0.0012116152 -0.061508522 0.99810586 145.76433
119 0.98492753 0.17270895 0.0094554752 0.16674933 -0.17296331 0.98304662 0.060851539 2.3840175 0.0012144325 -0.06156981 0.99810208 147.00302
120 0.98447272 0.17539924 0.0069714307 0.17073975 -0.17549355 0.98255769 0.061500256 2.4431346 0.0039372659 -0.06176877 0.99808276 148.23933
121 0.98397025 0.17826369 0.0049624536 0.17174908 -0.17822932 0.98207119 0.061403383 2.4987326 0.0060725116 -0.061303561 0.99810073 149.46994
122 0.98363012 0.1801835 0.0023923284 0.17288747 -0.17998363 0.98171641 0.061957018 2.5579377 0.0088150451 -0.061373373 0.99807599 150.68831
123 0.98319885 0.18253532 0.0009487001 0.17405454 -0.18223728 0.98126888 0.062456673 2.6201792 0.01046962 -0.061580222 0.99804726 151.90596
124 0.98297572 0.18373529 -0.00031295446 0.17276478 -0.18335559 0.98105098 0.062606631 2.6772067 0.011810073 -0.061483421 0.99803827 153.12318
125 0.98278458 0.18474309 -0.0021175954 0.1702936 -0.18424957 0.9808778 0.062695452 2.7432806 0.013659655 -0.061225961 0.9980305 154.39114
126 0.9826782 0.18531561 -0.0013060351 0.1693211 -0.18487723 0.98079187 0.062190043 2.8086989 0.012805736 -0.060871347 0.99806351 155.67179
127 0.98248658 0.1863333 0.00020939635 0.17009176 -0.18598684 0.98059003 0.062064255 2.8742934 0.011359307 -0.061016247 0.99807217 156.95959
128 0.98211845 0.18826258 -0.00076437971 0.16907318 -0.18785124 0.98022517 0.062212673 2.9404754 0.012461584 -0.060956628 0.99806266 158.24738
129 0.98193058 0.18923141 -0.0019577002 0.16498616 -0.18874243 0.98003928 0.062443473 3.0016877 0.013734891 -0.060945659 0.99804662 159.50697
130 0.98156398 0.19109771 -0.0037207976 0.15966824 -0.19049681 0.97969483 0.062521146 3.0632392 0.015592895 -0.060659709 0.99803674 160.8024
131 0.98151537 0.19133409 -0.004344862 0.15417712 -0.19066186 0.97953235 0.064531419 3.125644 0.016602994 -0.062510184 0.99790626 162.06472
132 0.9817017 0.19028552 -0.0072957899 0.14022487 -0.18941559 0.97971946 0.065355966 3.2060407 0.019584123 -0.06277813 0.99783538 163.84817
133 0.98126833 0.19244402 -0.0088200715 0.11520845 -0.19153391 0.97949291 0.062516332 3.3068016 0.020670094 -0.059655958 0.99800501 166.09976
134 0.98106787 0.19333255 -0.011331041 0.084138168 -0.19230605 0.97943558 0.061026244 3.3979906 0.022896386 -0.057691863 0.99807188 168.29892
135 0.98089717 0.194261 -0.010170746 0.059479891 -0.19330142 0.97924364 0.060961703 3.455591 0.021802122 -0.057831145 0.99808832 169.74136
136 0.98046327 0.19628425 -0.012818159 0.036929284 -0.19515031 0.97882951 0.061717302 3.5111328 0.024660928 -0.058010084 0.9980114 171.01919
137 0.98019757 0.19751075 -0.014221617 0.016675138 -0.1962813 0.97857372 0.062185235 3.5688161 0.026199155 -0.058162382 0.99796334 172.23171
138 0.97995034 0.1985472 -0.016624528 -0.0049766102 -0.19715413 0.97834769 0.062975659 3.628896 0.028768212 -0.058435428 0.99787663 173.45327
139 0.97980329 0.19906398 -0.018949347 -0.030611638 -0.19750681 0.97821863 0.063869008 3.688745 0.031250626 -0.058836443 0.99777841 174.69357
140 0.97963866 0.19949489 -0.022581476 -0.062059226 -0.19768436 0.97810722 0.06501576 3.7525622 0.03505742 -0.059227951 0.99762874 175.94693
141 0.9794598 0.20015933 -0.024388152 -0.10082103 -0.1982072 0.97794026 0.065929009 3.8155531 0.037046465 -0.059740911 0.99752627 177.1669
142 0.9790081 0.20224113 -0.025331847 -0.13827483 -0.20025068 0.97756115 0.06537386 3.8795279 0.037984716 -0.058928823 0.99753929 178.45405
143 0.97881702 0.20304347 -0.026279708 -0.16958429 -0.20096327 0.97735855 0.066211054 3.9413354 0.039128423 -0.059527254 0.99745955 179.7388
144 0.97844928 0.20500536 -0.024695022 -0.20231227 -0.20295375 0.97683319 0.067871764 4.012783 0.038036996 -0.061397135 0.99738842 180.94705
145 0.97829847 0.2057373 -0.024582626 -0.23071008 -0.20371803 0.97672257 0.067170509 4.0811633 0.037829888 -0.060704886 0.99743867 182.30363
146 0.97792657 0.20728869 -0.026287829 -0.26700009 -0.20509179 0.9763093 0.068973845 4.1584083 0.039962554 -0.062059942 0.9972721 183.56658
147 0.97725377 0.2103656 -0.026859016 -0.31026411 -0.20808325 0.97559781 0.070072474 4.2245865 0.040944439 -0.062889683 0.99718028 184.78116
148 0.97708143 0.21134043 -0.025438582 -0.34940805 -0.20911791 0.97532558 0.070778507 4.2820183 0.039769264 -0.063836707 0.99716767 186.01376
149 0.97642417 0.2144123 -0.024964798 -0.38718708 -0.21224494 0.97470547 0.070008699 4.3429207 0.039344055 -0.063059538 0.99723398 187.25261
150 0.97648968 0.21442539 -0.022128949 -0.4157151 -0.21244708 0.97467948 0.06975691 4.4071933 0.036526289 -0.063415676 0.99731858 188.54962
151 0.97609696 0.2166441 -0.017322968 -0.44510586 -0.21498026 0.97414955 0.069397598 4.4752351 0.031909744 -0.064014692 0.9974387 189.88005
152 0.97564889 0.21881824 -0.015094976 -0.46688468 -0.21730155 0.97365436 0.069116634 4.5386765 0.029821272 -0.064153409 0.99749442 191.14058
153 0.97500638 0.22188257 -0.011433089 -0.48519865 -0.22062504 0.9729848 0.068007808 4.5932436 0.026213971 -0.063785626 0.99761932 192.44955
154 0.97441966 0.22451202 -0.010035734 -0.50469046 -0.22333902 0.97236734 0.06798024 4.6472351 0.025020803 -0.063999915 0.99763623 193.69564
155 0.97405669 0.2261505 -0.0083400461 -0.52215129 -0.22508388 0.97196801 0.067936194 4.7075408 0.023470064 -0.064296498 0.99765485 194.92208
156 0.97386576 0.22707 -0.0049720978 -0.54125287 -0.22622914 0.97173628 0.067445262 4.7693562 0.020146365 -0.064557803 0.99771062 196.26107
157 0.97385514 0.22704589 -0.0075067149 -0.56113357 -0.22600523 0.97167486 0.069061462 4.8362358 0.022974209 -0.065559308 0.9975842 197.56598
158 0.97345905 0.22873103 -0.0077213815 -0.58026936 -0.22765662 0.97124073 0.06974083 4.9043291 0.023451214 -0.066132023 0.9975353 198.83194
159 0.97317031 0.22994865 -0.0079498613 -0.59609372 -0.22883715 0.97090521 0.07054447 4.97587 0.023940169 -0.066832564 0.99747699 200.16544
160 0.97263175 0.23216029 -0.0094402188 -0.60954045 -0.23093427 0.97037987 0.070937754 5.0448117 0.02562953 -0.066816246 0.99743611 201.40297
161 0.97235461 0.23325203 -0.010956334 -0.62572518 -0.23189837 0.9700851 0.071818719 5.1146822 0.027380441 -0.067292511 0.99735756 202.6178
162 0.97211148 0.23424155 -0.011410219 -0.64288123 -0.2328702 0.96989227 0.071276478 5.184194 0.027762599 -0.066631587 0.99739137 203.85722
163 0.97197436 0.23486224 -0.010276025 -0.6588426 -0.2335751 0.96974993 0.070905782 5.2469698 0.026618268 -0.066518383 0.99743012 205.0386
164 0.97156305 0.23660568 -0.0091111171 -0.67469183 -0.23539815 0.96932604 0.070672674 5.3103248 0.025553202 -0.066518224 0.99745799 206.22284
165 0.97144793 0.23703885 -0.010076524 -0.68941488 -0.23574699 0.96918849 0.071392667 5.3748668 0.026688888 -0.066978753 0.99739743 207.42116
166 0.9714942 0.23691762 -0.0083124242 -0.70136168 -0.2357521 0.96920926 0.071093227 5.4400339 0.024899719 -0.067106991 0.99743508 208.62307
167 0.97151794 0.23694424 -0.0032177904 -0.70653844 -0.23614256 0.96918346 0.070142618 5.5127733 0.019738521 -0.067384959 0.99753182 209.94817
168 0.97149387 0.23703522 0.0037415694 -0.70396098 -0.23671762 0.96909671 0.069398928 5.5856352 0.012824049 -0.068306333 0.99758201 211.29502
169 0.9711281 0.238366 0.009586636 -0.69012168 -0.23845933 0.96877981 0.067843282 5.6581521 0.006884193 -0.068170545 0.99764997 212.58512
170 0.97122283 0.23807931 0.0066706501 -0.68217375 -0.23796623 0.96883403 0.068793729 5.7237724 0.0099156114 -0.068401434 0.99760864 213.8561
171 0.97125963 0.23797817 0.0045983352 -0.67679945 -0.23771731 0.96885478 0.069359708 5.7940506 0.012050978 -0.068459393 0.99758116 215.13044
172 0.97118573 0.23830858 0.0027068482 -0.67330134 -0.23791093 0.96877172 0.069854388 5.8627736 0.014024584 -0.068485578 0.99755356 216.38878
173 0.97112953 0.23852686 0.0035218279 -0.67337609 -0.23820478 0.96880967 0.068309548 5.9346706 0.012881682 -0.06717634 0.997658 217.86989
174 0.97077521 0.23995582 0.0040903444 -0.67958425 -0.23967235 0.96846916 0.068003923 5.9902499 0.012356566 -0.066996869 0.99767671 218.97398
175 0.96971516 0.24413478 0.0071242037 -0.68534955 -0.24405015 0.96740833 0.067531734 6.0424544 0.009594832 -0.067225214 0.99769173 220.03368
176 0.96895909 0.24713694 0.0064528589 -0.68916718 -0.24699413 0.96662108 0.068098986 6.0940537 0.010592306 -0.067578955 0.99765774 221.07976
177 0.96824981 0.24988043 0.0072188722 -0.69456042 -0.24976999 0.96581831 0.069352899 6.1481745 0.010357814 -0.068953993 0.99756611 222.13872
178 0.96757757 0.25242811 0.0085862739 -0.6971102 -0.25239694 0.96506705 0.070294108 6.2072951 0.0094578798 -0.070182156 0.99748939 223.20729
179 0.96690311 0.25498214 0.0090835259 -0.69618068 -0.2549669 0.96429412 0.071614316 6.2685395 0.009501182 -0.071560108 0.99739107 224.28336
180 0.96629218 0.25720091 0.011275965 -0.69494585 -0.25733017 0.96359844 0.072519689 6.3318337 0.0077866282 -0.07297686 0.99730328 225.42543
181 0.96539055 0.26052611 0.0121349 -0.68946857 -0.26070011 0.96260242 0.073701577 6.3945078 0.0075201023 -0.074314381 0.99720655 226.52647
182 0.96424126 0.26474736 0.012151567 -0.68446042 -0.26490404 0.96139248 0.074499814 6.4595443 0.0080412048 -0.075054799 0.99714703 227.60901
183 0.9635892 0.26714704 0.01132925 -0.68252414 -0.2672254 0.960668 0.075547708 6.5219482 0.0092986991 -0.075824424 0.99707786 228.67697
184 0.96326959 0.26830745 0.011083035 -0.67385432 -0.26837649 0.96045281 0.074191278 6.6110024 0.0092613417 -0.074440633 0.99718248 230.28239
185 0.96360701 0.267251 0.0062018804 -0.65428706 -0.2669218 0.96063158 0.077068835 6.6869027 0.014639002 -0.075919492 0.99700652 231.7207
186 0.96418645 0.26520873 0.0029757911 -0.64098856 -0.26459636 0.96106675 0.079620038 6.7728963 0.018255997 -0.077555951 0.99682088 233.27201
187 0.96404121 0.26570792 -0.0048868232 -0.63557484 -0.26431215 0.96056497 0.086335972 6.860506 0.027634265 -0.081939793 0.99625413 234.64544
188 0.9635065 0.26757212 -0.0077728664 -0.64250097 -0.26589809 0.96002064 0.087512621 6.9243724 0.030878052 -0.082252194 0.99613312 235.53817
189 0.96281409 0.26987326 -0.012549543 -0.65833949 -0.26775393 0.95938375 0.088828688 6.9933551 0.036012318 -0.082165328 0.9959679 236.44487
190 0.96194356 0.27278401 -0.015921692 -0.6804358 -0.27034104 0.95856908 0.089782642 7.0617335 0.039753314 -0.082061554 0.99583415 237.33314
191 0.96122154 0.275097 -0.019360483 -0.70544818 -0.27230006 0.9578728 0.091281186 7.1336845 0.043656064 -0.082469587 0.99563698 238.22613
192 0.96063109 0.2770049 -0.021359305 -0.73405719 -0.27399197 0.95729644 0.092259481 7.2038605 0.046003519 -0.082775053 0.99550592 239.10135
193 0.95979096 0.27975354 -0.023222831 -0.76256823 -0.27654274 0.95649331 0.09297608 7.2732615 0.048222874 -0.082815501 0.99539752 239.95882
194 0.95862971 0.28355281 -0.025038407 -0.78819186 -0.28017338 0.95542485 0.093091979 7.3370935 0.050318812 -0.082225647 0.99534267 240.78224
195 0.95790969 0.28588634 -0.026039582 -0.81467538 -0.28238441 0.95471224 0.093720109 7.4010798 0.051653612 -0.082422234 0.99525804 241.58662
196 0.95733784 0.28784409 -0.025496663 -0.84003342 -0.28435522 0.95407904 0.094208165 7.4597714 0.051443099 -0.082938938 0.99522601 242.35718
197 0.95677926 0.28974989 -0.02486922 -0.86271954 -0.28633067 0.9535343 0.093738805 7.5157002 0.050874466 -0.08256653 0.99528621 243.08924
198 0.95623457 0.29148978 -0.025479113 -0.88681328 -0.2879854 0.95298086 0.094296217 7.5759635 0.051767495 -0.082831696 0.99521812 243.82383
199 0.95569099 0.29323907 -0.025799487 -0.91133676 -0.28966714 0.95240475 0.09496325 7.6381326 0.052418494 -0.083282265 0.99514644 244.56143
200 0.95495786 0.29554839 -0.026582988 -0.93681356 -0.29188228 0.95168893 0.095356198 7.7013044 0.053481111 -0.083302054 0.99508825 245.30302
201 0.9542628 0.29781324 -0.026264111 -0.96291478 -0.29417621 0.9510015 0.095165061 7.7623066 0.053318628 -0.083086207 0.99511501 246.04683
202 0.95362023 0.29994128 -0.025371338 -0.98660662 -0.29640199 0.95036818 0.094583638 7.8189988 0.052481654 -0.082676761 0.9951936 246.75862
203 0.95289761 0.30236592 -0.023686065 -1.0083777 -0.29900082 0.94963651 0.093749123 7.876368 0.050839696 -0.082251168 0.99531409 247.46687
204 0.95261092 0.30312867 -0.025406074 -1.0294677 -0.29959572 0.94940386 0.094205039 7.9343585 0.052676878 -0.082129204 0.99522863 248.17512
205 0.95216992 0.30422071 -0.028674676 -1.0516939 -0.30033627 0.94902659 0.095637525 7.9950792 0.05630795 -0.082451135 0.99500317 248.89021
206 0.95093397 0.3078163 -0.031204761 -1.0731681 -0.30370536 0.94794157 0.09575867 8.0485864 0.059056375 -0.081583125 0.99491538 249.61125
207 0.94968205 0.31151618 -0.032583899 -1.0984576 -0.30723415 0.9467251 0.096533124 8.1055045 0.06091963 -0.081664894 0.99479632 250.32605
208 0.94939266 0.31241664 -0.032395377 -1.1198026 -0.30818016 0.94647243 0.095993821 8.1584514 0.060651403 -0.081152222 0.99485466 251.01156
209 0.94932368 0.31255659 -0.033059809 -1.1444366 -0.30825399 0.94642907 0.09618402 8.2156004 0.061351718 -0.081118956 0.99481443 251.70081
210 0.94890199 0.31384941 -0.032917867 -1.167412 -0.30954834 0.94599652 0.096282399 8.2753577 0.061358367 -0.081172894 0.99480962 252.40825
211 0.94893316 0.31360098 -0.034355701 -1.2257869 -0.30923239 0.94617782 0.095513108 8.4088326 0.062459611 -0.080011666 0.99483517 254.29162
212 0.94831135 0.31543534 -0.034729802 -1.3130202 -0.31107569 0.94564379 0.094813588 8.5943748 0.062749583 -0.07910921 0.99488909 256.77429
213 0.94694462 0.31617642 -0.057692282 -1.3594423 -0.30883772 0.94485061 0.10897919 8.6510954 0.088967246 -0.085379712 0.99236849 257.48421
214 0.94549017 0.32047959 -0.057803174 -1.406455 -0.31281436 0.94314362 0.11237066 8.7297612 0.090529206 -0.088163701 0.99198372 258.26763
215 0.94475001 0.32301196 -0.055773819 -1.4506693 -0.31565101 0.94237115 0.11090956 8.801069 0.088384759 -0.087176752 0.99226429 259.01952
216 0.94426123 0.32506578 -0.051990407 -1.494445 -0.31818151 0.94172347 0.10916643 8.8730093 0.084446865 -0.086539249 0.99266296 259.77491
217 0.94384632 0.32700947 -0.047105741 -1.5318837 -0.32069073 0.94107713 0.10738334 8.9440179 0.079445511 -0.086247 0.99310117 260.52918
218 0.94337217 0.32906697 -0.041998859 -1.5656661 -0.32331022 0.94036554 0.10574986 9.0172041 0.074293074 -0.086182824 0.99350548 261.30132
219 0.94252066 0.33181754 -0.039394924 -1.6022041 -0.32632139 0.93939251 0.10514722 9.0910568 0.071896995 -0.086248026 0.99367609 262.08756
220 0.9416911 0.33427183 -0.038473938 -1.6371998 -0.32887854 0.93854927 0.10470939 9.1640174 0.07111109 -0.08595065 0.99375841 262.87798
221 0.94070998 0.33707936 -0.037977157 -1.6703559 -0.33178334 0.93762608 0.10381249 9.2290945 0.070601428 -0.085057268 0.99387161 263.62902
222 0.93984837 0.33944442 -0.038243416 -1.7051461 -0.33416773 0.93685589 0.10311575 9.300158 0.07083064 -0.084133459 0.99393393 264.38409
223 0.93901303 0.34159984 -0.0395487 -1.7386036 -0.33620201 0.93612074 0.10317966 9.3735426 0.072268521 -0.083590702 0.99387622 265.15285
224 0.93833865 0.34315458 -0.042018402 -1.7740329 -0.3374864 0.93557058 0.10397356 9.4469035 0.074990193 -0.083381781 0.99369212 265.92357
225 0.93770445 0.3447747 -0.042904616 -1.8154867 -0.3390024 0.93498529 0.10430606 9.5260943 0.076077282 -0.083263497 0.9936194 266.74064
226 0.93697247 0.34686599 -0.042030906 -1.8523375 -0.34120604 0.93425005 0.10370712 9.5980821 0.075239855 -0.082829523 0.99371943 267.52975
227 0.93649755 0.34798662 -0.043332275 -1.8916936 -0.34210855 0.93376502 0.10509283 9.6724355 0.077033067 -0.08359484 0.99351793 268.33528
228 0.93629647 0.34793848 -0.047830594 -1.9338318 -0.34138355 0.93360947 0.10876816 9.7449538 0.082499731 -0.085510674 0.99291581 269.15184
229 0.93522666 0.35083415 -0.047608095 -1.9813702 -0.34430076 0.93255268 0.10863872 9.8358733 0.082511237 -0.085210331 0.99294067 270.07052
230 0.93426602 0.3532944 -0.048271096 -2.0332397 -0.34674126 0.93170875 0.10811657 9.9321763 0.083171587 -0.084272059 0.99296565 271.03188
231 0.93291572 0.3569731 -0.047312613 -2.085011 -0.35060665 0.93042222 0.10672095 10.030483 0.08211722 -0.082973537 0.99316274 272.00408
232 0.93225617 0.35880561 -0.046443526 -2.1371868 -0.35255139 0.92974956 0.10617515 10.125492 0.081277093 -0.082608713 0.99326226 272.9626
233 0.93186979 0.35998153 -0.045077996 -2.1895804 -0.35380519 0.92922721 0.1065766 10.218627 0.080253314 -0.083366689 0.99328217 273.92187
234 0.93158717 0.36076677 -0.044639862 -2.2386373 -0.35459275 0.9288811 0.10697557 10.308558 0.08005836 -0.0838281 0.99325907 274.87681
235 0.93122101 0.36167495 -0.044929819 -2.2866238 -0.35540985 0.92847738 0.10776581 10.397752 0.080692523 -0.084385296 0.99316057 275.83422
236 0.93064358 0.36312256 -0.045216846 -2.3332331 -0.35677633 0.92787823 0.10840903 10.48428 0.081321497 -0.08475787 0.99307754 276.77505
237 0.92970848 0.36546867 -0.045550196 -2.3812892 -0.35905 0.92694794 0.10886 10.57406 0.082007585 -0.084853271 0.99301297 277.70123
238 0.92886621 0.36748221 -0.04652331 -2.4323467 -0.3609076 0.92613141 0.10966406 10.664184 0.083386295 -0.085072627 0.99287937 278.61859
239 0.92820033 0.36901457 -0.047670011 -2.4826824 -0.36223249 0.92546701 0.11089775 10.753891 0.085039916 -0.085667709 0.99268793 279.53903
240 0.92724666 0.37124663 -0.04888354 -2.5338964 -0.36426739 0.92454818 0.11189196 10.84646 0.086734707 -0.085944769 0.99251734 280.46723
241 0.92600912 0.37426938 -0.049290649 -2.5830073 -0.36727274 0.92339471 0.11159224 10.930055 0.087280291 -0.085232329 0.99253095 281.33099
242 0.92520022 0.37643358 -0.047982807 -2.6288358 -0.36961419 0.92255903 0.11077031 11.011467 0.085964644 -0.084749597 0.99268709 282.16827
243 0.92452396 0.37840746 -0.045423259 -2.6696105 -0.37189502 0.92177544 0.10965404 11.091086 0.083363959 -0.084485111 0.99293141 282.97441
244 0.92401434 0.38010853 -0.041413034 -2.7075539 -0.37403359 0.9210575 0.10840593 11.167747 0.079349809 -0.08467877 0.99324377 283.765
245 0.92392014 0.38077519 -0.037173303 -2.7388493 -0.37518742 0.92078256 0.1067415 11.239541 0.074873049 -0.08467367 0.9935917 284.55646
246 0.92372915 0.38153426 -0.03400124 -2.7673066 -0.37630332 0.92046808 0.10551873 11.311643 0.071556072 -0.084675952 0.9938359 285.34977
247 0.92334167 0.38267358 -0.031640651 -2.7940052 -0.37770222 0.9199971 0.10462438 11.383904 0.069146298 -0.084653311 0.99400839 286.14846
248 0.92256484 0.38464696 -0.030345593 -2.821638 -0.37979528 0.9191629 0.10437907 11.456627 0.068041643 -0.084771358 0.99407456 286.95126
249 0.9216118 0.38682936 -0.031539959 -2.8532841 -0.38185312 0.91828464 0.10460118 11.535214 0.069425471 -0.084358052 0.99401403 287.77193
250 0.9208488 0.3885527 -0.032623817 -2.8862232 -0.38345215 0.917575 0.10497832 11.617259 0.070724415 -0.084159493 0.99393929 288.61375
251 0.91982383 0.3909622 -0.032752261 -2.9189135 -0.3858486 0.91657996 0.10489005 11.697264 0.071028118 -0.08384296 0.99394439 289.45204
252 0.91865863 0.39362511 -0.03355047 -2.9531199 -0.38839019 0.91543442 0.10551198 11.774375 0.072245423 -0.083898819 0.99385193 290.27814
253 0.91741784 0.396479 -0.033896114 -2.98787 -0.39120289 0.91423248 0.10554222 11.849708 0.072834207 -0.083566062 0.99383699 291.07972
254 0.91622286 0.39921425 -0.03411286 -3.0236317 -0.39393724 0.91309941 0.10517983 11.925871 0.073137726 -0.082929846 0.99386799 291.87347
255 0.91483197 0.40232046 -0.034939185 -3.0592684 -0.39698743 0.91181282 0.10487248 11.999775 0.074050347 -0.082070285 0.99387177 292.6455
256 0.91405337 0.40394971 -0.036484104 -3.0944802 -0.39843773 0.91110866 0.1054906 12.08036 0.075853885 -0.081887397 0.99375083 293.46083
257 0.91371694 0.40433579 -0.040422109 -3.1317875 -0.39835906 0.91093497 0.10727269 12.161334 0.080196106 -0.081914364 0.99340762 294.29355
258 0.91301024 0.40571653 -0.042502104 -3.1732607 -0.39944567 0.91028758 0.1087178 12.242248 0.082797753 -0.08228319 0.99316368 295.11976
259 0.9124294 0.40681794 -0.044404837 -3.2174085 -0.40025559 0.90974614 0.11026016 12.323218 0.085252946 -0.08283133 0.99291036 295.96435
260 0.9110931 0.40968375 -0.045482007 -3.2635026 -0.4029843 0.90848546 0.11071449 12.403809 0.086677675 -0.082542675 0.99281104 296.79346
261 0.91042628 0.41026708 -0.052961632 -3.3139766 -0.40253815 0.90813575 0.11511896 12.481619 0.09532588 -0.083488258 0.99193889 297.60262
262 0.90954218 0.41146606 -0.058555434 -3.372778 -0.40288706 0.90749618 0.11888057 12.568852 0.10205416 -0.084535676 0.99118048 298.43432
263 0.90719986 0.41539527 -0.06659741 -3.4434263 -0.40576709 0.90576747 0.12222212 12.661447 0.11109227 -0.083856856 0.99026593 299.26606
264 0.90442356 0.42044009 -0.072444336 -3.5068648 -0.41004576 0.90352245 0.12453728 12.744911 0.11781556 -0.082928968 0.98956675 300.01059
265 0.90312221 0.42259725 -0.076038581 -3.5695336 -0.41176835 0.90258622 0.12563763 12.827004 0.1217255 -0.082155859 0.98915792 300.73255
266 0.90288923 0.4215239 -0.084312934 -3.6312426 -0.40913157 0.90282254 0.13237335 12.90563 0.13191816 -0.085023399 0.98760756 301.45591
267 0.90044865 0.42529569 -0.091191198 -3.6974306 -0.41172911 0.90101206 0.13658799 12.98628 0.14025466 -0.085444402 0.9864218 302.12848
268 0.89576443 0.43303858 -0.10041759 -3.7746847 -0.4180368 0.89742411 0.140979 13.067359 0.15116653 -0.084305734 0.98490675 302.77598
269 0.89222718 0.4384691 -0.10805342 -3.8541847 -0.42180637 0.89463254 0.14734956 13.169243 0.16127635 -0.08589167 0.9831646 303.50797
270 0.8915238 0.43887963 -0.11211608 -3.9349493 -0.42133776 0.89433193 0.15048178 13.263659 0.1663124 -0.086919356 0.98223484 304.18625
271 0.88898311 0.44255378 -0.11770813 -4.0186905 -0.42421013 0.8926563 0.15234953 13.354324 0.17249578 -0.085503188 0.98129225 304.84952
272 0.88505191 0.44849633 -0.12463623 -4.1128745 -0.4290393 0.88982693 0.15534862 13.450896 0.18057798 -0.084017759 0.97996566 305.52568
273 0.88194833 0.45493098 -0.12330845 -4.2368531 -0.43637635 0.88696561 0.15122027 13.57884 0.17816515 -0.079559585 0.98077904 306.44908
274 0.87566726 0.46150173 -0.14220768 -4.3320207 -0.44014302 0.88388417 0.15818589 13.659441 0.19869819 -0.075926493 0.97711528 307.06341
275 0.87043138 0.46712287 -0.15538812 -4.443828 -0.44361263 0.8811184 0.16382336 13.755334 0.21344099 -0.073664861 0.97417478 307.67736
276 0.86509006 0.47100758 -0.17254299 -4.5545017 -0.44450415 0.87921692 0.17144548 13.849788 0.23245486 -0.071619708 0.96996672 308.24604
277 0.85961298 0.47401094 -0.19073327 -4.6887764 -0.44384155 0.87766808 0.18084055 13.958855 0.25312092 -0.070797539 0.96484071 308.838
278 0.8524048 0.48435543 -0.19699213 -4.8394046 -0.45378379 0.87242819 0.18151919 14.087626 0.25978132 -0.065335999 0.9634547 309.49461
279 0.84372785 0.49025272 -0.21857634 -4.9734387 -0.45525407 0.8693085 0.19247427 14.192906 0.28437133 -0.062888133 0.95664942 310.03256
280 0.83427261 0.49511653 -0.24258785 -5.1173676 -0.45545759 0.86683808 0.20285465 14.298313 0.3107211 -0.058747607 0.94868393 310.54062
281 0.82330163 0.4987718 -0.27092646 -5.2672961 -0.45254258 0.86491416 0.2170912 14.405813 0.34260713 -0.056125783 0.93780079 310.99784
282 0.80994704 0.50218017 -0.30298664 -5.4499296 -0.44718631 0.86302299 0.23498003 14.53683 0.37948677 -0.054829904 0.92357108 311.4838
283 0.79449939 0.50512057 -0.33708154 -5.6541923 -0.43962508 0.8613543 0.25455537 14.679382 0.41892782 -0.054054593 0.90640921 311.95926
284 0.77695454 0.50827614 -0.37147954 -5.8742365 -0.43138222 0.85958931 0.27388953 14.831061 0.45853139 -0.052550047 0.88712318 312.42009
285 0.75575915 0.5107227 -0.40986639 -6.1212352 -0.41933539 0.85817566 0.29612877 14.999084 0.50297708 -0.051930555 0.86273828 312.86132
286 0.73009149 0.51257888 -0.45191741 -6.3964131 -0.40318214 0.85706564 0.32075307 15.185881 0.55173418 -0.051974064 0.83239904 313.28588
287 0.70073343 0.51451485 -0.49421368 -6.6953004 -0.38540123 0.85596036 0.34467032 15.385938 0.60036537 -0.051051459 0.79809476 313.69508
