4 0.99992394 0.0012817149 0.012266953 -0.037687243 -0.0013008769 0.99999795 0.0015542378 -0.036274588 -0.012264936 -0.0015700774 0.99992355 1.1626044
5 0.99999194 0.003397575 0.0021374501 0.0020802902 -0.0034004968 0.99999329 0.0013648277 -0.013619877 -0.0021327986 -0.0013720851 0.99999678 1.0355024
6 0.99999511 0.0025911991 0.0017533587 -0.0035195978 -0.0025933118 0.99999591 0.0012037455 -0.017923967 -0.0017502324 -0.0012082866 0.99999774 1.0405156
7 0.99999728 0.0021468813 -0.00090944234 -0.0011270146 -0.0021459176 0.99999714 0.0010593221 -0.016009126 0.00091171398 -0.0010573676 0.99999903 1.0477739
8 0.99999612 0.0021790402 -0.0017363906 -0.0033265042 -0.0021785298 0.99999758 0.00029580319 -0.021650977 0.001737031 -0.00029201927 0.99999845 1.1428579
9 0.99999651 0.0013446246 -0.0022731774 -0.005015622 -0.0013427294 0.99999875 0.00083506019 -0.019312935 0.0022742974 -0.00083200501 0.99999707 1.1830544
10 0.99999522 0.0030140881 -0.00068662496 -0.002674137 -0.0030136998 0.9999953 0.00056580691 -0.017411801 0.00068832713 -0.00056373493 0.9999996 1.2135212
11 0.99999573 0.0027198999 -0.0010687735 -0.0038344397 -0.0027199522 0.9999963 -4.7426341e-05 -0.02109464 0.0010686405 5.0333151e-05 0.99999943 1.225511
12 0.99999373 0.0028449184 -0.0021086661 -0.0066489944 -0.0028445249 0.99999594 0.00018961223 -0.019366678 0.0021091969 -0.00018361289 0.99999776 1.2087884
13 0.9999957 0.0026726133 -0.0012083692 -0.0028883501 -0.0026715901 0.99999607 0.00084757288 -0.013477039 0.0012106297 -0.00084434096 0.99999891 1.1976323
14 0.99999941 0.0010858553 6.2312242e-05 0.0034226366 -0.0010858868 0.99999928 0.00050752507 -0.01575065 -6.1761099e-05 -0.00050759243 0.99999987 1.2120353
15 0.99999809 0.00071963444 0.0018171955 0.0045985889 -0.00072148354 0.99999922 0.0010171063 -0.013467848 -0.0018164622 -0.0010184155 0.99999783 1.1224926
16 0.99999969 0.00078383443 6.2947947e-05 0.00092730041 -0.00078387837 0.99999945 0.00070110326 -0.013732231 -6.2398363e-05 -0.00070115239 0.99999975 1.0718735
17 0.99999766 0.0020641745 0.00064245264 -0.0025573145 -0.0020646182 0.99999763 0.00069074254 -0.018630292 -0.0006410253 -0.00069206735 0.99999956 1.0534077
18 0.99999773 0.0020948206 -0.00039599242 -0.0050143059 -0.0020945726 0.99999761 0.00062563459 -0.018076199 0.00039730207 -0.00062480373 0.99999973 1.0406777
19 0.99999834 0.0012115118 -0.001360206 -0.0037732627 -0.0012111315 0.99999923 0.00028034565 -0.020870959 0.0013605446 -0.0002786978 0.99999904 1.113722
20 0.99999913 0.001126849 -0.00068312244 0.0028047292 -0.0011270941 0.9999993 -0.0003584763 -0.024768594 0.00068271801 0.00035924593 0.9999997 1.2177434
21 0.99999723 0.0021501748 -0.00095421687 -0.00037890759 -0.0021501577 0.99999769 1.8978185e-05 -0.019297823 0.00095425548 -1.6926415e-05 0.99999954 1.2161058
22 0.99999644 0.0025681644 -0.00072425464 -0.0021931313 -0.0025685382 0.99999657 -0.00051565572 -0.021889661 0.00072292787 0.00051751416 0.9999996 1.2053598
23 0.99999669 0.0025461054 -0.00037382435 -0.0015057986 -0.0025463321 0.99999657 -0.00060721472 -0.02181996 0.00037227704 0.00060816459 0.99999975 1.1985026
24 0.99999816 0.0017585199 -0.00076049787 -0.00056447824 -0.0017582298 0.99999838 0.00038192602 -0.015350357 0.00076116827 -0.00038058819 0.99999964 1.1774235
25 0.99999878 0.0015589265 5.7095322e-05 0.0010085105 -0.0015589486 0.99999871 0.00038910848 -0.017999156 -5.6488656e-05 -0.00038919701 0.99999992 1.1785479
26 0.99999685 0.002461247 -0.00049076909 0.00027707574 -0.0024610254 0.99999687 0.00045172055 -0.014220522 0.00049187935 -0.00045051133 0.99999978 1.1866733
27 0.99999496 0.0019783845 -0.0024838362 -5.3965989e-05 -0.0019774129 0.99999797 0.00039357275 -0.013828859 0.0024846098 -0.0003886592 0.99999684 1.1956579
28 0.99999348 0.001317259 -0.0033615201 -0.00099136864 -0.0013143092 0.99999875 0.0008795732 -0.012593907 0.0033626746 -0.00087514939 0.99999396 1.1940021
29 0.99999451 0.00081532825 -0.0032119071 -0.00011014186 -0.00081458232 0.99999964 0.00023354026 -0.015127806 0.0032120964 -0.00023092261 0.99999481 1.2512961
30 0.99999412 -0.00079378386 -0.0033365789 0.002056613 0.00079139166 0.99999943 -0.0007182203 -0.021443824 0.0033371471 0.00071557553 0.99999418 1.2022724
31 0.99999545 0.00094017674 -0.002864826 -0.00040278123 -0.00094191853 0.99999937 -0.00060670495 -0.022002927 0.0028642538 0.00060940062 0.99999571 1.1345727
32 0.99999407 0.0030709644 -0.0015560536 -0.0027386684 -0.0030719761 0.99999507 -0.00064815872 -0.02138366 0.0015540554 0.00065293504 0.99999858 1.1264175
33 0.99999486 0.0031553513 -0.0005763967 -0.002233687 -0.0031551532 0.99999496 0.00034435491 -0.019753003 0.00057748036 -0.00034253452 0.99999977 1.1086033
34 0.99999568 0.002894874 0.00051787904 -0.0039896935 -0.0028954966 0.99999508 0.0012056608 -0.014325865 -0.00051438626 -0.0012071551 0.99999914 1.074292
35 0.99999644 0.001803669 0.0019663511 0.001710431 -0.0018056844 0.99999785 0.0010236725 -0.010709484 -0.0019645005 -0.0010272195 0.99999754 1.2333334
36 0.99999825 0.0018044895 -0.00049773068 -0.00027942516 -0.0018043619 0.99999834 0.00025666049 -0.015994986 0.000498193 -0.00025576195 0.99999984 1.2599751
37 0.99999938 0.00087990537 0.00067857054 0.00014993179 -0.00088076373 0.99999881 0.001265687 -0.012478546 -0.00067745605 -0.0012662838 0.99999897 1.223214
38 0.9999964 0.0024343587 0.001131842 -0.006113585 -0.0024360081 0.99999597 0.0014581572 -0.016904506 -0.0011282878 -0.0014609091 0.9999983 1.1862971
39 0.99999862 0.0016596039 3.2368587e-05 -0.0051383831 -0.0016596314 0.99999824 0.00087106826 -0.020710436 -3.0922902e-05 -0.00087112078 0.99999962 1.153768
40 0.99999693 0.0022707732 -0.00098803299 -0.0056731903 -0.0022698102 0.99999695 0.00097470896 -0.022040582 0.00099024332 -0.00097246333 0.99999904 1.1458712
41 0.99999663 0.0025303513 -0.00058910104 -0.004170697 -0.0025296607 0.99999612 0.0011700166 -0.020336842 0.00059205931 -0.0011685224 0.99999914 1.1678482
42 0.99999709 0.0012131182 -0.0020875191 -0.0012828486 -0.0012116194 0.99999901 0.00071908262 -0.018632315 0.0020883894 -0.00071655125 0.99999756 1.1848286
43 0.99999877 0.0011110598 -0.0011054612 0.00028333643 -0.001110198 0.99999908 0.0007798454 -0.014981253 0.0011063267 -0.00077861716 0.99999908 1.2088994
44 0.99999737 0.001989907 -0.0011442191 -0.0026925104 -0.0019881575 0.99999686 0.0015280308 -0.014026142 0.0011472561 -0.0015257519 0.99999818 1.2036133
45 0.99999369 0.0022807222 -0.0027248653 -0.0044960605 -0.0022758069 0.99999578 0.0018055827 -0.012969729 0.0027289718 -0.00179937 0.99999466 1.1915201
46 0.99999626 0.0018211926 -0.0020414285 -0.0036239757 -0.0018215426 0.99999833 -0.00016961386 -0.019350473 0.0020411162 0.00017333178 0.9999979 1.314544
47 0.99999711 0.0022997274 -0.00069397135 -0.00044012243 -0.0022995578 0.99999733 0.00024514031 -0.014146268 0.00069453325 -0.00024354378 0.99999973 1.2230855
48 0.99999681 0.0019028288 -0.0016591889 0.0025764209 -0.001901773 0.99999799 0.0006377023 -0.0065642498 0.001660399 -0.00063454487 0.99999842 1.2197229
49 0.99999477 0.0028408948 -0.001542659 0.0011216873 -0.002840872 0.99999596 1.6955452e-05 -0.0050422073 0.0015427009 -1.2572867e-05 0.99999881 1.2622589
50 0.99999827 0.00090766218 -0.0016224199 0.0029552624 -0.00090662957 0.99999939 0.00063708694 -0.005489826 0.0016229972 -0.00063561491 0.99999848 1.2632006
51 0.99999751 0.0013868764 -0.0017463661 0.0042803247 -0.0013862232 0.99999897 0.00037519172 -0.007421975 0.0017468846 -0.00037276993 0.9999984 1.2904422
52 0.99999771 0.001796354 -0.0011656863 0.0017455591 -0.0017958772 0.9999983 0.00040994136 -0.011062229 0.0011664207 -0.00040784699 0.99999924 1.2793279
53 0.99999306 0.00081629602 -0.003633929 -0.0078733127 -0.00081296293 0.99999925 0.00091859713 -0.01579141 0.0036346762 -0.00091563651 0.99999298 1.2567481
54 0.9999934 0.00051258985 -0.0035956925 -0.0033215982 -0.00051164344 0.99999983 0.00026412356 -0.014362527 0.0035958273 -0.0002622821 0.9999935 1.2134593
55 0.99999147 0.00057102334 -0.0040907712 -0.0049237767 -0.00056999973 0.99999981 0.00025138408 -0.015189792 0.004090914 -0.0002490502 0.9999916 1.2162801
56 0.9999935 0.00084608876 -0.0035034459 -0.0073473702 -0.00084377205 0.99999942 0.00066269066 -0.018370324 0.0035040046 -0.00065973024 0.99999364 1.2395023
57 0.99999611 0.0021953988 -0.0017206241 -0.0018050086 -0.0021940908 0.9999973 0.00076169377 -0.015646979 0.0017222917 -0.0007579156 0.99999823 1.2369924
58 0.99999817 0.001825114 -0.00057912935 -0.0040409206 -0.001824353 0.99999748 0.0013118582 -0.016467485 0.00058152218 -0.0013107992 0.99999897 1.2316889
59 0.99999274 0.0038060969 0.00017640094 -0.0059344773 -0.0038061541 0.9999927 0.00032521988 -0.021321051 -0.00017516183 -0.00032588893 0.99999993 1.1742456
60 0.99999687 0.0021616555 -0.0012597775 0.0028692374 -0.0021594505 0.99999614 0.0017490253 -0.04273028 0.0012635535 -0.0017462994 0.99999768 1.2027657
61 0.99996724 0.0051605617 0.0062364076 -0.0033968368 -0.0051820103 0.9999807 0.0034280039 -0.034345675 -0.0062185968 -0.0034602087 0.99997468 1.223909
62 0.99999473 0.0018834664 0.0026452532 -0.0014351057 -0.0018898751 0.99999528 0.0024223357 -0.028114562 -0.0026406783 -0.0024273221 0.99999357 1.2450093
63 0.99999323 -0.00075137415 -0.0036028699 0.018995615 0.00074501301 0.99999816 -0.0017665919 -0.02766712 0.0036041907 0.0017638957 0.99999195 1.3651568
64 0.9999991 -0.00038597384 -0.0012864795 0.0088655233 0.00038629896 0.99999989 0.00025248619 -0.017160694 0.0012863819 -0.00025298292 0.99999914 1.331853
65 0.99999779 0.0011969327 -0.0017293346 0.0016639979 -0.0011976419 0.9999992 -0.00040914561 -0.020965244 0.0017288435 0.00041121583 0.99999842 1.2355704
66 0.99999386 0.003309014 0.0011527674 0.0066101951 -0.0033082938 0.99999433 -0.00062607319 -0.020724506 -0.0011548326 0.00062225565 0.99999914 1.2354341
67 0.99999381 0.0021982603 0.0027483391 0.01107555 -0.0021946887 0.99999674 -0.0013018738 -0.02368593 -0.002751192 0.001295834 0.99999538 1.4910663
68 0.99999669 0.00074051102 0.0024638212 0.0095351894 -0.00074273894 0.99999932 0.0009034623 -0.018913818 -0.0024631505 -0.00090528929 0.99999656 1.2995746
69 0.99999042 0.00042739913 0.0043554762 0.010203749 -0.00042981405 0.99999975 0.0005535348 -0.021784312 -0.0043552385 -0.00055540154 0.99999036 1.3895264
70 0.99998827 -0.0014524411 0.0046215914 0.010994083 0.0014479483 0.99999848 0.00097533991 -0.01819398 -0.004623001 -0.00096863664 0.99998884 1.3348999
71 0.99999845 0.0015887973 -0.00076298472 -1.6462566e-05 -0.0015884814 0.99999865 0.00041451289 -0.02206795 0.00076364227 -0.00041330026 0.99999962 1.2173503
72 0.99999747 0.0010874616 -0.001967021 -0.0032045004 -0.0010855372 0.99999893 0.00097912058 -0.017592916 0.0019680836 -0.00097698283 0.99999759 1.1762905
73 0.99999711 0.00044537571 0.0023610727 0.0053114796 -0.00044659773 0.99999977 0.00051706674 -0.019831446 -0.0023608418 -0.0005181197 0.99999708 1.0485745
74 0.99996255 0.00095053964 0.008602089 0.011926336 -0.00096490463 0.99999815 0.0016659451 -0.017745676 -0.0086004896 -0.0016741829 0.99996161 1.0520817
75 0.99997106 0.00045616911 0.0075935581 0.011302367 -0.00047966312 0.9999951 0.0030924068 -0.024901452 -0.0075921103 -0.0030959596 0.99996639 1.030251
76 0.99984896 -0.00034589776 0.017376348 0.025100834 0.0003072464 0.99999747 0.0022269865 -0.023848708 -0.017377074 -0.0022213113 0.99984654 1.2688822
77 0.99988814 -0.0017980395 0.014848186 0.029163518 0.0017936941 0.99999834 0.00030596772 -0.03318508 -0.014848712 -0.0002793004 0.99988971 1.9283709
78 0.99992975 -0.0018056969 0.011714895 0.035046813 0.0017962738 0.99999805 0.00081484048 -0.019071419 -0.011716344 -0.00079374007 0.99993105 1.3885663
79 0.99995811 -0.00033772322 0.0091465366 0.026876109 0.00032736845 0.9999993 0.0011335705 -0.021772184 -0.009146913 -0.0011305287 0.99995753 1.4581154
80 0.99999475 0.0028626247 -0.0015205963 0.010776528 -0.0028669461 0.99999184 -0.0028473512 -0.032672134 0.001512433 0.0028516958 0.99999479 1.5573766
81 0.99999413 0.001013044 0.0032744678 0.0045032055 -0.0010176091 0.99999851 0.0013927792 -0.021098257 -0.003273052 -0.0013961031 0.99999367 1.4351804
82 0.99997403 0.0019679442 0.0069335856 0.014360162 -0.00197046 0.999998 0.00035602412 -0.019793291 -0.006932871 -0.00036967723 0.9999759 1.2850028
83 0.99999797 0.0017665069 -0.00096976409 0.0068764888 -0.0017675147 0.9999979 -0.0010393479 -0.018713865 0.00096792603 0.0010410599 0.99999899 1.2829827
84 0.99999322 0.0013557359 -0.0034246071 -0.00056829803 -0.0013574807 0.99999895 -0.0005072217 -0.018310088 0.0034239158 0.0005118671 0.99999401 1.2721817
85 0.99999547 0.0015413876 -0.0025864283 -0.0010101683 -0.0015411385 0.99999881 9.8281242e-05 -0.018389091 0.0025865767 -9.4294752e-05 0.99999665 1.2726957
86 0.99999323 0.0033392896 -0.0015483397 -0.00057009789 -0.0033401098 0.99999428 -0.00052744176 -0.01749362 0.0015465696 0.00053260981 0.99999866 1.3553189
87 0.99999453 0.002598634 -0.0020445928 0.0013566139 -0.0025987499 0.99999662 -5.4070083e-05 -0.013482118 0.0020444454 5.9383173e-05 0.99999791 1.3292967
88 0.99999713 0.0020464757 -0.0012452502 0.0042071314 -0.0020469971 0.99999782 -0.00041752436 -0.012804175 0.001244393 0.00042007219 0.99999914 1.3126254
89 0.99999715 0.0023721763 0.00025802063 0.0067208029 -0.0023721282 0.99999717 -0.00018633192 -0.0098491193 -0.00025846191 0.00018571933 0.99999995 1.3046355
90 0.99999804 0.0019622801 0.00027345686 0.0037844639 -0.0019622283 0.99999806 -0.00018978857 -0.012817226 -0.00027382875 0.00018925161 0.99999994 1.2689661
91 0.99999739 0.0015955756 0.0016362004 0.0050308172 -0.0015965041 0.99999857 0.0005663212 -0.011473082 -0.0016352944 -0.00056893193 0.9999985 1.2635513
92 0.99999402 0.0028211623 0.0019987919 0.0028451708 -0.0028220069 0.99999593 0.00041984713 -0.0094596108 -0.0019975993 -0.00042548523 0.99999791 1.2293076
93 0.99999611 0.0025175933 -0.0012002207 0.0025416449 -0.0025173264 0.99999681 0.00022390471 -0.0060458002 0.0012007806 -0.00022088249 0.99999925 1.2266675
94 0.9999963 0.0022222308 -0.0015713091 0.0018720498 -0.0022204205 0.99999687 0.0011528726 -0.0047838895 0.0015738661 -0.0011493794 0.9999981 1.2111525
95 0.99999327 0.0020806614 -0.003022096 0.00024875638 -0.0020794739 0.99999776 0.0003960162 -0.011674796 0.0030229132 -0.00038972917 0.99999536 1.2316662
96 0.99999061 0.0020927773 -0.0037959249 1.4822335e-05 -0.0020928809 0.99999781 -2.3308896e-05 -0.013010408 0.0037958678 3.1253096e-05 0.9999928 1.2525888
97 0.99999341 0.0021087791 -0.0029553029 -0.00093971378 -0.0021099096 0.9999977 -0.00037947578 -0.019565813 0.0029544959 0.0003857087 0.99999556 1.2609891
98 0.99999688 0.0010651766 -0.0022615836 -0.0010938698 -0.0010620983 0.99999851 0.0013618818 -0.01348445 0.0022630309 -0.0013594755 0.99999652 1.2180588
99 0.99999964 0.00075504119 -0.00038381374 0.0042502584 -0.00075475736 0.99999944 0.00073911608 -0.014829138 0.00038437159 -0.00073882613 0.99999965 1.1900475
100 0.99999815 0.00094223658 -0.0016794869 0.0013930738 -0.00094073455 0.99999916 0.00089490656 -0.018044506 0.0016803287 -0.00089332495 0.99999819 1.2202918
101 0.99999561 0.0017488897 -0.0023916629 -0.00087131238 -0.0017480252 0.99999841 0.00036350447 -0.011369274 0.0023922948 -0.00035932219 0.99999707 1.1963109
102 0.99999684 0.0022736795 -0.0010724377 -0.0049487243 -0.0022737384 0.99999741 -5.3743928e-05 -0.0170715 0.0010723127 5.6182201e-05 0.99999942 1.1490864
103 0.99999661 0.0025390381 -0.00057388581 -0.005377692 -0.0025388998 0.99999675 0.0002415814 -0.016445539 0.00057449733 -0.00024012354 0.99999981 1.1377628
104 0.99999632 0.0026819095 -0.00042017991 -0.0069193972 -0.0026811711 0.99999488 0.00174834 -0.014184666 0.00042486665 -0.0017472069 0.99999838 1.1324918
105 0.99999484 0.003183116 -0.00044468242 -0.0096986442 -0.0031822719 0.99999316 0.0018862769 -0.014291807 0.00045068361 -0.0018848521 0.99999812 1.0904041
106 0.99999739 0.0015106221 -0.001714204 -0.0011748561 -0.0015101894 0.99999883 0.0002536713 -0.017057392 0.0017145852 -0.00025108186 0.9999985 1.1833319
107 0.99999849 0.0013275577 -0.0011245208 0.00062099358 -0.0013274434 0.99999911 0.0001024503 -0.019836379 0.0011246558 -0.00010095741 0.99999936 1.1764394
108 0.99999679 0.0017126734 -0.0018692329 -0.00090875033 -0.0017120465 0.99999848 0.00033692691 -0.015847722 0.0018698071 -0.00033372561 0.9999982 1.2069658
109 0.9999992 0.0012482381 -0.00019175786 -5.1648543e-05 -0.0012480596 0.99999879 0.00092824381 -0.016393135 0.0001929163 -0.00092800375 0.99999955 1.2295667
110 0.9999977 0.001984874 -0.00081181549 -0.002380351 -0.0019842602 0.99999775 0.00075620346 -0.016109081 0.00081331463 -0.00075459086 0.99999938 1.1824352
111 0.99999927 0.00048356087 -0.0011068725 0.00036570713 -0.00048310226 0.9999998 0.00041455783 -0.015827598 0.0011070727 -0.0004140228 0.9999993 1.2029336
112 0.99999623 0.0010949746 -0.0025186822 0.00042162643 -0.0010955618 0.99999937 -0.00023177365 -0.016001092 0.0025184269 0.00023453215 0.9999968 1.1359721
113 0.99999352 -0.0015898974 -0.0032309101 0.0038551947 0.0015903677 0.99999873 0.00014299933 -0.017718755 0.0032306786 -0.00014813674 0.99999477 1.1749283
114 0.99999884 -5.380833e-05 -0.0015203322 0.0070252794 5.4434625e-05 0.99999991 0.00041190762 -0.013818353 0.0015203099 -0.00041198991 0.99999876 1.1957338
115 0.9999963 -0.002576376 0.00087000055 0.010922798 0.0025743957 0.99999411 0.0022696826 -0.011639439 -0.00087584298 -0.0022674344 0.99999705 1.1696549
116 0.99999643 -0.0018339015 0.0019411061 0.0052468048 0.0018303599 0.99999666 0.0018247366 -0.01328992 -0.001944446 -0.0018211772 0.99999645 1.2384695
117 0.99999907 -0.00048801747 0.0012767843 0.018597039 0.00048890155 0.99999964 -0.00069221363 -0.021559348 -0.001276446 0.0006928372 0.99999895 1.2986729
118 0.99999864 0.0010796011 -0.0012455874 0.0036035465 -0.0010790195 0.99999931 0.00046751016 -0.017059651 0.0012460913 -0.00046616552 0.99999911 1.2551152
119 0.99999616 0.0014832978 -0.0023391562 -0.0007180187 -0.0014831542 0.9999989 6.3141425e-05 -0.019488412 0.0023392473 -5.9671854e-05 0.99999726 1.2398437
120 0.99999299 0.0027340709 -0.0025588316 -0.0047934204 -0.0027335427 0.99999624 0.00020989277 -0.017314893 0.0025593958 -0.00020289662 0.9999967 1.2375926
121 0.99999385 0.0029071825 -0.0019607116 -0.0039181935 -0.0029080675 0.99999567 -0.00044866701 -0.021207981 0.0019593988 0.00045436614 0.99999798 1.231677
122 0.99999464 0.0019518418 -0.002627751 -0.0020333618 -0.0019516198 0.99999809 8.7066042e-05 -0.016343992 0.0026279159 -8.1937205e-05 0.99999654 1.2196983
123 0.999996 0.0023920489 -0.0015101792 0.00067921833 -0.0023917009 0.99999711 0.00023216491 -0.013417906 0.0015107302 -0.00022855208 0.99999883 1.219173
124 0.99999845 0.001220535 -0.0012678793 0.0010831346 -0.0012206407 0.99999925 -8.2593831e-05 -0.019232444 0.0012677776 8.4141328e-05 0.99999919 1.2183981
125 0.99999787 0.0010254354 -0.0017902958 0.00043053998 -0.0010258738 0.99999944 -0.00024396069 -0.013590518 0.0017900446 0.00024579678 0.99999837 1.2696083
126 0.99999943 0.00058333933 0.00089116133 0.0044842 -0.00058302955 0.99999977 -0.00034783574 -0.014421395 -0.00089136403 0.00034731597 0.99999954 1.2822321
127 0.99999832 0.0010355234 0.0015125476 0.0051216279 -0.0010357619 0.99999945 0.00015693424 -0.013912867 -0.0015123842 -0.00015850061 0.99999884 1.2893859
128 0.99999759 0.0019640269 -0.00098443371 0.0013187311 -0.0019640627 0.99999807 -3.5329412e-05 -0.013868778 0.00098436242 3.7262817e-05 0.99999951 1.2894196
129 0.99999877 0.00098655585 -0.0012155381 0.00018369605 -0.00098655347 0.99999951 2.5566641e-06 -0.017547726 0.00121554 -1.3574676e-06 0.99999926 1.2609574
130 0.99999667 0.0019015183 -0.001746035 0.00095342355 -0.0019019697 0.99999816 -0.00025690913 -0.019634436 0.0017455433 0.00026022918 0.99999844 1.296757
131 0.99999948 0.00023411594 -0.00099754433 0.0024053197 -0.0002322621 0.99999825 0.0018581121 -0.016483231 0.0009979776 -0.0018578794 0.99999778 1.2637573
132 0.99999476 -0.0010693002 -0.0030547675 0.00058771273 0.0010700612 0.9999994 0.00024748797 -0.035402289 0.003054501 -0.00025075546 0.9999953 1.7849666
133 0.99999707 0.0022230581 -0.00095519679 0.00045108262 -0.0022259932 0.99999277 -0.0030827425 -0.047393528 0.00094833677 0.0030848597 0.99999479 2.2534851
134 0.9999972 0.0009234578 -0.0021771501 -0.0024972335 -0.0009276966 0.99999767 -0.0019467412 -0.047853266 0.0021753473 0.0019487555 0.99999574 2.2007471
135 0.99999889 0.00094459433 0.0011511158 -0.0022418259 -0.00094477931 0.99999954 0.00016016006 -0.031568051 -0.001150964 -0.00016124744 0.99999932 1.4434474
136 0.99999411 0.0020607528 -0.0027445746 -0.0049965461 -0.002060129 0.99999785 0.00023007575 -0.023890616 0.0027450428 -0.00022442022 0.99999621 1.2790107
137 0.99999814 0.0012486991 -0.001468542 -0.0012135957 -0.0012484283 0.9999992 0.00018533773 -0.017851604 0.0014687723 -0.00018350401 0.9999989 1.2139241
138 0.99999629 0.0010531441 -0.0025127443 -0.0010116258 -0.0010523837 0.9999994 0.00030393135 -0.01653288 0.0025130629 -0.00030128585 0.9999968 1.2231192
139 0.99999685 0.00052032503 -0.0024571607 -0.0012393762 -0.00051929907 0.99999978 0.00041815875 -0.019013952 0.0024573777 -0.00041688143 0.99999689 1.2418598
140 0.99999272 0.0004319744 -0.0037899404 -0.0042485033 -0.00043043285 0.99999982 0.00040755371 -0.01757616 0.0037901158 -0.00040591943 0.99999274 1.2552469
141 0.99999787 0.00066593352 -0.0019540163 -0.0076559763 -0.00066488166 0.99999963 0.00053890298 -0.018377062 0.0019543745 -0.00053760265 0.99999795 1.2220453
142 0.99999737 0.0021442694 -0.00081379454 -0.0016803091 -0.0021448657 0.99999743 -0.00073256973 -0.021828832 0.00081222163 0.00073431328 0.9999994 1.2890998
143 0.99999907 0.0008033358 -0.0010986416 0.0057717097 -0.00080264243 0.99999948 0.00063141051 -0.021620368 0.0010991483 -0.00063052811 0.9999992 1.2864235
144 0.99999736 0.001952747 0.0012145925 0.0008837283 -0.0019551121 0.99999619 0.0019491041 -0.0087388674 -0.0012107818 -0.0019514736 0.99999736 1.2107674
145 0.99999968 0.00076494304 0.00025420776 0.0099364206 -0.00076477383 0.99999949 -0.00066505325 -0.022315741 -0.00025471635 0.00066485862 0.99999975 1.3583811
146 0.99999671 0.0015506566 -0.0020418709 -0.0034613774 -0.0015477575 0.99999779 0.0014206474 -0.0086865272 0.0020440693 -0.0014174824 0.99999691 1.2657964
147 0.99999482 0.0031217507 -0.00078756801 -0.0073440728 -0.0031209943 0.99999467 0.00095989924 -0.019734284 0.00079056038 -0.00095743627 0.99999923 1.2169648
148 0.99999876 0.00097052924 0.001240694 0.00026409872 -0.00097175583 0.99999904 0.00098840835 -0.029722232 -0.0012397335 -0.00098961277 0.99999874 1.2342039
149 0.9999948 0.0031620482 0.00062654401 -0.00038102629 -0.0031616378 0.99999479 -0.0006549171 -0.02766835 -0.00062861163 0.00065293279 0.99999959 1.2406073
150 0.99999601 4.2866791e-06 0.0028257605 0.0095328965 -5.2963038e-06 0.99999994 0.0003572857 -0.025259094 -0.0028257587 -0.00035729924 0.99999594 1.2986411
151 0.99998606 0.002257247 0.0047737135 0.0054407112 -0.0022604834 0.99999722 0.00067269227 -0.024353466 -0.0047721818 -0.00068347379 0.99998838 1.332262
152 0.99999502 0.0022241995 0.0022369158 0.0053261567 -0.0022246645 0.9999975 0.00020541392 -0.023608991 -0.0022364533 -0.00021038928 0.99999748 1.2620766
153 0.99998776 0.0031461741 0.0038173903 0.009309496 -0.0031451038 0.99999501 -0.00028633797 -0.034852535 -0.0038182721 0.00027432838 0.99999267 1.3097341
154 0.99999543 0.0026943464 0.0013689556 0.0017486821 -0.0026947351 0.99999633 0.00028214636 -0.031275203 -0.0013681904 -0.00028583405 0.99999902 1.2470266
155 0.99999721 0.0016783281 0.0016626144 0.00020367229 -0.0016788901 0.99999853 0.00033668152 -0.023772795 -0.0016620469 -0.00033947193 0.99999856 1.227814
156 0.9999938 0.00094167388 0.0033923823 -0.0010934433 -0.00094263221 0.99999952 0.00028090711 -0.030329723 -0.0033921162 -0.00028410314 0.99999421 1.3402106
157 0.99999598 -2.9763052e-05 -0.0028365553 -0.0082021864 3.2608649e-05 0.9999995 0.0010031464 -0.023766668 0.002836524 -0.0010032349 0.99999547 1.3065254
158 0.99999844 0.0017260394 -0.00036371837 -0.0049405067 -0.0017258157 0.99999832 0.00061459174 -0.021175576 0.00036477857 -0.00061396308 0.99999974 1.2677482
159 0.99999914 0.0012452548 -0.00040673705 -0.00041890266 -0.0012449568 0.99999896 0.00073212308 -0.022323234 0.0004076483 -0.00073161608 0.99999965 1.3353255
160 0.99999623 0.0022729107 -0.0015413483 0.00076425271 -0.0022728489 0.99999742 4.1868035e-05 -0.018863359 0.0015414395 -3.8364625e-05 0.99999881 1.2393768
161 0.99999796 0.0011177284 -0.0016800802 -0.00074181008 -0.0011168761 0.99999925 0.00050813761 -0.017126752 0.0016806469 -0.00050626014 0.99999846 1.2168224
162 0.99999943 0.0010249833 -0.00031466681 0.0011344569 -0.0010251826 0.99999927 -0.00063416448 -0.019973087 0.00031401658 0.0006344867 0.99999975 1.2413261
163 0.99999909 0.00063966797 0.0011899628 0.00266331 -0.00063955366 0.99999979 -9.644245e-05 -0.021570225 -0.0011900243 9.5681317e-05 0.99999929 1.1829541
164 0.99999769 0.0017935949 0.0011874508 0.0013193112 -0.0017936505 0.99999839 4.5683699e-05 -0.021057826 -0.001187367 -4.7813465e-05 0.99999929 1.1858546
165 0.99999929 0.00044145517 -0.0011089858 0.001123359 -0.00044093027 0.99999979 0.00047351576 -0.020631106 0.0011091947 -0.00047302644 0.99999927 1.1999656
166 0.9999984 -0.00012608089 0.0017853277 0.0051090258 0.00012585717 0.99999998 0.00012542422 -0.020175179 -0.0017853434 -0.00012519933 0.9999984 1.2035552
167 0.9999866 2.5021686e-05 0.0051759241 0.010816983 -2.6467039e-05 0.99999996 0.00027917702 -0.019650304 -0.0051759169 -0.00027931027 0.99998657 1.3269168
168 0.99997593 9.0687003e-05 0.0069377503 0.011883154 -9.7105511e-05 0.99999957 0.00092482573 -0.019530432 -0.0069376634 -0.00092547717 0.99997551 1.3486327
169 0.99998078 0.0013695981 0.0060475664 0.012823035 -0.0013688567 0.99999906 -0.00012672637 -0.014565499 -0.0060477343 0.00011844568 0.99998171 1.2920609
170 0.99999528 -0.00029293404 -0.0030587232 0.00082031955 0.00029363438 0.99999993 0.00022851939 -0.021176947 0.0030586561 -0.00022941646 0.9999953 1.2725177
171 0.99999769 -0.00010373925 -0.0021476357 0.0011317201 0.00010386157 0.99999999 5.6843765e-05 -0.017799653 0.0021476298 -5.706669e-05 0.99999769 1.2761691
172 0.99999803 0.00034035072 -0.0019550516 0.0022251498 -0.00034029071 0.99999994 3.103021e-05 -0.018730126 0.001955062 -3.0364863e-05 0.99999809 1.2600791
173 0.9999993 0.00022131703 0.0011604957 0.0035942324 -0.00021979728 0.99999912 -0.0013095336 -0.031800496 -0.0011607845 0.0013092776 0.99999847 1.4825048
174 0.99999872 0.0014711293 0.00062514553 -0.0050456488 -0.0014710284 0.9999989 -0.00016174287 -0.021803752 -0.00062538279 0.00016082306 0.99999979 1.1052796
175 0.99998604 0.0043082603 0.0030585514 -0.0050145558 -0.0043091052 0.99999068 0.00026968586 -0.021821435 -0.003057361 -0.00028286172 0.99999529 1.0607629
176 0.99999488 0.0030999704 -0.00078977727 -0.0062577978 -0.0030996653 0.99999512 0.0003871505 -0.021337877 0.00079097357 -0.00038470047 0.99999961 1.0471303
177 0.99999587 0.0028420457 0.00043155595 -0.0073765964 -0.0028426506 0.99999497 0.001407561 -0.020581447 -0.00042755343 -0.0014087819 0.99999892 1.060122
178 0.99999592 0.0026417161 0.001088106 -0.0061673035 -0.0026430823 0.99999572 0.0012560135 -0.017219703 -0.0010847833 -0.0012588843 0.99999862 1.0700532
179 0.99999647 0.0026532765 0.00014698348 -0.0043811368 -0.0026534806 0.99999549 0.0014065102 -0.01618167 -0.00014325096 -0.0014068953 0.999999 1.0776871
180 0.99999555 0.0023092472 0.001888202 -0.0040929647 -0.0023119649 0.99999629 0.0014383624 -0.020377526 -0.0018848735 -0.0014427214 0.99999718 1.1436343
181 0.99999388 0.0034590065 0.00052509272 -0.0022619192 -0.0034597215 0.99999308 0.001366843 -0.01854869 -0.00052036116 -0.0013686514 0.99999893 1.1026728
182 0.99999037 0.0043850127 -0.00019245791 -0.0039793801 -0.0043848618 0.99999008 0.00077715016 -0.016539438 0.00019586381 -0.00077629877 0.99999968 1.084373
183 0.9999963 0.0024996028 -0.0010710588 -0.0060763032 -0.0024987521 0.99999656 0.00079492239 -0.019648339 0.0010730421 -0.00079224314 0.99999911 1.0695864
184 0.99999929 0.0011885357 0.0001261949 -0.00051509894 -0.0011883608 0.99999835 -0.0013767869 -0.033862328 -0.00012783105 0.0013766359 0.99999904 1.607554
185 0.99998443 -0.0010793257 -0.005475766 0.011799328 0.0010873749 0.99999833 0.001467206 -0.028919706 0.0054741733 -0.0014731374 0.99998393 1.4401016
186 0.99999059 -0.0021080604 -0.0037923716 0.012570583 0.0021141508 0.99999648 0.001602685 -0.031612439 0.0037889797 -0.0016106875 0.99999152 1.5533766
187 0.99995597 0.00053404962 -0.0093683842 0.0071119466 -0.00049272166 0.99999014 0.0044131818 -0.020883084 0.0093706487 -0.0044083715 0.99994638 1.3760541
188 0.99999334 0.0019324105 -0.0030966112 0.0011122077 -0.0019312636 0.99999807 0.00037331917 -0.013642629 0.0030973266 -0.00036733631 0.99999514 0.89493434
189 0.99998486 0.0023891921 -0.0049574006 -0.0056057596 -0.0023892267 0.99999715 -1.0638888e-06 -0.012591175 0.0049573839 1.2908227e-05 0.99998771 0.90935352
190 0.99998928 0.0030243789 -0.0035069939 -0.0075946306 -0.0030243409 0.99999543 1.6145436e-05 -0.013346904 0.0035070267 -5.538918e-06 0.99999385 0.89103791
191 0.9999902 0.0023969756 -0.0037208785 -0.0080122723 -0.0023950772 0.999997 0.00051459084 -0.01113361 0.0037221008 -0.00050567401 0.99999295 0.89613365
192 0.99999564 0.001977529 -0.0021934226 -0.0083999339 -0.0019766606 0.99999797 0.00039802014 -0.012829464 0.0021942052 -0.00039368275 0.99999752 0.87835925
193 0.99999393 0.0028586186 -0.0019914896 -0.0069573257 -0.0028582683 0.9999959 0.00017876512 -0.012437363 0.0019919925 -0.00017307182 0.999998 0.86062753
194 0.99999054 0.003970419 -0.0017772693 -0.0025379273 -0.0039711226 0.99999204 -0.00039251454 -0.014305377 0.0017756967 0.00039956858 0.99999834 0.82615982
195 0.99999641 0.002426756 -0.0011400009 -0.0028397445 -0.002426389 0.999997 0.0003232044 -0.012515931 0.0011407818 -0.00032043715 0.9999993 0.80725296
196 0.99999787 0.0020274608 0.00038059442 -0.0010621343 -0.0020276979 0.99999775 0.00062380589 -0.014727145 -0.00037932882 -0.00062457629 0.99999973 0.77306641
197 0.99999773 0.0019985488 0.00073723636 3.763466e-05 -0.0019983486 0.99999797 -0.00027219378 -0.013886083 -0.00073777885 0.00027071991 0.99999969 0.73441469
198 0.99999808 0.0018096682 -0.00074660133 -0.0029358806 -0.0018093995 0.9999983 0.00036041627 -0.010170337 0.0007472523 -0.00035906468 0.99999966 0.73737317
199 0.99999823 0.001815318 -0.00050215939 -0.0031702294 -0.0018150427 0.9999982 0.00054822176 -0.0089991344 0.00050315368 -0.00054730934 0.99999972 0.74056096
200 0.99999671 0.0024133172 -0.00086565914 -0.0037735418 -0.0024131888 0.99999708 0.00014933911 -0.0090672537 0.00086601701 -0.00014724962 0.99999961 0.74465025
201 0.99999711 0.002375025 0.00036173563 -0.0029512415 -0.0023749927 0.99999718 -8.9889067e-05 -0.011619955 -0.0003619481 8.9029688e-05 0.99999993 0.74666734
202 0.99999697 0.0022388502 0.0010271707 -0.0013342691 -0.0022385498 0.99999745 -0.00029358464 -0.01228097 -0.0010278254 0.00029128438 0.99999943 0.71432676
203 0.99999501 0.002551387 0.0018607863 -0.00059563839 -0.0025508375 0.9999967 -0.00029757567 -0.010563801 -0.0018615394 0.00029282762 0.99999822 0.71082191
204 0.99999809 0.00080258885 -0.0017796577 -0.0014284956 -0.00080273265 0.99999967 -8.0087083e-05 -0.0095616184 0.0017795928 8.151552e-05 0.99999841 0.71087004
205 0.99999304 0.0011363522 -0.0035547485 -0.0016959804 -0.001134981 0.99999928 0.00038771736 -0.0078184984 0.0035551865 -0.00038368009 0.99999361 0.71796107
206 0.99998978 0.0037983666 -0.0024503984 0.0040829084 -0.0037999638 0.99999257 -0.00064749634 -0.01520359 0.0024479207 0.00065680115 0.99999679 0.72316845
207 0.99999125 0.0038829555 -0.0015537064 0.00087869364 -0.0038824638 0.99999241 0.00031932975 -0.012145262 0.0015549346 -0.00031329475 0.99999874 0.71740721
208 0.99999947 0.00096401184 0.00034828266 0.0052229083 -0.00096385277 0.99999943 -0.00045660852 -0.012505228 -0.00034872264 0.00045627259 0.99999984 0.68774935
209 0.99999975 0.0001482453 -0.00069186209 0.00080454727 -0.00014826214 0.99999999 -2.4296612e-05 -0.0095403992 0.00069185848 2.4399183e-05 0.99999976 0.69198876
210 0.99999907 0.0013573383 0.00010412787 0.0031714359 -0.0013573527 0.99999907 0.00013786304 -0.0080122608 -0.00010394065 -0.00013800425 0.99999999 0.71028398
211 0.99999934 -0.00022061035 -0.0011246631 0.018851084 0.00021928201 0.99999928 -0.0011810828 -0.044932123 0.0011249228 0.0011808354 0.99999867 1.8883598
212 0.99999807 0.001962189 -0.00013531456 0.014912588 -0.0019622944 0.99999777 -0.00078350322 -0.050443377 0.00013377687 0.00078376723 0.99999968 2.4905699
213 0.99965288 0.00055604121 -0.026340323 -0.0171199 -0.00038885534 0.99997975 0.0063518428 -0.017166756 0.026343321 -0.0063393954 0.99963285 0.71328035
214 0.99998982 0.0043543655 -0.0011866541 0.00088510073 -0.0043505463 0.99998541 0.0032022234 -0.0074249085 0.0012005804 -0.0031970282 0.99999417 0.7887244
215 0.9999934 0.0027253152 0.0024011892 0.0039579971 -0.0027235157 0.99999601 -0.00075239972 -0.013205867 -0.0024032301 0.00074585508 0.99999683 0.75643379
216 0.99998893 0.0022011355 0.0041598349 0.0026996705 -0.0021992602 0.99999748 -0.00045534128 -0.012197913 -0.0041608267 0.00044618767 0.99999124 0.75996534
217 0.99998426 0.0020656921 0.0052167538 0.0057502283 -0.0020650458 0.99999786 -0.00012926716 -0.010573584 -0.0052170097 0.00011849229 0.99998638 0.7584347
218 0.99998318 0.0021752599 0.0053760717 0.0059871309 -0.0021758177 0.99999763 9.7903248e-05 -0.0087676621 -0.0053758459 -0.00010959895 0.99998554 0.77625882
219 0.99999223 0.0029045561 0.0026639967 6.6550647e-05 -0.0029053001 0.99999574 0.00027545954 -0.010336038 -0.0026631852 -0.00028319711 0.99999641 0.79048639
220 0.99999608 0.0026097662 0.0010168409 3.556608e-05 -0.0026096529 0.99999659 -0.00011279825 -0.01124505 -0.0010171318 0.00011014421 0.99999948 0.79446501
221 0.99999517 0.0030109764 0.0007708327 0.00078228146 -0.0030104483 0.99999523 -0.00068544591 -0.014557848 -0.00077289289 0.00068312205 0.99999947 0.75444589
222 0.99999676 0.0025455877 -1.4904141e-05 -0.0029963844 -0.0025455981 0.99999648 -0.00074833837 -0.0093198749 1.2999127e-05 0.00074837388 0.99999972 0.75913768
223 0.99999655 0.0023098753 -0.0012522155 -0.0015159852 -0.0023103507 0.99999726 -0.00037833736 -0.0072847037 0.0012513382 0.00038122911 0.99999914 0.77294371
224 0.99999524 0.0016599899 -0.0025992982 -0.0022338983 -0.0016602167 0.99999862 -8.507323e-05 -0.0078528569 0.0025991533 8.9388224e-05 0.99999662 0.7749694
225 0.99999806 0.0017266107 -0.00094923448 -0.0043512037 -0.0017265991 0.99999851 1.303016e-05 -0.0082654024 0.00094925557 -1.1391187e-05 0.99999955 0.82189382
226 0.99999695 0.0022432832 0.0010299347 0.0010744624 -0.0022430092 0.99999745 -0.00026709859 -0.011102136 -0.0010305312 0.00026478762 0.99999943 0.79316883
227 0.99999787 0.001157904 -0.0017073197 -0.0016378449 -0.0011564372 0.99999896 0.00085988711 -0.010907755 0.0017083136 -0.00085791087 0.99999817 0.80982985
228 0.99998477 -0.00013945015 -0.0055164118 -0.0013689796 0.00015002646 0.99999815 0.0019168783 -0.015209069 0.0055161343 -0.0019176767 0.99998295 0.82071946
229 0.99999517 0.0030967601 0.00025456467 0.00024202799 -0.0030967486 0.9999952 -4.5556547e-05 -0.010213723 -0.00025470453 4.4768005e-05 0.99999997 0.92433074
230 0.99999634 0.0026688773 -0.00043821652 -0.0023433813 -0.0026691931 0.99999618 -0.00072166882 -0.010308304 0.0004362888 0.00072283587 0.99999964 0.96751157
231 0.99999106 0.0039909794 0.0013957907 -0.0015961537 -0.0039896159 0.99999156 -0.00097829512 -0.008625951 -0.0013996833 0.00097271771 0.99999855 0.97848476
232 0.99999754 0.0019753671 0.001010316 -0.0032749779 -0.0019751601 0.99999803 -0.00020583833 -0.0097594111 -0.0010107207 0.00020384228 0.99999947 0.96457704
233 0.99999862 0.0012188081 0.0011331109 -0.0037130277 -0.0012197847 0.99999888 0.00086156213 -0.011450405 -0.0011320596 -0.00086294309 0.99999899 0.96512154
234 0.99999963 0.00081716817 0.00026527309 -0.00089525684 -0.00081730878 0.99999953 0.00053037894 -0.013703598 -0.00026483955 -0.00053059556 0.99999982 0.96032645
235 0.9999994 0.00094460018 -0.00055822202 0.00031757406 -0.00094424416 0.99999935 0.00063769622 -0.014719248 0.00055882403 -0.00063716874 0.99999964 0.96264155
236 0.9999987 0.0015309208 -0.00050259026 0.0017615646 -0.0015306693 0.9999987 0.00050040416 -0.015910638 0.00050335569 -0.00049963421 0.99999975 0.94581222
237 0.99999674 0.0025075421 -0.00047637604 -0.0014367131 -0.002507398 0.99999681 0.00030287241 -0.012645601 0.00047713399 -0.00030167696 0.99999984 0.93166971
238 0.99999697 0.0021471896 -0.001204366 -0.0045966405 -0.002146708 0.99999762 0.00040101502 -0.01296146 0.0012052242 -0.00039842838 0.99999919 0.92309119
239 0.99999753 0.0016135218 -0.0015263456 -0.0023793987 -0.0016123976 0.99999843 0.0007374581 -0.013720529 0.0015275331 -0.0007349952 0.99999856 0.92606092
240 0.99999604 0.0023810723 -0.001501038 -0.0021346363 -0.0023803439 0.99999705 0.00048690752 -0.012745468 0.0015021929 -0.0004833326 0.99999875 0.93411809
241 0.99999457 0.003284794 -0.00026713499 -0.0010706011 -0.0032849085 0.99999451 -0.00042940716 -0.015180575 0.00026572301 0.00043028235 0.99999987 0.86905429
242 0.99999607 0.0023531275 0.0015265756 0.00073997746 -0.0023526984 0.99999719 -0.0002827893 -0.01334032 -0.0015272367 0.00027919662 0.99999879 0.84236763
243 0.99999379 0.0021385962 0.0028016867 0.0021470959 -0.0021383608 0.99999771 -8.7032142e-05 -0.010216429 -0.0028018664 8.1040584e-05 0.99999607 0.81102682
244 0.99998953 0.0018235376 0.0041977564 0.002317059 -0.0018249834 0.99999828 0.00034062622 -0.010486788 -0.004197128 -0.00034828349 0.99999113 0.79512947
245 0.99998931 0.00071923818 0.0045677323 0.0070309166 -0.00071946979 0.99999974 4.906199e-05 -0.012788112 -0.0045676958 -5.234781e-05 0.99998957 0.79518733
246 0.99999386 0.00081914343 0.0034077847 0.0060542483 -0.00081935694 0.99999966 6.1260157e-05 -0.011619091 -0.0034077334 -6.4051973e-05 0.99999419 0.79698885
247 0.99999604 0.0012312736 0.0025294342 0.0052966645 -0.0012314364 0.99999924 6.2820375e-05 -0.011302265 -0.0025293549 -6.5934964e-05 0.9999968 0.80229612
248 0.9999969 0.0021290215 0.0012930076 0.0025284595 -0.002129365 0.9999977 0.00026430341 -0.011628989 -0.0012924419 -0.00026705588 0.99999913 0.8064736
249 0.99999647 0.0023750831 -0.0011903506 -0.0032027988 -0.0023753824 0.99999715 -0.00025013152 -0.0095077794 0.0011897532 0.00025295817 0.99999926 0.82497032
250 0.99999759 0.0018730133 -0.0011480996 -0.0032427399 -0.0018730911 0.99999824 -6.6637122e-05 -0.008414844 0.0011479727 6.8787456e-05 0.99999934 0.84639995
251 0.99999656 0.0026227285 -8.4070351e-05 -0.0014933731 -0.0026227396 0.99999655 -0.00013132905 -0.0098412275 8.372562e-05 0.00013154909 0.99999999 0.84267572
252 0.99999535 0.0028874408 -0.00098074645 -0.002540921 -0.0028871815 0.9999958 0.00026572546 -0.011957672 0.00098150959 -0.00026289263 0.99999948 0.83030058
253 0.9999951 0.0031126125 -0.00033035448 -0.0032715004 -0.003112648 0.99999515 -0.00010711504 -0.011967545 0.00033001948 0.00010814279 0.99999994 0.80576978
254 0.9999955 0.0029989614 -5.4822356e-05 -0.0047914732 -0.0029989842 0.99999541 -0.0004198321 -0.010878959 5.3563044e-05 0.00041999462 0.99999991 0.79810503
255 0.99999396 0.003415683 -0.00063574409 -0.0052999663 -0.0034160714 0.99999398 -0.00061083714 -0.010769502 0.00063365383 0.0006130052 0.99999961 0.77628734
256 0.99999702 0.0017835808 -0.0016676805 -0.0038287085 -0.0017836634 0.99999841 -4.8020371e-05 -0.0076020955 0.0016675922 5.0994809e-05 0.99999861 0.82001578
257 0.99999051 0.0004200615 -0.0043356333 -0.0031989632 -0.00041980085 0.99999991 6.102804e-05 -0.0094833706 0.0043356585 -5.9207358e-05 0.9999906 0.83741956
258 0.99999578 0.0014899145 -0.0024957645 -0.003868494 -0.0014886826 0.99999877 0.00049537101 -0.010740482 0.0024964995 -0.00049165351 0.99999676 0.83112225
259 0.99999649 0.0011764926 -0.0023742763 -0.002721168 -0.0011749456 0.9999991 0.00065286145 -0.01370006 0.0023750422 -0.00065006951 0.99999697 0.84948833
