4 0.99985362 0.013497912 -0.010515537 -0.022664622 -0.013507416 0.99990836 -0.00083348176 -0.10047667 0.010503324 0.00097539852 0.9999444 5.6624432
5 0.99939674 0.01782267 -0.029808514 -0.036421347 -0.017919496 0.99983492 -0.002984365 -0.10725961 0.029750406 0.0035167195 0.99955121 5.9138287
6 0.9982649 0.02224347 -0.05452019 -0.055733133 -0.022426131 0.99974469 -0.0027408015 -0.10671352 0.054445311 0.0039587242 0.99850895 6.1273423
7 0.99627643 0.025034506 -0.082501957 -0.08443418 -0.025295376 0.99967772 -0.0021181394 -0.10577052 0.082422348 0.0041971718 0.99658869 6.3529032
8 0.99306117 0.027662329 -0.11429936 -0.12186014 -0.028010266 0.99960654 -0.0014388753 -0.10427089 0.11421459 0.0046304479 0.99344535 6.568642
9 0.98855993 0.029665719 -0.14788255 -0.16911614 -0.030136769 0.99954528 -0.00094516068 -0.10282542 0.14778728 0.0053910517 0.98900452 6.801219
10 0.9829421 0.031296252 -0.18123301 -0.22695672 -0.031865704 0.99949207 -0.00023057272 -0.10194085 0.18113376 0.0060017586 0.9834402 7.0397602
11 0.97575475 0.033866023 -0.21623087 -0.2928171 -0.034552474 0.99940264 0.00060607432 -0.10008069 0.21612225 0.0068799331 0.97634211 7.2709321
12 0.96705139 0.035087919 -0.25215169 -0.37521244 -0.035712611 0.99935984 0.0021000301 -0.09944637 0.25206398 0.0069741599 0.96768548 7.5199239
13 0.95687753 0.036636411 -0.28817217 -0.47678137 -0.037198806 0.99930161 0.0035260928 -0.098625781 0.28810012 0.0073456233 0.95757216 7.7861181
14 0.94407597 0.039271237 -0.32738108 -0.59637688 -0.039706242 0.99919697 0.0053576443 -0.097245025 0.32732861 0.0079410507 0.94487724 8.0507047
15 0.92910223 0.042380706 -0.36738664 -0.73037602 -0.042661917 0.9990624 0.0073592414 -0.095021965 0.3673541 0.0088359323 0.93003923 8.3049765
16 0.91327364 0.044956488 -0.40485826 -0.87761334 -0.044963875 0.99894342 0.0094963252 -0.09299 0.40485744 0.0095312542 0.91433018 8.5594143
17 0.89479282 0.047995466 -0.44389443 -1.0308568 -0.04759321 0.99879399 0.012055838 -0.089013267 0.44393775 0.010338885 0.89599802 8.7970819
18 0.87505517 0.051051633 -0.48132339 -1.1947018 -0.050158466 0.99863257 0.014731047 -0.083842806 0.4814173 0.011251966 0.87641934 9.0295973
19 0.85264958 0.054108346 -0.51967394 -1.3722288 -0.052757054 0.99845574 0.017398424 -0.078958843 0.51981287 0.012581709 0.85418754 9.2563395
20 0.82801345 0.056768725 -0.55782709 -1.5558235 -0.054848513 0.99829071 0.020178982 -0.072475237 0.55801918 0.01388752 0.82971188 9.467881
21 0.80324025 0.05891821 -0.59273415 -1.7499476 -0.056188352 0.99815347 0.023073867 -0.064466395 0.59299917 0.014770898 0.80506763 9.684038
22 0.77724564 0.060182887 -0.62631244 -1.9738301 -0.056177482 0.99807717 0.026190542 -0.05639608 0.62668442 0.014828174 0.77913211 9.9181499
23 0.74891209 0.061747313 -0.65978632 -2.2247478 -0.056256401 0.99797914 0.029542036 -0.047340523 0.66027718 0.014992818 0.75087238 10.159022
24 0.71770466 0.064162072 -0.69338538 -2.4854842 -0.057393603 0.99780849 0.03292513 -0.03674742 0.69397842 0.016165368 0.71981436 10.379901
25 0.68305779 0.066861174 -0.72729751 -2.7726333 -0.059014036 0.9975974 0.036285749 -0.023433683 0.72797627 0.0181355 0.68536248 10.596793
26 0.64470797 0.069189409 -0.76129133 -3.0470207 -0.060113872 0.99740009 0.039739885 -0.010999976 0.76206169 0.020143552 0.64719108 10.772668
27 0.60134973 0.071028641 -0.79582251 -3.325167 -0.059962821 0.9972437 0.043695972 0.0068976008 0.79673272 0.021443204 0.60395136 10.933942
28 0.55643747 0.072481629 -0.82772205 -3.6244128 -0.059809956 0.99709762 0.047106101 0.027920631 0.82873408 0.023294422 0.55915765 11.09605
29 0.50790824 0.073848216 -0.85823988 -3.9551084 -0.058834728 0.99696578 0.05096652 0.050294018 0.85939965 0.024607998 0.51071201 11.25126
30 0.45695149 0.074949418 -0.88632836 -4.3542702 -0.057176891 0.99685789 0.054818118 0.076496637 0.88765208 0.025628283 0.45980111 11.395139
31 0.39764384 0.075841825 -0.91440004 -4.7662687 -0.055377713 0.99674493 0.058589616 0.10487777 0.91586721 0.027339586 0.40054946 11.530252
32 0.33649579 0.077286649 -0.93850806 -5.2125231 -0.055048557 0.99653638 0.062328019 0.13649637 0.94007463 0.030690402 0.33958484 11.649977
33 0.28074099 0.079143348 -0.95651495 -5.6715678 -0.055020969 0.99628253 0.066284895 0.17135035 0.95820523 0.034019497 0.28405191 11.71623
34 0.21666902 0.081877154 -0.97280558 -6.140448 -0.052233115 0.99602164 0.072197488 0.21080726 0.97484681 0.035169711 0.22008375 11.7505
35 0.15204254 0.082915775 -0.98488988 -6.6162093 -0.051446685 0.99578796 0.075891169 0.2527489 0.98703413 0.039130638 0.15566788 11.790867
36 0.088055144 0.083527491 -0.99260741 -7.0972571 -0.049315037 0.99562169 0.079406356 0.29476975 0.99489416 0.041958338 0.09178878 11.797052
37 0.025868802 0.085769867 -0.9959791 -7.5682086 -0.044428472 0.99542664 0.084568339 0.33690978 0.99867762 0.042062152 0.029561121 11.746764
38 -0.033954236 0.086680586 -0.99565738 -8.0456097 -0.04102802 0.99527105 0.088046103 0.3780614 0.99858094 0.043839393 -0.030237338 11.69668
39 -0.092868948 0.088091117 -0.99177384 -8.5102175 -0.037589252 0.9950582 0.091902669 0.42161461 0.99496858 0.045814946 -0.089098737 11.614015
40 -0.14570451 0.089944644 -0.98523103 -8.9670869 -0.033587345 0.99483482 0.09578859 0.4652128 0.98875789 0.047048129 -0.14193093 11.511272
41 -0.18712586 0.090119731 -0.97819343 -9.4257927 -0.033361779 0.99462546 0.098015615 0.51005188 0.98176931 0.050975534 -0.1831136 11.402035
42 -0.21976634 0.090541847 -0.97134183 -9.882791 -0.032324594 0.99446113 0.10001032 0.55283487 0.9750169 0.053377138 -0.21562238 11.279109
43 -0.24984676 0.090362542 -0.96405977 -10.339261 -0.032481727 0.99429339 0.10161438 0.59667844 0.96774046 0.056702354 -0.24548587 11.145083
44 -0.27459666 0.090567574 -0.95728482 -10.790335 -0.032550194 0.99410825 0.1033884 0.63849822 0.96100845 0.059549922 -0.27003084 10.998189
45 -0.29947733 0.09065109 -0.94978721 -11.277157 -0.032325875 0.99394052 0.10505791 0.68435851 0.95355568 0.062165171 -0.2947323 10.830998
46 -0.3221105 0.090114339 -0.94240345 -11.781327 -0.031821263 0.99386619 0.10591171 0.73350456 0.94616717 0.064103746 -0.3172672 10.647528
47 -0.34288944 0.088065818 -0.93523862 -12.285655 -0.031679307 0.9939454 0.10520857 0.78640004 0.93884148 0.065702624 -0.33802355 10.458384
48 -0.35922285 0.085688013 -0.92930971 -12.796004 -0.032729919 0.99400658 0.10430514 0.84197021 0.93267774 0.067885029 -0.35426534 10.254475
49 -0.36879649 0.086110243 -0.92551294 -13.331615 -0.031988347 0.99393399 0.10522283 0.89817318 0.92895961 0.068411445 -0.36380488 10.040998
50 -0.37304234 0.083584761 -0.92404168 -14.020048 -0.03744051 0.99376641 0.10500676 0.96589971 0.92705862 0.073768566 -0.36758752 9.7555651
51 -0.37939386 0.083142803 -0.92149205 -14.72472 -0.038095617 0.99370592 0.105343 1.036824 0.9244507 0.075071303 -0.37383858 9.4623733
52 -0.38328103 0.081761951 -0.9200058 -15.464257 -0.039900473 0.99367856 0.10493216 1.1085624 0.92276957 0.076927178 -0.37759583 9.1489034
53 -0.38549642 0.080039234 -0.91923134 -16.163825 -0.04228189 0.99365179 0.10425085 1.1757 0.92174011 0.079055173 -0.37966503 8.855334
54 -0.3876378 0.078457043 -0.91846691 -16.880566 -0.045652995 0.99351471 0.10413554 1.249039 0.92068062 0.082297646 -0.38154208 8.5547048
55 -0.3903276 0.077988544 -0.91736698 -17.612744 -0.047021614 0.99341672 0.10446087 1.32666 0.91947452 0.083910047 -0.38409085 8.2502942
56 -0.39156402 0.077282892 -0.91689967 -18.288248 -0.049289074 0.99327431 0.1047693 1.3946514 0.91882984 0.086217033 -0.38512131 7.9644227
57 -0.39328733 0.076429374 -0.91623341 -18.983543 -0.050117985 0.993275 0.10436877 1.467247 0.91804865 0.086966695 -0.38681202 7.6693393
58 -0.39486521 0.076322084 -0.91556345 -19.639892 -0.051871342 0.99310185 0.10515687 1.5365224 0.91727362 0.089014304 -0.38818247 7.3849428
59 -0.39890121 0.076447009 -0.91380179 -20.297831 -0.052718743 0.99295878 0.10608241 1.6058558 0.91547727 0.090490893 -0.3920623 7.0958685
60 -0.40213628 0.076103171 -0.9124115 -20.976304 -0.054638215 0.99276872 0.10688692 1.6778003 0.91394811 0.092835652 -0.39507021 6.7933244
61 -0.40613508 0.074506531 -0.91077061 -21.645663 -0.057234356 0.99263974 0.10672613 1.7495134 0.91201897 0.095472603 -0.39888152 6.4907987
62 -0.40935897 0.072128485 -0.90951786 -22.336246 -0.060125549 0.99257048 0.10577641 1.8228861 0.91039015 0.097985793 -0.4019809 6.1770649
63 -0.41125617 0.070399379 -0.90879718 -23.044185 -0.062868135 0.99244813 0.10532894 1.897674 0.90934923 0.10045157 -0.40372457 5.8564761
64 -0.41300255 0.06898738 -0.90811325 -23.753579 -0.065738432 0.99226758 0.10527771 1.9712792 0.90835424 0.10317791 -0.40527395 5.5362547
65 -0.41462634 0.068527034 -0.90740789 -24.481957 -0.067701876 0.99207398 0.10585633 2.0456409 0.90746985 0.10532405 -0.40670062 5.2089676
66 -0.41421929 0.067689778 -0.9076566 -25.18286 -0.070426056 0.99185733 0.10610889 2.113875 0.90744841 0.10787503 -0.40607935 4.8932434
67 -0.41385429 0.067887654 -0.90780831 -25.854522 -0.07225173 0.99162016 0.10709359 2.1790325 0.90747142 0.10991187 -0.40548128 4.5893695
68 -0.41386244 0.06731246 -0.90784742 -26.558637 -0.073667592 0.99151539 0.10709904 2.2504409 0.90735386 0.11120321 -0.40539226 4.271405
69 -0.41386168 0.066943846 -0.90787503 -27.277615 -0.075202715 0.99136951 0.10738219 2.3276341 0.90722827 0.11271605 -0.40525552 3.9458242
70 -0.41508594 0.067609465 -0.90726658 -28.03693 -0.076221322 0.99114453 0.10873226 2.4085546 0.90658372 0.1142863 -0.40625691 3.6019254
71 -0.41578808 0.067119959 -0.90698137 -28.814241 -0.078206198 0.99094008 0.10918533 2.485926 0.90609278 0.11632953 -0.40677191 3.2507114
72 -0.41735526 0.066171458 -0.90633104 -29.588729 -0.080769423 0.99069702 0.10952445 2.5626541 0.90514693 0.11891445 -0.40812801 2.9001193
73 -0.41960649 0.06596684 -0.90530592 -30.396479 -0.082514382 0.99045417 0.11041649 2.6458144 0.90394792 0.12103224 -0.41015781 2.5313333
74 -0.42127716 0.065063842 -0.90459509 -31.151345 -0.085305488 0.99015855 0.11094552 2.7227303 0.90291118 0.12390575 -0.41158091 2.1818995
75 -0.42236969 0.064293227 -0.90414062 -31.874825 -0.087108215 0.98998535 0.11109027 2.7983632 0.90222839 0.12567925 -0.41253937 1.8467648
76 -0.42431037 0.063556126 -0.90328365 -32.609212 -0.088936214 0.98978579 0.1114196 2.8778339 0.9011388 0.12761113 -0.41432396 1.502221
77 -0.42421307 0.062516087 -0.90340193 -33.322995 -0.092405557 0.98941827 0.11185963 2.9568014 0.90083547 0.13093169 -0.41394736 1.1633525
78 -0.42444262 0.062704632 -0.90328103 -34.073062 -0.094320188 0.98910993 0.11298287 3.0402809 0.90052886 0.13315239 -0.41390613 0.81225552
79 -0.42471215 0.061309702 -0.9032501 -34.840896 -0.097129644 0.98885986 0.1127914 3.1266045 0.90010304 0.13563625 -0.41402584 0.45138344
80 -0.42488213 0.060372305 -0.9032333 -35.615191 -0.099176017 0.98866315 0.11273498 3.2152808 0.89979962 0.13747817 -0.41407785 0.087689925
81 -0.42537091 0.058655044 -0.90311638 -36.392161 -0.10182447 0.98845958 0.11215754 3.3040198 0.89927272 0.13966792 -0.41448947 -0.27652565
82 -0.42596652 0.057655923 -0.90289997 -37.175103 -0.10420774 0.98819891 0.11226551 3.3931109 0.89871761 0.14191052 -0.41493149 -0.64354064
83 -0.42648633 0.057602887 -0.90265794 -37.960759 -0.10633297 0.9878567 0.11327985 3.478933 0.89822201 0.14429462 -0.41518232 -1.011079
84 -0.42752465 0.056924164 -0.9022097 -38.729649 -0.10891208 0.9875026 0.11391515 3.5618338 0.89741902 0.14696308 -0.41598201 -1.3704462
85 -0.42989739 0.055740109 -0.90115554 -39.500361 -0.11129408 0.98720917 0.11415586 3.6444102 0.89599215 0.1493686 -0.41819514 -1.7337688
86 -0.4310207 0.054781086 -0.90067765 -40.28131 -0.11399778 0.98685191 0.1145762 3.7290715 0.89511213 0.15205998 -0.41910871 -2.103467
87 -0.43118339 0.054292532 -0.90062935 -41.063609 -0.116148 0.98654269 0.11507841 3.8154243 0.89475728 0.15422621 -0.41907489 -2.4728391
88 -0.4306773 0.053357942 -0.90092731 -41.842475 -0.1189528 0.9861859 0.11527136 3.9017828 0.89463253 0.1568126 -0.41838084 -2.8416708
89 -0.43086703 0.052459622 -0.90088935 -42.611415 -0.12146455 0.98585295 0.1154998 3.987547 0.89420357 0.15919119 -0.41839958 -3.206782
90 -0.43205659 0.051473092 -0.90037639 -43.371188 -0.12411527 0.98547619 0.11589634 4.0744938 0.89326511 0.16182425 -0.41939292 -3.5709092
91 -0.43351934 0.051239305 -0.89968636 -44.131753 -0.12564795 0.98519261 0.11665332 4.161677 0.89234166 0.16361523 -0.42066197 -3.9346394
92 -0.43559699 0.051001391 -0.89869581 -44.866002 -0.12691886 0.9849394 0.1174132 4.2433295 0.89114922 0.1652063 -0.42256363 -4.2864982
93 -0.43891612 0.050718067 -0.89709551 -45.58427 -0.12841243 0.98461636 0.11849365 4.3240654 0.88930476 0.167207 -0.42565119 -4.6350421
94 -0.44189502 0.050113404 -0.89566593 -46.305363 -0.13023006 0.98427742 0.11932295 4.407263 0.88756351 0.16937086 -0.42842106 -4.9870656
95 -0.44413301 0.049253651 -0.89460605 -47.029499 -0.13189813 0.98401462 0.11965784 4.4949836 0.88619909 0.17114087 -0.43053694 -5.3412547
96 -0.44797709 0.049541456 -0.89267138 -47.777174 -0.13240201 0.98377761 0.12104213 4.5851352 0.8841868 0.17241561 -0.43415048 -5.7092029
97 -0.45150614 0.048675796 -0.89093934 -48.53031 -0.13459999 0.98336868 0.12193757 4.6752775 0.88205732 0.174976 -0.43744527 -6.0861421
98 -0.45419167 0.047583377 -0.88963238 -49.263554 -0.13693138 0.9829787 0.12248491 4.7644833 0.880318 0.17745023 -0.43994512 -6.4552865
99 -0.45781542 0.045836768 -0.88786489 -49.983348 -0.13923919 0.98264922 0.12252688 4.8529974 0.87807605 0.1797203 -0.44348973 -6.8200515
100 -0.46003251 0.044607906 -0.88678084 -50.710004 -0.1414417 0.98230198 0.12278819 4.9450849 0.87656397 0.18191437 -0.44558147 -7.1913355
101 -0.46196948 0.043859205 -0.8858107 -51.420525 -0.14382695 0.98185079 0.12362331 5.0344378 0.87515603 0.18451366 -0.447277 -7.554619
102 -0.46516394 0.042699432 -0.88419415 -52.139909 -0.14574019 0.9815121 0.12407127 5.1220706 0.8731451 0.18657612 -0.45034104 -7.9235518
103 -0.46923803 0.042031297 -0.8820709 -52.861352 -0.14795679 0.98100449 0.12545459 5.2100952 0.8705886 0.18937646 -0.45410584 -8.3032416
104 -0.47343689 0.040966496 -0.87987459 -53.572681 -0.15015037 0.98054387 0.12644549 5.2995246 0.86793573 0.19197747 -0.45807454 -8.6815696
105 -0.47736421 0.040092079 -0.87779045 -54.285509 -0.15151562 0.98024021 0.12716931 5.3902795 0.86554404 0.19370506 -0.46185705 -9.0630908
106 -0.48031434 0.0399122 -0.87618787 -55.028852 -0.1521705 0.9800228 0.12805991 5.4897264 0.86379531 0.19483898 -0.46464558 -9.4616613
107 -0.48044707 0.038891043 -0.87616102 -55.746317 -0.15464655 0.97960582 0.12828392 5.5851595 0.8632816 0.19712893 -0.46463442 -9.8473972
108 -0.48163969 0.038483864 -0.87552397 -56.457045 -0.15672741 0.97914711 0.12925689 5.6793154 0.86224114 0.19947387 -0.46556467 -10.231497
109 -0.48318454 0.03721676 -0.87472718 -57.164857 -0.15940743 0.97865673 0.12969259 5.7730897 0.86088445 0.20210348 -0.46693921 -10.613687
110 -0.48549988 0.036431798 -0.87347731 -57.849388 -0.16118995 0.97827122 0.13039593 5.8671897 0.85924835 0.20410299 -0.46907816 -10.985136
111 -0.4876056 0.035403932 -0.8723459 -58.564289 -0.16399075 0.97767886 0.13134295 5.9680359 0.85752427 0.20710023 -0.47091581 -11.380588
112 -0.4881647 0.034712782 -0.87206094 -59.271502 -0.16684312 0.97706857 0.13228856 6.0675193 0.85665551 0.21007599 -0.47117883 -11.773162
113 -0.48656085 0.033546869 -0.87300239 -59.957054 -0.16952785 0.97664342 0.13201446 6.158869 0.85704078 0.21223131 -0.46950936 -12.150428
114 -0.48735029 0.031731222 -0.87262985 -60.63604 -0.17115845 0.9764826 0.13109694 6.2495928 0.8562678 0.21324812 -0.47045805 -12.523629
115 -0.486684 0.030126624 -0.87305847 -61.273265 -0.17366923 0.97611992 0.13049439 6.3347164 0.85614119 0.21513294 -0.46982992 -12.870657
116 -0.48367771 0.028255163 -0.87479 -61.895933 -0.17682436 0.97571465 0.12928243 6.4163431 0.85719839 0.21721523 -0.46693527 -13.205198
117 -0.47808587 0.025399743 -0.87794577 -62.499856 -0.18105529 0.97526322 0.12680898 6.4882932 0.85944921 0.21958233 -0.46166085 -13.515954
118 -0.46977933 0.023439996 -0.88247265 -63.093033 -0.18387679 0.97512361 0.12378673 6.5586181 0.86342155 0.2204187 -0.45378288 -13.81179
119 -0.46174587 0.023195904 -0.88670893 -63.655492 -0.18433691 0.9753236 0.12150584 6.6186174 0.86764665 0.21955802 -0.44607582 -14.079318
120 -0.45623715 0.023624131 -0.8895446 -64.181224 -0.18325448 0.97572598 0.119902 6.6733585 0.87078443 0.2177168 -0.44083325 -14.327739
121 -0.44952798 0.022969387 -0.8929709 -64.673585 -0.18454684 0.97571428 0.11799996 6.7259942 0.87399492 0.21783926 -0.43437198 -14.564491
122 -0.43581675 0.021334942 -0.89978254 -65.139237 -0.18772256 0.97557733 0.11405702 6.7735211 0.88024091 0.21861746 -0.42116792 -14.781256
123 -0.4157406 0.020103022 -0.90926105 -65.590417 -0.19157994 0.97538756 0.10916094 6.8184045 0.88907646 0.21957883 -0.40165691 -14.977356
124 -0.39293743 0.018882588 -0.91937133 -66.027265 -0.19636503 0.97500502 0.10395124 6.8580745 0.89835461 0.22137873 -0.37940812 -15.144937
125 -0.36116661 0.01826488 -0.93232243 -66.4757 -0.20267783 0.97436918 0.097602714 6.8882812 0.91020901 0.22421195 -0.34820775 -15.272247
126 -0.33150994 0.01684237 -0.9433014 -66.932127 -0.20689703 0.97420458 0.090105172 6.91683 0.9204862 0.22503704 -0.31947389 -15.393985
127 -0.29314823 0.016207384 -0.95592963 -67.387188 -0.21292612 0.97363773 0.081804175 6.9323661 0.93205506 0.22752316 -0.28196923 -15.46402
128 -0.24601039 0.01661553 -0.96912478 -67.855544 -0.21780951 0.97333347 0.071978195 6.9418855 0.94447762 0.228792 -0.23583114 -15.501295
129 -0.19704152 0.018939342 -0.98021221 -68.303408 -0.21835258 0.97385294 0.06270954 6.9407898 0.95577029 0.22638827 -0.18775402 -15.484947
130 -0.14028562 0.023015804 -0.98984355 -68.753554 -0.21180205 0.97589012 0.052709014 6.928711 0.96719176 0.21704523 -0.13202857 -15.414561
131 -0.091886861 0.023180978 -0.99549961 -69.183444 -0.20856803 0.97710538 0.042003953 6.9320214 0.9736818 0.21148902 -0.084948343 -15.402562
132 -0.039465918 0.023449674 -0.99894574 -69.61068 -0.20626263 0.97800203 0.031106967 6.9327196 0.97770048 0.20727286 -0.033760959 -15.368222
133 0.016937301 0.024097803 -0.99956613 -70.093364 -0.20582977 0.97838132 0.020099359 6.9284199 0.97844126 0.20540006 0.021531186 -15.313651
134 0.071718715 0.023641569 -0.99714469 -70.544401 -0.20509645 0.9787052 0.0084530084 6.9150506 0.97611062 0.20390461 0.075040287 -15.225547
135 0.13164938 0.024055173 -0.99100445 -71.06022 -0.19645951 0.98050918 -0.0022981288 6.8934502 0.97163376 0.19499482 0.1338093 -15.12163
136 0.18030909 0.022629454 -0.98334967 -71.557221 -0.18249863 0.98314631 -0.010838563 6.8641206 0.9665314 0.18141427 0.18140007 -14.984187
137 0.22674407 0.020462094 -0.97373942 -71.99915 -0.17507712 0.98434981 -0.020083238 6.8389683 0.95808935 0.17503326 0.22677795 -14.85491
138 0.28180938 0.019759314 -0.95926694 -72.426612 -0.17397715 0.98426672 -0.030836005 6.8161402 0.94356531 0.17558042 0.28081329 -14.709546
139 0.33803048 0.02023995 -0.94091752 -72.805362 -0.17335041 0.98400175 -0.041110487 6.7918125 0.92503248 0.17700505 0.33613121 -14.532384
140 0.39331625 0.020314694 -0.9191788 -73.215184 -0.17310882 0.9835111 -0.052336699 6.758645 0.90295943 0.17970284 0.39034758 -14.324239
141 0.44746523 0.02051249 -0.89406607 -73.624821 -0.17149805 0.98315029 -0.063275586 6.7172745 0.87770345 0.18164423 0.44344346 -14.081079
142 0.49936873 0.021084355 -0.86613299 -74.020202 -0.16965274 0.98272988 -0.073890556 6.6701522 0.8496169 0.18384048 0.49432163 -13.810205
143 0.54949057 0.021829472 -0.83521471 -74.420283 -0.1671657 0.98231779 -0.084304668 6.6180083 0.81860601 0.18594389 0.54342354 -13.51459
144 0.59685272 0.022750871 -0.80202821 -74.798275 -0.16369392 0.98202625 -0.0939608 6.5614339 0.78547513 0.18736792 0.58984927 -13.198164
145 0.6397639 0.023144038 -0.76822297 -75.192166 -0.15882354 0.98195276 -0.10268271 6.4966865 0.75198224 0.1877046 0.6318938 -12.837132
146 0.67798693 0.023574517 -0.73469585 -75.590534 -0.15449458 0.98173068 -0.11106838 6.4269355 0.71865513 0.18880945 0.66924276 -12.447353
147 0.7098588 0.023931319 -0.70393736 -75.994569 -0.14999352 0.98163403 -0.11788325 6.3494842 0.68818782 0.18926652 0.70041115 -12.011305
148 0.73918116 0.024008107 -0.67307864 -76.39347 -0.1459806 0.98131841 -0.1253145 6.2638302 0.65749595 0.19088656 0.72887686 -11.547756
149 0.76292765 0.024245897 -0.64602907 -76.777946 -0.142411 0.98105217 -0.13136065 6.1743548 0.63060332 0.19222034 0.75192478 -11.069973
150 0.78471525 0.024626827 -0.61936703 -77.144873 -0.13876642 0.98082924 -0.13681292 6.0827715 0.60412408 0.19330655 0.7730891 -10.583458
151 0.80409466 0.023598591 -0.59403275 -77.477227 -0.13369476 0.98079514 -0.14200877 5.9916888 0.57927328 0.19360758 0.79180721 -10.112753
152 0.82065412 0.024152197 -0.57091464 -77.795072 -0.13120383 0.98037761 -0.14712304 5.8991073 0.55615863 0.19564333 0.80771984 -9.6541069
153 0.83436851 0.024758145 -0.55065075 -78.140603 -0.12932089 0.97990003 -0.15189441 5.7961397 0.53582211 0.19794658 0.82079955 -9.1183083
154 0.84340496 0.023710484 -0.53675499 -78.465 -0.1253062 0.98015623 -0.15359688 5.6910472 0.52246193 0.19680311 0.82963977 -8.5674144
155 0.84922441 0.02108459 -0.527611 -78.81637 -0.12098423 0.98039067 -0.15555329 5.5758758 0.51398517 0.19593228 0.83512266 -7.9739309
156 0.85316202 0.019758656 -0.5212717 -79.198376 -0.11909066 0.98027021 -0.15775806 5.4535725 0.50787008 0.19667179 0.83868246 -7.3514165
157 0.85659972 0.019395487 -0.51561687 -79.575816 -0.11828421 0.98006305 -0.15964066 5.3293223 0.50224078 0.1977375 0.84181599 -6.7242898
158 0.86396295 0.020521774 -0.50313706 -79.947036 -0.11830191 0.97947585 -0.16319188 5.2027164 0.48946166 0.20051383 0.84865869 -6.1121743
159 0.86972717 0.02233459 -0.49302722 -80.312002 -0.11840549 0.97924227 -0.16451322 5.0804923 0.4791188 0.20145876 0.85431822 -5.5063257
160 0.87655605 0.024794388 -0.48066076 -80.669657 -0.11939066 0.97866001 -0.16724338 4.9583962 0.4662568 0.20398461 0.86081064 -4.9152631
161 0.88239302 0.025533467 -0.46981978 -81.026644 -0.11841377 0.97843828 -0.16922353 4.8347664 0.45536883 0.20495481 0.86639069 -4.3131988
162 0.88587559 0.025844776 -0.46320246 -81.374111 -0.11792423 0.97819708 -0.17095097 4.7063972 0.44868514 0.2060641 0.86960871 -3.6837797
163 0.89017823 0.028691005 -0.45470823 -81.758408 -0.11905676 0.97798695 -0.17136771 4.5662813 0.43978204 0.20668391 0.87399862 -2.9825711
164 0.89200772 0.030956432 -0.45095894 -82.147473 -0.12030352 0.97792799 -0.17083265 4.4176826 0.43571704 0.20663601 0.87604355 -2.2444172
165 0.89307023 0.033327408 -0.44868126 -82.525115 -0.12219139 0.97773644 -0.17058897 4.2667872 0.43300677 0.20717294 0.87725971 -1.5227207
166 0.89316718 0.035037534 -0.44835789 -82.895129 -0.12383856 0.97757909 -0.17030274 4.1137604 0.43233834 0.20763283 0.87748062 -0.81465929
167 0.89319717 0.036169376 -0.44820823 -83.254169 -0.12533897 0.97728126 -0.17091334 3.9646895 0.43184371 0.20883729 0.87743836 -0.11327824
168 0.89386519 0.037287188 -0.44678262 -83.603338 -0.1260954 0.9772178 -0.17071968 3.8193379 0.43023831 0.20893763 0.87820279 0.57521096
169 0.89532198 0.037925428 -0.44380203 -83.942228 -0.12601551 0.97722933 -0.17071264 3.6723897 0.42722204 0.20876874 0.87971417 1.259079
170 0.89692406 0.038435775 -0.44051102 -84.283464 -0.12564467 0.97730504 -0.1705525 3.5230643 0.42395836 0.20832052 0.88139772 1.9566856
171 0.89796367 0.040209981 -0.43822876 -84.624973 -0.12728184 0.97698588 -0.17116604 3.3764408 0.42126076 0.20947946 0.88241589 2.645541
172 0.89818995 0.042118433 -0.43758528 -84.977021 -0.12954019 0.97656025 -0.1718991 3.230607 0.4200883 0.21108294 0.88259271 3.3487145
173 0.89780275 0.044372067 -0.43815678 -85.343075 -0.13224861 0.97615681 -0.17212804 3.0831941 0.42007209 0.21248267 0.88226449 4.0715522
174 0.89770673 0.046508955 -0.43813191 -85.708816 -0.13530536 0.97546192 -0.17368471 2.9351345 0.41930313 0.21519955 0.88197172 4.7927397
175 0.89791642 0.0490237 -0.4374275 -86.079168 -0.13829927 0.97487254 -0.17463312 2.7847738 0.41787493 0.21730186 0.88213407 5.5199934
176 0.89802727 0.051908131 -0.4368668 -86.454599 -0.1410536 0.97456353 -0.17415424 2.6299727 0.41671446 0.21801691 0.88250652 6.2583326
177 0.89821793 0.054442921 -0.43616574 -86.823893 -0.14315789 0.97442989 -0.17318227 2.4747531 0.41558442 0.21799601 0.8830444 6.9937703
178 0.89752715 0.057549721 -0.4371877 -87.185639 -0.14613057 0.97424136 -0.17175423 2.3206273 0.41604196 0.21804059 0.88281791 7.703889
179 0.89644089 0.059820934 -0.4391073 -87.519919 -0.1487311 0.97398994 -0.17094603 2.1736794 0.41745997 0.21855195 0.88202171 8.3683567
180 0.89504136 0.06218211 -0.44162697 -87.849015 -0.1515681 0.97370382 -0.17008191 2.0336897 0.41943786 0.21916692 0.88093009 9.0162298
181 0.89344976 0.063997741 -0.44458053 -88.192089 -0.15396341 0.97346764 -0.16928057 1.8936129 0.42195122 0.21969284 0.87959781 9.687784
182 0.8923101 0.065831907 -0.44659699 -88.547214 -0.15616307 0.97324342 -0.16855335 1.7515726 0.42355142 0.22014383 0.87871552 10.383043
183 0.89125249 0.068305252 -0.44833405 -88.914973 -0.15923255 0.9727838 -0.16833467 1.6035345 0.42463399 0.22141809 0.87787247 11.093572
184 0.89004146 0.070493183 -0.45039643 -89.288153 -0.16171446 0.97254384 -0.16735228 1.4529181 0.42623311 0.2217861 0.87700418 11.812159
185 0.88899498 0.073071356 -0.45204926 -89.655229 -0.16503739 0.97196915 -0.16744704 1.3055974 0.42714239 0.22346463 0.87613527 12.51484
186 0.88762628 0.075071917 -0.45440491 -90.028997 -0.16747109 0.97169815 -0.1666014 1.1587614 0.42903736 0.22397949 0.87507726 13.228317
187 0.8863095 0.077492151 -0.45656375 -90.3908 -0.17049253 0.97125497 -0.16612032 1.0139028 0.43056683 0.22507474 0.87404442 13.917738
188 0.88589117 0.080087586 -0.45692762 -90.783125 -0.17275351 0.97109274 -0.16472704 0.86259618 0.43052654 0.22486609 0.87411796 14.660002
189 0.8853062 0.081297853 -0.45784672 -91.180232 -0.17461928 0.97066282 -0.16529272 0.70989917 0.43097688 0.22628355 0.87353005 15.41152
190 0.88460994 0.082448304 -0.45898536 -91.584118 -0.17625885 0.97034793 -0.16540132 0.55720337 0.43173847 0.2272159 0.87291174 16.177861
191 0.88382557 0.08475265 -0.4600754 -91.994062 -0.17949933 0.96961564 -0.16620886 0.39913653 0.4320097 0.22948289 0.87218421 16.948889
192 0.88207471 0.086966364 -0.46301306 -92.409817 -0.18258366 0.96910773 -0.165811 0.24379012 0.43428959 0.23079633 0.87070413 17.72267
193 0.8805274 0.088921616 -0.46557972 -92.811413 -0.18516901 0.96872437 -0.16518299 0.090021927 0.43633011 0.23165911 0.86945395 18.471614
194 0.87985839 0.090718517 -0.46649694 -93.192522 -0.18724375 0.96838382 -0.16484061 -0.058082687 0.43679403 0.23238505 0.86902718 19.184815
195 0.8817858 0.091298696 -0.46272927 -93.52416 -0.18739837 0.96814019 -0.16609127 -0.2006335 0.43282292 0.23317165 0.87080157 19.835617
196 0.88374194 0.09145973 -0.45895024 -93.841142 -0.18688592 0.96809318 -0.1669405 -0.33875065 0.4290383 0.23330368 0.87263716 20.470528
197 0.88454206 0.091098912 -0.45747825 -94.207844 -0.18566383 0.96846758 -0.16613057 -0.48967505 0.42791858 0.23188666 0.87356416 21.207044
198 0.88454641 0.092552076 -0.45717808 -94.629899 -0.18669985 0.9684319 -0.1651748 -0.65709337 0.4274586 0.23145987 0.87390248 22.031096
199 0.88360425 0.094794166 -0.45853858 -95.08738 -0.18957087 0.96786712 -0.16521505 -0.83428402 0.42814303 0.2329103 0.87318178 22.895478
200 0.88268617 0.097050776 -0.4598329 -95.536337 -0.19261079 0.96720132 -0.16559764 -1.0075883 0.42867964 0.23473955 0.87242833 23.736797
201 0.88212673 0.098799667 -0.46053348 -95.971365 -0.19490307 0.96668318 -0.16594066 -1.1783182 0.42879513 0.23614011 0.8719935 24.549191
202 0.88169395 0.10101575 -0.46088135 -96.389843 -0.19732583 0.96622967 -0.16571852 -1.3395624 0.42857709 0.23705683 0.87185194 25.334591
203 0.88107058 0.10228759 -0.46179206 -96.808716 -0.1987184 0.96603931 -0.16516332 -1.4987815 0.42921517 0.23728715 0.87147532 26.123042
204 0.88045338 0.10349171 -0.46270005 -97.241755 -0.1998031 0.96599084 -0.16413499 -1.6652543 0.42997744 0.23696213 0.87118794 26.938038
205 0.88075487 0.10504508 -0.46177529 -97.667595 -0.20116767 0.96572937 -0.1640068 -1.8328396 0.42872189 0.23734407 0.87170259 27.740492
206 0.88091273 0.1068063 -0.46106963 -98.088079 -0.20311261 0.96524403 -0.16446616 -1.9955027 0.42747872 0.23852941 0.87198953 28.527838
207 0.88103298 0.10904922 -0.46031423 -98.495513 -0.20540553 0.96473678 -0.16459463 -2.1536389 0.42613319 0.2395644 0.8723643 29.288395
208 0.88079933 0.11128701 -0.46022578 -98.900258 -0.20814551 0.96403827 -0.16524389 -2.3067507 0.42528581 0.24134066 0.87228823 30.043524
209 0.88057612 0.11428328 -0.45991853 -99.309269 -0.21161728 0.9631809 -0.16583295 -2.4589376 0.42403284 0.24335526 0.87233849 30.802143
210 0.88013007 0.11693167 -0.46010658 -99.713813 -0.21449611 0.96257059 -0.16567789 -2.6114429 0.42351211 0.24450919 0.87226878 31.552396
211 0.87933026 0.11851872 -0.46122839 -100.13179 -0.21585776 0.96251945 -0.16419996 -2.7706672 0.42448056 0.24394574 0.87195574 32.330559
212 0.87807623 0.12039046 -0.46312882 -100.54456 -0.2177525 0.96234935 -0.16268824 -2.9301043 0.42610564 0.24370016 0.87123148 33.093969
213 0.87651224 0.12185608 -0.465701 -100.95839 -0.21939742 0.96223354 -0.16115601 -3.0909911 0.42847532 0.24342883 0.87014446 33.857627
214 0.8750488 0.12451911 -0.46774419 -101.37338 -0.22259528 0.96161967 -0.16043324 -3.251851 0.42981504 0.24450458 0.86918158 34.619504
215 0.87366965 0.12645043 -0.4697996 -101.7807 -0.22493855 0.96121438 -0.15959149 -3.4088468 0.43139776 0.2451063 0.86822748 35.366599
216 0.87303456 0.12874704 -0.47035613 -102.17965 -0.22763146 0.96058265 -0.15957685 -3.5600207 0.43127093 0.24638398 0.8679288 36.097953
217 0.87309328 0.13007468 -0.46988161 -102.59337 -0.22901916 0.96022741 -0.15972921 -3.7097562 0.43041651 0.24707041 0.86815777 36.864502
218 0.87268279 0.13222772 -0.47004321 -103.00712 -0.23136118 0.95969148 -0.15957492 -3.8614069 0.42999627 0.24800806 0.86809866 37.621049
219 0.87333525 0.13447319 -0.4681907 -103.42551 -0.23335566 0.95917171 -0.15979566 -4.0179994 0.42758708 0.24881015 0.86905862 38.403311
220 0.87478609 0.13696409 -0.46474743 -103.86731 -0.23517421 0.95867033 -0.16013798 -4.1768853 0.42360645 0.24938311 0.87084196 39.218119
221 0.87574881 0.13908351 -0.46229842 -104.29339 -0.23657752 0.95837679 -0.15982766 -4.3336249 0.42082672 0.24933832 0.87220144 40.009793
222 0.87640473 0.14167581 -0.46026378 -104.72038 -0.23814583 0.95820684 -0.15851215 -4.4905107 0.4185706 0.24853072 0.87351658 40.806438
223 0.87444321 0.14378914 -0.46332903 -105.14791 -0.24068384 0.95782256 -0.15699397 -4.648866 0.421213 0.24879814 0.87216923 41.59019
224 0.87133351 0.14609776 -0.46843718 -105.54984 -0.24420971 0.9571351 -0.15573661 -4.7953339 0.42560493 0.25009546 0.86966245 42.317185
225 0.86829414 0.14909692 -0.47311249 -105.95968 -0.24807991 0.95643929 -0.15388345 -4.9417103 0.42955986 0.25098583 0.86745865 43.047123
226 0.86443893 0.15289844 -0.4789232 -106.37619 -0.2531164 0.95544652 -0.15183517 -5.0830583 0.43437018 0.25247557 0.86462634 43.771341
227 0.86135258 0.15581822 -0.48352089 -106.79036 -0.25659608 0.9549053 -0.14937938 -5.2195687 0.43844067 0.2527379 0.86249256 44.48465
228 0.85868608 0.15889223 -0.48724892 -107.20022 -0.26019872 0.95424194 -0.14737311 -5.3582605 0.44153695 0.2533288 0.86073789 45.192541
229 0.85625892 0.16109559 -0.49078396 -107.61656 -0.26272745 0.95387081 -0.14527439 -5.497785 0.44474146 0.25333493 0.8590847 45.912033
230 0.85412036 0.16356966 -0.49368351 -108.0326 -0.26584146 0.95318317 -0.14411815 -5.6332628 0.44699749 0.25433581 0.85761682 46.625763
231 0.85211279 0.16576219 -0.49641385 -108.44929 -0.26874525 0.952499 -0.14325334 -5.7642144 0.44908775 0.25547689 0.85618446 47.333858
232 0.84957405 0.16775462 -0.50008234 -108.87015 -0.27143878 0.95195215 -0.1418026 -5.8951619 0.45226646 0.25621357 0.85428902 48.04173
233 0.84729888 0.16937952 -0.50338376 -109.29071 -0.2733695 0.95167899 -0.13991462 -6.0224035 0.45536112 0.25615929 0.85265981 48.745057
234 0.84475769 0.17121035 -0.50702218 -109.72034 -0.27579858 0.95121279 -0.13830855 -6.1515113 0.45860617 0.25667324 0.85076396 49.456014
235 0.84235966 0.17331624 -0.51028591 -110.15923 -0.27824448 0.95077773 -0.13638767 -6.2832329 0.46153032 0.25687173 0.84912116 50.173121
236 0.83932656 0.1758108 -0.51441376 -110.58941 -0.28111109 0.95028996 -0.13388592 -6.4112911 0.46530368 0.25698144 0.84702603 50.864747
237 0.83608501 0.17834449 -0.51880163 -111.02446 -0.28435606 0.94961332 -0.13181827 -6.5320753 0.46915192 0.25773569 0.84467086 51.553079
238 0.83308852 0.18101432 -0.52268286 -111.45414 -0.28763606 0.94889856 -0.12983412 -6.6461587 0.47247121 0.25850577 0.84258281 52.223935
239 0.82889924 0.18305464 -0.52859916 -111.88244 -0.29057255 0.9483563 -0.12723127 -6.7546293 0.47801011 0.25905834 0.83928254 52.884318
240 0.82339344 0.18489713 -0.5365038 -112.32124 -0.29367177 0.94782185 -0.12405854 -6.8643417 0.48557199 0.25970503 0.83472943 53.547696
241 0.81734538 0.18761974 -0.54474341 -112.77669 -0.29679141 0.94750177 -0.11897538 -6.9750436 0.49382326 0.25891916 0.83012019 54.218593
242 0.81072485 0.1900702 -0.55371344 -113.23537 -0.30043777 0.94685951 -0.11486554 -7.084313 0.50245636 0.2594808 0.82474687 54.882072
243 0.80462198 0.19301026 -0.561543 -113.70457 -0.30459696 0.94595466 -0.11131196 -7.1896428 0.50970991 0.26060837 0.81992632 55.54555
244 0.80029525 0.19376223 -0.56743611 -114.18186 -0.30752953 0.94503869 -0.11102856 -7.291373 0.51473598 0.26335901 0.81589765 56.2211
245 0.79764446 0.19574672 -0.57047925 -114.66902 -0.31038658 0.94422531 -0.10999371 -7.3897071 0.51713008 0.264805 0.81391331 56.901611
246 0.7949201 0.19829278 -0.57339519 -115.18808 -0.31324221 0.94351545 -0.10797131 -7.4870866 0.51959733 0.26544016 0.81213313 57.623715
247 0.79159692 0.20068992 -0.57714634 -115.71346 -0.3159487 0.94289519 -0.10547492 -7.5857917 0.5230208 0.26584228 0.80980072 58.351013
248 0.78601037 0.20324354 -0.58384912 -116.22584 -0.31926466 0.9421786 -0.10183045 -7.6844934 0.52939381 0.26644221 0.80545069 59.046184
249 0.77884567 0.20528802 -0.59266877 -116.74179 -0.32226503 0.94163183 -0.097337662 -7.7765158 0.53809357 0.26680746 0.7995431 59.725355
250 0.77104841 0.2089381 -0.60152244 -117.23894 -0.3270566 0.94046055 -0.092562518 -7.862608 0.54636833 0.26810209 0.79347526 60.357712
251 0.76376295 0.212071 -0.60966555 -117.73521 -0.33083513 0.9396126 -0.08761366 -7.9453699 0.55426916 0.26861487 0.7878019 60.977168
252 0.75800653 0.21288006 -0.61652917 -118.23897 -0.33312289 0.93901375 -0.085335812 -8.025215 0.56076312 0.2700651 0.78269384 61.605341
253 0.75319562 0.21444795 -0.62185888 -118.74845 -0.3350096 0.93863302 -0.082076234 -8.0998915 0.56609624 0.27014818 0.77881646 62.229879
254 0.74711678 0.21602872 -0.6286081 -119.26325 -0.33770787 0.937926 -0.079044904 -8.1719887 0.57251196 0.2713417 0.77369491 62.85001
255 0.74215324 0.21832246 -0.63367492 -119.784 -0.34062066 0.937119 -0.076062032 -8.2429939 0.5772228 0.27229248 0.7698511 63.467069
256 0.73442975 0.22016321 -0.64198219 -120.30103 -0.34382339 0.93625029 -0.07225475 -8.3121201 0.58514822 0.27379455 0.76330739 64.062459
257 0.72753766 0.22271122 -0.64891347 -120.84242 -0.34665262 0.93555696 -0.067564956 -8.3800876 0.59204809 0.27410363 0.75785641 64.676117
258 0.72002187 0.22508227 -0.65643469 -121.38187 -0.3496538 0.93475774 -0.063008545 -8.4449218 0.59942535 0.27489244 0.75174695 65.277824
259 0.71447884 0.22757617 -0.66161099 -121.93316 -0.35405196 0.93321166 -0.061344049 -8.507004 0.6034627 0.27807372 0.74733383 65.885841
260 0.70914729 0.22860248 -0.66697155 -122.4853 -0.35613083 0.93257062 -0.059014909 -8.5606836 0.60850717 0.27937942 0.74274238 66.485727
261 0.70425966 0.22985664 -0.67170253 -123.02934 -0.35835932 0.93185119 -0.056849318 -8.6116641 0.61285966 0.28074756 0.73863653 67.074722
262 0.70052471 0.23059669 -0.6753446 -123.59594 -0.35940046 0.93157806 -0.054712928 -8.6606367 0.61651965 0.28104694 0.73547007 67.688295
263 0.69633449 0.2323437 -0.679069 -124.18648 -0.36142095 0.93094671 -0.052086415 -8.707359 0.62007516 0.28169936 0.73222425 68.321856
264 0.69317428 0.23396286 -0.68174102 -124.7817 -0.36308592 0.93042008 -0.0498695 -8.7599502 0.62263798 0.28209885 0.72989195 68.952015
265 0.68928602 0.23654025 -0.68478721 -125.35327 -0.36651126 0.92917656 -0.047961526 -8.8136121 0.62494344 0.28404146 0.72716314 69.547571
266 0.68472785 0.23775769 -0.68892604 -125.912 -0.36749379 0.928953 -0.044660116 -8.866463 0.62936167 0.28375609 0.72345452 70.126611
267 0.68169313 0.23947473 -0.69133665 -126.47746 -0.36952989 0.92823064 -0.042841948 -8.913453 0.63146034 0.28467464 0.72126158 70.704507
268 0.67999177 0.24092211 -0.69250831 -127.04972 -0.37184978 0.92731869 -0.042516773 -8.9552484 0.63193272 0.28642014 0.72015597 71.289495
269 0.67773625 0.24303151 -0.69398076 -127.66273 -0.37501052 0.92607207 -0.041922664 -9.0018812 0.63248772 0.28866262 0.71877204 71.910265
270 0.67512414 0.24463929 -0.69595908 -128.25946 -0.37728125 0.92520101 -0.040765561 -9.0473864 0.63392924 0.29009415 0.71692341 72.508492
271 0.66993364 0.24754285 -0.69993677 -128.86314 -0.38108484 0.92375671 -0.038049416 -9.0905972 0.63715248 0.2922259 0.71319059 73.106831
272 0.66447397 0.24956315 -0.7044094 -129.42426 -0.3846498 0.92235777 -0.036063216 -9.1307344 0.64071749 0.29491403 0.7088772 73.650765
273 0.66063786 0.25136211 -0.70737171 -129.95978 -0.3879328 0.921022 -0.035021277 -9.1682249 0.64270194 0.2975491 0.70597367 74.175293
274 0.65658951 0.2524238 -0.71075486 -130.51554 -0.3897034 0.92034368 -0.03314577 -9.2000518 0.64577202 0.29874678 0.70265848 74.715131
275 0.65357022 0.25413412 -0.71292485 -131.07993 -0.3918255 0.91950242 -0.031431855 -9.2306415 0.64754827 0.29988509 0.70053569 75.259247
276 0.65049574 0.25552251 -0.71523672 -131.63713 -0.39435655 0.91844987 -0.030539028 -9.2622193 0.64910572 0.30192382 0.69821476 75.790077
277 0.64786595 0.2572236 -0.71701169 -132.20283 -0.39683937 0.91741536 -0.029452564 -9.2951063 0.6502217 0.30361981 0.69643868 76.326623
278 0.64458489 0.25899071 -0.71932896 -132.75064 -0.39894477 0.91656281 -0.027487452 -9.3246198 0.65219124 0.30469055 0.69412559 76.842529
279 0.64167029 0.2604758 -0.72139561 -133.3023 -0.40055678 0.9159148 -0.025577849 -9.3491398 0.65407456 0.30537248 0.69205072 77.359834
280 0.6379174 0.26213945 -0.72411624 -133.87065 -0.402986 0.9148963 -0.02381022 -9.3727274 0.65624973 0.30699769 0.68926685 77.887098
281 0.63295033 0.26359413 -0.72793684 -134.4323 -0.40404304 0.91451766 -0.020163418 -9.3981316 0.66039619 0.30688028 0.68534768 78.405078
282 0.62564722 0.26437085 -0.7339439 -134.99488 -0.40436132 0.91447131 -0.015298153 -9.4242627 0.6671263 0.3063498 0.67903783 78.917937
283 0.62043848 0.26547454 -0.73795623 -135.56543 -0.40529158 0.91410989 -0.011905291 -9.4457969 0.67141259 0.30647397 0.6747436 79.432134
284 0.61706072 0.26337438 -0.74153223 -136.08686 -0.40276941 0.91524582 -0.010088409 -9.4737386 0.6760273 0.30489168 0.67084144 79.91125
285 0.62141223 0.26293187 -0.73804722 -136.62322 -0.39890298 0.91694694 -0.0091980782 -9.4873575 0.67433173 0.30012506 0.6746864 80.401261
286 0.616966 0.26228134 -0.7419983 -137.15865 -0.39888097 0.91697168 -0.007535638 -9.4994618 0.67841503 0.30061826 0.67035945 80.881462
287 0.61327949 0.26219985 -0.74507686 -137.7001 -0.39951412 0.9167057 -0.0062459537 -9.5116653 0.68137857 0.30149926 0.66694941 81.361968
288 0.6103956 0.26330144 -0.74705394 -138.23029 -0.40127 0.9159459 -0.0050378727 -9.5252407 0.68293457 0.30284546 0.66474437 81.82573
289 0.60757749 0.26460192 -0.74888947 -138.77427 -0.40297702 0.91520306 -0.0035723298 -9.5344638 0.68444075 0.30395574 0.66268533 82.298337
290 0.60473911 0.26634134 -0.7505684 -139.30927 -0.40450376 0.91453522 -0.0013865573 -9.5453786 0.686052 0.30444627 0.66079134 82.760579
291 0.60239884 0.2672423 -0.75212846 -139.81653 -0.40593316 0.91390262 -0.00039916396 -9.5560892 0.68726555 0.30555436 0.65901644 83.196423
292 0.60023863 0.26819005 -0.7535169 -140.31198 -0.40745312 0.91322594 0.00046316836 -9.5681013 0.68825545 0.30674482 0.65742842 83.618662
