4 0.99980441 0.017133983 -0.0098780948 -0.025242114 -0.017150715 0.99985162 -0.0016116556 -0.01587421 0.009849015 0.0017807567 0.99994991 0.40142962
5 0.99980494 0.0043518088 -0.019265229 -0.011022708 -0.00439907 0.99998742 -0.0024114848 -0.0067227971 0.019254492 0.0024957635 0.9998115 0.25152184
6 0.99968429 0.0044329002 -0.024732141 -0.012957805 -0.0044392185 0.99999013 -0.00020057002 0.00095267626 0.024731007 0.00031029808 0.99969409 0.21399178
7 0.99960255 0.002800677 -0.028051727 -0.016391666 -0.0028019903 0.99999607 -7.5101193e-06 0.0011972835 0.028051596 8.6107801e-05 0.99960647 0.2267867
8 0.99948577 0.0026555507 -0.031955264 -0.019542833 -0.0026610696 0.99999645 -0.00013017999 0.0014676935 0.031954805 0.00021514822 0.99948929 0.21808742
9 0.99942405 0.0020780768 -0.033871204 -0.020404898 -0.0020947248 0.9999977 -0.00045603199 0.0012146271 0.033870178 0.00052672019 0.9994261 0.23645175
10 0.99942673 0.0017037372 -0.033812794 -0.021952178 -0.001715034 0.99999848 -0.00030509963 0.00045427601 0.033812223 0.00036291482 0.99942814 0.24447111
11 0.99935846 0.0026878533 -0.035713233 -0.022923185 -0.0027003497 0.99999631 -0.00030168063 0.0011854717 0.035712291 0.00039792531 0.99936203 0.23927936
12 0.99931555 0.0012141142 -0.036972422 -0.026606911 -0.0012069159 0.99999925 0.00021701113 -0.00044341751 0.036972658 -0.00017223999 0.99931626 0.2609179
13 0.99929784 0.0015931833 -0.037433783 -0.031153702 -0.0015909018 0.99999873 9.0734566e-05 -0.0008872977 0.03743388 -3.1117383e-05 0.99929911 0.28320478
14 0.99914548 0.0026966408 -0.041243659 -0.038262206 -0.002686531 0.99999635 0.00030054704 -0.0010582055 0.041244319 -0.00018948784 0.99914907 0.28782966
15 0.99908251 0.0032338382 -0.042704673 -0.043363187 -0.0032234936 0.99999476 0.00031109266 -0.0010218511 0.042705455 -0.00017314899 0.99908769 0.28413638
16 0.99916883 0.0026536704 -0.040676914 -0.043416464 -0.0026392502 0.99999643 0.00040820285 -0.0019617674 0.040677852 -0.00030050701 0.99917227 0.29074504
17 0.99906214 0.0031091129 -0.043187707 -0.043910531 -0.0030849055 0.99999505 0.00062715109 -0.0006514851 0.043189442 -0.00049333291 0.99906678 0.27938628
18 0.99909956 0.0031476694 -0.0423102 -0.043630974 -0.0031219837 0.9999949 0.00067314083 -0.0002956384 0.042312104 -0.00054044295 0.9991043 0.28112558
19 0.99900851 0.003323823 -0.044395409 -0.046433376 -0.0033068513 0.99999443 0.00045572026 -0.001634467 0.044396677 -0.00030845941 0.99901393 0.28424106
20 0.99896448 0.0029558551 -0.045400718 -0.046921925 -0.002940549 0.9999956 0.00040391557 -0.00079885359 0.045401712 -0.00026999427 0.99896877 0.27621827
21 0.99908045 0.0022802717 -0.042814262 -0.040556908 -0.0022581065 0.99999729 0.00056605996 -2.3140533e-05 0.042815437 -0.00046886028 0.99908289 0.28779732
22 0.99909479 0.0010540915 -0.042526296 -0.041456718 -0.0010231452 0.9999992 0.00074945653 -0.0016772974 0.042527051 -0.00070526754 0.99909507 0.32136492
23 0.99903437 0.00132463 -0.04391563 -0.044582408 -0.0012858429 0.99999876 0.00091145556 -0.002491107 0.043916783 -0.00085410683 0.99903483 0.34506146
24 0.99894451 0.0025922497 -0.045859966 -0.050023452 -0.0025566017 0.99999638 0.00083595912 -0.0022164851 0.045861967 -0.00071783111 0.99894753 0.338195
25 0.99882056 0.0033165022 -0.048440631 -0.056333843 -0.0032903091 0.99999439 0.00062045507 -0.0016333749 0.048442417 -0.00046033863 0.99882587 0.35566543
26 0.99868313 0.0030637771 -0.051211455 -0.060123878 -0.003043152 0.99999525 0.00048071352 -0.0027524588 0.051212684 -0.00032423625 0.99868772 0.32055008
27 0.99845898 0.0021855844 -0.055451675 -0.057498028 -0.0021508752 0.99999745 0.00068560881 0.0018549066 0.055453033 -0.00056528264 0.99846114 0.31683694
28 0.99847939 0.0023574391 -0.055075872 -0.052055308 -0.0023514013 0.99999722 0.00017442881 0.0031861793 0.05507613 -4.4658099e-05 0.99848216 0.33697042
29 0.99835179 0.0018569101 -0.057360705 -0.056721647 -0.0018307437 0.99999819 0.00050871941 0.0019546297 0.057361546 -0.00040286819 0.99835339 0.36156487
30 0.99830123 0.0014424894 -0.058245784 -0.080629469 -0.0014150224 0.99999887 0.0005128127 0.00018630891 0.058246457 -0.00042952246 0.99830214 0.41739288
31 0.99784164 0.0019332873 -0.065637884 -0.06995259 -0.0019284422 0.99999813 0.00013717427 0.00087562993 0.065638027 -1.0299339e-05 0.9978435 0.42884688
32 0.9978374 0.0036549766 -0.06562892 -0.069549776 -0.0036476744 0.99999332 0.00023109141 0.00094414557 0.065629326 8.8012788e-06 0.99784407 0.45786303
33 0.99828134 0.0037683425 -0.058482159 -0.094102163 -0.0037251741 0.9999927 0.00084715055 0.0012885841 0.058484925 -0.00062783836 0.99828809 0.45548817
34 0.99780503 0.0018839871 -0.066193386 -0.1009675 -0.0017272408 0.99999557 0.0024251548 0.0033673204 0.066197661 -0.0023054997 0.99780387 0.46084067
35 0.99783713 0.0040985398 -0.065606825 -0.065921822 -0.0040795067 0.99999159 0.00042407243 0.0042404967 0.065608011 -0.00015551174 0.99784546 0.4747355
36 0.99791964 0.0028925969 -0.064405088 -0.069195904 -0.0028753261 0.9999958 0.00036084511 0.002199472 0.064405861 -0.00017490879 0.99792377 0.47793099
37 0.99804733 0.00031035619 -0.062461387 -0.093579923 -0.00017035068 0.99999746 0.0022467858 0.00050810325 0.062461926 -0.0022317582 0.99804485 0.46620022
38 0.99820482 0.0018053623 -0.059865568 -0.064195796 -0.0017501794 0.99999799 0.00097420167 -0.0020898398 0.059867207 -0.00086767732 0.99820597 0.47748107
39 0.99825209 0.0019335879 -0.059067956 -0.068559038 -0.0018426185 0.99999703 0.0015945089 -0.00054920455 0.059070864 -0.0014828821 0.99825269 0.46892445
40 0.99857691 0.0010632406 -0.053320065 -0.061435477 -0.00095675562 0.9999975 0.0020225767 -0.0015705255 0.053322082 -0.0019686841 0.99857543 0.46627206
41 0.99911769 0.0038647731 -0.041819897 -0.042679742 -0.0038300266 0.99999225 0.00091094994 -0.0017900626 0.041823094 -0.00074997488 0.99912475 0.47173041
42 0.99944396 0.0022843142 -0.033264769 -0.036595716 -0.002254149 0.99999701 0.0009442938 -0.0048977087 0.033266826 -0.000868785 0.99944613 0.47373553
43 0.9995211 0.0032869694 -0.030769612 -0.031778801 -0.0032681937 0.99999444 0.00066047799 -0.0048828484 0.030771612 -0.00055960064 0.99952629 0.47667224
44 0.99967106 0.0027104934 -0.025503478 -0.030814096 -0.0026862617 0.99999591 0.00098434634 -0.0075082564 0.025506042 -0.00091551353 0.99967425 0.47517189
45 0.99966268 0.0024958027 -0.025851478 -0.02848448 -0.0024741963 0.99999656 0.00086774192 -0.0084564257 0.025853555 -0.00080348758 0.99966542 0.51591584
46 0.99971645 0.0020116865 -0.023727149 -0.025550437 -0.0020094742 0.99999797 0.00011708299 -0.008260695 0.023727336 -6.9370694e-05 0.99971846 0.53809131
47 0.99975727 0.0021701352 -0.021924463 -0.018195292 -0.0022009997 0.99999662 -0.0013837325 -0.0050010578 0.021921386 0.0014316523 0.99975867 0.54089273
48 0.99984706 0.0028623183 -0.017252809 -0.018205867 -0.0028876399 0.99999479 -0.0014429471 -0.0031079156 0.017248589 0.0014925464 0.99985012 0.55207024
49 0.99994699 0.00034167762 -0.010291233 -0.0085414703 -0.00033562423 0.99999977 0.00058992916 -0.004521201 0.010291433 -0.00058644389 0.99994687 0.5792381
50 0.99997432 0.0059132985 -0.0040496091 -0.013429756 -0.0059147512 0.99998245 -0.00034684149 -0.011492312 0.004047487 0.00037078501 0.99999174 0.74812217
51 0.99997621 0.0013748472 -0.006758801 -0.011588971 -0.0013742965 0.99999905 8.6123567e-05 -0.010045952 0.006758913 -7.6832922e-05 0.99997716 0.76636747
52 0.9999894 0.0022405936 -0.0040216208 -0.011944582 -0.0022428906 0.99999732 -0.00056674935 -0.013732878 0.0040203402 0.0005757634 0.99999175 0.80622156
53 0.99999418 0.002625002 -0.0021790382 -0.0054447236 -0.0026266916 0.99999625 -0.00077286012 -0.013068333 0.0021770012 0.00077857928 0.99999733 0.76150182
54 0.99999146 0.0036044415 -0.0020199712 -0.0039017453 -0.0036048563 0.99999348 -0.00020177451 -0.0082602895 0.0020192307 0.0002090545 0.99999794 0.78063495
55 0.99999472 0.0016705879 -0.0027878259 1.1391145e-05 -0.0016700374 0.99999859 0.00019975813 -0.0053791807 0.0027881556 -0.0001951013 0.99999609 0.7967099
56 0.99999646 0.0024033467 -0.00114439 -0.0023809007 -0.0024030548 0.99999708 0.00025637755 -0.0091251566 0.0011450029 -0.00025362661 0.99999931 0.73658786
57 0.99999787 0.0010229846 -0.0017946134 -0.0024569269 -0.0010238693 0.99999935 -0.00049211486 -0.0070683728 0.0017941088 0.00049395126 0.99999827 0.75876474
58 0.99999692 0.0019306783 -0.0015611211 -0.0064280718 -0.0019295642 0.99999788 0.00071482307 -0.0060878224 0.0015624979 -0.00071180859 0.99999853 0.71860689
59 0.99998988 0.0013125284 -0.0043024974 -0.0089592645 -0.001309493 0.99999889 0.00070824813 -0.0070919204 0.0043034222 -0.00070260687 0.99999049 0.72188969
60 0.99999176 0.0022937507 -0.0033506707 -0.010121376 -0.0022916424 0.99999717 0.00063293735 -0.0078067505 0.003352113 -0.0006252536 0.99999419 0.74623801
61 0.99998677 0.003059151 -0.0041344146 -0.011237559 -0.0030607834 0.99999524 -0.00038857563 -0.0078309443 0.0041332062 0.00040122504 0.99999138 0.73791476
62 0.9999893 0.0032618482 -0.003281122 -0.0098607569 -0.0032656215 0.99999401 -0.0011452943 -0.0085732282 0.0032773666 0.0011559969 0.99999396 0.76193563
63 0.9999939 0.002959998 -0.0018555349 -0.0065562745 -0.0029610473 0.99999546 -0.00056302638 -0.0082434007 0.0018538599 0.00056851727 0.99999812 0.78066469
64 0.99999386 0.0030712422 -0.0016869768 -0.0040777625 -0.0030715137 0.99999527 -0.00015833088 -0.0090583935 0.0016864826 0.00016351148 0.99999856 0.78172947
65 0.99999636 0.0021523032 -0.0016252793 -0.001359302 -0.0021515329 0.99999757 0.0004756064 -0.010230845 0.001626299 -0.00047210783 0.99999857 0.80191867
66 0.99999621 0.0026767581 0.00064981167 -0.00051675427 -0.0026769528 0.99999637 0.00029895015 -0.013590923 -0.0006490091 -0.00030068853 0.99999974 0.77163362
67 0.99999827 0.0017830665 0.00053620522 -0.0021232787 -0.0017836186 0.99999788 0.0010309336 -0.013618086 -0.00053436586 -0.0010318882 0.99999932 0.73994917
68 0.99999899 0.0014174706 9.6576225e-05 -0.0023019737 -0.0014174718 0.999999 1.2531535e-05 -0.011938765 -9.6558365e-05 -1.2668417e-05 1 0.77577747
69 0.99999881 0.0015359804 0.00011463921 -0.0035457949 -0.0015360141 0.99999878 0.00029409487 -0.0080635646 -0.00011418735 -0.00029427061 0.99999995 0.79297721
70 0.99999852 0.0011660211 -0.0012618297 -0.0038287696 -0.0011644233 0.99999852 0.0012662818 -0.0093722696 0.0012633043 -0.0012648106 0.9999984 0.83741957
71 0.99999766 0.002071132 -0.00061981273 -0.001651331 -0.0020708784 0.99999777 0.00040947974 -0.016006235 0.00062065944 -0.00040819523 0.99999972 0.856324
72 0.99999504 0.0027555579 -0.0015256717 -0.0016466811 -0.0027552225 0.99999618 0.00022194215 -0.016734856 0.0015262774 -0.00021773748 0.99999881 0.85343483
73 0.99999522 0.0020219267 -0.0023371605 -0.0034035559 -0.0020202719 0.99999771 0.00071020183 -0.014917286 0.0023385911 -0.00070547674 0.99999702 0.89170891
74 0.99999417 0.0030007961 -0.0016283229 -0.0054701815 -0.0030001508 0.99999542 0.00039862999 -0.015907219 0.0016295117 -0.00039374246 0.99999859 0.83520003
75 0.99999755 0.0019407287 -0.0010692172 -0.0042628888 -0.0019406719 0.99999812 5.4134592e-05 -0.013708954 0.0010693202 -5.2059459e-05 0.99999943 0.80078307
76 0.99999585 0.0020717137 -0.0020007496 -0.0075969042 -0.002071404 0.99999784 0.00015684987 -0.011843296 0.0020010702 -0.00015270486 0.99999799 0.81495548
77 0.99999393 0.0034662635 0.00035041954 -0.0095250029 -0.0034664301 0.99999388 0.00047607112 -0.010447707 -0.0003487672 -0.00047728293 0.99999983 0.79394847
78 0.99999809 0.0019490009 -0.0001179378 -0.005806458 -0.0019488671 0.99999747 0.0011243101 -0.010264795 0.00012012879 -0.0011240781 0.99999936 0.83228542
79 0.99999593 0.0028524395 -0.00010286786 -0.0072163371 -0.0028524604 0.99999591 -0.00020338341 -0.010814263 0.0001022873 0.00020367601 0.99999997 0.85269001
80 0.99999785 0.00207515 -4.8473592e-05 -0.0071220969 -0.002075153 0.99999784 -6.1812973e-05 -0.0091133445 4.8345216e-05 6.191343e-05 1 0.85996273
81 0.99999623 0.0027201524 -0.00036277627 -0.0064013417 -0.0027203771 0.99999611 -0.00062042929 -0.0092461176 0.00036108719 0.00062141384 0.99999974 0.8626023
82 0.99999683 0.0024682543 -0.00050055015 -0.0060774438 -0.0024682257 0.99999695 5.7686636e-05 -0.0091208103 0.000500691 -5.6450983e-05 0.99999987 0.86920381
83 0.99999748 0.002200882 -0.00043422701 -0.0045933766 -0.0022004553 0.9999971 0.00098072604 -0.012645945 0.00043638421 -0.00097976808 0.99999942 0.8715069
84 0.99999581 0.0027239915 -0.000977016 -0.0036854368 -0.0027234667 0.99999615 0.00053802052 -0.014250877 0.0009784778 -0.0005353574 0.99999938 0.85263868
85 0.99999333 0.0026969262 -0.0024630018 -0.0055478639 -0.0026970022 0.99999636 -2.7546818e-05 -0.015722681 0.0024629186 3.4189355e-05 0.99999697 0.85588591
86 0.99999533 0.0028634953 -0.0010707751 -0.0049409383 -0.0028631701 0.99999585 0.00030514375 -0.01517316 0.0010716444 -0.00030207652 0.99999938 0.86802728
87 0.99999761 0.0021848502 -4.7797054e-05 -0.0032865125 -0.0021848258 0.99999749 0.00050339257 -0.01380443 4.8896771e-05 -0.00050328694 0.99999987 0.86930011
88 0.99999593 0.0027586105 0.00072706795 -0.0042111098 -0.0027588156 0.99999615 0.0002812257 -0.013973734 -0.00072628936 -0.0002832304 0.9999997 0.86597556
89 0.99999674 0.0025544569 -6.028471e-05 -0.0056772682 -0.0025544433 0.99999671 0.00022436985 -0.01370366 6.0857655e-05 -0.00022421512 0.99999997 0.85540065
90 0.99999534 0.0028253201 -0.0011574303 -0.0088034898 -0.0028250213 0.99999598 0.00025970497 -0.012106441 0.0011581594 -0.000256434 0.9999993 0.84686481
91 0.99999733 0.0017360227 -0.0015256826 -0.0071210218 -0.0017351454 0.99999833 0.00057614098 -0.012092053 0.0015266803 -0.00057349216 0.99999867 0.84744491
92 0.99999632 0.0015547357 -0.0022218375 -0.0059268663 -0.0015536545 0.99999867 0.00048824753 -0.014748398 0.0022225936 -0.00048479376 0.99999741 0.818132
93 0.99999168 0.0019473357 -0.0035856911 -0.0079758375 -0.0019450683 0.99999791 0.00063570914 -0.014694312 0.0035869216 -0.00062872943 0.99999337 0.80226636
94 0.9999924 0.0022332489 -0.0031972114 -0.0072405226 -0.0022318984 0.99999742 0.00042590931 -0.013515529 0.0031981543 -0.00041877022 0.9999948 0.80658665
95 0.99999517 0.0019851449 -0.0023899493 -0.0057971925 -0.0019850924 0.99999803 2.436238e-05 -0.0099367687 0.002389993 -1.9617992e-05 0.99999714 0.81079288
96 0.99999046 0.0010331034 -0.004244147 -0.0058990889 -0.0010295514 0.99999912 0.00083902826 -0.011086172 0.0042450101 -0.00083465069 0.99999064 0.83807707
97 0.99998909 0.0027058106 -0.00380768 -0.0078318285 -0.0027043121 0.99999626 0.00039864927 -0.013621715 0.0038087444 -0.00038834777 0.99999267 0.8468626
98 0.99999216 0.0027281363 -0.0028687811 -0.006549556 -0.0027276758 0.99999627 0.00016443936 -0.012560443 0.002869219 -0.00015661297 0.99999587 0.82563358
99 0.99998826 0.0028367908 -0.0039289189 -0.0063048833 -0.002838791 0.99999584 -0.00050363256 -0.011970385 0.0039274738 0.00051478002 0.99999215 0.81167073
100 0.99999397 0.0025374992 -0.0023693824 -0.0061636371 -0.0025376709 0.99999678 -6.9457981e-05 -0.0095450883 0.0023691986 7.5470275e-05 0.99999719 0.8211158
101 0.99999429 0.0026866943 -0.0020506556 -0.0042166811 -0.0026855611 0.99999624 0.00055517659 -0.010009767 0.0020521395 -0.00054966626 0.99999774 0.80292032
102 0.99999105 0.0023894673 -0.0034927415 -0.0031442203 -0.0023896727 0.99999714 -5.4631952e-05 -0.013582391 0.003492601 6.2977972e-05 0.9999939 0.8130867
103 0.99998598 0.0028298703 -0.0044764834 -0.0087635548 -0.0028265584 0.99999573 0.000745987 -0.015249097 0.0044785753 -0.0007333235 0.9999897 0.81980717
104 0.99998526 0.0028322062 -0.004632309 -0.0088172984 -0.0028307874 0.99999594 0.00031280907 -0.013813763 0.0046331761 -0.00029969138 0.99998922 0.81046255
105 0.9999885 0.0019590121 -0.004378364 -0.0072834843 -0.0019587289 0.99999808 6.8960708e-05 -0.013456429 0.0043784907 -6.0383887e-05 0.99999041 0.81344022
106 0.9999939 0.0011002676 -0.0033135501 -0.005202797 -0.0010989577 0.99999932 0.00039710477 -0.0095253808 0.0033139848 -0.0003934609 0.99999443 0.8492284
107 0.99999679 0.0025319757 -3.7339672e-05 -0.0031104366 -0.0025319674 0.99999677 0.00022278345 -0.010265347 3.7903634e-05 -0.00022268819 0.99999997 0.82008537
108 0.99999658 0.0022909137 -0.0012596055 -0.0046799593 -0.002289914 0.99999706 0.00079451931 -0.011122522 0.0012614219 -0.0007916322 0.99999889 0.81325725
109 0.9999943 0.0029545012 -0.0016372307 -0.0033268745 -0.0029542054 0.99999562 0.00018309663 -0.011657409 0.0016377645 -0.00017825887 0.99999864 0.80976113
110 0.99999439 0.0021620803 -0.0025574257 -0.0040200924 -0.0021613135 0.99999762 0.00030254839 -0.0084555079 0.0025580738 -0.0002970193 0.99999668 0.78442575
111 0.99999237 0.0031698858 -0.002280948 -0.0089619479 -0.0031685418 0.9999948 0.00059259573 -0.0081030603 0.0022828146 -0.00058536393 0.99999722 0.82309764
112 0.9999954 0.0029888776 -0.0005195708 -0.0081155074 -0.0029884196 0.99999515 0.00088012433 -0.0090775127 0.00052219886 -0.00087856759 0.99999948 0.81487038
113 0.99999504 0.0024864511 0.001935476 -0.0037655033 -0.0024865529 0.99999691 5.0221478e-05 -0.013796885 -0.0019353452 -5.5033892e-05 0.99999813 0.78768682
114 0.99999806 0.0017821348 -0.00083877966 -0.004860564 -0.0017830444 0.99999782 -0.0010849386 -0.013378041 0.00083684433 0.0010864321 0.99999906 0.7799547
115 0.99999662 0.0024579889 0.0008498656 -0.0011666014 -0.0024575917 0.99999687 -0.00046803444 -0.01110121 -0.00085101336 0.00046594423 0.99999953 0.73048293
116 0.99998994 0.0027639266 0.0035314221 0.0024521465 -0.0027617805 0.999996 -0.00061244636 -0.011052167 -0.0035331007 0.00060268719 0.99999358 0.71145482
117 0.99997288 0.003489997 0.006484964 0.013002137 -0.0034812679 0.99999302 -0.001356863 -0.01436213 -0.0064896542 0.0013342503 0.99997805 0.68271103
118 0.99995363 0.0016810304 0.0094821456 0.016600942 -0.001668468 0.99999772 -0.001332607 -0.011441538 -0.0094843642 0.0013167245 0.99995416 0.66627075
119 0.9999587 -0.0006652352 0.0090639594 0.022209893 0.00067092459 0.99999958 -0.00062466708 -0.013645522 -0.00906354 0.00063072252 0.99995873 0.62518191
120 0.99997932 -0.0018694358 0.0061537002 0.017121378 0.0018724186 0.99999813 -0.00047899121 -0.013347549 -0.0061527933 0.0004905036 0.99998095 0.58363728
121 0.9999715 0.00040749966 0.0075381366 0.008827877 -0.00040351515 0.99999978 -0.00053009414 -0.011818382 -0.0075383509 0.00052703728 0.99997145 0.5486559
122 0.99988145 0.0014401418 0.015329958 0.011101074 -0.0014230271 0.99999835 -0.0011272733 -0.011542974 -0.015331556 0.0011053248 0.99988185 0.51557853
123 0.999752 0.0014187535 0.022224392 0.015591495 -0.0014032475 0.99999876 -0.00071328048 -0.0087094974 -0.022225376 0.00068191727 0.99975275 0.49367443
124 0.99968552 0.0021809225 0.024982198 0.025022386 -0.002171623 0.99999756 -0.0003993685 -0.0068856688 -0.024983008 0.00034499099 0.99968782 0.46884891
125 0.99940512 0.002912809 0.034364594 0.055905999 -0.002930784 0.99999559 0.000472705 -0.0071996344 -0.034363066 -0.00057313899 0.99940925 0.46372134
126 0.99949853 0.0012981316 0.031638643 0.048253411 -0.0012651188 0.99999863 -0.0010634293 -0.007814547 -0.031639981 0.0010228694 0.99949881 0.47071363
127 0.9991791 0.0026162208 0.040426356 0.083176188 -0.0026240408 0.99999655 0.00014037737 -0.0082895593 -0.040425849 -0.00024634254 0.99918251 0.45303397
128 0.99879993 0.0011277683 0.048963575 0.10052825 -0.0011642555 0.99999907 0.00071667725 -0.0068032386 -0.048962721 -0.0007728233 0.99880031 0.45900392
129 0.99873712 -0.0029550998 0.050154184 0.12585875 0.002868732 0.99999428 0.0017939426 -0.0047675135 -0.050159198 -0.0016477981 0.99873988 0.43010148
130 0.9983027 -0.010177856 0.057342144 0.1586076 0.01003986 0.99994597 0.0026941339 -0.0043539672 -0.057366467 -0.0021138541 0.99835095 0.42726625
131 0.99880249 -0.0056544855 0.04859642 0.071211063 0.0056786212 0.99998381 -0.00035860597 -0.0040594744 -0.048593606 0.00063413719 0.99881843 0.42411418
132 0.99861529 -0.004316902 0.052429637 0.072548728 0.004317693 0.99999067 9.8178844e-05 -0.0019588906 -0.052429572 0.00012833218 0.99862462 0.4224257
133 0.99840897 -0.0019348475 0.056354096 0.073290424 0.001899514 0.99999796 0.00068054823 -0.0042127254 -0.056355298 -0.00057242007 0.99841061 0.48019842
134 0.99849651 -0.0015375959 0.054793687 0.081316751 0.0015588661 0.99999873 -0.00034545052 -0.0058528678 -0.054793086 0.00043034716 0.99849764 0.45247024
135 0.99815684 -0.0090372745 0.060010446 0.06887081 0.0089570182 0.9999586 0.0016062421 -0.012145952 -0.060022477 -0.0010657669 0.99819646 0.52196149
136 0.99870565 -0.013901096 0.048926391 0.07387643 0.013864362 0.99990329 0.0010901143 -0.013912746 -0.048936813 -0.00041037007 0.99880179 0.5109885
137 0.99885872 -0.0067778817 0.047279097 0.049856945 0.0068157224 0.99997657 -0.00063920051 -0.011276264 -0.047273656 0.00096071221 0.99888151 0.45829444
138 0.99837783 0.00037942764 0.056934791 0.046343939 -0.0003326904 0.9999996 -0.00083036704 -0.0057741198 -0.056935083 0.00081007839 0.99837755 0.4496603
139 0.99824767 0.001525777 0.059154636 0.06466124 -0.0015262304 0.99999883 -3.751638e-05 -0.0003225319 -0.059154625 -5.2832965e-05 0.99824883 0.41382148
140 0.9982281 0.0026058634 0.059446314 0.059758307 -0.0025503286 0.99999624 -0.0010100521 -0.0040889702 -0.059448723 0.00085665473 0.99823099 0.45693623
141 0.99821371 0.001893246 0.059714288 0.065607652 -0.0018543438 0.99999803 -0.0007068807 -0.0053135431 -0.059715509 0.00059488719 0.99821526 0.47361149
142 0.99825688 0.0022556526 0.058975466 0.068909594 -0.0022228733 0.99999734 -0.00062141148 -0.0052358032 -0.05897671 0.0004892333 0.99825924 0.47659627
143 0.99825997 0.0022290896 0.058924214 0.060218044 -0.0022001828 0.99999743 -0.00055544888 -0.0053327867 -0.0589253 0.00042483834 0.9982623 0.49650493
144 0.99832356 0.0017207559 0.057854217 0.060781848 -0.0017162038 0.99999852 -0.00012836896 -0.0049880352 -0.057854353 2.8864134e-05 0.99832503 0.4924271
145 0.99850657 0.00051114213 0.054629411 0.059085539 -0.00051637928 0.99999986 8.1751721e-05 -0.0048991408 -0.054629362 -0.00010983913 0.9985067 0.53495047
146 0.99870478 0.0011415093 0.050867034 0.049323584 -0.0011201804 0.99999927 -0.0004478129 -0.0045488358 -0.050867508 0.00039025263 0.99870533 0.55949585
147 0.99901783 0.00058531178 0.044306037 0.051403571 -0.0005823231 0.99999983 -8.0361931e-05 -0.0032311722 -0.044306077 5.4482573e-05 0.999018 0.59726775
148 0.99909105 0.0012167431 0.042609723 0.048692989 -0.001168006 0.99999863 -0.0011686787 -0.0058928777 -0.042611087 0.001117848 0.99909111 0.61557335
149 0.99935007 0.0010915875 0.036031061 0.043004811 -0.0010604151 0.99999905 -0.00088425308 -0.0058320161 -0.036031992 0.0008454705 0.99935028 0.61824012
150 0.99940543 0.0010073381 0.03446396 0.03990115 -0.00098606314 0.99999931 -0.00063430116 -0.0052264126 -0.034464575 0.00059994039 0.99940574 0.61489856
151 0.99949058 -0.00062027975 0.031909266 0.036200712 0.00064786021 0.99999943 -0.00085400825 -0.0065310668 -0.031908718 0.00087424595 0.9994904 0.58220723
152 0.99959265 0.0016802295 0.028490666 0.022480958 -0.0016413013 0.99999769 -0.0013896829 -0.0095069037 -0.028492935 0.001342355 0.99959309 0.56511697
153 0.9996974 0.0018409027 0.024530055 0.027937833 -0.0018014737 0.99999705 -0.0016293769 -0.0044670179 -0.024532982 0.0015846936 0.99969777 0.6451924
154 0.99986187 -0.0015199598 0.016551134 0.038104934 0.0015131216 0.99999876 0.00042567583 -0.0019640402 -0.016551761 -0.00040057315 0.99986293 0.64676595
155 0.9999378 -0.0026990465 0.010821839 0.028156559 0.0027059327 0.99999615 -0.00062173025 -0.0044178125 -0.010820119 0.00065097475 0.99994125 0.69866738
156 0.99997176 -0.00073134302 0.0074799145 0.010351095 0.00074131431 0.99999884 -0.0013303904 -0.0059887785 -0.0074789329 0.0013358978 0.99997114 0.74045107
157 0.99997792 0.00025606785 0.0066401129 0.011278625 -0.00024865315 0.99999934 -0.0011174542 -0.0059183487 -0.0066403947 0.0011157784 0.99997733 0.74231031
158 0.99989124 0.0024286229 0.014546934 0.0044178176 -0.0024014473 0.99999534 -0.0018853124 -0.010243632 -0.014551445 0.0018501736 0.99989241 0.72690738
159 0.99992989 0.0020563452 0.011660965 -0.0043174322 -0.0020570457 0.99999788 4.8070987e-05 -0.005724319 -0.011660841 -7.2054753e-05 0.99993201 0.71773211
160 0.99989348 0.0034184801 0.014189358 -0.013417015 -0.0034033638 0.99999362 -0.0010893314 -0.0084750193 -0.014192992 0.0010409238 0.99989873 0.70137605
161 0.99992321 0.0011266754 0.012340876 -0.01744188 -0.0011202093 0.99999923 -0.00053085414 -0.0070309933 -0.012341465 0.00051698902 0.99992371 0.71052893
162 0.99997148 0.00080839686 0.0075090113 -0.0047838647 -0.00080194875 0.99999931 -0.00086168789 -0.0054709384 -0.0075097027 0.00085564148 0.99997144 0.73029273
163 0.99995047 0.0028242834 0.0095436588 -0.0092946838 -0.0028312494 0.99999574 0.0007164819 -0.0024990625 -0.0095415945 -0.00074346689 0.9999542 0.81173743
164 0.99998929 0.0020025865 0.0041731603 -0.0040185901 -0.0020069993 0.99999743 0.0010535066 -0.0039257629 -0.0041710399 -0.0010618709 0.99999074 0.84752143
165 0.99999398 0.0023719224 0.0025322932 -0.004250692 -0.002373348 0.99999703 0.00056011015 -0.010126861 -0.0025309571 -0.00056611679 0.99999664 0.82831636
166 0.99999842 0.0017456236 0.00034947715 -0.0051550843 -0.0017457411 0.99999842 0.00033640933 -0.015260344 -0.00034888936 -0.0003370189 0.99999988 0.813277
167 0.99999875 0.001568543 0.00019101431 0.001012176 -0.0015684281 0.99999859 -0.00060044472 -0.01267875 -0.00019195587 0.00060014437 0.9999998 0.80181369
168 0.9999982 0.0010497126 0.0015791869 0.0036614322 -0.0010503462 0.99999937 0.00040046308 -0.010896488 -0.0015787655 -0.00040212106 0.99999867 0.78544962
169 0.99999439 0.000496382 0.0033136191 0.0098334204 -0.00049782213 0.99999978 0.00043379885 -0.013350874 -0.0033134031 -0.00043544601 0.99999442 0.77707208
170 0.99999332 0.00025589497 0.0036455817 0.011334438 -0.0002582035 0.99999977 0.00063278634 -0.013228259 -0.0036454189 -0.00063372342 0.99999315 0.79062715
171 0.99999448 0.0021227732 0.0025557646 0.0041603964 -0.0021220138 0.9999977 -0.00029979369 -0.012919396 -0.0025563951 0.00029436867 0.99999669 0.78260119
172 0.99999674 0.0024433782 0.00074560948 -0.0013443498 -0.0024428913 0.9999968 -0.00065327218 -0.0093330174 -0.00074720329 0.0006514486 0.99999951 0.79973047
173 0.99999626 0.002664462 -0.00062154244 -0.0060348931 -0.0026646593 0.9999964 -0.00031692826 -0.0067964721 0.00062069576 0.00031858327 0.99999976 0.82349139
174 0.99999503 0.0031516865 0.00010521673 -0.0058316375 -0.0031515163 0.99999378 -0.0015806628 -0.0075182637 -0.00011019783 0.0015803234 0.99999875 0.8220151
175 0.99999448 0.0032187576 0.00082875397 -0.0071831124 -0.0032180469 0.99999445 -0.00085743114 -0.0073912103 -0.00083150924 0.00085475943 0.99999929 0.8297956
176 0.99999553 0.0029315117 0.00059286551 -0.0071639211 -0.0029318528 0.99999554 0.00057526847 -0.008873918 -0.00059117645 -0.0005770041 0.99999966 0.84257161
177 0.99999713 0.0022864518 0.00071660957 -0.0032741533 -0.0022872399 0.99999678 0.0011008986 -0.01010287 -0.00071409011 -0.0011025345 0.99999914 0.83739281
178 0.99999524 0.0028361003 -0.001216495 -0.0077478895 -0.002834535 0.99999516 0.0012865182 -0.015076266 0.0012201378 -0.0012830639 0.99999843 0.81153924
179 0.99999502 0.0022879619 -0.0021722523 -0.0021055226 -0.0022868737 0.99999726 0.00050329691 -0.017519602 0.0021733979 -0.00049832674 0.99999751 0.75798604
180 0.99999304 0.0024159375 -0.0028429685 -0.0037332751 -0.002414661 0.99999698 0.00045234374 -0.014441495 0.0028440527 -0.00044547579 0.99999586 0.73987727
181 0.99999271 0.0018814531 -0.003323823 -0.0041585593 -0.0018804509 0.99999819 0.0003046158 -0.010543822 0.0033243901 -0.00029836329 0.99999443 0.76692734
182 0.99999565 0.0018635525 -0.00228585 -0.0020523389 -0.0018626771 0.99999819 0.00038504749 -0.0082554431 0.0022865634 -0.00038078801 0.99999731 0.793475
183 0.99999414 0.0028184782 -0.0019412193 -0.0040915611 -0.0028186526 0.99999602 -8.7117512e-05 -0.011868848 0.001940966 9.2588625e-05 0.99999811 0.81354537
184 0.99999491 0.0021444794 -0.0023632346 -0.0034774041 -0.0021430138 0.99999751 0.00062252899 -0.012899203 0.0023645637 -0.00061746138 0.99999701 0.82349028
185 0.99999352 0.0031030593 -0.0018261266 -0.0033837539 -0.0031037972 0.9999951 -0.00040138398 -0.013307364 0.0018248721 0.00040704931 0.99999825 0.806239
186 0.99999431 0.0020431334 -0.0026856457 -0.0032877177 -0.0020420305 0.99999783 0.0004133718 -0.010594994 0.0026864845 -0.00040788528 0.99999631 0.8186505
187 0.9999934 0.0026923889 -0.0024399375 -0.0010993074 -0.0026922161 0.99999637 7.4067449e-05 -0.013504063 0.0024401281 -6.7498121e-05 0.99999702 0.79183515
188 0.99999736 0.0022381794 -0.00052837427 -0.0023299589 -0.0022374689 0.9999966 0.001341587 -0.010294408 0.00053137518 -0.0013404012 0.99999896 0.85302829
189 0.99999799 0.0017566901 -0.00096961509 -0.0018663503 -0.0017574226 0.99999817 -0.00075513946 -0.01109535 0.00096828677 0.00075684197 0.99999924 0.86351835
190 0.99999812 0.001475308 -0.0012555592 -0.0006237276 -0.0014757333 0.99999885 -0.00033790267 -0.0076408651 0.0012550593 0.00033975491 0.99999915 0.87957905
191 0.99999441 0.0031462648 -0.0011360255 -0.001897747 -0.0031474452 0.99999451 -0.0010387685 -0.011989316 0.001132751 0.0010423383 0.99999882 0.88734188
192 0.99999111 0.0026151231 -0.0033071975 -0.0052895336 -0.0026158082 0.99999656 -0.00020285413 -0.0082932565 0.0033066557 0.00021150332 0.99999451 0.89197779
193 0.99999338 0.0021693719 -0.0029215917 -0.00090386546 -0.0021690981 0.99999764 9.6853159e-05 -0.011089854 0.0029217949 -9.0515298e-05 0.99999573 0.86354922
194 0.99999752 0.0019620304 -0.0010572541 0.003039147 -0.0019618716 0.99999806 0.00015124587 -0.012141713 0.0010575488 -0.0001491713 0.99999943 0.82199676
195 0.99999025 0.00089967685 0.0043242415 0.019163779 -0.00089770909 0.99999949 -0.00045697135 -0.01689296 -0.0043246504 0.00045308498 0.99999055 0.74377087
196 0.99999079 0.00020795044 0.0042859213 0.021176158 -0.00020774169 0.99999998 -4.9151514e-05 -0.014613662 -0.0042859314 4.8260697e-05 0.99999081 0.72249856
197 0.99999831 -0.00099679414 0.0015472109 0.020129339 0.00099503863 0.99999886 0.0011349849 -0.0078155418 -0.0015483405 -0.0011334434 0.99999816 0.83620415
198 0.99999936 0.0011093774 0.00023283764 0.010385653 -0.001109617 0.99999885 0.0010314367 -0.0095012355 -0.00023169312 -0.0010316944 0.99999944 0.94075664
199 0.9999952 0.0027086755 -0.0015039807 -0.0020940513 -0.0027091773 0.99999628 -0.00033171356 -0.013868137 0.0015030766 0.00033578652 0.99999881 0.99380334
200 0.99999481 0.0029033473 -0.0013937226 -0.0036419127 -0.0029042812 0.99999556 -0.00066848151 -0.014342122 0.0013917756 0.00067252581 0.99999881 0.96912104
201 0.99999721 0.0022439094 -0.0007387258 -0.0028524276 -0.0022442804 0.99999736 -0.00050183199 -0.016649268 0.00073759778 0.0005034885 0.9999996 0.93706759
202 0.99999695 0.0024363476 -0.00041086153 -0.00094766364 -0.0024362874 0.99999702 0.00014694742 -0.011752969 0.00041121832 -0.00014594599 0.9999999 0.90434388
203 0.99999863 0.0012576365 -0.0010739362 1.2453758e-05 -0.0012572557 0.99999915 0.00035516913 -0.009247266 0.001074382 -0.00035381844 0.99999936 0.90684906
204 0.99999893 0.00093105182 -0.0011276992 0.0013518827 -0.00093011346 0.99999922 0.00083234467 -0.011725723 0.0011284733 -0.00083129489 0.99999902 0.93771802
205 0.99999824 0.0015841311 0.0010098882 0.0035887742 -0.0015844767 0.99999869 0.00034148456 -0.015805698 -0.001009346 -0.00034308411 0.99999943 0.9236306
206 0.99999732 0.0021570206 0.00083693922 -6.8839988e-05 -0.002156769 0.99999763 -0.0003013808 -0.014386498 -0.00083758732 0.00029957491 0.9999996 0.90717863
207 0.99999646 0.0025212852 0.00085173811 -0.0016721718 -0.0025213254 0.99999682 4.6068355e-05 -0.01474135 -0.00085161925 -4.82157e-05 0.99999964 0.87706139
208 0.99999586 0.0028719623 0.00017887008 -0.0033580703 -0.0028718482 0.99999567 -0.00063494285 -0.010947666 -0.00018069284 0.00063442654 0.99999978 0.87025902
209 0.99999316 0.0036743607 0.00041461623 -0.0059495695 -0.0036741442 0.99999311 -0.00052155784 -0.0091460313 -0.00041652977 0.00052003092 0.99999978 0.8751193
210 0.99999562 0.0029505623 -0.00022796548 -0.0058271952 -0.002950537 0.99999564 0.00011089434 -0.010544829 0.00022829169 -0.00011022124 0.99999997 0.86582236
211 0.99999828 0.0011691522 -0.0014369279 -0.0041585095 -0.0011674068 0.99999858 0.0012148994 -0.01187128 0.0014383463 -0.0012132199 0.99999823 0.89746042
212 0.9999961 0.0015783482 -0.0023048545 -0.0044898311 -0.0015759242 0.9999982 0.0010531375 -0.016151309 0.0023065125 -0.0010495011 0.99999679 0.88221893
213 0.99999462 0.0011965334 -0.0030553991 -0.0029439468 -0.0011937887 0.99999888 0.00089997279 -0.018547161 0.0030564726 -0.00089632044 0.99999493 0.88315505
214 0.99999292 0.002929785 -0.0023620248 -0.0020049449 -0.0029292921 0.99999569 0.00021210767 -0.019890931 0.0023626361 -0.0002051871 0.99999719 0.88212725
215 0.99999505 0.0020388459 -0.0023960434 -0.00036766188 -0.0020380844 0.99999787 0.00032022384 -0.019021635 0.0023966912 -0.00031533892 0.99999708 0.86507051
216 0.99999616 0.0026997718 -0.00061836526 0.00096068097 -0.0026998524 0.99999635 -0.00012951715 -0.016498205 0.00061801333 0.00013118615 0.9999998 0.8465334
217 0.99999867 0.0015359717 0.00054770433 0.0034810775 -0.0015359561 0.99999882 -2.8840655e-05 -0.0082333175 -0.00054774798 2.7999367e-05 0.99999985 0.88380138
218 0.99999708 0.0024061252 -0.00020186624 -0.0008860063 -0.0024061026 0.9999971 0.00011253132 -0.012517905 0.00020213642 -0.00011204528 0.99999997 0.87544166
219 0.9999949 0.0024247344 0.0020804958 0.0074769904 -0.0024253038 0.99999702 0.00027118584 -0.01159611 -0.002079832 -0.00027623029 0.9999978 0.90072977
220 0.99998937 0.0025373824 0.003849552 -0.00035506332 -0.0025396273 0.99999661 0.00057839208 -0.0090756786 -0.0038480714 -0.00058816236 0.99999242 0.94034889
221 0.99999469 0.0019040959 0.0026452541 -0.00051466178 -0.0019066728 0.99999771 0.00097195994 -0.011189985 -0.0026433973 -0.00097699841 0.99999603 0.9125449
222 0.99999601 0.0019705472 0.0020240652 -0.0015685746 -0.0019743362 0.9999963 0.0018716523 -0.011108566 -0.0020203695 -0.0018756411 0.9999962 0.91730502
223 0.99999136 0.0020555835 -0.0036119072 -0.0089173048 -0.0020531201 0.99999766 0.0006855959 -0.017520624 0.003613308 -0.0006781743 0.99999324 0.9064952
224 0.9999793 0.0027306582 -0.0058252988 -0.0099996938 -0.0027316007 0.99999626 -0.00015384354 -0.017209475 0.0058248569 0.00016975274 0.99998302 0.84328762
225 0.99998007 0.0031621423 -0.0054642671 -0.010696092 -0.003159241 0.99999486 0.00053950493 -0.017424667 0.005465945 -0.00052223124 0.99998493 0.84957992
226 0.99996832 0.0041870601 -0.0067701925 -0.015490577 -0.0041845707 0.99999117 0.00038183206 -0.015522507 0.0067717315 -0.00035348961 0.99997701 0.84703482
227 0.9999809 0.0027749124 -0.0055228677 -0.013629028 -0.002768852 0.99999556 0.0011046693 -0.013660671 0.0055259085 -0.0010893562 0.99998414 0.83582788
228 0.99998516 0.0030771001 -0.004495269 -0.007080017 -0.0030731227 0.99999488 0.00089143177 -0.017390754 0.004497989 -0.00087760403 0.9999895 0.82944492
229 0.99998872 0.0019912677 -0.0043115166 -0.0035168066 -0.0019868779 0.9999975 0.0010221936 -0.017024894 0.0043135413 -0.0010136156 0.99999018 0.84271648
230 0.99999032 0.0027442348 -0.0034393695 -0.0032170272 -0.0027433432 0.9999962 0.00026393572 -0.015437571 0.0034400807 -0.00025449779 0.99999405 0.83701993
231 0.99999158 0.0025646284 -0.0032022054 -0.0045737464 -0.0025645986 0.99999671 1.341771e-05 -0.01288469 0.0032022292 -5.205226e-06 0.99999487 0.83185922
232 0.9999881 0.0021755663 -0.0043670671 -0.0055346528 -0.0021743227 0.99999759 0.00028949485 -0.0136456 0.0043676864 -0.00027999599 0.99999042 0.83375
233 0.99999076 0.0014300685 -0.0040541082 -0.0046670418 -0.001426731 0.99999864 0.0008260122 -0.011476696 0.0040552839 -0.00082022045 0.99999144 0.82920262
234 0.99998856 0.0019127374 -0.0043851748 -0.0049933352 -0.0019108852 0.99999808 0.00042654264 -0.013522546 0.0043859823 -0.00041815819 0.99999029 0.84053957
235 0.99998986 0.0019899851 -0.0040402344 -0.005554635 -0.0019865797 0.99999767 0.00084672229 -0.016375085 0.0040419099 -0.00083868745 0.99999148 0.85083229
236 0.99998417 0.0022876798 -0.0051401954 -0.0075261518 -0.0022819258 0.99999676 0.0011250064 -0.018652327 0.0051427524 -0.001113259 0.99998616 0.82425361
237 0.99998208 0.0026677537 -0.0053599658 -0.010916588 -0.0026646388 0.99999628 0.00058819729 -0.014379015 0.005361515 -0.00057390437 0.99998546 0.82300472
238 0.99998462 0.0027967354 -0.0047888524 -0.012073383 -0.0027936358 0.99999588 0.00065381945 -0.012062228 0.0047906613 -0.00064043108 0.99998832 0.80460858
239 0.99997157 0.0021168141 -0.0072367609 -0.013600869 -0.0021129196 0.99999762 0.00054576142 -0.0097435248 0.0072378989 -0.00053045521 0.99997367 0.79437566
240 0.99995145 0.0019916566 -0.0096504892 -0.014738133 -0.0019880588 0.99999795 0.00038238097 -0.012516755 0.009651231 -0.00036317667 0.99995336 0.80266885
241 0.9999428 0.0019541901 -0.010515345 -0.016733575 -0.0019322377 0.99999593 0.0020974098 -0.014901314 0.010519401 -0.0020769717 0.99994251 0.81810022
242 0.99993417 0.0024708274 -0.011204845 -0.014834762 -0.0024617946 0.99999663 0.00081987112 -0.017804506 0.011206833 -0.00079223312 0.99993689 0.81363389
243 0.99994642 0.0032219915 -0.0098373604 -0.015373688 -0.003215991 0.99999463 0.00062572828 -0.016752541 0.0098393236 -0.00059405789 0.99995142 0.81909932
244 0.99997371 0.0022860815 -0.0068815008 -0.0087138194 -0.002299339 0.99999551 -0.0019192458 -0.012299313 0.0068770823 0.0019350182 0.99997448 0.83324273
245 0.99998954 0.002582618 -0.0037750714 -0.0093544031 -0.0025831433 0.99999665 -0.00013427478 -0.0081057914 0.003774712 0.00014402493 0.99999287 0.84258105
246 0.99998917 0.0025796463 -0.0038741954 -0.01037409 -0.0025763041 0.99999631 0.00086742491 -0.002334601 0.0038764188 -0.00085743441 0.99999212 0.8945522
247 0.99998496 0.0023087632 -0.0049757507 -0.0088180972 -0.0023038524 0.99999685 0.00099244208 -0.0042557381 0.0049780263 -0.00098096376 0.99998713 0.90257211
248 0.99995859 0.0025616214 -0.0087325212 -0.010824097 -0.002553555 0.9999963 0.00093474423 -0.011088882 0.0087348834 -0.00091240655 0.99996143 0.86907801
249 0.99993199 0.0019749074 -0.011494173 -0.016613007 -0.0019650774 0.99999769 0.00086644237 -0.010605111 0.011495858 -0.0008437965 0.99993356 0.85764581
250 0.99992389 0.0039169408 -0.011699562 -0.019193326 -0.0039048052 0.99999181 0.0010599332 -0.014408929 0.011703618 -0.001014168 0.999931 0.80862425
251 0.99993511 0.0029731182 -0.010997033 -0.017128187 -0.002957549 0.9999946 0.0014317597 -0.015446354 0.011001231 -0.0013991425 0.99993851 0.79769957
252 0.99995973 0.0016198663 -0.0088270104 -0.010157972 -0.0016259968 0.99999844 -0.00068737958 -0.013119004 0.0088258832 0.00070170459 0.9999608 0.80899461
253 0.99997243 0.0013618868 -0.0073000853 -0.011096203 -0.0013555052 0.99999869 0.00087905515 -0.0099148596 0.0073012729 -0.00086913561 0.99997297 0.80930498
254 0.9999573 0.0021031329 -0.0089983014 -0.012538884 -0.0021030887 0.99999779 1.4372087e-05 -0.010543597 0.0089983118 4.5527525e-06 0.99995951 0.80901973
255 0.99997234 0.0025305551 -0.0069934717 -0.011809558 -0.0025259996 0.99999659 0.00066014964 -0.011661122 0.0069951184 -0.00064246587 0.99997533 0.81037607
256 0.99993364 0.0025290477 -0.011239282 -0.016491954 -0.0025295176 0.9999968 -2.7588472e-05 -0.01553702 0.011239176 5.6016601e-05 0.99993684 0.79124381
257 0.99994844 0.0022905789 -0.0098926339 -0.015167716 -0.002277112 0.99999647 0.0013723587 -0.014813831 0.0098957424 -0.0013497614 0.99995012 0.82088785
258 0.99994004 0.0024690929 -0.010668558 -0.013751724 -0.0024594905 0.99999656 0.00091309643 -0.015866401 0.010670776 -0.00088680247 0.99994267 0.8104401
259 0.99996682 0.0042431967 -0.0069543817 -0.010774028 -0.0042490168 0.99999063 -0.00082232474 -0.014978582 0.0069508273 0.00085184674 0.99997548 0.822874
260 0.9999709 0.0017481758 -0.0074254117 -0.013481254 -0.0017506232 0.99999842 -0.00032311649 -0.0089368145 0.0074248351 0.00033610619 0.99997238 0.8169131
