4 0.99999396 -0.0031951734 -0.0013770236 -0.00615302 0.0032007867 0.99998644 0.0040931382 -0.10975485 0.0013639271 -0.0040975204 0.99999071 6.0676068
5 0.99998321 0.0022341 0.0053492462 -0.010675072 -0.0022506961 0.99999261 0.0030987054 -0.11465623 -0.0053422839 -0.0031106922 0.99998093 6.8247175
6 0.99995131 0.0039387635 0.0090495361 -0.0055055024 -0.0039673575 0.99998713 0.0031440725 -0.11792001 -0.0090370363 -0.0031798215 0.99995415 7.6052507
7 0.99990115 0.0070959681 0.012139115 0.0060496781 -0.0071380821 0.99996858 0.0034295926 -0.1236379 -0.012114398 -0.0035159029 0.99992048 8.4052003
8 0.99986602 0.010837956 0.012268253 0.015060049 -0.010893072 0.99993078 0.0044348331 -0.13434136 -0.01221934 -0.0045678773 0.99991495 9.1865221
9 0.99986105 0.012964737 0.010479939 0.020741759 -0.01301606 0.99990349 0.0048441447 -0.14122738 -0.010416125 -0.0049798786 0.99993339 9.9569559
10 0.99984201 0.014955519 0.0096076853 0.029121434 -0.015007258 0.99987309 0.0053360598 -0.14816105 -0.0095266628 -0.0054794013 0.99993965 10.724149
11 0.99981579 0.017472644 0.0079454214 0.036725285 -0.017514598 0.99983281 0.0052419455 -0.15624692 -0.0078525027 -0.0053801402 0.99995473 11.443763
12 0.99982443 0.017809749 0.0058265785 0.045605585 -0.017843008 0.99982445 0.0057072878 -0.16829125 -0.0057239104 -0.005810249 0.99996678 12.176868
13 0.99974704 0.020603244 0.0090222255 0.055127176 -0.020646044 0.99977585 0.0046768817 -0.18039799 -0.0089238446 -0.0048619713 0.9999484 12.818875
14 0.99972431 0.02181351 0.0086891425 0.06484591 -0.021845809 0.99975467 0.003639995 -0.1876826 -0.0086076101 -0.0038288122 0.99995566 13.396047
15 0.99970535 0.023040362 0.0076405726 0.072721284 -0.023057199 0.99973183 0.0021232331 -0.19270094 -0.0075896039 -0.002298777 0.99996859 13.984288
16 0.99958515 0.024220258 0.015586516 0.082675989 -0.024236509 0.99970583 0.00085477735 -0.19946203 -0.015561229 -0.0012321846 0.9998782 14.528928
17 0.99935393 0.024686536 0.026121207 0.099128942 -0.024694276 0.99969499 -2.6190029e-05 -0.20819472 -0.026113888 -0.00061887027 0.99965882 15.055045
18 0.99897877 0.025899898 0.037022281 0.11930186 -0.025874128 0.99966446 -0.0011750284 -0.21636645 -0.037040294 0.00021591013 0.99931379 15.587213
19 0.99884968 0.028491134 0.03856947 0.14980995 -0.028357975 0.99958979 -0.0039951722 -0.22018093 -0.038667478 0.0028968256 0.99924797 16.221798
20 0.99897041 0.035620057 0.028095481 0.17035895 -0.03547629 0.99935477 -0.0055990988 -0.23603484 -0.028276795 0.0045966119 0.9995896 16.660461
21 0.99887386 0.040895253 0.02405447 0.18755481 -0.040726076 0.99914228 -0.0074814681 -0.25181419 -0.024339796 0.0064934002 0.99968269 17.0643
22 0.99897344 0.039228985 0.022653552 0.20724233 -0.038993793 0.99918176 -0.01073218 -0.26903403 -0.02305603 0.0098378169 0.99968581 17.427286
23 0.99884831 0.039373573 0.027418973 0.22590237 -0.03907089 0.99917033 -0.011488875 -0.2816795 -0.027848585 0.010404361 0.99955804 17.818391
24 0.99918979 0.033752232 0.021921929 0.23915014 -0.033449938 0.9993421 -0.014012865 -0.29499247 -0.022380474 0.013268226 0.99966152 18.23647
25 0.99915838 0.038861247 0.013128986 0.24943668 -0.038654432 0.99912994 -0.015654984 -0.31596293 -0.013725936 0.015134317 0.99979129 18.731391
26 0.99890487 0.044792334 0.013518153 0.26228983 -0.044625429 0.9989267 -0.012405504 -0.32909092 -0.014059316 0.011788667 0.99983171 19.219123
27 0.99895326 0.044182044 0.011847498 0.30715847 -0.044015088 0.9989327 -0.014000603 -0.41329558 -0.012453429 0.013464481 0.99983183 21.860231
28 0.99854903 0.052616338 0.011462781 0.31201014 -0.052408127 0.99846768 -0.017764233 -0.43413895 -0.012379906 0.017137717 0.99977653 22.407356
29 0.99872392 0.047262055 0.017800426 0.34397671 -0.046793338 0.99856904 -0.025886922 -0.48410254 -0.018998425 0.02502095 0.99950642 23.346214
30 0.99877182 0.044463912 0.021859458 0.39767257 -0.043699211 0.9984558 -0.034296822 -0.5701263 -0.023350676 0.033299462 0.99917264 24.577281
31 0.99845953 0.049003893 0.026023283 0.46862982 -0.047699786 0.99768018 -0.048568263 -0.712814 -0.02834295 0.047252145 0.99848084 27.143572
32 0.99826897 0.054027408 0.023240912 0.54289928 -0.052689719 0.99710834 -0.054759794 -0.89323606 -0.026132238 0.053440452 0.99822908 29.744486
33 0.99817276 0.056655649 0.021007505 0.61121651 -0.055289765 0.99662238 -0.060718727 -1.0912096 -0.02437661 0.059446285 0.99793386 32.431896
34 0.99857579 0.045863396 0.027257358 0.669355 -0.043983237 0.99685118 -0.065977921 -1.2983102 -0.030197504 0.064685094 0.99744876 34.910008
35 0.99858104 0.048720647 0.021499473 0.6732076 -0.047059644 0.99629595 -0.071969835 -1.3172624 -0.024926257 0.070855963 0.99717511 35.033828
36 0.99881557 0.024336261 0.042133471 0.79330208 -0.020825811 0.99642785 -0.081839523 -1.5622795 -0.043974635 0.080865134 0.99575456 37.811928
37 0.99937411 0.015013553 0.032031477 0.92079138 -0.012238523 0.99629407 -0.085136562 -1.8366794 -0.033190975 0.084691265 0.99585432 40.408127
38 0.99970914 0.011202807 0.021358049 1.0252762 -0.0093477904 0.9963322 -0.085056702 -2.1145858 -0.022232587 0.08483232 0.99614721 42.976722
39 0.99978483 0.019072862 0.0081572309 1.0786512 -0.018320059 0.99628937 -0.084093703 -2.3827545 -0.0097308705 0.083926176 0.9964245 45.634946
40 0.99983628 0.016185561 0.0080914274 1.1131643 -0.01546603 0.99649378 -0.08222426 -2.6487947 -0.0093939032 0.082085663 0.99658104 48.305051
41 0.9997875 0.019588818 0.0064230021 1.1397248 -0.018970938 0.99618421 -0.085188112 -2.9105463 -0.008067228 0.085048167 0.99634422 50.946659
42 0.99993178 0.010430573 0.0052606576 1.1649541 -0.0098352703 0.99466299 -0.10270675 -3.1695651 -0.0063038719 0.10264801 0.99469781 53.229579
43 0.99983123 0.01836265 -0.00058856364 1.1501826 -0.018324399 0.99441803 -0.10390799 -3.1831485 -0.0013227476 0.10390125 0.99458678 53.336281
44 0.99955253 0.029718396 -0.0034033862 1.1458551 -0.029912135 0.99370489 -0.10796171 -3.2137878 0.00017351297 0.10801521 0.99414926 53.544893
45 0.99930073 0.035566914 -0.011535509 1.1344264 -0.036621248 0.99326158 -0.10995542 -3.2449435 0.0075470037 0.11030098 0.99386962 53.76801
46 0.99908139 0.039172163 -0.01737656 1.1262621 -0.040843357 0.99315248 -0.10945251 -3.2682277 0.012970084 0.11006169 0.99384017 53.965082
47 0.99864325 0.042460823 -0.030145613 1.1197505 -0.045534803 0.99289592 -0.10992798 -3.2942493 0.025263826 0.11115152 0.99348234 54.174267
48 0.99768887 0.044558207 -0.0512983 1.1032506 -0.049941946 0.99279051 -0.10896189 -3.3188551 0.046073323 0.11127202 0.99272144 54.39503
49 0.99632446 0.044632479 -0.073113177 1.080532 -0.052354517 0.99284119 -0.10735579 -3.3456585 0.067798225 0.11078901 0.99152876 54.638304
50 0.9939289 0.0450385 -0.10038375 1.0416761 -0.05564012 0.99286715 -0.10544613 -3.3772765 0.0949186 0.11039133 0.98934539 54.916564
51 0.99037647 0.047846895 -0.12986593 0.99269824 -0.061479611 0.9927709 -0.10308289 -3.4047609 0.12399493 0.11007499 0.98615862 55.175536
52 0.98551743 0.050030141 -0.16202594 0.92312481 -0.066917911 0.99268338 -0.10050662 -3.4350079 0.15581211 0.10989347 0.98165477 55.457145
53 0.97871403 0.051855149 -0.19856971 0.83359757 -0.072307832 0.99263747 -0.097171551 -3.4678605 0.1920689 0.10946131 0.97525783 55.765987
54 0.96944743 0.054709412 -0.23912045 0.72586813 -0.078832311 0.99258656 -0.09250549 -3.4979268 0.23228684 0.10852964 0.96657344 56.078475
55 0.95771622 0.057217025 -0.28196786 0.59014224 -0.085019104 0.99254175 -0.087364176 -3.5302286 0.27486618 0.10764275 0.95543796 56.42068
56 0.94487153 0.060982194 -0.3217126 0.43167561 -0.092209981 0.9922971 -0.082726423 -3.5622704 0.31418966 0.10783096 0.94321653 56.780576
57 0.92992269 0.064442433 -0.3620649 0.25062538 -0.098899195 0.99207995 -0.077435179 -3.5928548 0.35420725 0.10781667 0.92893104 57.146214
58 0.9121734 0.067209026 -0.4042557 0.048926743 -0.10464613 0.99195677 -0.071209814 -3.6208914 0.39621826 0.1072595 0.91186982 57.512199
59 0.89276383 0.069477503 -0.44513553 -0.16447391 -0.10953126 0.99186463 -0.064864002 -3.6475684 0.43700764 0.1066645 0.8931109 57.871287
60 0.86889367 0.071683438 -0.48978087 -0.40846167 -0.11388398 0.9918651 -0.056867812 -3.6724937 0.48172011 0.10519028 0.86998898 58.235047
61 0.83836561 0.075207777 -0.53989529 -0.68322975 -0.120094 0.99158403 -0.048357246 -3.6900745 0.53171475 0.10537925 0.84034202 58.582517
62 0.80795521 0.0786138 -0.58397627 -0.97612283 -0.12632266 0.991127 -0.041348929 -3.705406 0.5755441 0.10717753 0.81071699 58.929066
63 0.77094223 0.081216736 -0.63170559 -1.2906167 -0.13114137 0.99082553 -0.032658891 -3.7151829 0.62325762 0.10802086 0.77452018 59.251859
64 0.73418254 0.083064115 -0.6738519 -1.6253245 -0.13543367 0.99045899 -0.025467667 -3.7235154 0.66530727 0.10996016 0.73842743 59.567236
65 0.69377838 0.085291248 -0.71512026 -1.9773494 -0.13863001 0.99020851 -0.016392186 -3.727031 0.70672012 0.11050968 0.69880924 59.856452
66 0.65151469 0.086820249 -0.7536517 -2.3497187 -0.14161229 0.98988662 -0.0083862181 -3.7240963 0.7453017 0.1121901 0.65722054 60.127857
67 0.60721138 0.089062153 -0.78953297 -2.7663547 -0.14308022 0.98970974 0.0016031524 -3.7187294 0.78155131 0.11199311 0.61370609 60.399743
68 0.5613689 0.091748001 -0.82246416 -3.2234719 -0.14532381 0.98932102 0.011171256 -3.7088057 0.81470608 0.11325244 0.56870727 60.670891
69 0.51194535 0.095593137 -0.85368257 -3.7276942 -0.14685156 0.98889869 0.022668793 -3.689639 0.84637263 0.11375944 0.52030014 60.915391
70 0.45899478 0.098928809 -0.88291387 -4.2552458 -0.1484287 0.98835275 0.033580353 -3.6622869 0.87595249 0.11563656 0.46833267 61.146289
71 0.40371963 0.10109527 -0.90928007 -4.7884559 -0.1476076 0.98805263 0.044315679 -3.630224 0.90289674 0.11632555 0.4138187 61.344238
72 0.34432434 0.10271838 -0.93321472 -5.3427683 -0.14604258 0.98775723 0.054837123 -3.5911974 0.92742244 0.11740734 0.35511014 61.511688
73 0.287218 0.10402787 -0.95219959 -5.9454137 -0.14306192 0.98759386 0.064742026 -3.548408 0.94712152 0.11762843 0.29853718 61.684085
74 0.22896094 0.10452338 -0.96780772 -6.5372676 -0.14185374 0.98718795 0.073057125 -3.5037913 0.96304438 0.12055993 0.24085453 61.76918
75 0.17140207 0.10691345 -0.9793829 -7.1676396 -0.13959663 0.98669999 0.083281367 -3.4423634 0.97526108 0.12244396 0.1840472 61.841568
76 0.12318928 0.10867438 -0.98641488 -7.8209838 -0.13856702 0.98613204 0.091338154 -3.3787855 0.98266152 0.1254327 0.13653959 61.892553
77 0.07862131 0.10998583 -0.99081877 -8.4640272 -0.13922772 0.98536601 0.098332847 -3.3160267 0.98713444 0.1302184 0.092783851 61.923114
78 0.037947147 0.11133048 -0.99305869 -9.159639 -0.14040495 0.98450997 0.10500688 -3.241202 0.98936673 0.13544566 0.052990699 61.949451
79 -0.0070045348 0.11163258 -0.99372488 -9.8288141 -0.14063086 0.98376295 0.11150475 -3.1660601 0.99003736 0.14052944 0.0088081842 61.92768
80 -0.051608192 0.1119382 -0.99237415 -10.524566 -0.14106484 0.98291788 0.1182076 -3.0778524 0.98865433 0.1460896 -0.034936073 61.87215
81 -0.081806499 0.11206767 -0.9903275 -11.239093 -0.14267102 0.98210734 0.12292287 -2.987135 0.98638367 0.15134694 -0.064353961 61.797909
82 -0.08345043 0.11240125 -0.99015252 -12.09897 -0.15467233 0.98011552 0.1242977 -2.8801556 0.98443515 0.16352191 -0.064405703 61.719076
83 -0.095551284 0.11184787 -0.98912084 -12.878304 -0.15765305 0.97942542 0.12598117 -2.7995308 0.9828609 0.16797559 -0.075952206 61.654874
84 -0.10066881 0.11217411 -0.98857614 -13.699983 -0.16000229 0.97886524 0.12736558 -2.7059145 0.98197002 0.17099621 -0.080593093 61.583087
85 -0.1109668 0.11058724 -0.9876522 -14.660175 -0.16539356 0.97787606 0.12807525 -2.5923942 0.97996501 0.17756343 -0.090221363 61.506489
86 -0.11962989 0.11049272 -0.98665094 -15.567544 -0.16501333 0.97775214 0.12950377 -2.4837892 0.97900938 0.17830309 -0.098735621 61.42591
87 -0.12535147 0.11002217 -0.98599298 -16.610164 -0.16612309 0.97747291 0.13019105 -2.3528387 0.97810541 0.18011586 -0.10425045 61.336557
88 -0.12728424 0.10997446 -0.98575066 -17.610806 -0.16672696 0.97732055 0.13056244 -2.2239623 0.97775299 0.18096976 -0.1060618 61.243975
89 -0.12661023 0.11007419 -0.98582633 -18.601362 -0.16745708 0.97718851 0.13061633 -2.0956418 0.97771573 0.18162098 -0.10528936 61.145443
90 -0.1272775 0.10991721 -0.98575792 -19.610574 -0.16941604 0.97682679 0.13079572 -1.9692674 0.97729152 0.18365057 -0.10570634 61.034912
91 -0.12797612 0.10956417 -0.98570677 -20.659084 -0.1704797 0.97665562 0.1306918 -1.8419408 0.97701528 0.18476844 -0.10631014 60.921117
92 -0.13014421 0.10868813 -0.98551986 -21.694552 -0.17229091 0.97637255 0.13043144 -1.7125054 0.97641098 0.18677102 -0.10834327 60.809174
93 -0.13318557 0.10779936 -0.98521111 -22.717192 -0.17321101 0.97623626 0.13023285 -1.5851993 0.97583791 0.18799456 -0.11134856 60.69481
94 -0.13541194 0.10713938 -0.98497959 -23.692647 -0.17475962 0.97596669 0.13018442 -1.4679289 0.97525522 0.1897632 -0.11343391 60.58019
95 -0.14086635 0.10695748 -0.98423412 -24.649664 -0.17416533 0.97596567 0.13098598 -1.3466179 0.97458872 0.18987099 -0.11885245 60.469265
96 -0.14509702 0.106489 -0.98367016 -25.634586 -0.17575707 0.97560559 0.13154114 -1.2188378 0.97368187 0.19197323 -0.12284128 60.347357
97 -0.14993068 0.10608588 -0.98298861 -26.603015 -0.17563249 0.97555628 0.13207218 -1.0943589 0.97297178 0.19244643 -0.1276337 60.226511
98 -0.1538529 0.105243 -0.98247302 -27.60229 -0.17651769 0.97538915 0.13212641 -0.96102699 0.97219898 0.19375191 -0.13148921 60.096172
99 -0.15870495 0.10551997 -0.98167118 -28.609579 -0.17646436 0.9752314 0.13335642 -0.83011868 0.9714284 0.19439431 -0.13615355 59.956448
100 -0.16119474 0.10456208 -0.98136795 -29.594991 -0.17925754 0.97472973 0.13329877 -0.70387916 0.9705066 0.19740468 -0.13837778 59.815527
101 -0.16366174 0.10430635 -0.98098677 -30.581973 -0.18105535 0.97432808 0.13380449 -0.57778056 0.96975969 0.1995116 -0.14057502 59.671802
102 -0.16412355 0.103706 -0.98097327 -31.571664 -0.18333201 0.97392572 0.13363365 -0.4579966 0.96925379 0.20177625 -0.14083153 59.521671
103 -0.16350881 0.1028369 -0.9811674 -32.566413 -0.18463445 0.97378928 0.1328324 -0.33470299 0.96911045 0.20287659 -0.14023591 59.378008
104 -0.16327452 0.10189308 -0.98130488 -33.563654 -0.18713194 0.97339743 0.13220799 -0.2112362 0.96867081 0.2052197 -0.13986356 59.234558
105 -0.16337659 0.10225628 -0.98125011 -34.574618 -0.18843074 0.97306935 0.13277718 -0.084239362 0.96840178 0.20659038 -0.13970854 59.089368
106 -0.16520188 0.1027939 -0.98088826 -35.575869 -0.18982336 0.9726447 0.13390018 0.040736975 0.96781997 0.20831608 -0.14117006 58.942877
107 -0.16964328 0.10326161 -0.98008073 -36.525501 -0.19080121 0.97223713 0.1354612 0.15768634 0.9668589 0.20998069 -0.14523107 58.796563
108 -0.17352034 0.10367894 -0.97935765 -37.497377 -0.19213566 0.97177018 0.13691785 0.2789086 0.96590613 0.21192757 -0.14870148 58.638969
109 -0.17620318 0.10405455 -0.97883866 -38.459199 -0.19376382 0.97127517 0.13813042 0.39879329 0.96509486 0.21400256 -0.15097978 58.480622
110 -0.17601235 0.10414159 -0.97886374 -39.444137 -0.19767182 0.97039405 0.13878444 0.52427924 0.96433686 0.21792157 -0.15021549 58.315896
111 -0.17545872 0.10438611 -0.97893708 -40.453399 -0.19993186 0.96986375 0.13925317 0.65245677 0.96397176 0.22015391 -0.14930096 58.150969
112 -0.17455974 0.10400884 -0.97913793 -41.471033 -0.20322351 0.96918951 0.13918255 0.78022788 0.96344651 0.22327954 -0.14804444 57.985959
113 -0.17311428 0.10332581 -0.97946682 -42.492057 -0.20684951 0.96848749 0.13872686 0.90908636 0.96293551 0.22661785 -0.14628614 57.822464
114 -0.17203567 0.10324561 -0.9796653 -43.509835 -0.20996215 0.96779756 0.13886561 1.0373271 0.96245503 0.22958249 -0.14481804 57.662105
115 -0.17220879 0.1044304 -0.97950929 -44.605245 -0.21071641 0.9674426 0.14019023 1.1767637 0.96225921 0.23054069 -0.14459693 57.495341
116 -0.17212885 0.10319662 -0.97965409 -45.62333 -0.21404992 0.96681703 0.13945373 1.3063782 0.9615375 0.23369891 -0.14432789 57.334984
117 -0.17321708 0.10266435 -0.9795182 -46.628484 -0.21632588 0.96629879 0.13953368 1.4345752 0.96083246 0.23606477 -0.14517051 57.179458
118 -0.17382381 0.10307382 -0.9793677 -47.692038 -0.21570226 0.96637217 0.13999017 1.5713328 0.96086309 0.23558548 -0.14574525 57.021478
119 -0.17366206 0.10370977 -0.97932926 -48.805829 -0.21446968 0.9665882 0.14039189 1.7149419 0.9611682 0.2344172 -0.14561711 56.85746
120 -0.17248168 0.104533 -0.97945033 -49.969563 -0.21424414 0.96656627 0.14088642 1.8667439 0.96143101 0.23414184 -0.1443194 56.685629
121 -0.17038332 0.10555762 -0.97970768 -51.113351 -0.21514871 0.96627171 0.14152701 2.0166328 0.96160315 0.23489671 -0.14192601 56.517068
122 -0.1678664 0.10631957 -0.98005972 -52.175085 -0.21688593 0.96582502 0.14192397 2.1553338 0.96165557 0.23638545 -0.13907036 56.36173
123 -0.16535869 0.10639116 -0.98047818 -53.141238 -0.220063 0.96511866 0.14183837 2.279858 0.96136822 0.23922119 -0.13617801 56.224994
124 -0.16176506 0.10738418 -0.98096928 -54.141966 -0.22210309 0.96459543 0.1422173 2.4121216 0.96151045 0.24088212 -0.13218749 56.086134
125 -0.15777187 0.10781616 -0.98157208 -55.151484 -0.22523167 0.96389049 0.14207637 2.545297 0.9614462 0.24349679 -0.1277912 55.949626
126 -0.15347808 0.10813497 -0.98221756 -56.169779 -0.22782374 0.96334303 0.14165601 2.6823374 0.96153049 0.24551359 -0.12321634 55.824591
127 -0.1500846 0.10845728 -0.9827063 -57.266666 -0.22998501 0.96286809 0.14139246 2.8307477 0.96155165 0.24722857 -0.11956813 55.689548
128 -0.14565291 0.10897298 -0.98331589 -58.325158 -0.23146229 0.96257748 0.14095988 2.9729784 0.96187863 0.24813179 -0.11497909 55.567718
129 -0.14263037 0.10960889 -0.98368821 -59.362176 -0.2336514 0.96203169 0.14107418 3.114831 0.9618023 0.24996162 -0.11160467 55.453463
130 -0.14213299 0.10958815 -0.98376251 -60.37602 -0.23705829 0.96116169 0.14132042 3.253786 0.96104196 0.25329538 -0.11063401 55.336844
131 -0.14208473 0.1095553 -0.98377314 -61.418825 -0.24031486 0.96030408 0.14165001 3.3950107 0.96023995 0.25654163 -0.11011679 55.214288
132 -0.14000853 0.10953263 -0.98407329 -62.467847 -0.24225812 0.95986648 0.14130543 3.5368491 0.9600566 0.25818373 -0.10785434 55.09712
133 -0.1351992 0.10910235 -0.98479332 -63.525122 -0.24427623 0.95956903 0.13984375 3.6761726 0.96023453 0.25946839 -0.10308186 54.982216
134 -0.12866214 0.10800033 -0.98579004 -64.579566 -0.24625026 0.95943852 0.13725313 3.810474 0.9606284 0.26041035 -0.096848313 54.880752
135 -0.1215341 0.1085454 -0.98663437 -65.688325 -0.24822388 0.95909528 0.136092 3.9471259 0.96104861 0.26144605 -0.089619228 54.783367
136 -0.11370841 0.1094772 -0.98746401 -66.768929 -0.24994005 0.95879266 0.13507957 4.0727119 0.96156146 0.26216651 -0.081660065 54.695507
137 -0.10381729 0.11097409 -0.98838593 -67.917736 -0.25210851 0.95836456 0.13408412 4.2067694 0.96211399 0.26310077 -0.071517303 54.61144
138 -0.099935866 0.11147824 -0.98872921 -69.185417 -0.25461673 0.957752 0.13372099 4.354846 0.96186444 0.26511054 -0.067329557 54.521394
139 -0.10044396 0.11209319 -0.98860819 -70.344274 -0.25648464 0.95713258 0.13458352 4.4935906 0.96131509 0.26708094 -0.067388011 54.439889
140 -0.099710295 0.11159467 -0.98873885 -71.566397 -0.260359 0.9561438 0.13417195 4.6375895 0.96034947 0.27080541 -0.06628271 54.353515
141 -0.099406302 0.11252922 -0.98866354 -72.67463 -0.26091272 0.95587193 0.13503066 4.7686534 0.9602307 0.27137782 -0.065659396 54.275964
142 -0.10086034 0.11332297 -0.98842558 -73.760054 -0.26044653 0.95583842 0.13616318 4.8945285 0.96020563 0.2711655 -0.066891618 54.197132
143 -0.10335151 0.11412556 -0.98807583 -74.875486 -0.25980796 0.95581013 0.13757437 5.0266873 0.96011372 0.2709285 -0.069133696 54.114439
144 -0.10678083 0.11440142 -0.9876792 -75.993869 -0.25973781 0.95565587 0.13877321 5.1607037 0.95975736 0.27135597 -0.072331354 54.023033
145 -0.11077853 0.11334418 -0.98736075 -77.179236 -0.26134958 0.95518725 0.13897336 5.2982962 0.9588663 0.27344161 -0.076191791 53.919971
146 -0.11236723 0.11180477 -0.98735674 -78.35023 -0.26511747 0.9542565 0.1382286 5.4345009 0.95764628 0.27729791 -0.077585766 53.81567
147 -0.11119592 0.11115854 -0.98756229 -79.507142 -0.27002274 0.95296131 0.13766749 5.5672874 0.95641165 0.28197236 -0.075950083 53.711548
148 -0.11171879 0.11116339 -0.98750273 -80.712556 -0.27324328 0.95198348 0.13807771 5.7048717 0.95543555 0.28525438 -0.075979799 53.605229
149 -0.1114115 0.1135391 -0.98726713 -81.924618 -0.27464481 0.9512418 0.14038928 5.8615726 0.95506951 0.2867888 -0.074796359 53.503501
150 -0.11085963 0.113926 -0.98728468 -83.263725 -0.27604086 0.95079011 0.14071068 6.0296764 0.95473119 0.28813007 -0.073956016 53.395489
151 -0.11303428 0.11341952 -0.9870964 -84.698214 -0.27672662 0.95056121 0.14091004 6.2056968 0.95427758 0.28908354 -0.076059805 53.283923
152 -0.1147246 0.11389734 -0.98684634 -85.84571 -0.27912334 0.9496892 0.14205797 6.357349 0.95337741 0.29174942 -0.077161316 53.194317
153 -0.11636775 0.11418312 -0.9866209 -87.020193 -0.28090083 0.94902898 0.14296361 6.5134261 0.95265594 0.29377901 -0.078362242 53.098654
154 -0.11666903 0.11338578 -0.98667727 -88.214381 -0.28310658 0.94844785 0.14246834 6.6634415 0.95196589 0.2959565 -0.078554238 52.999554
155 -0.11530388 0.11287184 -0.98689665 -89.409767 -0.28574481 0.94775948 0.14178064 6.8137499 0.95134377 0.29834848 -0.07702781 52.899964
156 -0.11534565 0.1127545 -0.98690518 -90.566172 -0.28681674 0.94743763 0.14176734 6.9577873 0.95101609 0.2994132 -0.076942941 52.803701
157 -0.11510417 0.11293129 -0.98691316 -91.691903 -0.28872866 0.94681917 0.14201795 7.0978304 0.95046665 0.301297 -0.076376339 52.707798
158 -0.1169921 0.11404944 -0.98656252 -92.746737 -0.28927953 0.94639556 0.14371041 7.2322906 0.95006856 0.30220535 -0.077728641 52.616759
159 -0.12058761 0.11480683 -0.98604161 -93.79716 -0.29128432 0.94547505 0.14570609 7.3752981 0.94900587 0.30478884 -0.080571153 52.521175
160 -0.12341371 0.11542859 -0.98561926 -94.876644 -0.29301568 0.94468887 0.1473249 7.5232453 0.94810913 0.30698384 -0.082765184 52.423738
161 -0.12630011 0.11572144 -0.98521919 -95.977853 -0.29497523 0.9438666 0.1486786 7.6779912 0.94712087 0.30939341 -0.085075508 52.324307
162 -0.1271759 0.11498471 -0.98519279 -97.163189 -0.29757954 0.94307954 0.14848329 7.8439924 0.94618855 0.31205674 -0.085719896 52.218567
163 -0.12706428 0.11428241 -0.98528891 -98.352366 -0.30004628 0.94237379 0.14799914 8.0067832 0.94542422 0.31443771 -0.085452039 52.111206
164 -0.12642938 0.11529154 -0.98525301 -99.489009 -0.30174822 0.94168595 0.1489143 8.1662194 0.94496756 0.31612551 -0.084267761 52.013052
165 -0.12698681 0.11543961 -0.98516398 -100.68449 -0.30277882 0.94128979 0.14932645 8.3265735 0.94456307 0.31724931 -0.084578728 51.90612
166 -0.12845354 0.11720976 -0.98476474 -101.89909 -0.3031067 0.94083387 0.15151846 8.4949846 0.94425954 0.3179519 -0.085326387 51.794391
167 -0.12974812 0.11663242 -0.98466356 -103.09074 -0.30532231 0.94010619 0.15158665 8.6611281 0.94336831 0.32030786 -0.086366543 51.682682
168 -0.13077691 0.11574525 -0.98463215 -104.25619 -0.30895676 0.93894657 0.15140986 8.8213357 0.94204202 0.3240097 -0.087032263 51.565361
169 -0.12957617 0.11550829 -0.9848187 -105.41672 -0.31577011 0.93667736 0.15140886 8.9854381 0.93994644 0.33059532 -0.084897008 51.434761
170 -0.12771496 0.11725861 -0.98485498 -106.56334 -0.31786074 0.93577089 0.15263441 9.1447636 0.9394964 0.33254046 -0.08224004 51.320654
171 -0.12437691 0.11932753 -0.98503368 -107.66932 -0.32077621 0.93459743 0.153721 9.3008153 0.93895318 0.33509474 -0.077964916 51.209159
172 -0.12240146 0.12135715 -0.98503317 -108.82591 -0.32118458 0.9342441 0.15501068 9.4709612 0.93907316 0.33535102 -0.075374804 51.109782
173 -0.12361675 0.12160121 -0.9848513 -110.01493 -0.32101497 0.93419774 0.15564015 9.64435 0.93897196 0.33539176 -0.076446684 51.018186
174 -0.1263641 0.12192141 -0.98446296 -111.20046 -0.31920304 0.93463745 0.15672314 9.8138273 0.93922393 0.33404778 -0.079186936 50.924304
175 -0.12923858 0.12216108 -0.98406 -112.4081 -0.31843847 0.93470766 0.15785565 9.9915785 0.93909232 0.33376363 -0.081899508 50.825833
176 -0.13300201 0.12201416 -0.98357666 -113.65154 -0.31776106 0.93475674 0.15892652 10.171248 0.93879627 0.33367993 -0.085553179 50.716927
177 -0.13588222 0.12175066 -0.98321555 -114.87275 -0.31849821 0.93437066 0.15971929 10.345698 0.93813377 0.33485543 -0.088187002 50.602526
178 -0.13583168 0.12138921 -0.98326723 -116.14512 -0.32085913 0.93358631 0.15958036 10.527442 0.93733624 0.33716637 -0.087861766 50.484991
179 -0.13312703 0.11983219 -0.98382797 -117.40769 -0.32510819 0.93245756 0.1575673 10.714722 0.93625953 0.34082702 -0.08517689 50.369921
180 -0.12775956 0.12015765 -0.9844997 -118.64997 -0.32705843 0.93200656 0.15619361 10.902781 0.93632811 0.34194418 -0.079774177 50.269763
181 -0.12409671 0.1208208 -0.98488698 -119.91363 -0.32773375 0.93186672 0.15561132 11.095717 0.93658457 0.34209158 -0.07604455 50.172324
182 -0.12076335 0.12107931 -0.98526953 -121.12085 -0.33049743 0.93100552 0.15491952 11.27679 0.93604899 0.34433768 -0.07241495 50.078916
183 -0.12045384 0.1218362 -0.98521411 -122.32556 -0.3326893 0.93009503 0.15569503 11.45703 0.93531212 0.34652428 -0.071499926 49.981892
184 -0.11895053 0.12210255 -0.98536377 -123.51444 -0.33616266 0.92884783 0.15567998 11.63125 0.934262 0.34976076 -0.069440629 49.890059
185 -0.12044537 0.12253305 -0.98512872 -124.69969 -0.33937976 0.92747905 0.15685621 11.809678 0.9329064 0.35322539 -0.07012533 49.800765
186 -0.12073977 0.12193176 -0.98516729 -125.91475 -0.3434943 0.92598868 0.15670522 11.992349 0.93136117 0.35731993 -0.069920803 49.708335
187 -0.12099072 0.12242856 -0.98507488 -127.08107 -0.34539365 0.92516309 0.1574051 12.165534 0.93062588 0.3592832 -0.069650103 49.617638
188 -0.11960174 0.12220554 -0.98527218 -128.28365 -0.34774066 0.92437539 0.15686445 12.339012 0.92993113 0.36138049 -0.068061074 49.525499
189 -0.11781015 0.12254011 -0.98544646 -129.49772 -0.34992903 0.92358031 0.15668109 12.514803 0.92933874 0.36329498 -0.065926803 49.432979
190 -0.11979187 0.12318916 -0.98512657 -130.68835 -0.35126131 0.92283031 0.15811262 12.68974 0.9285825 0.36497749 -0.067275988 49.34039
191 -0.12200396 0.12326064 -0.98484612 -131.92546 -0.35170496 0.92250403 0.15902772 12.869676 0.92812645 0.3657773 -0.069197774 49.247203
192 -0.12598869 0.12366822 -0.98429317 -133.15743 -0.35182745 0.92213398 0.16089205 13.053898 0.92754749 0.36657197 -0.072668581 49.150596
193 -0.13006216 0.12416611 -0.98370048 -134.37342 -0.35188206 0.92176526 0.1628733 13.23646 0.92696435 0.36733023 -0.076194961 49.045308
194 -0.13310965 0.12452246 -0.98324768 -135.59302 -0.3521139 0.92141281 0.16435975 13.420585 0.92644356 0.36809307 -0.07880285 48.93638
195 -0.13331695 0.12532995 -0.98311699 -136.87522 -0.35263205 0.92105757 0.16523764 13.612619 0.92621665 0.36870757 -0.078597234 48.82822
196 -0.13455242 0.12570637 -0.9829006 -138.1812 -0.3537447 0.92046717 0.1661468 13.811774 0.92561352 0.37005136 -0.079383134 48.71039
197 -0.13338537 0.12678332 -0.98292134 -139.30698 -0.35506849 0.91983373 0.16682974 13.986125 0.92527551 0.37125707 -0.077675606 48.608482
198 -0.13453586 0.12691167 -0.98274796 -140.4206 -0.35788959 0.91859568 0.16762131 14.160227 0.92402121 0.37426637 -0.0781637 48.511201
199 -0.13670935 0.127395 -0.98238541 -141.57961 -0.35999107 0.91750688 0.16907817 14.342992 0.92288517 0.37676457 -0.079570711 48.409134
200 -0.13774522 0.12739995 -0.98224006 -142.74101 -0.36244875 0.91642537 0.16969185 14.524833 0.92176852 0.37938596 -0.080057266 48.303602
201 -0.13889635 0.12757894 -0.98205471 -143.97684 -0.36302813 0.9160735 0.17035198 14.720368 0.9213677 0.38017478 -0.080924525 48.193463
202 -0.13887328 0.12729258 -0.98209513 -145.23358 -0.36502295 0.91529924 0.17025106 14.919675 0.9205827 0.38213062 -0.0806459 48.077782
203 -0.13836271 0.126946 -0.98221205 -146.48615 -0.36687157 0.9146267 0.16989157 15.117395 0.91992449 0.38385236 -0.079977355 47.965189
204 -0.13904634 0.12680392 -0.98213386 -147.75137 -0.36643899 0.91478236 0.169987 15.316745 0.91999382 0.38352824 -0.080731245 47.855077
205 -0.14001418 0.12636643 -0.98205274 -149.00147 -0.3678576 0.91419527 0.17008137 15.517765 0.91928062 0.3850694 -0.081515456 47.745447
206 -0.14140623 0.12626016 -0.98186694 -150.22691 -0.36802912 0.91404061 0.17054095 15.713399 0.91899885 0.38547121 -0.082783628 47.638786
207 -0.14274599 0.12587511 -0.9817225 -151.45571 -0.36876642 0.91369999 0.17077333 15.909437 0.91849603 0.38640353 -0.084008503 47.529143
208 -0.14490314 0.12606371 -0.98138221 -152.64536 -0.36769457 0.91395943 0.17169377 16.098571 0.91858795 0.38572791 -0.08608266 47.422861
209 -0.14732422 0.1259061 -0.98104193 -153.83612 -0.36816238 0.91361176 0.17253954 16.289756 0.9180153 0.38660202 -0.088243256 47.309899
210 -0.14905075 0.12559474 -0.98082102 -155.05149 -0.37013265 0.91270545 0.17311981 16.487738 0.9169437 0.38883755 -0.089552727 47.190879
211 -0.15369924 0.12562517 -0.98009943 -156.25625 -0.37121753 0.91188743 0.17509638 16.688073 0.91573694 0.3907423 -0.093522143 47.070782
212 -0.15757428 0.12544048 -0.97950756 -157.49109 -0.37298656 0.91086487 0.17665245 16.89767 0.91435848 0.39317907 -0.096741267 46.945542
213 -0.15982616 0.1238709 -0.97934245 -158.69139 -0.37668135 0.90937383 0.17649443 17.105355 0.91245099 0.39710849 -0.098681875 46.824352
214 -0.16074672 0.1232352 -0.97927198 -159.87553 -0.37871149 0.90852957 0.1764979 17.309898 0.91144838 0.39923304 -0.099372569 46.706021
215 -0.16055763 0.12325367 -0.97930067 -161.04776 -0.3812632 0.90741938 0.17671537 17.513646 0.9104173 0.40174435 -0.098701019 46.586836
216 -0.16028956 0.12360646 -0.97930012 -162.25249 -0.38307557 0.90657522 0.1771281 17.724349 0.90970347 0.40353777 -0.097963935 46.466304
217 -0.15965049 0.12372007 -0.97939016 -163.48225 -0.38384613 0.90626385 0.17705329 17.933575 0.90949102 0.4042018 -0.097196005 46.341317
218 -0.16136976 0.12386049 -0.9790906 -164.64754 -0.38303806 0.90645895 0.17780296 18.130663 0.90952828 0.40372102 -0.098831793 46.221381
219 -0.16252176 0.12361104 -0.97893157 -165.82263 -0.38313404 0.90636868 0.17805615 18.325578 0.9092827 0.40400004 -0.099945041 46.096062
220 -0.16504834 0.12282986 -0.97860712 -166.92153 -0.38359171 0.9061026 0.17842465 18.509758 0.90863441 0.40483431 -0.10243422 45.978764
221 -0.16840447 0.12257959 -0.97806657 -168.05486 -0.38449963 0.9054686 0.17968453 18.703542 0.9076343 0.40632595 -0.10535316 45.853241
222 -0.17162188 0.12154606 -0.97763619 -169.18793 -0.38593491 0.90474845 0.18023421 18.897704 0.90642166 0.4082361 -0.10836577 45.725612
223 -0.17414915 0.12161554 -0.97718052 -170.35716 -0.38653609 0.90425342 0.18142625 19.102754 0.90568315 0.4093108 -0.11046617 45.593505
224 -0.1749319 0.12122337 -0.97708943 -171.57066 -0.3893914 0.90296422 0.18174113 19.312724 0.90430814 0.41226257 -0.11075392 45.446279
225 -0.17539817 0.12092328 -0.97704302 -172.77958 -0.3919113 0.90182724 0.18196991 19.521822 0.90312848 0.41483143 -0.11078766 45.298259
226 -0.1764071 0.12116679 -0.97683119 -173.97529 -0.39428924 0.90059848 0.18291599 19.735861 0.9018961 0.41742174 -0.11109722 45.15622
227 -0.17804298 0.12123336 -0.97652609 -175.15385 -0.39621303 0.89954998 0.18391563 19.946427 0.9007308 0.41965728 -0.11212433 45.015901
228 -0.17655935 0.12207454 -0.97669065 -176.31026 -0.39741283 0.89896214 0.18420094 20.149285 0.90049424 0.42067183 -0.11020619 44.886401
229 -0.17368447 0.12371202 -0.97700004 -177.3888 -0.39873495 0.8982885 0.18462962 20.338657 0.90046887 0.42163139 -0.10669046 44.774926
230 -0.17020281 0.12462286 -0.97749689 -178.47726 -0.40007773 0.8977952 0.18412351 20.523674 0.9005381 0.42241311 -0.10294844 44.661769
231 -0.17299994 0.12528089 -0.97692157 -179.4429 -0.39981089 0.8975473 0.18590313 20.689869 0.9001235 0.42274514 -0.10518697 44.551249
232 -0.17595052 0.12532948 -0.97638822 -180.41848 -0.4005748 0.89691318 0.18731382 20.859298 0.89921148 0.42407451 -0.10760852 44.434948
233 -0.17754094 0.12479065 -0.97616932 -181.3885 -0.40256272 0.89593152 0.18774944 21.027772 0.89801031 0.42630263 -0.10882847 44.314959
234 -0.17967068 0.12441914 -0.97582701 -182.32618 -0.40463913 0.89481824 0.18859316 21.19019 0.89665248 0.42874249 -0.11042776 44.196703
235 -0.1783638 0.12543871 -0.97593622 -183.27879 -0.40680146 0.89370538 0.18921719 21.358773 0.89593469 0.43076182 -0.10837605 44.079347
236 -0.18046261 0.12571668 -0.97551453 -184.23024 -0.40820431 0.89277804 0.19056888 21.530202 0.89487571 0.43259983 -0.10979498 43.96338
237 -0.18313727 0.12608048 -0.97496896 -185.192 -0.40934753 0.89189816 0.19222944 21.705824 0.89380948 0.43430555 -0.11172907 43.846475
238 -0.18707764 0.12580912 -0.97425564 -186.1547 -0.41036131 0.89107767 0.19386608 21.88496 0.89252764 0.43606486 -0.11507352 43.725779
239 -0.19122132 0.12690345 -0.97330876 -187.09354 -0.41003083 0.89061345 0.19667814 22.064679 0.89180108 0.43669569 -0.11826996 43.609776
240 -0.19253143 0.12782124 -0.97293032 -188.03738 -0.41032227 0.89015413 0.19814424 22.247601 0.89138506 0.437364 -0.11893476 43.490985
241 -0.1941218 0.12885454 -0.9724779 -188.9659 -0.41071066 0.88959209 0.19985634 22.425753 0.89086111 0.43820355 -0.1197673 43.374
242 -0.19867475 0.12869782 -0.97157874 -189.8731 -0.41134245 0.88884901 0.20185321 22.606623 0.88956494 0.43975475 -0.12365299 43.256102
243 -0.20394487 0.12886235 -0.97046433 -190.79515 -0.4104621 0.88870491 0.20426535 22.793767 0.8887786 0.43999774 -0.12835371 43.135172
244 -0.20980979 0.12967627 -0.96910471 -191.71558 -0.40958529 0.8883495 0.20754502 22.984218 0.88781743 0.44047605 -0.13327094 43.008197
245 -0.21423899 0.13006143 -0.96808352 -192.65528 -0.41042095 0.88737559 0.21004542 23.181982 0.88637257 0.44232172 -0.13673053 42.873039
246 -0.21783279 0.13068676 -0.96719692 -193.59936 -0.41109466 0.8865097 0.21237142 23.380071 0.88518365 0.44387098 -0.13938627 42.731747
247 -0.22151896 0.13073968 -0.96635217 -194.54492 -0.41180353 0.88573289 0.21423113 23.577734 0.88393848 0.44540353 -0.14236758 42.584221
248 -0.22508584 0.13036476 -0.96557828 -195.49164 -0.41231661 0.88515653 0.21562192 23.778212 0.8827975 0.44665744 -0.14548466 42.436066
249 -0.22739145 0.13079171 -0.96498015 -196.46014 -0.41241981 0.88474679 0.21710113 23.988402 0.88215819 0.44734391 -0.14724277 42.290012
250 -0.22838923 0.13101218 -0.96471457 -197.42635 -0.41321132 0.88418086 0.21790018 24.1992 0.88152981 0.44839707 -0.14780168 42.149853
251 -0.2299444 0.13089074 -0.96436156 -198.37703 -0.41396235 0.88364639 0.2186415 24.41105 0.88077283 0.4494848 -0.14900571 42.010157
252 -0.23340067 0.13116462 -0.96349364 -199.31127 -0.41304938 0.88364831 0.22035371 24.62006 0.88029221 0.44940119 -0.15206665 41.867333
253 -0.23768033 0.13149127 -0.96240227 -200.24276 -0.41233085 0.88343747 0.22253402 24.831203 0.87948358 0.44972014 -0.15575782 41.719462
254 -0.24139207 0.13163255 -0.96145867 -201.18163 -0.41235889 0.88294864 0.22441417 25.044872 0.87845891 0.45063787 -0.15885696 41.565595
255 -0.24388396 0.13196501 -0.96078399 -202.13683 -0.41289855 0.88229331 0.22599375 25.264254 0.87751663 0.45182261 -0.16068904 41.406626
256 -0.24552346 0.13162541 -0.96041294 -203.10086 -0.41480162 0.88119069 0.22680932 25.485572 0.87616088 0.45406789 -0.16175457 41.244071
257 -0.24555148 0.13172238 -0.96039248 -204.04316 -0.41642479 0.88032121 0.22721099 25.69726 0.87538272 0.45572327 -0.16131172 41.0849
258 -0.24583261 0.13236283 -0.96023249 -204.98635 -0.41775123 0.87944262 0.2281764 25.909691 0.87467153 0.45723154 -0.16090096 40.924551
259 -0.24260463 0.13151794 -0.96116911 -205.90849 -0.4210177 0.87833037 0.22645031 26.112033 0.87400637 0.45960714 -0.15771565 40.785981
260 -0.24280937 0.13187666 -0.96106825 -206.8541 -0.42151465 0.87795879 0.22696617 26.32485 0.87370994 0.4602139 -0.15758869 40.643928
261 -0.2439969 0.13209917 -0.96073688 -207.79392 -0.42237962 0.87730142 0.2278981 26.538741 0.87296105 0.46140215 -0.15826284 40.498907
262 -0.24400599 0.13153938 -0.96081138 -208.7253 -0.42472881 0.87618751 0.22781739 26.752013 0.87181796 0.46367312 -0.15792645 40.352758
263 -0.24300298 0.13177224 -0.96103364 -209.66796 -0.42722439 0.87492791 0.22799203 26.971679 0.87087824 0.46597979 -0.15631379 40.198768
264 -0.23918303 0.13189024 -0.9619753 -210.63825 -0.42999378 0.8738993 0.22672724 27.18968 0.87057272 0.46787274 -0.15230991 40.043093
265 -0.23582275 0.13172809 -0.96282676 -211.60971 -0.43186204 0.87335674 0.22526223 27.404209 0.87056467 0.46893033 -0.14906904 39.892174
266 -0.23337131 0.13154333 -0.96344912 -212.62157 -0.43390357 0.87260693 0.22424253 27.628946 0.87021007 0.47037583 -0.14656431 39.739523
267 -0.23271104 0.13154213 -0.96360898 -213.66371 -0.43439537 0.87242432 0.22400077 27.855781 0.87014152 0.47071478 -0.14588149 39.580439
268 -0.23253514 0.13201244 -0.96358713 -214.73027 -0.43446987 0.87229674 0.22435286 28.090949 0.87015135 0.47081954 -0.14548423 39.420558
269 -0.23308487 0.13223945 -0.96342317 -215.88905 -0.43489056 0.8719466 0.22489821 28.354996 0.86979405 0.47140405 -0.14572788 39.245596
270 -0.23267068 0.1335659 -0.9633403 -217.09239 -0.43316898 0.87261975 0.2256087 28.629175 0.87076348 0.4697817 -0.14517644 39.064861
271 -0.23205426 0.13452863 -0.96335502 -218.36118 -0.43272875 0.87270929 0.22610661 28.922667 0.87114677 0.46934046 -0.14430151 38.877016
272 -0.2321523 0.13502353 -0.96326216 -219.63377 -0.43310214 0.87237927 0.22666455 29.218079 0.87093506 0.46981164 -0.14404589 38.69054
273 -0.23225061 0.13566456 -0.96314838 -220.88126 -0.4338593 0.87180675 0.22741809 29.502605 0.87053191 0.47068891 -0.14361833 38.501296
274 -0.23251645 0.13514254 -0.96315763 -222.09456 -0.43623958 0.8706048 0.22746912 29.775985 0.86927048 0.47305783 -0.14347542 38.315628
275 -0.23194294 0.13649883 -0.96310465 -223.13358 -0.43687302 0.87001267 0.22851652 30.009959 0.86910556 0.47375727 -0.14216065 38.152999
276 -0.23138039 0.13683494 -0.96319227 -224.1513 -0.439412 0.8686174 0.22895587 30.241617 0.86797479 0.47621418 -0.14085413 37.990541
277 -0.23235032 0.13746531 -0.96286897 -225.21304 -0.44075092 0.86760368 0.23022242 30.480483 0.86703633 0.47787767 -0.14100004 37.820179
278 -0.23313889 0.1373734 -0.96269146 -226.29838 -0.44286746 0.86635106 0.23087689 30.724387 0.86574517 0.48017114 -0.14114193 37.648881
279 -0.23284941 0.13717162 -0.96279028 -227.43652 -0.44581163 0.86479899 0.23102939 30.983839 0.86431081 0.48301821 -0.14021524 37.472553
280 -0.23259157 0.13739097 -0.96282133 -228.60691 -0.44717649 0.86401689 0.23131768 31.252696 0.86367493 0.48435365 -0.13952505 37.296695
281 -0.23088926 0.13814283 -0.96312343 -229.76807 -0.44914797 0.86295821 0.23145002 31.523816 0.8631085 0.48602429 -0.13720123 37.125603
282 -0.22483995 0.13830488 -0.96453035 -230.93818 -0.45172202 0.86228296 0.22894364 31.790012 0.86336218 0.48717531 -0.13140031 36.96414
283 -0.21762771 0.13833806 -0.96617845 -232.09769 -0.45573436 0.86096661 0.22592604 32.051924 0.86310162 0.48948852 -0.1243248 36.811783
284 -0.21290725 0.13686291 -0.96743944 -233.2016 -0.45953996 0.85976717 0.22276291 32.291848 0.86226073 0.49200496 -0.1201567 36.669245
285 -0.20769324 0.13541388 -0.96877584 -234.36503 -0.46259268 0.85903324 0.21924824 32.53262 0.86189997 0.49368503 -0.11577394 36.531722
286 -0.20854786 0.13526952 -0.9686124 -235.56525 -0.46167391 0.85948096 0.21943007 32.782422 0.86218619 0.49294479 -0.11679251 36.380937
287 -0.20965958 0.13478069 -0.96844053 -236.80657 -0.46244503 0.85900601 0.219666 33.043557 0.86150304 0.49390563 -0.11777018 36.224035
288 -0.21108187 0.13421952 -0.96820948 -238.07206 -0.46363858 0.85826224 0.22005697 33.311838 0.86051365 0.49534935 -0.11893426 36.060727
289 -0.21260873 0.13315344 -0.96802258 -239.3594 -0.46584518 0.85702965 0.22020065 33.586429 0.8589446 0.49776527 -0.12018311 35.893099
290 -0.21207482 0.13294364 -0.96816852 -240.67064 -0.468385 0.85567149 0.22009469 33.874929 0.85769446 0.5001522 -0.11919758 35.725826
291 -0.21140994 0.13302276 -0.96830306 -241.97834 -0.47001027 0.85479225 0.22004647 34.162257 0.85696921 0.50163243 -0.11818952 35.558332
292 -0.21199835 0.13172461 -0.96835188 -243.2648 -0.47265604 0.85345426 0.21957228 34.44554 0.85536717 0.50424636 -0.11867047 35.394023
