4 0.99999964 0.00043804639 -0.00072170183 -0.0085048775 -0.00043567576 0.99999452 0.003281671 -0.02554314 0.0007231354 -0.0032813554 0.99999435 0.80657482
5 0.99996265 0.0054306062 0.0067230327 -0.0035050696 -0.0054238963 0.99998477 -0.0010158709 -0.007989147 -0.0067284471 0.00097936794 0.99997688 0.75708977
6 0.9999917 0.0017050165 0.0037002687 0.0010069988 -0.001705227 0.99999854 5.3716895e-05 -0.0056802063 -0.0037001717 -6.0026247e-05 0.99999315 0.7805358
7 0.99999024 0.0031601615 0.0030885994 0.0043481296 -0.0031610962 0.99999496 0.00029779264 -0.008216003 -0.0030876427 -0.00030755309 0.99999519 0.79999939
8 0.99999294 0.0037546315 0.00012201722 -0.00037935975 -0.0037547523 0.99999244 0.0010061448 -0.013386233 -0.0001182386 -0.0010065959 0.99999949 0.78133226
9 0.99999612 0.0021318276 -0.001792758 -0.0036582338 -0.002131132 0.99999765 0.00038981743 -0.01034322 0.0017935848 -0.00038599531 0.99999832 0.7704074
10 0.99999762 0.0019961047 -0.00087860085 0.00047757718 -0.0019956831 0.99999789 0.00048052795 -0.010644892 0.00087955818 -0.00047877339 0.9999995 0.76719642
11 0.99999545 0.0025163859 -0.0016607325 0.00086847685 -0.0025165871 0.99999683 -0.00011904509 -0.011914175 0.0016604277 0.00012322393 0.99999861 0.71960037
12 0.99999768 0.00034056664 -0.0021266974 0.0033329095 -0.00033965677 0.99999985 0.00042817799 -0.015831368 0.0021268429 -0.00042745465 0.99999765 0.7330789
13 0.99999095 0.0027884442 0.0032135766 0.0060611508 -0.0027853298 0.99999565 -0.00097320487 -0.01566526 -0.0032162763 0.00096424519 0.99999436 0.64197176
14 0.99999923 0.0012011771 -0.00031165588 0.0047160792 -0.0012015018 0.99999873 -0.0010435523 -0.0098889337 0.00031040199 0.0010439259 0.99999941 0.57719588
15 0.99999875 0.0012138428 -0.0010152572 0.0029194833 -0.0012154048 0.99999808 -0.0015393125 -0.007097586 0.0010133868 0.0015405445 0.9999983 0.58826511
16 0.99996752 0.0011720522 0.0079735349 0.0059740602 -0.0011634386 0.99999873 -0.0010848306 -0.0077819188 -0.0079747963 0.0010755186 0.99996762 0.54468473
17 0.99994419 0.00045680394 0.010555086 0.0084707472 -0.00045022899 0.9999997 -0.0006252851 -0.0089798981 -0.010555369 0.000620498 0.9999441 0.52630207
18 0.99993954 0.0011915328 0.010931411 0.0064647254 -0.0011819924 0.99999891 -0.00087916481 -0.008000585 -0.010932446 0.00086619081 0.99993986 0.53251289
19 0.99999558 0.0024912197 0.0016210154 0.0070703921 -0.0024867083 0.99999305 -0.0027791401 -0.0028860324 -0.0016279276 0.0027750968 0.99999482 0.63528412
20 0.99992067 0.0070616605 -0.010429666 0.0040129691 -0.0070818561 0.99997312 -0.001900695 -0.013991217 0.010415963 0.0019744056 0.9999438 0.43918841
21 0.99997847 0.0052236679 -0.0039727034 0.006318659 -0.0052317417 0.99998426 -0.0020246681 -0.013300362 0.0039620647 0.0020454087 0.99999006 0.40424553
22 0.99999767 -0.001747402 -0.0012670275 0.011531644 0.0017432061 0.99999302 -0.003305195 -0.01404293 0.0012727942 0.0033029787 0.99999374 0.36347282
23 0.9999885 0.00013182297 0.0047929814 0.010116648 -0.00012909057 0.99999983 -0.00057038983 -0.0080554957 -0.0047930558 0.00056976454 0.99998835 0.39154065
24 0.99996919 -0.0057013321 -0.0053949799 0.0021097603 0.0056866263 0.99998008 -0.0027372579 -0.0084304714 0.0054104785 0.0027064943 0.9999817 0.4184104
25 0.99994901 0.0050702072 -0.0087337945 -9.6908207e-05 -0.005087301 0.99998519 -0.0019360982 -0.014042742 0.0087238487 0.001980431 0.99995999 0.49527282
26 0.99998209 0.005979874 0.00026267797 0.006655211 -0.0059806994 0.99997679 0.0032623877 -0.0052355913 -0.0002431632 -0.0032639003 0.99999464 0.48800436
27 0.99999852 -0.00063344982 -0.0015976454 0.011445006 0.00063078453 0.99999841 -0.0016682179 -0.050969393 0.0015986995 0.0016672076 0.99999733 2.642314
28 0.99996469 0.0084001881 -0.00021796894 -0.0010495626 -0.0084009517 0.99995758 -0.003777356 -0.013240018 0.00018622919 0.0037790537 0.99999284 0.54738213
29 0.99996232 -0.00544942 0.0067574878 0.022915707 0.0055019626 0.99995459 -0.0077814082 -0.032115187 -0.0067147768 0.0078182944 0.99994689 0.93990244
30 0.99998574 -0.0029465517 0.0044537213 0.03426435 0.0029830663 0.99996181 -0.0082143805 -0.05256044 -0.0044293471 0.0082275491 0.99995634 1.2336417
31 0.99997949 0.0042424942 0.0047985159 0.017180819 -0.0041745237 0.99989205 -0.014087301 -0.05385624 -0.0048577632 0.014066981 0.99988925 2.5706123
32 0.99998509 0.0048676586 -0.0024756153 0.0090435479 -0.0048832353 0.99996807 -0.0063254122 -0.053465253 0.0024447463 0.0063374069 0.99997693 2.6076589
33 0.99999507 0.0024923501 -0.0019078512 0.0084021178 -0.0025039048 0.99997839 -0.0060781437 -0.050093702 0.0018926611 0.0060828908 0.99997971 2.695079
34 0.99991906 -0.010912887 0.0065410382 0.00907485 0.010945144 0.99992801 -0.0049161796 -0.05579278 -0.0064869176 0.0049873743 0.99996652 2.4867874
35 0.99998137 0.002691257 -0.0054778772 0.00094161786 -0.0027255083 0.99997672 -0.0062548249 -0.010706414 0.0054609163 0.0062696384 0.99996543 0.12486006
36 0.99947445 -0.024605483 0.021104591 0.062206873 0.0247984 0.9996526 -0.0089284837 -0.041413681 -0.02087757 0.0094471514 0.9997374 2.7904672
37 0.99990483 -0.009477132 -0.010025752 0.018885972 0.0094422282 0.99994921 -0.003523039 -0.060375097 0.010058631 0.0034280383 0.99994353 2.6130058
38 0.99993572 -0.003813509 -0.010677446 0.022566369 0.0038131297 0.99999273 -5.5877003e-05 -0.057770292 0.010677581 1.5158925e-05 0.99994299 2.5849532
39 0.9998816 0.007888312 -0.013212145 -0.0032328363 -0.0078779637 0.99996862 0.00083510386 -0.041083884 0.013218318 -0.00073092019 0.99991237 2.6719314
40 0.99999587 -0.0028725154 -0.00010156098 0.013397079 0.0028727007 0.99999412 0.0018743898 -0.040303099 9.6176174e-05 -0.0018746738 0.99999824 2.683212
41 0.99999298 0.0033796589 -0.0016200883 0.005789401 -0.0033845083 0.99998977 -0.0029999048 -0.043565822 0.0016099331 0.0030053669 0.99999419 2.6543133
42 0.9999567 -0.0092694218 -0.00081647041 0.011720916 0.0092536056 0.99980203 -0.017614586 -0.063378184 0.0009795858 0.017606268 0.99984452 2.2968015
43 0.99995156 0.0079260445 -0.0058363076 -0.01530952 -0.007933569 0.99996773 -0.0012672387 -0.0027122092 0.005826075 0.0013134801 0.99998217 0.10745344
44 0.9999317 0.011361455 -0.0027394867 -0.0040412649 -0.01137271 0.99992681 -0.0041282368 -0.0088726971 0.0026923834 0.0041591103 0.99998773 0.21066907
45 0.99995028 0.0058595579 -0.0080688959 -0.010452921 -0.0058779136 0.99998019 -0.002253036 -0.0071991759 0.0080555342 0.0023003522 0.99996491 0.22521424
46 0.99997636 0.0036049168 -0.0058556064 -0.0058186655 -0.0036032889 0.99999347 0.00028852219 -0.0016805257 0.0058566083 -0.00026741593 0.99998281 0.19851763
47 0.99991333 0.0033102536 -0.012742543 -0.0027296108 -0.0033234145 0.99999397 -0.0010117896 -0.003075217 0.012739117 0.0010540506 0.9999183 0.21085786
48 0.99977332 0.0021023817 -0.021187201 -0.0097797942 -0.002103352 0.99999779 -2.3511657e-05 -0.0005933914 0.021187105 6.8070469e-05 0.99977553 0.22252662
49 0.99976017 4.9316563e-05 -0.021899623 -0.010119041 -3.8599778e-05 0.99999988 0.00048978179 -0.0005528704 0.021899644 -0.00048881901 0.99976005 0.24558945
50 0.99962398 0.00037620666 -0.027418345 -0.018192172 -0.00036436333 0.99999984 0.00043694389 -0.0022977201 0.027418505 -0.00042678935 0.99962395 0.28213822
51 0.99955392 0.0027666735 -0.029737168 -0.022570012 -0.002748061 0.999996 0.00066675196 -0.00090605383 0.029738894 -0.00058473498 0.99955753 0.26402746
52 0.99946724 0.0021451087 -0.032567357 -0.03212633 -0.0021292009 0.9999976 0.0005231332 -0.0023591643 0.032568401 -0.00045351205 0.99946941 0.28986351
53 0.99930505 0.0017343137 -0.037234413 -0.037910882 -0.0017064762 0.99999824 0.00077939623 -0.0031515056 0.037235699 -0.00071531496 0.99930625 0.32098397
54 0.99912704 0.0026182429 -0.041692973 -0.04324299 -0.0025546556 0.99999549 0.001578338 -0.0012259292 0.041696917 -0.001470449 0.99912922 0.32907007
55 0.99900555 0.002228519 -0.04453024 -0.049543098 -0.002161616 0.99999646 0.0015505135 -0.0023484757 0.044533538 -0.0014527143 0.99900683 0.36620867
56 0.99911848 0.0036784965 -0.041817732 -0.050118658 -0.0036392944 0.99999286 0.0010135397 -0.0021296387 0.041821161 -0.00086045926 0.99912474 0.39134009
57 0.99906519 0.0032850134 -0.043104003 -0.053369211 -0.0032341673 0.99999399 0.0012492969 -0.0019624642 0.043107848 -0.0011087235 0.99906981 0.40565246
58 0.99894351 0.0023875485 -0.045893065 -0.055156825 -0.0023157444 0.99999601 0.0016176996 -0.0013532457 0.045896744 -0.0015097139 0.99894505 0.41517375
59 0.99896782 0.0018431348 -0.045386188 -0.049589432 -0.0017752849 0.99999725 0.001535206 -0.0022893403 0.045388893 -0.0014530479 0.99896834 0.41560979
60 0.99870603 0.001325084 -0.050838029 -0.056127605 -0.00120651 0.99999648 0.0023630044 -0.0028738853 0.050840981 -0.0022986102 0.99870412 0.43510208
61 0.998265 0.0031853115 -0.058794854 -0.069358667 -0.0030889129 0.99999373 0.0017303888 -0.00058366714 0.058799997 -0.0015457744 0.99826859 0.43787119
62 0.9985577 0.0038665528 -0.053549696 -0.059444956 -0.0038446385 0.99999248 0.00051224132 -0.00071122017 0.053551274 -0.00030562329 0.99856505 0.4500928
63 0.99816512 0.0026265138 -0.060493762 -0.067080481 -0.0025718626 0.99999621 0.00098126413 0.00018246627 0.06049611 -0.00082388199 0.99816809 0.44575477
64 0.99843106 0.0026809726 -0.055930508 -0.060386502 -0.0026961835 0.99999635 -0.00019650477 -0.0013726334 0.055929777 0.00034699538 0.99843464 0.45597471
65 0.99832113 0.0020346464 -0.057885908 -0.065557145 -0.0019682189 0.99999734 0.0012045501 -0.00092046475 0.057888205 -0.0010885957 0.99832248 0.45086696
66 0.99835817 0.0022929973 -0.057233714 -0.066940933 -0.0022941691 0.99999737 4.5230621e-05 0.0011390106 0.057233667 8.6147461e-05 0.99836081 0.45590127
67 0.99836051 0.0013388636 -0.05722318 -0.069567329 -0.0012326586 0.99999745 0.0018912349 -0.00035690977 0.057225566 -0.0018175976 0.99835962 0.49264253
68 0.9983971 0.0026707253 -0.056534085 -0.067070878 -0.0025902243 0.99999552 0.0014971668 -0.00052356542 0.056537831 -0.001348331 0.99839955 0.52733
69 0.9982761 0.0026329746 -0.058633499 -0.086644786 -0.0024596347 0.99999239 0.0030283029 0.00039076217 0.058641027 -0.0028788654 0.99827498 0.5539676
70 0.99815939 0.0033765978 -0.060551044 -0.078668416 -0.003256358 0.99999253 0.0020843279 0.002885015 0.060557629 -0.0018833156 0.99816293 0.57111793
71 0.998109 0.0016424609 -0.06144702 -0.076105288 -0.0015410271 0.99999737 0.0016981069 0.0018298748 0.061449647 -0.0016002043 0.9981089 0.56456155
72 0.99793412 0.001675628 -0.064223702 -0.078358047 -0.0016052922 0.99999805 0.0011467551 0.0020005486 0.064225498 -0.0010412883 0.99793487 0.57504831
73 0.99817096 0.00067979418 -0.060450515 -0.053869559 -0.00060888245 0.9999991 0.001191467 0.00060353273 0.060451271 -0.0011524805 0.99817048 0.62596394
74 0.99817556 0.0029768742 -0.060304986 -0.095778642 -0.0029941951 0.9999955 -0.00019685813 -0.0074965171 0.060304129 0.00037706387 0.99817998 0.59185567
75 0.99826632 0.0024308586 -0.058808591 -0.083330849 -0.002315204 0.99999525 0.0020346841 0.0034793816 0.058813258 -0.0018950027 0.9982672 0.63200174
76 0.99880985 0.0032959129 -0.048662311 -0.071136304 -0.0032325468 0.99999382 0.0013808008 -0.00087610733 0.048666561 -0.0012218542 0.99881433 0.65455259
77 0.99899663 0.0049704185 -0.044508824 -0.057881208 -0.004933882 0.9999874 0.00093070152 -0.0041605557 0.044512889 -0.00071016639 0.99900856 0.64421258
78 0.99916962 0.0053849123 -0.040386504 -0.039109498 -0.0053428963 0.99998507 0.0011482101 0.00065180852 0.040392084 -0.00093147579 0.99918347 0.69902662
79 0.99898942 0.0051460715 -0.04465032 -0.057483811 -0.0051360697 0.99998675 0.00033872057 -0.0034704529 0.044651472 -0.00010905111 0.99900262 0.67126677
80 0.99900421 0.0056214665 -0.044260533 -0.062507768 -0.0056005113 0.99998414 0.00059743991 0.0013033976 0.04426319 -0.00034896337 0.99901984 0.70073204
81 0.99954016 0.0053053477 -0.029854903 -0.049319895 -0.0052908025 0.99998584 0.00056617491 -0.0016609045 0.029857484 -0.00040795817 0.99955408 0.72239555
82 0.99992473 0.01226608 -0.00026150187 -0.022679465 -0.012265713 0.99992385 0.0013620185 -0.0032303747 0.00027818858 -0.0013587084 0.99999904 0.86978336
83 0.9999211 0.0045372803 -0.011713261 -0.010637082 -0.0045390225 0.99998969 -0.00012215789 -0.019074838 0.011712586 0.00017531501 0.99993139 0.78581587
84 0.99998375 0.0030259873 -0.0048316504 -0.0068034017 -0.0030229428 0.99999523 0.00063729966 -0.012271409 0.0048335558 -0.0006226835 0.99998812 0.8299863
85 0.99993043 0.0067668339 -0.0096612338 0.0032818106 -0.006775341 0.99997669 -0.0008480805 -0.0096853842 0.0096552698 0.00091347965 0.99995297 0.96985462
86 0.99996195 0.00075582833 -0.0086910479 0.0037597674 -0.0007558932 0.99999971 -4.1793263e-06 -0.0084492446 0.0086910423 1.0748671e-05 0.99996223 0.9173445
87 0.99998261 0.0018770806 -0.0055911917 0.015643234 -0.0018784441 0.99999821 -0.00023862587 -0.003096501 0.0055907337 0.00024912446 0.99998434 1.0544826
88 0.99999789 0.00086650341 -0.0018637624 0.013467436 -0.00086638669 0.99999962 6.3433053e-05 -0.00079522884 0.0018638166 -6.181818e-05 0.99999826 1.0130568
89 0.99999951 0.00064604396 0.00075589946 0.0083478794 -0.00064618332 0.99999977 0.00018413132 -0.0013568588 -0.00075578033 -0.00018461968 0.9999997 1.0036456
90 0.99999777 0.0020648117 -0.00044638595 -0.0014534821 -0.0020647641 0.99999786 0.00010710081 -0.0076713307 0.00044660613 -0.00010617889 0.99999989 1.0230519
91 0.99999915 0.0011664216 -0.00057899568 0.00066902273 -0.0011665415 0.9999993 -0.00020678437 -0.011771796 0.00057875408 0.00020745962 0.99999981 1.0622598
92 0.99999583 0.0021169221 -0.0019659267 0.0010792496 -0.0021181239 0.99999757 -0.00060945992 -0.0077198442 0.0019646317 0.00061362145 0.99999788 1.0494843
93 0.99999479 0.0013338244 -0.0029403663 -0.00050922763 -0.0013359517 0.99999885 -0.00072164298 -0.0082104875 0.0029394003 0.00072556741 0.99999542 1.0368272
94 0.99999615 0.0018604999 -0.0020574156 -0.0022467482 -0.0018613562 0.99999818 -0.00041434985 -0.012217858 0.0020566409 0.00041817784 0.9999978 0.9890647
95 0.99998473 0.00012993512 -0.0055254814 0.00021180581 -0.00013085479 0.99999998 -0.00016608116 -0.0051879461 0.0055254597 0.00016680166 0.99998472 0.97101743
96 0.99998937 0.002177521 -0.0040635969 -0.0023232278 -0.0021781697 0.99999762 -0.00015522342 -0.0037826932 0.0040632492 0.00016407298 0.99999173 1.0006203
97 0.99998806 0.00052790251 -0.0048585221 0.0009725633 -0.0005295089 0.99999981 -0.000329354 -0.0048839223 0.0048583473 0.00033192269 0.99998814 0.98383389
98 0.99999162 0.0014259289 -0.003838133 -0.00041104175 -0.001428374 0.99999878 -0.00063437139 -0.0010193222 0.0038372237 0.00063984836 0.99999243 1.0165207
99 0.99998793 0.0006097727 -0.0048751462 -0.0039733131 -0.00060792539 0.99999974 0.00038039803 -0.0053954008 0.0048753769 -0.00037742971 0.99998804 1.0253026
100 0.99999257 0.0031649028 -0.0021986315 -0.002781746 -0.003165914 0.99999488 -0.00045659967 -0.0082621425 0.0021971751 0.00046355695 0.99999748 1.0033723
101 0.99999506 0.0021580019 -0.0022845314 -0.0029933651 -0.0021577812 0.99999767 9.9050488e-05 -0.0086607067 0.0022847398 -9.412048e-05 0.99999739 1.0052896
102 0.99999717 0.0023672687 -0.00022003604 -0.0053043361 -0.0023673163 0.99999717 -0.00021622394 -0.016475188 0.00021952355 0.00021674422 0.99999995 1.0080067
103 0.99999895 0.001234161 0.00075606731 0.0014120055 -0.0012336467 0.99999901 -0.00068030437 -0.01207038 -0.00075690616 0.00067937094 0.99999948 1.0125304
104 0.99999676 0.002497409 0.00049861381 0.0012423143 -0.0024971364 0.99999673 -0.00054664524 -0.011425206 -0.00049997738 0.00054539836 0.99999973 1.0149776
105 0.99999912 0.0013298294 3.4710718e-05 0.00065851063 -0.0013298497 0.99999894 0.0005914436 -0.0091875473 -3.3924162e-05 -0.00059148924 0.99999982 1.0291602
106 0.9999972 0.0016633542 -0.0016860652 -0.0018304486 -0.0016619602 0.99999828 0.00082782478 -0.01103718 0.0016874393 -0.00082502029 0.99999824 1.0195379
107 0.9999892 0.0016111373 -0.0043600515 -0.0069248428 -0.0016078588 0.99999842 0.00075535103 -0.014345829 0.0043612616 -0.00074833252 0.99999021 0.96779748
108 0.99999114 0.0019006643 -0.0037559939 -0.01062724 -0.0018978145 0.99999791 0.00076215361 -0.015592219 0.0037574346 -0.00075501868 0.99999266 0.99182578
109 0.99999475 0.0020341699 -0.0025236603 -0.0090870829 -0.0020322848 0.99999765 0.00074931742 -0.016778396 0.0025251786 -0.00074418469 0.99999653 0.98192811
110 0.99999206 0.0039376132 0.0006153091 -0.0097422735 -0.0039381026 0.99999193 0.00079618136 -0.015857762 -0.00061216908 -0.00079859819 0.99999949 1.0062989
111 0.99999723 0.0022145167 0.00080217396 -0.0067394305 -0.0022150356 0.99999734 0.00064651165 -0.016664512 -0.00080074011 -0.0006482867 0.99999947 1.0304936
112 0.99999404 0.0032140122 0.0012606096 -0.0060573684 -0.0032142506 0.99999482 0.00018717024 -0.018633772 -0.0012600015 -0.00019122104 0.99999919 1.0386282
113 0.99999225 0.0034781844 0.0018440453 -0.0054761675 -0.0034780367 0.99999395 -8.3265314e-05 -0.017812371 -0.0018443237 7.6851012e-05 0.9999983 1.0418631
114 0.99999446 0.0030113497 0.001419341 -0.0047504989 -0.0030119862 0.99999536 0.00044656881 -0.017303444 -0.0014179897 -0.00045084138 0.99999889 1.0381282
115 0.99999968 0.00079292521 -9.2151485e-05 -0.0013292515 -0.00079280019 0.99999878 0.0013488345 -0.016435961 9.3220897e-05 -0.001348761 0.99999909 1.116649
116 0.99999418 0.0033833131 0.00043901615 -0.0062941026 -0.0033830205 0.99999406 -0.00066562363 -0.017893257 -0.00044126556 0.00066413456 0.99999968 1.0385813
117 0.99999657 0.0024774093 -0.00085071803 -0.0039683665 -0.0024775 0.99999693 -0.00010559981 -0.016131582 0.0008504538 0.0001077071 0.99999963 1.0250275
118 0.99999962 -0.00054732025 -0.00067704387 0.0028497137 0.0005475376 0.9999998 0.00032088915 -0.014333815 0.0006768681 -0.00032125974 0.99999972 1.0837869
119 0.99999918 -0.0012797003 2.9787063e-05 0.0050275394 0.0012796876 0.99999909 0.00042235503 -0.01466317 -3.0327524e-05 -0.00042231657 0.99999991 1.1348196
120 0.99999924 -0.00040292666 0.0011622802 0.0043809137 0.00040203225 0.99999962 0.00076966164 -0.014240629 -0.0011625899 -0.00076919379 0.99999903 1.186012
121 0.99999737 0.00061213617 0.0022082318 0.0031095011 -0.0006146826 0.99999915 0.0011526585 -0.014153386 -0.0022075244 -0.0011540128 0.9999969 1.1657276
122 0.99999532 0.0013978563 0.0027205746 0.0016866941 -0.0014006281 0.9999985 0.0010171914 -0.014539494 -0.0027191487 -0.0010209972 0.99999578 1.0818647
123 0.99999177 0.0028681911 0.0028702503 0.0036847698 -0.0028697999 0.99999573 0.00055654676 -0.014774712 -0.0028686417 -0.00056477923 0.99999573 0.98357711
124 0.99999145 0.0015477001 0.0038341828 0.0028773341 -0.0015525723 0.99999799 0.0012680832 -0.012036706 -0.0038322125 -0.0012740252 0.99999185 1.0188612
125 0.99998713 0.0026007237 0.004355889 0.0024715597 -0.0026044861 0.99999624 0.00085831231 -0.012828432 -0.0043536404 -0.00086964612 0.99999014 1.0272909
126 0.99998742 0.0020120544 0.0045950033 0.0095787443 -0.0020150123 0.99999777 0.00063918875 -0.0081420564 -0.0045937069 -0.0006484397 0.99998924 1.0349784
127 0.99999191 0.0017077386 0.0036429168 0.0046886655 -0.0017098952 0.99999836 0.00058894756 -0.0087967061 -0.0036419051 -0.0005951718 0.99999319 1.1150438
128 0.99998904 0.00085792596 0.0046035774 0.0090065828 -0.00086093603 0.99999942 0.00065191086 -0.0079715946 -0.0046030155 -0.00065586709 0.99998919 1.0748645
129 0.99999303 0.0017937808 0.0032735501 0.0083111802 -0.001796758 0.99999797 0.00090675156 -0.0048133023 -0.003271917 -0.00091262702 0.99999423 1.0528489
130 0.99999378 0.0034126567 0.00088664519 -2.5834803e-05 -0.0034130756 0.99999406 0.00047137623 -0.0065971986 -0.00088503129 -0.00047439948 0.9999995 1.0299241
131 0.99999437 0.0033277525 0.00042045494 -0.0030434816 -0.0033279402 0.99999436 0.00044662945 -0.0095823824 -0.0004189663 -0.00044802619 0.99999981 1.0593897
132 0.99999594 0.0016851965 0.0022979514 0.0024551994 -0.0016856987 0.99999856 0.00021662929 -0.0087761886 -0.002297583 -0.00022050206 0.99999734 1.0649932
133 0.99998638 0.0013656466 0.0050367557 0.0039608994 -0.0013644061 0.99999904 -0.00024971002 -0.01174049 -0.0050370919 0.00024283444 0.99998728 1.0725164
134 0.99997661 0.0010853807 0.0067532552 0.012323627 -0.0010788054 0.99999894 -0.00097721608 -0.012497727 -0.0067543087 0.00096990778 0.99997672 1.0676497
135 0.99997256 0.0010093159 0.0073390251 0.015454493 -0.0010143138 0.99999926 0.00067730978 -0.013997084 -0.007338336 -0.00068473527 0.99997284 1.1211909
136 0.99996778 0.0006542644 0.0080012791 0.015719025 -0.00066244518 0.99999926 0.0010198258 -0.019816253 -0.008000606 -0.0010250934 0.99996747 1.0911259
137 0.99994858 0.00083514218 0.010106523 0.016286381 -0.00085139268 0.99999835 0.0016037262 -0.019274504 -0.010105167 -0.0016122484 0.99994764 1.1593789
138 0.99998929 0.0020357177 0.0041562747 0.0076413301 -0.0020387094 0.99999767 0.00071569705 -0.022459623 -0.004154808 -0.00072416283 0.99999111 1.279253
139 0.99999798 0.0019915194 -0.0002879346 0.0020878582 -0.0019912815 0.99999768 0.00082408748 -0.01791221 0.00028957512 -0.00082351245 0.99999962 1.1698362
140 0.99999176 0.0038840683 0.0011812292 0.0027892311 -0.0038839371 0.99999245 -0.00011337345 -0.022234251 -0.0011816606 0.0001087847 0.9999993 1.2334008
141 0.99999979 0.00052730899 0.00036751737 0.0019020823 -0.00052767563 0.99999936 0.00099824902 -0.019358368 -0.00036699075 -0.00099844275 0.99999943 1.1184792
142 0.99999883 -0.00027403247 -0.0015023606 -0.0006413458 0.00027519692 0.99999966 0.00077492511 -0.02321463 0.0015021478 -0.00077533765 0.99999857 1.0952918
143 0.99999669 -0.00030114909 -0.0025556716 -0.0013195746 0.00030314477 0.99999965 0.00078052874 -0.022504996 0.0025554356 -0.00078130089 0.99999643 1.1260479
144 0.99999405 0.00042198433 -0.0034225756 -0.0069921811 -0.00042087514 0.99999986 0.00032479277 -0.024306354 0.0034227121 -0.00032335036 0.99999409 1.1298038
145 0.99999031 0.0022363169 -0.0037910738 -0.0080776264 -0.0022394403 0.99999716 -0.00081984622 -0.03208299 0.0037892295 0.00082832816 0.99999248 1.1973109
146 0.9999909 0.0041114592 -0.0011424373 -0.0058864809 -0.0041127071 0.99999095 -0.0010921013 -0.031144405 0.0011379368 0.0010967899 0.99999875 1.1830688
147 0.99998652 0.0048924614 0.0017382637 -0.0049171548 -0.0048922865 0.99998803 -0.00010485299 -0.031508732 -0.0017387559 9.6347491e-05 0.99999848 1.1687183
148 0.9999942 0.0034024664 -0.00014581373 -0.0047992816 -0.0034024095 0.99999414 0.00038916972 -0.032858801 0.00014713701 -0.00038867134 0.99999991 1.217437
149 0.9999989 0.0014032797 0.00047275726 -0.0046016678 -0.0014044875 0.99999573 0.0025643507 -0.01457849 -0.00046915674 -0.0025650119 0.9999966 1.2262807
150 0.99999882 0.0013619564 0.00071627181 -0.00013589112 -0.0013623467 0.99999892 0.00054473499 -0.023110277 -0.00071552913 -0.00054571016 0.9999996 1.3537353
151 0.9999973 0.0010296384 -0.002084457 0.0039224005 -0.0010304643 0.99999939 -0.00039516713 -0.028212738 0.0020840488 0.00039731402 0.99999775 1.4492682
152 0.99999529 0.0027312892 -0.0013970748 0.0022311727 -0.0027301718 0.99999595 0.00080110764 -0.011897285 0.0013992572 -0.00079728961 0.9999987 1.1608737
153 0.99999681 0.0020864617 -0.0014235846 -2.5127672e-05 -0.0020857013 0.99999768 0.00053538665 -0.013455157 0.0014246984 -0.00053241577 0.99999884 1.1885877
154 0.99999728 0.0023304236 -3.7225669e-05 0.0024175285 -0.0023304431 0.99999714 -0.0005328645 -0.023100542 3.5983763e-05 0.00053294981 0.99999986 1.2074232
155 0.99999539 0.0025319298 0.0016733946 0.0021047576 -0.0025315561 0.99999677 -0.00022536566 -0.022454516 -0.0016739598 0.00022112833 0.99999857 1.2086976
156 0.99999937 0.001118409 8.5524696e-05 0.00060028549 -0.00111841 0.99999937 1.1749802e-05 -0.022732855 -8.5511501e-05 -1.1845446e-05 1 1.1690892
157 0.99999799 0.0019485192 0.00046788943 -0.0015229043 -0.0019487093 0.99999802 0.00040618338 -0.022963481 -0.00046709704 -0.00040709435 0.99999981 1.1382223
158 0.99999799 0.00085695627 -0.0018143407 -0.0039366267 -0.00085471701 0.99999887 0.001234612 -0.019244103 0.0018153967 -0.0012330588 0.99999759 1.0670785
159 0.99999096 0.0026321703 -0.0033388331 -0.0092897951 -0.0026285471 0.99999595 0.0010890898 -0.013344616 0.0033416862 -0.0010803037 0.99999383 1.0642895
160 0.99999411 0.0022370912 -0.0026046104 -0.0053905007 -0.0022347269 0.99999709 0.00091031175 -0.013749335 0.0026066393 -0.00090448579 0.99999619 1.0938231
161 0.99999343 0.0024893375 -0.0026364698 -0.0037099645 -0.0024877222 0.99999672 0.00061577688 -0.011447905 0.002637994 -0.00060921403 0.99999633 1.1164
162 0.99999579 0.0028477073 -0.00055603646 0.00059354351 -0.0028479192 0.99999587 -0.00038065864 -0.013200902 0.00055495016 0.00038224059 0.99999977 1.2014921
163 0.99999666 0.0025521738 0.00040974113 0.0012073134 -0.0025520165 0.99999667 -0.00038406331 -0.016715403 -0.00041071996 0.00038301636 0.99999984 1.2049438
164 0.99999825 0.0016738498 0.00084049311 0.0037916298 -0.0016748904 0.99999783 0.0012389095 -0.010512978 -0.00083841754 -0.0012403151 0.99999888 1.1519053
165 0.99999923 0.0011627733 -0.00042947721 0.0017093779 -0.0011626445 0.99999928 0.00030008148 -0.020629598 0.00042982583 -0.00029958192 0.99999986 1.2107404
166 0.99999882 0.0005768991 -0.0014206021 -0.0022868256 -0.00057423901 0.99999808 0.0018722055 -0.017135505 0.0014216795 -0.0018713876 0.99999724 1.2311828
167 0.99999631 0.0025193677 -0.0010158422 -0.0027708487 -0.0025196277 0.99999679 -0.00025470369 -0.018877677 0.0010151972 0.00025726229 0.99999945 1.2081984
168 0.99999199 0.0039613613 -0.00057811627 -0.0083768994 -0.0039615789 0.99999208 -0.00037577747 -0.022895736 0.0005766231 0.00037806471 0.99999976 1.1819932
169 0.99997387 0.0069360067 0.002036204 -0.021960574 -0.0069373823 0.99997571 0.0006693167 -0.022558479 -0.0020315122 -0.00068342514 0.9999977 1.1789107
170 0.99999598 0.0018877671 0.0021151164 -0.0089905445 -0.0018920445 0.99999617 0.0020221359 -0.020930087 -0.002111291 -0.0020261297 0.99999572 1.1630189
171 0.99999003 0.0025084949 0.003693903 -0.013100661 -0.0025174347 0.99999391 0.0024174924 -0.020733966 -0.0036878163 -0.0024267675 0.99999026 1.1222218
172 0.99999796 0.00010154459 0.0020182292 -0.0040374507 -0.00010572905 0.99999785 0.0020733318 -0.012295145 -0.0020180143 -0.002073541 0.99999581 1.1731767
173 0.99999924 2.3272832e-05 -0.0012310111 0.0038330257 -2.2964242e-05 0.99999997 0.00025069331 -0.013025448 0.0012310169 -0.00025066485 0.99999921 1.2050059
174 0.99999455 -0.0014426977 -0.0029686796 0.0039941351 0.0014431193 0.99999895 0.00013988739 -0.01732347 0.0029684746 -0.00014417079 0.99999558 1.2011238
175 0.99999557 -0.0003195808 -0.0029601343 0.0033780017 0.00032017864 0.99999993 0.00020149273 -0.013998832 0.0029600697 -0.00020243961 0.9999956 1.2245366
176 0.99999265 -7.5237223e-05 -0.0038346068 0.0012143253 7.4626282e-05 0.99999998 -0.00015946581 -0.020310861 0.0038346187 0.00015917847 0.99999264 1.2609048
177 0.99999536 0.0012612839 -0.0027725613 -0.00040987957 -0.0012615487 0.9999992 -9.3749532e-05 -0.024108862 0.0027724409 9.7246818e-05 0.99999615 1.2386606
178 0.99999689 0.0024668921 0.00035638539 0.0047431957 -0.0024668826 0.99999696 -2.7194873e-05 -0.024452519 -0.00035645139 2.6315628e-05 0.99999994 1.2904036
179 0.99998674 0.0040049314 0.0032387063 0.0035477529 -0.0040015749 0.99999145 -0.0010421837 -0.017218945 -0.0032428525 0.00102921 0.99999421 1.2814473
180 0.99998369 0.0011492413 0.0055943667 0.010467249 -0.0011519444 0.99999922 0.00047998276 -0.0076437013 -0.0055938107 -0.00048641933 0.99998424 1.2603468
181 0.99999303 9.9030323e-05 0.0037320769 0.0071091706 -0.00010159155 0.99999976 0.00068608954 -0.0053411152 -0.003732008 -0.0006864639 0.9999928 1.281988
182 0.99999048 0.0023538262 0.0036736249 0.0029831194 -0.002355865 0.99999707 0.00055077236 -0.0090748217 -0.0036723178 -0.00055942169 0.9999931 1.2242496
183 0.99999728 0.0022562731 0.00059350949 -0.0049033444 -0.0022568918 0.99999691 0.001043795 -0.01146913 -0.00059115256 -0.0010451317 0.99999928 1.2219109
184 0.99999229 0.0034099609 0.0019491189 -0.00064792065 -0.0034112947 0.99999395 0.00068136535 -0.01463107 -0.0019467837 -0.00068800911 0.99999787 1.2050003
185 0.99999279 0.0036457963 -0.0010630521 -0.0024185333 -0.0036448596 0.99999297 0.00088175193 -0.01022148 0.0010662593 -0.00087787089 0.99999905 1.2018808
186 0.9999903 0.0043980484 0.00024669377 -0.0018752509 -0.0043980306 0.99999033 -7.2522816e-05 -0.012109422 -0.00024701034 7.1437146e-05 0.99999997 1.2321252
187 0.99999789 0.0020521143 5.5607804e-07 -0.0031380695 -0.0020521141 0.99999761 0.00075607735 -0.014252503 9.9548042e-07 -0.0007560769 0.99999971 1.182502
188 0.99999604 0.0022508447 0.0016893992 -0.0001648307 -0.0022509266 0.99999747 4.6569134e-05 -0.019837419 -0.0016892901 -5.0371663e-05 0.99999857 1.2183475
189 0.99999583 0.0020168064 0.0020693326 -0.0019618232 -0.0020180116 0.9999978 0.00058048802 -0.019305436 -0.0020681573 -0.00058466153 0.99999769 1.2300678
190 0.99999686 0.0017496048 -0.0017924707 -0.0069939345 -0.0017480454 0.99999809 0.00087118101 -0.017967907 0.0017939915 -0.00086804496 0.99999801 1.2068162
191 0.99999735 0.00084874327 -0.0021395719 -0.0015405441 -0.00084836516 0.99999962 0.00017762347 -0.020359932 0.0021397219 -0.00017580786 0.9999977 1.2534289
192 0.99999189 0.00081797426 -0.0039445056 -0.0041499524 -0.00081593539 0.99999953 0.00051847194 -0.017243677 0.0039449279 -0.00051524927 0.99999209 1.249279
193 0.99999153 0.00077032361 -0.0040426137 -0.0086887076 -0.00076787346 0.99999952 0.00060759966 -0.020628999 0.0040430798 -0.0006044903 0.99999164 1.2339168
194 0.99999519 0.0007847977 -0.0029993683 -0.0071395619 -0.00078339616 0.99999958 0.00046842582 -0.02172461 0.0029997347 -0.00046607388 0.99999539 1.2380055
195 0.99999982 0.00058689583 -0.00013602008 0.0028523405 -0.00058677306 0.99999942 0.00090085594 -0.022533644 0.00013654871 -0.00090077596 0.99999958 1.3008109
196 0.99999844 0.0014026536 -0.0010773617 -0.005256512 -0.0014020349 0.99999885 0.00057474198 -0.023689249 0.0010781666 -0.00057323058 0.99999925 1.3260943
197 0.99999839 0.0011951906 0.0013417139 -0.0045260367 -0.0011968784 0.99999849 0.001257892 -0.018744995 -0.0013402085 -0.0012594958 0.99999831 1.1435917
198 0.99999457 0.0032069043 -0.00075580709 -0.0032902044 -0.0032064747 0.9999947 0.00056888225 -0.017159473 0.00075762744 -0.00056645569 0.99999955 1.1311999
199 0.99999478 0.0026330348 -0.0018702805 -0.0037917112 -0.0026314344 0.99999617 0.00085768419 -0.017405792 0.0018725316 -0.0008527582 0.99999788 1.177633
200 0.99999582 0.0028078912 -0.00068982254 -0.0040816922 -0.0028076169 0.99999598 0.00039825053 -0.020875676 0.00069093801 -0.00039631211 0.99999968 1.18008
201 0.99999909 0.00082999507 -0.00106421 -0.0021648141 -0.00082967672 0.99999961 0.00029955564 -0.020037025 0.0010644582 -0.00029867242 0.99999939 1.2558808
202 0.9999977 0.0021228936 0.00029896944 -0.0043810875 -0.0021228962 0.99999775 8.313943e-06 -0.021733223 -0.00029895112 -8.948605e-06 0.99999996 1.2775064
203 0.99999794 0.0018786361 0.00076291018 -0.0018759109 -0.0018785691 0.99999823 -8.8453779e-05 -0.021494317 -0.000763075 8.7020418e-05 0.99999971 1.2728806
204 0.99999967 -0.00033561469 -0.00073935378 0.00062947697 0.0003354727 0.99999993 -0.00019216739 -0.020550911 0.00073941822 0.00019191929 0.99999971 1.2853916
205 0.99999827 0.001693818 -0.00076732725 -0.00069987717 -0.0016939751 0.99999854 -0.00020415671 -0.016673766 0.00076698032 0.00020545619 0.99999968 1.2707796
206 0.99999898 0.00044115047 -0.0013608824 0.0015623509 -0.00044121172 0.9999999 -4.4704747e-05 -0.01707828 0.0013608626 4.5305139e-05 0.99999907 1.2454155
207 0.9999987 0.0010366057 -0.0012316027 0.0008517095 -0.0010369039 0.99999943 -0.00024151918 -0.018227268 0.0012313516 0.00024279592 0.99999921 1.2490348
208 0.99999709 -0.00074314487 -0.0022931077 0.0024499025 0.00074333572 0.99999972 8.2378766e-05 -0.018002477 0.0022930459 -8.4083075e-05 0.99999737 1.2091258
209 0.9999968 0.00095361519 -0.0023449922 -0.0015172416 -0.00095365885 0.99999955 -1.7502239e-05 -0.018948916 0.0023449744 1.9738505e-05 0.99999725 1.2111426
210 0.99999599 0.0024317921 -0.0014482932 -0.0030988472 -0.0024317198 0.99999704 5.1712088e-05 -0.018157081 0.0014484147 -4.8190038e-05 0.99999895 1.236988
211 0.99998788 0.0020447926 -0.0044788769 -0.0047013551 -0.00204324 0.99999785 0.00035119676 -0.015163631 0.0044795854 -0.00034204109 0.99998991 1.2270988
212 0.99998998 0.0026394163 -0.0036164823 -0.0027006819 -0.002638582 0.99999649 0.00023546883 -0.012933494 0.0036170911 -0.00022592408 0.99999343 1.2586721
213 0.99998882 0.0043963647 -0.0017414859 0.00086357659 -0.004397913 0.99998994 -0.00088623697 -0.0090432638 0.0017375722 0.00089388597 0.99999809 1.2241225
214 0.99999701 0.002358167 -0.00064279627 0.0042365288 -0.0023583361 0.99999718 -0.00026239189 -0.0076644374 0.00064217569 0.00026390703 0.99999976 1.2074478
215 0.99999619 0.0027063966 0.00053433594 0.0026398666 -0.0027066436 0.99999623 0.00046215072 -0.0069313247 -0.00053308316 -0.00046359522 0.99999975 1.1957385
216 0.99999807 0.0018979675 0.00051361004 0.0033599079 -0.0018983118 0.99999797 0.00067069825 -0.0057143533 -0.00051233603 -0.00067167194 0.99999964 1.2289219
217 0.99999948 0.00070513686 0.00074167684 0.0032675271 -0.00070530832 0.99999972 0.00023094266 -0.0127641 -0.00074151379 -0.00023146565 0.9999997 1.2536106
218 0.99999819 -0.00053457118 -0.0018233181 0.001307725 0.00053467285 0.99999986 5.5274438e-05 -0.014034507 0.0018232883 -5.6249217e-05 0.99999834 1.1878263
219 0.9999993 0.00032860924 -0.0011351749 0.00098299181 -0.00032883675 0.99999993 -0.00020023601 -0.019458766 0.001135109 0.00020060916 0.99999934 1.1975642
220 0.99999649 0.00098748628 -0.0024572797 0.0013719898 -0.00098904092 0.99999931 -0.0006315303 -0.016289522 0.0024566544 0.00063395844 0.99999678 1.1202605
221 0.99999346 0.001639856 -0.0032247486 -0.0013343164 -0.0016397798 0.99999866 2.628428e-05 -0.014434239 0.0032247874 -2.099623e-05 0.9999948 1.1565202
222 0.99999306 0.002184675 -0.0030181759 0.0003188925 -0.0021867176 0.99999738 -0.00067362678 -0.014943796 0.0030166964 0.000680222 0.99999522 1.1565575
223 0.99999635 0.0011532529 -0.0024421063 0.0017848615 -0.0011525812 0.9999993 0.00027642962 -0.010527026 0.0024424234 -0.00027361389 0.99999698 1.194355
224 0.99999467 0.0032399893 -0.00039818013 -0.0031714063 -0.0032399186 0.99999474 0.0001780269 -0.017974934 0.00039875484 -0.00017673588 0.9999999 1.2401619
225 0.99999602 0.0028182589 -0.00012771412 -0.0037974939 -0.0028182336 0.99999601 0.00019829953 -0.018764451 0.00012827247 -0.00019793882 0.99999997 1.2356204
226 0.9999959 0.0027782387 -0.00068750544 -0.0024400916 -0.0027777227 0.99999586 0.00075040251 -0.010484834 0.0006895874 -0.00074848974 0.99999948 1.2229391
227 0.99999613 0.0024178961 -0.0013743233 -0.001669563 -0.0024171992 0.99999695 0.00050850073 -0.011739511 0.0013755486 -0.00050517675 0.99999893 1.2053601
228 0.99999815 0.00099698161 0.0016439901 0.0088720288 -0.0009986949 0.99999896 0.001041666 -0.012060575 -0.0016429499 -0.0010433059 0.99999811 1.1810999
229 0.99999499 0.00084267629 0.0030501497 0.014784789 -0.00084825012 0.99999797 0.0018265631 -0.0083182723 -0.0030486043 -0.0018291413 0.99999368 1.1005664
230 0.99999304 0.00074240693 0.0036576781 0.013381029 -0.00074629469 0.99999916 0.0010616535 -0.016167404 -0.0036568868 -0.0010643758 0.99999275 1.1096562
231 0.99999597 0.00028619204 -0.0028257932 -0.0016651554 -0.00028414766 0.9999997 0.00072384758 -0.01781638 0.0028259995 -0.00072304172 0.99999575 0.98588492
232 0.99999494 0.0014417228 -0.0028359678 -0.0036484864 -0.0014408514 0.99999891 0.00030927864 -0.019317041 0.0028364106 -0.00030519087 0.99999593 0.99680058
233 0.99999604 0.0024915793 -0.0013100047 -0.0047069682 -0.0024917114 0.99999689 -9.9201469e-05 -0.021349301 0.0013097535 0.00010246523 0.99999914 0.99157912
234 0.99999465 0.0027051471 -0.0018366108 -0.0051019483 -0.002704937 0.99999633 0.00011685319 -0.021911398 0.0018369201 -0.00011188464 0.99999831 0.95870144
235 0.99999655 0.0020777524 0.0016067927 -0.0022857498 -0.0020800417 0.99999682 0.0014244567 -0.017987974 -0.001603828 -0.001427794 0.99999769 0.97433943
236 0.99999625 0.001974402 -0.0018963528 -0.0039321472 -0.0019731731 0.99999784 0.0006496899 -0.016095528 0.0018976315 -0.00064594563 0.99999799 0.97356069
237 0.9999952 0.0018199262 -0.0025070753 -0.0027444256 -0.0018181404 0.99999809 0.00071441088 -0.014690646 0.0025083707 -0.00070984924 0.9999966 0.98451017
238 0.9999909 0.0019580522 -0.0037898945 -0.0049020307 -0.0019576981 0.99999808 9.7143204e-05 -0.014025495 0.0037900774 -8.9722851e-05 0.99999281 0.98652016
239 0.9999911 0.00054880642 -0.0041840055 -0.0016482439 -0.0005436601 0.99999909 0.001231035 -0.008556063 0.0041846773 -0.0012287493 0.99999049 0.96286636
240 0.99999901 0.0006088339 -0.0012663804 -0.00045850233 -0.00060748733 0.99999925 0.0010634358 -0.0087398679 0.0012670269 -0.0010626655 0.99999863 0.96867613
241 0.99999852 0.00078003182 -0.001531731 0.001389572 -0.0007781669 0.99999896 0.0012177386 -0.011266145 0.0015326793 -0.0012165449 0.99999809 0.95259524
242 0.9999886 0.0017175223 -0.0044562965 -0.0032093581 -0.0017166946 0.99999851 0.00018954092 -0.0076589899 0.0044566154 -0.00018188866 0.99999005 0.9324973
243 0.99998542 0.0002427416 -0.0053952153 -0.0013666844 -0.00024155659 0.99999995 0.00022029223 -0.0055032364 0.0053952685 -0.00021898577 0.99998542 0.94857476
244 0.99998196 0.00040499429 -0.0059937924 -0.0033075862 -0.00039944933 0.99999949 0.00092628473 -0.0052232273 0.0059941644 -0.0009238738 0.99998161 0.94844849
245 0.9999888 0.0019567076 -0.004309868 -0.0038394983 -0.0019531488 0.99999775 0.00082979156 -0.0057058628 0.004311482 -0.00082136445 0.99999037 0.96972155
246 0.99999261 0.0015946351 -0.0034985602 -0.0042783027 -0.0015911292 0.99999823 0.0010046524 -0.0095068672 0.0035001561 -0.00099907826 0.99999338 0.97487762
247 0.99999218 0.0016644056 -0.0035875413 -0.0058720039 -0.0016628529 0.99999852 0.00043573928 -0.013823655 0.0035882613 -0.00042977031 0.99999347 0.97708097
248 0.99999286 0.0014287764 -0.00349947 -0.0038010189 -0.0014289788 0.99999898 -5.5314903e-05 -0.012192458 0.0034993874 6.0315176e-05 0.99999388 0.9789056
249 0.99999713 0.00067885559 -0.0022965923 0.0023943004 -0.00067747463 0.99999959 0.00060203165 -0.0054436714 0.002297 -0.00060047404 0.99999718 1.0017339
250 0.99999899 0.0011123183 -0.00088297942 0.0091285154 -0.0011118844 0.99999926 0.00049167146 -0.0025687168 0.00088352566 -0.0004906892 0.99999949 0.99877688
251 0.99999822 0.0012074532 -0.0014483298 0.0064395573 -0.0012072201 0.99999926 0.00016182122 0.00012389511 0.0014485242 -0.00016007248 0.99999894 0.98394281
252 0.99999349 -0.00013741305 -0.0036043563 0.0025070319 0.00013831773 0.99999996 0.00025074728 -0.0017898112 0.0036043217 -0.00025124419 0.99999347 0.96792817
253 0.99999026 0.0002916156 -0.0044046116 2.6171389e-05 -0.00028980825 0.99999987 0.00041096438 -0.0020544636 0.0044047309 -0.00040968388 0.99999022 0.96648871
254 0.99999259 0.0009751047 -0.0037251589 -0.00027360365 -0.00097365364 0.99999945 0.0003913228 -0.0038882888 0.0037255384 -0.00038769288 0.99999299 0.97508997
255 0.99999631 0.0012307259 -0.0024236258 0.00046640955 -0.0012291348 0.99999903 0.00065789698 -0.0036699141 0.0024244331 -0.00065491559 0.99999685 0.99287399
256 0.99999593 0.002508367 -0.0013622599 0.0010850163 -0.0025079781 0.99999681 0.00028710781 -0.0053969178 0.0013629758 -0.00028369012 0.99999903 1.0023615
257 0.99999838 0.0017872329 0.00021636552 0.0040879791 -0.0017873534 0.99999825 0.00055771557 -0.0097666913 -0.00021536837 -0.00055810139 0.99999982 0.97875529
258 0.99999883 0.0015289108 -8.1727364e-05 0.002772667 -0.0015288235 0.99999827 0.0010581412 -0.010306572 8.3345026e-05 -0.001058015 0.99999944 0.97996437
259 0.99998923 0.0027502149 0.0037374276 0.020961247 -0.0027495406 0.9999962 -0.00018554704 -0.0074675933 -0.0037379237 0.00017526883 0.999993 0.9539355
260 0.99999981 0.00059972323 -0.00013069318 0.015653603 -0.00059965457 0.99999968 0.00052471499 -0.0027294647 0.00013100782 -0.00052463652 0.99999985 0.97948591
