4 0.99994908 0.010026948 0.0011513548 -0.0027705355 -0.01002819 0.99994907 0.0010798965 -0.1105649 -0.0011404679 -0.0010913866 0.99999879 5.9453226
5 0.999924 0.012266928 0.001244227 0.0015829739 -0.01226519 0.99992375 -0.0013933062 -0.12474689 -0.0012612234 0.0013779407 0.99999829 6.2700647
6 0.99986543 0.01640604 3.7391835e-05 0.010240028 -0.016405709 0.99985549 -0.0044423226 -0.13651986 -0.00011026702 0.0044411126 0.99999017 6.5721436
7 0.99976615 0.021616745 -0.00062363446 0.017899539 -0.021620591 0.99974153 -0.0070211168 -0.14855389 0.00047169996 0.0070329598 0.9999752 6.9316877
8 0.99962416 0.024817258 -0.011647836 0.0027931244 -0.024921896 0.99964949 -0.0089262398 -0.16674821 0.01142223 0.0092131729 0.99989236 7.2567552
9 0.99931534 0.025959097 -0.02636316 -0.01674268 -0.026200534 0.99961743 -0.0088544396 -0.17853491 0.026123223 0.0095391079 0.99961325 7.5705006
10 0.99855905 0.027661476 -0.045985802 -0.038520222 -0.028061546 0.99957351 -0.008077122 -0.18681801 0.045742768 0.0093559177 0.99890948 7.8664813
11 0.99763212 0.028080058 -0.062782857 -0.062938223 -0.028558637 0.99956935 -0.0067382968 -0.19194788 0.062566613 0.0085153359 0.9980045 8.1377402
12 0.99612679 0.029615195 -0.082791268 -0.089561824 -0.03018892 0.99952798 -0.005686317 -0.19631183 0.082583794 0.0081636733 0.99655073 8.4139397
13 0.99380261 0.030775837 -0.10681406 -0.13478212 -0.031358084 0.99950103 -0.0037753999 -0.20061053 0.10664459 0.0071014883 0.99427188 8.7393735
14 0.99137278 0.032053788 -0.12709283 -0.1765865 -0.03269509 0.99946092 -0.0029625206 -0.20375746 0.12692937 0.0070922754 0.99188644 9.0905633
15 0.98823238 0.030259521 -0.14993719 -0.22989266 -0.030824201 0.99952372 -0.0014430405 -0.20418599 0.14982212 0.0060477547 0.98869451 9.5124171
16 0.98476931 0.028303178 -0.17154699 -0.32076963 -0.028522818 0.99959238 0.0011847749 -0.2054892 0.17151061 0.0037262748 0.98517526 10.157307
17 0.9840274 0.029261426 -0.17559577 -0.76125776 -0.02986647 0.99955352 -0.0008033478 -0.24743934 0.17549388 0.0060349436 0.98446206 12.737469
18 0.98317455 0.030052255 -0.18017965 -1.2092434 -0.03077443 0.99952556 -0.0012134585 -0.29443845 0.18005771 0.0067379689 0.98363301 15.296655
19 0.98207878 0.031137381 -0.18588106 -1.6680092 -0.032088698 0.99948274 -0.0021107903 -0.34497254 0.18571921 0.0080376453 0.98257002 17.836696
20 0.97902347 0.031500568 -0.20129774 -1.9081147 -0.031887745 0.99949053 0.0013197699 -0.36927371 0.20123677 0.0051268468 0.97952925 19.090596
21 0.97694523 0.030856837 -0.21124842 -2.0868066 -0.030593486 0.99952165 0.0045156099 -0.38127304 0.21128672 0.0020513231 0.97742201 19.978261
22 0.97474161 0.036649161 -0.22030812 -2.2429468 -0.036216309 0.99932587 0.0060048223 -0.39099977 0.2203797 0.002125598 0.97541189 20.678099
23 0.97489073 0.03923153 -0.2192008 -2.389423 -0.039008943 0.99922451 0.0053450925 -0.39753614 0.21924052 0.0033399116 0.97566517 21.358007
24 0.97476635 0.039251757 -0.21974962 -2.5372906 -0.039178354 0.99922115 0.0046937234 -0.40804459 0.21976272 0.004034146 0.97554505 22.0493
25 0.9744912 0.041144135 -0.22062205 -2.6924118 -0.041503178 0.99913378 0.0030097269 -0.41482127 0.2205548 0.0062235655 0.97535477 22.743114
26 0.97334083 0.041557258 -0.22556739 -2.8586465 -0.04212439 0.99910967 0.0023002837 -0.4196049 0.22546217 0.0072629302 0.97422489 23.44895
27 0.97179195 0.040637762 -0.23231231 -3.0335102 -0.04056306 0.9991639 0.0051005837 -0.42677093 0.23232537 0.0044665933 0.97262791 24.19831
28 0.97028383 0.04310765 -0.23809884 -3.2368628 -0.042380333 0.99906804 0.0081752756 -0.43328099 0.23822938 0.0021583713 0.97120656 25.021067
29 0.96731348 0.043090929 -0.24989565 -3.6662231 -0.041696588 0.99907109 0.010873456 -0.45465972 0.25013209 -9.8243379e-05 0.96821176 26.744219
30 0.96363618 0.044295515 -0.26352086 -4.128555 -0.042235837 0.99901668 0.013478921 -0.46777452 0.26385882 -0.0018587514 0.96455956 28.501333
31 0.96212543 0.047213349 -0.26848759 -4.3464255 -0.045350384 0.99888466 0.013140018 -0.47372213 0.26880854 -0.00046632972 0.96319356 29.242773
32 0.96075082 0.050261918 -0.27282162 -4.557187 -0.048803564 0.99873464 0.012133396 -0.48115645 0.27308627 0.0016574981 0.96198816 29.967718
33 0.96028394 0.053842915 -0.27378043 -4.7672154 -0.052990796 0.99853961 0.010512335 -0.47937241 0.27394664 0.0044130181 0.96173481 30.711063
34 0.95929117 0.053148648 -0.27737284 -4.9746521 -0.052352805 0.99857568 0.010279891 -0.47689607 0.27752416 0.0046598393 0.9607074 31.455282
35 0.95720936 0.056052604 -0.28391613 -5.1889811 -0.055719812 0.99840349 0.009254805 -0.47337226 0.28398163 0.0069609689 0.95880449 32.195138
36 0.95498753 0.05640855 -0.29123346 -5.4127198 -0.056066701 0.99838152 0.0095258742 -0.4702267 0.29129947 0.0072314096 0.95660462 32.96374
37 0.95214179 0.062897605 -0.29911525 -5.6572599 -0.062943372 0.99797191 0.0094914134 -0.47057637 0.29910563 0.0097901531 0.95416982 33.732339
38 0.95025512 0.066046365 -0.30438974 -5.8942203 -0.066606191 0.9977426 0.0085561255 -0.4714485 0.30426774 0.012143741 0.95250919 34.473716
39 0.94912289 0.069705802 -0.30709422 -6.1361234 -0.07081698 0.99746079 0.0075377044 -0.47085411 0.30683989 0.01459328 0.9516493 35.213471
40 0.94812918 0.073826553 -0.30919366 -6.3843841 -0.075507275 0.99712371 0.0065446195 -0.46871401 0.30878752 0.017141228 0.95097661 35.955438
41 0.94642119 0.076336673 -0.31378285 -6.6398591 -0.07827411 0.99691102 0.0064394614 -0.46388825 0.31330517 0.018466633 0.94947297 36.70495
42 0.94374977 0.079163156 -0.32104455 -6.9061682 -0.081124055 0.99667732 0.0072865684 -0.45891057 0.32055468 0.019167741 0.9470361 37.464457
43 0.94003992 0.082150554 -0.33102306 -7.1852592 -0.0841256 0.99641984 0.0083831597 -0.45464115 0.33052666 0.019967012 0.94358546 38.230216
44 0.93652319 0.084252152 -0.34033207 -7.4834842 -0.086125131 0.99623774 0.0096288005 -0.44877079 0.33986293 0.020293552 0.94025605 39.026571
45 0.93413698 0.086230609 -0.34634147 -7.7964678 -0.08802288 0.99606217 0.01058383 -0.44365705 0.34589031 0.020599229 0.93804885 39.858344
46 0.93182883 0.088826053 -0.35185934 -8.1071016 -0.090488831 0.99582806 0.011752918 -0.44201145 0.3514354 0.020887635 0.93597914 40.67626
47 0.92947243 0.093476764 -0.35685168 -8.4670987 -0.095550494 0.99535391 0.011856221 -0.44324491 0.35630202 0.023077327 0.93408585 41.621355
48 0.92688265 0.097962019 -0.36234241 -8.8409028 -0.099805668 0.99491289 0.013676381 -0.43991385 0.36183893 0.023487429 0.93194474 42.613795
49 0.92300315 0.10336525 -0.37064922 -9.212317 -0.10532357 0.99432461 0.015013181 -0.43644255 0.37009751 0.02518089 0.92865162 43.580903
50 0.9183077 0.10809279 -0.38082402 -9.689434 -0.11029242 0.99376848 0.016114602 -0.43573626 0.38019281 0.027203844 0.92450714 44.780715
51 0.91590888 0.11149614 -0.38558988 -10.033472 -0.11400602 0.99334415 0.016429124 -0.43173902 0.38485527 0.028911991 0.92252404 45.608002
52 0.91451018 0.11280875 -0.38851687 -10.381472 -0.11514407 0.99319721 0.01735036 -0.42847269 0.38783117 0.028868336 0.92127829 46.443742
53 0.91448354 0.11305654 -0.38850753 -10.725894 -0.11529311 0.99317491 0.017634827 -0.43082952 0.3878497 0.028665486 0.92127682 47.276056
54 0.91302188 0.11468404 -0.39145708 -11.076776 -0.11690469 0.99297549 0.01824439 -0.42876012 0.39079966 0.029105646 0.92001552 48.109658
55 0.91067388 0.11557076 -0.39663145 -11.429057 -0.11772871 0.99286407 0.018993953 -0.42690009 0.39599629 0.029397614 0.91778145 48.94098
56 0.9073739 0.11695796 -0.4037245 -11.787144 -0.11901235 0.99268928 0.020098389 -0.42388001 0.40312369 0.029811453 0.91465985 49.76422
57 0.90347238 0.11851333 -0.41193724 -12.161149 -0.12023591 0.9925051 0.021836467 -0.41534766 0.41143776 0.029801008 0.91095057 50.586536
58 0.90054596 0.12024326 -0.41780207 -12.537347 -0.12152796 0.99230641 0.023639532 -0.41076796 0.4174302 0.02948615 0.90823052 51.400786
59 0.89863456 0.12181759 -0.42144565 -12.920413 -0.12274772 0.99212193 0.025038967 -0.40739234 0.42117569 0.029230614 0.90650796 52.221538
60 0.89716785 0.12316852 -0.42416907 -13.304834 -0.12378141 0.99196272 0.026229831 -0.40036396 0.42399063 0.028971686 0.90520311 53.045734
61 0.8958721 0.12543272 -0.42623919 -13.69336 -0.12584037 0.99167376 0.027335515 -0.39462629 0.42611902 0.029148973 0.90419743 53.872343
62 0.89397818 0.12757323 -0.42956736 -14.083599 -0.12787742 0.99138621 0.028295242 -0.38439573 0.42947691 0.029636641 0.90259145 54.696728
63 0.89094006 0.12800128 -0.43570805 -14.476927 -0.1271165 0.99139313 0.031320067 -0.37258135 0.43596701 0.027481383 0.899543 55.5221
64 0.88919242 0.1306057 -0.43849632 -14.905955 -0.12930303 0.99105642 0.032981672 -0.3542248 0.43888222 0.027371853 0.89812764 56.399436
65 0.88679571 0.13404251 -0.44229629 -15.343643 -0.13279277 0.99056204 0.033953159 -0.33400945 0.44267311 0.028624237 0.89622611 57.290355
66 0.88540591 0.13753863 -0.44400398 -15.778149 -0.13682089 0.99001768 0.033836749 -0.31232571 0.44422568 0.030789766 0.89538573 58.16757
67 0.88452491 0.13941935 -0.44517184 -16.208715 -0.13847303 0.98975329 0.034835793 -0.28815711 0.44546711 0.030831168 0.89476733 59.036308
68 0.88344495 0.141922 -0.44652345 -16.639197 -0.14105761 0.98936905 0.035376866 -0.26102977 0.44679727 0.031732018 0.89407234 59.89977
69 0.88246816 0.14430885 -0.44768842 -17.084373 -0.14344542 0.98900165 0.036042191 -0.22863025 0.44796583 0.032412773 0.89346298 60.797951
70 0.88105358 0.14708487 -0.44956719 -17.546503 -0.14606896 0.98857585 0.037169007 -0.19192603 0.4498983 0.032919928 0.8924729 61.722658
71 0.87949385 0.14963412 -0.45177453 -18.0243 -0.14859099 0.98816735 0.038024928 -0.15443944 0.4521187 0.033686936 0.89132146 62.674595
72 0.87828439 0.15134337 -0.45355457 -18.500119 -0.15010374 0.98790155 0.03897784 -0.11316082 0.45396634 0.033846614 0.89037579 63.624075
73 0.87700147 0.15329888 -0.45537666 -18.969507 -0.15200131 0.9875816 0.039724878 -0.075774321 0.45581143 0.034379075 0.88941222 64.549169
74 0.87534555 0.15478531 -0.45805208 -19.452933 -0.15295228 0.98736773 0.041357585 -0.03907213 0.45866743 0.033857936 0.88796279 65.48716
75 0.87328334 0.15705549 -0.46120474 -19.939601 -0.15452936 0.98702928 0.043517451 -0.0012519111 0.46205727 0.033266612 0.88622598 66.412234
76 0.86991741 0.16065205 -0.46629887 -20.488904 -0.15812625 0.98640004 0.044843372 0.033713185 0.46716145 0.034724065 0.88348995 67.453137
77 0.86992154 0.16351338 -0.46529552 -20.98826 -0.16065609 0.98593272 0.046110476 0.066052796 0.4662898 0.034640069 0.8839536 68.386973
78 0.87036472 0.16762204 -0.46299907 -21.4687 -0.16514441 0.98518541 0.046226698 0.098837624 0.46388858 0.036227624 0.88515254 69.298467
79 0.87066464 0.17109397 -0.46116155 -21.937862 -0.16888564 0.98454195 0.046418526 0.12172143 0.46197486 0.037468597 0.88610124 70.192304
80 0.8705347 0.17357975 -0.46047741 -22.427456 -0.17107554 0.98410991 0.04754708 0.15599578 0.46141363 0.037385042 0.88639715 71.119846
81 0.87103647 0.17713497 -0.45816886 -22.931549 -0.17471561 0.98344533 0.048058448 0.19800645 0.4590969 0.038188597 0.88756507 72.097416
82 0.87094816 0.18054922 -0.45700253 -23.434927 -0.17839324 0.98277363 0.04828802 0.24385757 0.45784844 0.039469804 0.88815371 73.088391
83 0.86916294 0.18263174 -0.45956661 -23.944368 -0.18032979 0.9823678 0.049341213 0.2885271 0.46047475 0.039987999 0.8867717 74.079929
84 0.86671654 0.18443813 -0.46344907 -24.470533 -0.18187095 0.98201515 0.050686205 0.33327269 0.46446252 0.040357353 0.88467278 75.087895
85 0.8628238 0.18826604 -0.4691386 -25.012337 -0.18593803 0.98119585 0.051784465 0.37722021 0.47006614 0.042549846 0.88160502 76.097051
86 0.8602807 0.19102237 -0.47268129 -25.531123 -0.18905395 0.98057834 0.05219781 0.41961154 0.47347203 0.044457503 0.87968622 77.050032
87 0.85847232 0.19392626 -0.47478196 -26.061552 -0.19221758 0.97993612 0.052701813 0.46272599 0.4754763 0.046018398 0.87852414 78.004857
88 0.85661307 0.19688241 -0.47691864 -26.593625 -0.19446412 0.97936539 0.055018418 0.51127157 0.47790981 0.045614071 0.87722383 78.959333
89 0.85333961 0.19732501 -0.4825706 -27.191916 -0.19462547 0.97926256 0.056264042 0.5570698 0.48366566 0.045908198 0.87404808 80.05643
90 0.85166347 0.19635436 -0.48591598 -28.182239 -0.19459307 0.97935832 0.054687353 0.63786539 0.48662399 0.047980669 0.87229297 81.823915
91 0.85065856 0.19688061 -0.48746083 -29.206302 -0.19601729 0.97914526 0.053401061 0.71570629 0.48780864 0.050124686 0.87151037 83.647255
92 0.85010803 0.19514931 -0.48911462 -30.133055 -0.19347948 0.97958591 0.05456197 0.77873439 0.48977756 0.048250079 0.87051131 85.30391
93 0.85013787 0.19424805 -0.48942143 -31.03014 -0.19424362 0.97960609 0.051392739 0.83822943 0.48942319 0.051376084 0.87053174 86.892772
94 0.84936659 0.19155331 -0.49181679 -31.934331 -0.19257182 0.98005163 0.049140367 0.8968798 0.49141889 0.052971877 0.86931095 88.488435
95 0.84894196 0.19038028 -0.49300398 -32.888302 -0.19191271 0.9802344 0.048061572 0.95664371 0.49240948 0.053812253 0.86869858 90.166741
96 0.84808549 0.19059566 -0.49439289 -33.926852 -0.19314294 0.98006754 0.046511386 1.0167154 0.49340333 0.05604287 0.86799333 91.985133
97 0.84622938 0.19003618 -0.49777718 -34.955553 -0.19363902 0.98004201 0.044960713 1.0710501 0.49638675 0.058342014 0.86613883 93.781342
98 0.83940797 0.18983731 -0.50927015 -35.632294 -0.19237977 0.98013278 0.048266439 1.1164874 0.50831517 0.057458043 0.85925219 94.947633
99 0.83122602 0.19071056 -0.52219997 -36.28837 -0.19193303 0.98000859 0.052390385 1.1688021 0.5217519 0.056679176 0.85121237 96.041719
100 0.82468506 0.19078324 -0.53244374 -37.091069 -0.19270155 0.97984518 0.052625188 1.2249721 0.53175248 0.059203534 0.84482798 97.329317
101 0.81822118 0.19168689 -0.54200579 -37.874859 -0.19329979 0.97961678 0.054644642 1.2806594 0.54143267 0.060058206 0.8385963 98.564027
102 0.81491045 0.19203423 -0.54684901 -38.640938 -0.19258642 0.97962202 0.057018061 1.3416957 0.54665479 0.058851085 0.83528747 99.737192
103 0.81291878 0.19292113 -0.5494948 -39.387057 -0.19306703 0.97945474 0.058252954 1.4050853 0.54944356 0.058734415 0.83346393 100.87516
104 0.8097421 0.19529719 -0.55333242 -40.07216 -0.19523104 0.9789317 0.059811813 1.4714922 0.55335577 0.059595523 0.83081035 101.92123
105 0.80612896 0.19748849 -0.55781217 -40.769893 -0.19711911 0.97844603 0.061541155 1.5380281 0.55794282 0.060345336 0.8276825 102.97183
106 0.80360537 0.20054431 -0.5603574 -41.475431 -0.20041958 0.97771511 0.062490391 1.6078976 0.56040204 0.062088986 0.82589018 104.01765
107 0.80143399 0.20350584 -0.56239574 -42.17207 -0.20383601 0.97697266 0.06304907 1.6776027 0.56227616 0.064106844 0.82446098 105.03906
108 0.7979195 0.20406267 -0.56717099 -42.872237 -0.20398015 0.97684832 0.064492969 1.7474402 0.56720068 0.064231432 0.82107112 106.06773
109 0.79350117 0.20409706 -0.57332391 -43.585006 -0.20383966 0.97680327 0.065609794 1.8174898 0.57341549 0.064804712 0.81669768 107.10212
110 0.78812366 0.20492325 -0.58040296 -44.319416 -0.2042427 0.97659255 0.067466946 1.8908021 0.5806428 0.065370778 0.81152984 108.14948
111 0.78153071 0.2070023 -0.58852343 -45.065383 -0.20573601 0.97609244 0.070115079 1.9686667 0.5889673 0.066283379 0.80543411 109.18422
112 0.77635243 0.21014237 -0.59423659 -45.811248 -0.20759733 0.97543203 0.073726372 2.0480938 0.59513049 0.066124286 0.80090409 110.18382
113 0.77521272 0.20818576 -0.59640922 -47.008101 -0.20632563 0.97579851 0.072435329 2.1563552 0.59705529 0.066901727 0.79940554 111.77981
114 0.77412767 0.20651262 -0.59839696 -48.315369 -0.20599386 0.9760214 0.070346592 2.2724751 0.59857575 0.068808861 0.79810556 113.51502
115 0.76766685 0.20884349 -0.6058647 -48.967393 -0.20494837 0.97576541 0.076667587 2.333541 0.60719339 0.065315824 0.79186496 114.38366
116 0.76657735 0.20864183 -0.60731193 -49.661188 -0.20342316 0.97593781 0.078512976 2.4052415 0.60907982 0.063355048 0.79057447 115.29337
117 0.76331241 0.20904201 -0.61127378 -50.353453 -0.2042032 0.97576025 0.078694767 2.477832 0.61290722 0.064755375 0.78749702 116.1945
118 0.75953237 0.20705774 -0.61663417 -51.072777 -0.20140831 0.97625683 0.079731877 2.5510895 0.61850247 0.063636309 0.78320188 117.11971
119 0.75553125 0.2056785 -0.62198787 -51.861625 -0.19983676 0.97654305 0.080180002 2.6306075 0.62388928 0.063717548 0.77891098 118.12128
120 0.75105874 0.20557263 -0.62741589 -52.648451 -0.19925065 0.97655751 0.081452435 2.7148976 0.62945214 0.063837466 0.77441259 119.10683
121 0.74647716 0.20728349 -0.6323017 -53.465234 -0.20136628 0.9760568 0.082247338 2.8010679 0.63421094 0.065928487 0.77034408 120.1086
122 0.74308833 0.2089108 -0.63574841 -54.279906 -0.2028716 0.97564061 0.083476954 2.8913504 0.63770126 0.066944556 0.76736928 121.09838
123 0.73833319 0.21006262 -0.64088831 -55.068189 -0.20249201 0.97546102 0.086444598 2.9841524 0.64332039 0.065949849 0.76275131 122.04645
124 0.7357408 0.210879 -0.6435958 -55.871414 -0.20374576 0.97518522 0.086610284 3.078526 0.64588946 0.0674072 0.76044931 123.00051
125 0.73087454 0.2104303 -0.6492623 -56.680672 -0.20299835 0.97525523 0.087571582 3.1752381 0.65162422 0.06779534 0.75550628 123.95722
126 0.72509834 0.20995756 -0.65585841 -57.498729 -0.20178044 0.97536431 0.089157118 3.2731013 0.65842015 0.067691728 0.74960043 124.90811
127 0.71984842 0.21090536 -0.66131476 -58.343234 -0.20274237 0.97506172 0.090277692 3.3763697 0.66386281 0.069090274 0.74465615 125.87422
128 0.71246898 0.21188976 -0.66894746 -59.175861 -0.20326982 0.97476597 0.092263578 3.481234 0.67161698 0.0702419 0.73756137 126.81095
129 0.70179349 0.21278158 -0.67986022 -60.019265 -0.2027273 0.97454334 0.095743464 3.5938238 0.68292575 0.070634092 0.72706487 127.73546
130 0.69188453 0.21474297 -0.68933395 -60.913284 -0.20247952 0.97414278 0.10023859 3.7121217 0.69303527 0.070222485 0.71747543 128.68767
131 0.68367888 0.2173464 -0.69666618 -61.889114 -0.20416937 0.97346584 0.10333932 3.8392499 0.70064121 0.071586993 0.70991357 129.69979
132 0.67688255 0.21917957 -0.70270218 -62.880709 -0.20565672 0.97293518 0.10536763 3.9660971 0.70677816 0.07319392 0.70363865 130.70419
133 0.67125601 0.21986165 -0.7078674 -63.871355 -0.20577012 0.97273296 0.1070006 4.0924846 0.71209134 0.07383317 0.69819386 131.68448
134 0.66170205 0.22090228 -0.7164863 -64.807552 -0.20552161 0.97244952 0.11001221 4.2207323 0.72104876 0.074458122 0.68887208 132.59842
135 0.65170462 0.2224213 -0.7251275 -65.736441 -0.20588387 0.97201698 0.11311364 4.3543133 0.72999519 0.075575381 0.67926097 133.48258
136 0.64292651 0.22232724 -0.73295029 -66.658701 -0.20453578 0.97202886 0.11543349 4.4881233 0.73811291 0.075699317 0.67041705 134.33977
137 0.63467729 0.22287684 -0.73993965 -67.579405 -0.20321506 0.97194268 0.11845227 4.6242642 0.74557926 0.075187924 0.66216193 135.16586
138 0.62704396 0.22375644 -0.74615612 -68.49051 -0.20204768 0.97179401 0.12162655 4.7640202 0.75232484 0.074493927 0.65456709 135.96591
139 0.62066973 0.22333211 -0.7515929 -69.433932 -0.20064207 0.97189924 0.12310367 4.9026961 0.75796563 0.074394445 0.64803831 136.78508
140 0.61499944 0.2227864 -0.75640064 -70.397722 -0.19963507 0.97199629 0.12397147 5.042075 0.76283784 0.074761722 0.64225321 137.60904
141 0.60995084 0.22273059 -0.76049397 -71.381973 -0.19977291 0.97191035 0.12442243 5.1836534 0.76684471 0.076034533 0.63731313 138.44364
142 0.60479748 0.22278758 -0.76458207 -72.37229 -0.20063196 0.97173059 0.1244442 5.3232895 0.77069247 0.078136064 0.63239857 139.26575
143 0.59945621 0.22252649 -0.76885255 -73.374713 -0.20076635 0.97167072 0.1246947 5.4646272 0.77481945 0.079610712 0.62714993 140.08655
144 0.59369066 0.22239576 -0.77335086 -74.381754 -0.20104802 0.97156609 0.12505558 5.6068497 0.77917337 0.081236339 0.62152199 140.9009
145 0.5881559 0.22244937 -0.77755318 -75.392414 -0.20156895 0.97140875 0.12543874 5.747888 0.7832258 0.082953053 0.61617873 141.70635
146 0.58283521 0.22287239 -0.78142885 -76.409563 -0.20335454 0.97105667 0.12528273 5.8924851 0.78673382 0.085887923 0.61128818 142.50512
147 0.57783186 0.22278071 -0.78516185 -77.43145 -0.20361193 0.97095511 0.1256513 6.0372795 0.79034966 0.087263 0.60640965 143.29684
148 0.5736602 0.22340499 -0.78803821 -78.461047 -0.20493612 0.97063328 0.12598453 6.1859335 0.79304175 0.089225193 0.60259748 144.08686
149 0.5696738 0.22432324 -0.79066483 -79.43734 -0.20616158 0.9702751 0.12674196 6.3263911 0.79559363 0.090803145 0.59898718 144.82846
150 0.56656564 0.22573972 -0.79249289 -80.38377 -0.20912974 0.9696463 0.1266913 6.4630299 0.79703713 0.093954908 0.59657721 145.54163
151 0.56437237 0.22694588 -0.79371243 -81.304659 -0.210908 0.9692002 0.12715606 6.5938424 0.79812386 0.095636938 0.59485457 146.23276
152 0.56285417 0.22988787 -0.79394381 -82.216492 -0.21399293 0.9683234 0.12867282 6.7242452 0.79837476 0.097474335 0.5942193 146.91087
153 0.5612346 0.2322653 -0.79439826 -83.171796 -0.2166507 0.96757667 0.12983741 6.8615248 0.79879801 0.099237697 0.59335799 147.62036
154 0.56027751 0.23401678 -0.7945598 -84.102214 -0.21877849 0.96700376 0.13053572 6.9921401 0.79888994 0.10069637 0.59298835 148.30547
155 0.55966222 0.23619654 -0.79434843 -85.061948 -0.22250333 0.96615602 0.13051703 7.1280639 0.79829225 0.10369973 0.59327559 149.01509
156 0.55955314 0.23890518 -0.79361491 -86.032692 -0.22610039 0.96523448 0.13115219 7.2660169 0.79735748 0.10605003 0.59411659 149.7355
157 0.56141083 0.24180553 -0.7914215 -86.970297 -0.23113439 0.96411513 0.13060932 7.3995756 0.79460356 0.10959925 0.5971543 150.42915
158 0.56552006 0.243895 -0.78784664 -87.912859 -0.2363389 0.96313445 0.12851396 7.5423012 0.79014621 0.1135216 0.60231377 151.1378
159 0.57023066 0.24551304 -0.78393901 -88.879221 -0.24083284 0.96232679 0.12620052 7.6914691 0.78538945 0.11683486 0.6078759 151.88179
160 0.57691541 0.24705348 -0.77854558 -89.847708 -0.24495023 0.96162023 0.12363575 7.8437226 0.77920988 0.11937756 0.61528939 152.6445
161 0.58471461 0.24924973 -0.77199963 -90.808858 -0.25025466 0.96063812 0.12061047 7.990107 0.77167447 0.12267381 0.6240751 153.41286
162 0.59202565 0.25136442 -0.76571639 -91.761659 -0.25563101 0.95962289 0.11737366 8.1316877 0.7643026 0.12625264 0.63237796 154.19088
163 0.60060045 0.25356589 -0.75827664 -92.687946 -0.26049705 0.95869029 0.11425449 8.2633934 0.75592356 0.12890755 0.64184304 154.96104
164 0.61071024 0.25581996 -0.74939254 -93.603545 -0.26590374 0.95767701 0.11022628 8.3883939 0.74587415 0.13194997 0.6528867 155.74006
165 0.61897474 0.25892093 -0.7415054 -94.471408 -0.27244875 0.95626 0.10648181 8.5035252 0.73664238 0.13611268 0.66244352 156.49935
166 0.62833596 0.26118328 -0.73278731 -95.323075 -0.27753196 0.95523322 0.10249582 8.612851 0.72675303 0.1389701 0.67269415 157.26884
167 0.63839345 0.2634584 -0.72321746 -96.166026 -0.2822039 0.95428156 0.098526895 8.7168025 0.71611089 0.14119588 0.68355614 158.05571
168 0.64787798 0.26590725 -0.71382595 -96.961021 -0.28657776 0.95333283 0.09502414 8.8062273 0.70578138 0.1430026 0.6938465 158.8172
169 0.66252743 0.26706497 -0.69980979 -97.718814 -0.28926093 0.95302436 0.089847447 8.8917816 0.69093094 0.14290124 0.7086563 159.57837
170 0.67571877 0.26854335 -0.68650466 -98.434852 -0.29263962 0.95247799 0.084543566 8.9648085 0.67658424 0.1437708 0.72219374 160.3223
171 0.68786189 0.26984198 -0.67381849 -99.126093 -0.29503907 0.95212133 0.080104911 9.0283424 0.66317268 0.14370168 0.73454197 161.06565
172 0.69961298 0.2710236 -0.66112625 -99.80376 -0.29651066 0.95196241 0.076477937 9.0894839 0.65009472 0.14252603 0.74636671 161.82152
173 0.71020375 0.27280841 -0.64898862 -100.49196 -0.29909646 0.95145365 0.072644 9.1511439 0.63730054 0.14251817 0.75732204 162.61073
174 0.7191358 0.27470027 -0.63826601 -101.1659 -0.30163299 0.95089484 0.06940051 9.2060715 0.62598824 0.14261371 0.76668125 163.40599
175 0.72663582 0.27769078 -0.62840134 -101.85984 -0.30636145 0.94966563 0.065404346 9.260797 0.61493339 0.14499282 0.77513488 164.23772
176 0.73416152 0.27960121 -0.61873262 -102.5591 -0.30965216 0.94886749 0.06136705 9.3154274 0.60425362 0.14653858 0.78320118 165.10428
177 0.74022534 0.28130419 -0.61068357 -103.25114 -0.31194037 0.94828619 0.058705875 9.3728892 0.59561706 0.1470413 0.78969567 165.99048
178 0.74697131 0.28161583 -0.60226773 -103.89292 -0.31179894 0.94845027 0.056774999 9.425035 0.58720978 0.14537716 0.79627271 166.84283
179 0.75190682 0.28240188 -0.59572253 -104.51008 -0.31246926 0.94832487 0.055161523 9.4713938 0.58051626 0.14466866 0.80129391 167.67971
180 0.75475338 0.28280889 -0.59191764 -105.10424 -0.31259056 0.94832258 0.054509741 9.5130404 0.57674475 0.14388647 0.80415313 168.48954
181 0.7566208 0.28410658 -0.58890445 -105.66203 -0.31469335 0.94771842 0.052893989 9.5467543 0.57314317 0.14530363 0.80646998 169.2486
182 0.76039304 0.28505509 -0.58356324 -106.21328 -0.31627567 0.94731548 0.050625678 9.5786872 0.56724965 0.14607145 0.81048815 170.01054
183 0.76408576 0.28735966 -0.57757891 -106.75866 -0.31948577 0.94636494 0.048188354 9.6094983 0.56044787 0.14770822 0.81491137 170.77223
184 0.76834279 0.29164686 -0.56972932 -107.29433 -0.32536424 0.94453065 0.044719712 9.6371063 0.55116921 0.15100949 0.82061484 171.52689
185 0.77324191 0.29425917 -0.56170145 -107.83706 -0.32877698 0.9434878 0.041669454 9.6610469 0.54222013 0.15245396 0.82629002 172.30918
186 0.78119766 0.30072307 -0.54707941 -108.77931 -0.33896234 0.94022747 0.03281334 9.6821103 0.52424687 0.15980563 0.83643736 173.66047
187 0.78000638 0.30410682 -0.54690869 -109.56973 -0.340645 0.93948067 0.036564054 9.6826753 0.52492957 0.15778153 0.83639346 174.84269
188 0.7762244 0.31078048 -0.54853551 -110.37597 -0.34616493 0.93726982 0.041170531 9.6967924 0.52692082 0.1579262 0.83511307 176.04327
189 0.77031868 0.31877541 -0.55226027 -110.98521 -0.35281105 0.93449858 0.047293326 9.7221024 0.53116242 0.15841261 0.83232926 176.93258
190 0.77690056 0.32146789 -0.54137228 -111.50664 -0.3571032 0.93313652 0.041634481 9.753927 0.51855844 0.16097994 0.83975156 177.69407
191 0.78616778 0.32411531 -0.52620292 -112.02438 -0.36133359 0.93181264 0.034104551 9.7790669 0.50137638 0.16332291 0.84967489 178.48851
192 0.7964788 0.32614046 -0.50916987 -112.52469 -0.36398036 0.93101561 0.026983563 9.7948113 0.48284557 0.16383601 0.86024298 179.30349
193 0.80800724 0.32881032 -0.48888455 -113.03525 -0.36738042 0.92989204 0.018229386 9.8042487 0.46060389 0.16487715 0.87215805 180.18368
194 0.82095629 0.33130026 -0.46504939 -113.5362 -0.3702798 0.92888509 0.008077275 9.8101388 0.43465348 0.16556732 0.88524792 181.10395
195 0.83336478 0.33412783 -0.44029736 -113.9955 -0.37272 0.92794292 -0.0012722548 9.8044072 0.40814575 0.1651679 0.89785115 182.00498
196 0.84343083 0.33703496 -0.41836813 -114.43443 -0.37495307 0.92699886 -0.0091210327 9.7881874 0.38475271 0.16456139 0.90823179 182.92575
197 0.85203374 0.34141731 -0.39682837 -114.85038 -0.37902706 0.92521451 -0.017790069 9.7616488 0.36107755 0.16556644 0.91772045 183.84067
198 0.85913882 0.34519122 -0.37778769 -115.24411 -0.38208551 0.92379337 -0.024826451 9.7251385 0.34042792 0.16567658 0.92555939 184.76329
199 0.86630476 0.3478589 -0.35848329 -115.59829 -0.38392498 0.92279778 -0.032337955 9.6859061 0.31955857 0.16564523 0.93297591 185.66401
200 0.87179553 0.35044428 -0.34228846 -115.92903 -0.38588243 0.92171688 -0.039148746 9.6381147 0.30177362 0.16621282 0.93877903 186.54708
201 0.87537032 0.35308638 -0.33023756 -116.23027 -0.38829967 0.92042548 -0.045168394 9.5852369 0.28801074 0.16777022 0.94281655 187.37453
202 0.87903114 0.35607447 -0.31704141 -116.5232 -0.39092411 0.91896558 -0.051773323 9.5330453 0.27291501 0.16944951 0.94699754 188.21678
203 0.88352446 0.35900111 -0.30083677 -116.80522 -0.39317452 0.9175172 -0.059798555 9.4768728 0.25455519 0.17111485 0.95179905 189.07711
204 0.88841898 0.36201332 -0.28223766 -117.07068 -0.39483296 0.91626295 -0.067594476 9.4115963 0.23413383 0.17148896 0.95696027 189.95477
205 0.89268328 0.36698351 -0.26160983 -117.33278 -0.3978159 0.91441748 -0.074719948 9.3375236 0.21179962 0.17077381 0.96227714 190.88638
206 0.89519527 0.37375758 -0.24275653 -117.55572 -0.40279146 0.9116329 -0.081758033 9.2533741 0.19074717 0.17096967 0.9666359 191.7438
207 0.89405718 0.3831695 -0.2320408 -117.75624 -0.41126296 0.90743624 -0.08615173 9.1626483 0.17755153 0.17245437 0.96888339 192.52842
208 0.89246455 0.39277343 -0.22189206 -117.94773 -0.41966686 0.9033067 -0.088975335 9.0714111 0.16548946 0.17252809 0.97100328 193.30471
209 0.89086442 0.40124154 -0.21299259 -118.13203 -0.42705744 0.89957626 -0.091566189 8.9753717 0.15486293 0.17253315 0.97275375 194.08203
210 0.88962148 0.40973752 -0.20171467 -118.31289 -0.43429379 0.89563096 -0.096093553 8.8654653 0.14128878 0.17309034 0.97471908 194.90003
211 0.88907092 0.4183637 -0.18580833 -118.48495 -0.44116909 0.89138884 -0.10390212 8.7355891 0.12215861 0.17434926 0.97707711 195.78511
212 0.8884656 0.4259369 -0.17089957 -118.66072 -0.44695355 0.88758746 -0.11144911 8.5877244 0.10421804 0.17540288 0.97896502 196.7641
213 0.88736795 0.43293146 -0.1585828 -118.83825 -0.45224713 0.88423229 -0.11664336 8.4230583 0.089725462 0.17522421 0.98043148 197.82955
214 0.88560958 0.43913106 -0.15119396 -118.98245 -0.45733977 0.88125164 -0.11931369 8.2835838 0.080845584 0.17481237 0.98127708 198.73257
215 0.88441592 0.44342999 -0.14552787 -119.1185 -0.46091103 0.87885601 -0.12317875 8.1558599 0.073276893 0.17601667 0.9816561 199.61595
216 0.88373818 0.44591684 -0.14200359 -119.25177 -0.46293087 0.87744318 -0.12565174 8.0316368 0.068569858 0.1767811 0.9818588 200.50723
217 0.88327394 0.44808504 -0.13801074 -119.38186 -0.46453373 0.87623966 -0.12811072 7.906808 0.063525996 0.17726752 0.98211036 201.4139
218 0.88310003 0.44975368 -0.13362631 -119.50701 -0.46551977 0.8754427 -0.12996653 7.7760626 0.058529255 0.17697915 0.98247279 202.31745
219 0.88321053 0.45086637 -0.12906858 -119.62567 -0.46593928 0.87487643 -0.13225622 7.6457209 0.053289176 0.17694822 0.98277651 203.20993
220 0.88407969 0.45125189 -0.12155192 -119.73385 -0.46515813 0.87475559 -0.13575877 7.5088254 0.045066821 0.17656245 0.98325722 204.10525
221 0.88447639 0.45307395 -0.11146988 -119.83285 -0.46538245 0.87379186 -0.14109161 7.3680086 0.033476548 0.17666834 0.98370102 205.00483
222 0.88439701 0.45656611 -0.096898627 -119.93022 -0.46643555 0.8720123 -0.14843285 7.2197927 0.016727389 0.17647054 0.98416382 205.95025
223 0.88368713 0.46079164 -0.082268776 -120.01716 -0.468078 0.86985295 -0.15575211 7.0594305 -0.00020753204 0.17614435 0.98436436 206.90611
224 0.8834805 0.46407601 -0.063997595 -120.08981 -0.46801351 0.86833304 -0.16419797 6.8897656 -0.020629112 0.17501745 0.98434923 207.87012
225 0.88285003 0.46766609 -0.043177404 -120.14384 -0.46757181 0.86656238 -0.17448819 6.7132454 -0.044186299 0.17423546 0.98371218 208.82669
226 0.88120535 0.4721951 -0.022559674 -120.1798 -0.46784741 0.86425978 -0.18486136 6.5250626 -0.067793217 0.17345532 0.98250568 209.78468
227 0.88011574 0.4747582 -0.00098137116 -120.19447 -0.46580989 0.86312404 -0.19503314 6.3200369 -0.091746545 0.17210888 0.9807962 210.76407
228 0.87757368 0.47912165 0.017518959 -120.19302 -0.46590681 0.86085065 -0.20461399 6.0886018 -0.11311621 0.17140167 0.97868599 211.83813
229 0.87601035 0.48096733 0.035725738 -120.17095 -0.46349976 0.86003989 -0.21330552 5.844459 -0.13331856 0.17029899 0.97633216 212.87862
230 0.8729127 0.48493576 0.05348602 -120.13163 -0.46293308 0.85789672 -0.22294857 5.584925 -0.15400123 0.1698542 0.97336183 213.95836
231 0.87014445 0.4877686 0.0702173 -120.06067 -0.46130618 0.85634787 -0.23208793 5.2956513 -0.17333565 0.16955836 0.9701571 215.13462
232 0.86698402 0.49050694 0.087986811 -119.96952 -0.45916601 0.85490279 -0.24146984 5.0071714 -0.19366282 0.16894995 0.96641125 216.25423
233 0.86313565 0.49387614 0.10527694 -119.85138 -0.45752059 0.85307525 -0.25087332 4.6890982 -0.21370951 0.16837135 0.96227824 217.45924
234 0.86022828 0.49501141 0.1223562 -119.70976 -0.45369497 0.85255641 -0.25943849 4.3567495 -0.23274059 0.16766395 0.9579774 218.668
235 0.85602221 0.49834573 0.13739553 -119.55321 -0.45249403 0.85086684 -0.26697315 4.0094634 -0.24995025 0.16636431 0.95385946 219.89267
236 0.85252575 0.49927439 0.15467697 -119.36983 -0.4479567 0.85039642 -0.27597212 3.6469051 -0.26932258 0.16598477 0.94863823 221.11042
237 0.84762311 0.50173342 0.17262291 -119.16634 -0.44441399 0.84906266 -0.28563732 3.2822781 -0.28988148 0.16539677 0.94266256 222.30931
238 0.84314791 0.50314167 0.18960508 -118.94296 -0.44015041 0.84840588 -0.29406626 2.91672 -0.30881908 0.16448661 0.93678974 223.46724
239 0.83692344 0.50663583 0.20707323 -118.70077 -0.4375021 0.84659868 -0.30308823 2.549382 -0.3288633 0.16306669 0.93019259 224.59629
240 0.83152103 0.50913771 0.22215218 -118.43627 -0.43460229 0.8453439 -0.3106677 2.1741966 -0.34596766 0.1617789 0.92419373 225.7113
241 0.82585916 0.51089635 0.23862437 -118.15311 -0.43023764 0.8444718 -0.31900287 1.7848253 -0.36448899 0.16078627 0.91722169 226.82714
242 0.81857332 0.51538391 0.25360831 -117.84693 -0.42919004 0.84222446 -0.3262725 1.3827284 -0.38175075 0.15823182 0.91062019 227.95937
243 0.81189927 0.51854205 0.26820468 -117.51814 -0.42670304 0.84063132 -0.33356166 0.96567327 -0.39842704 0.15637473 0.9037715 229.09537
244 0.80543697 0.51906633 0.28607948 -117.16365 -0.42014097 0.84049451 -0.34212633 0.52886903 -0.41803453 0.1553675 0.89504645 230.23881
245 0.7991397 0.51931737 0.3027957 -116.78375 -0.41349075 0.84047263 -0.35018715 0.079490315 -0.4363498 0.15464525 0.88638805 231.38063
246 0.79141736 0.51926717 0.32252163 -116.36655 -0.40395793 0.84027222 -0.36160817 -0.39914186 -0.45877726 0.15589783 0.87476818 232.53988
247 0.78095335 0.52233837 0.34245369 -115.92384 -0.39754561 0.83857925 -0.37248115 -0.8943575 -0.48173579 0.15474945 0.86254467 233.708
248 0.77116545 0.52324829 0.36265011 -115.44888 -0.38792349 0.83787946 -0.38402247 -1.4075496 -0.50479622 0.15546438 0.84912407 234.85015
249 0.76243157 0.52324713 0.38067122 -114.93637 -0.37810013 0.83767463 -0.39413372 -1.9493959 -0.52510801 0.15656816 0.83650946 235.99648
250 0.75438459 0.522419 0.39746987 -114.42516 -0.36908087 0.83828898 -0.40131133 -2.4849105 -0.54284732 0.15604457 0.82520722 237.09053
251 0.74722268 0.52152513 0.41190999 -113.7887 -0.3596625 0.8385447 -0.40924999 -3.1464542 -0.55883914 0.15765232 0.81415271 238.38593
252 0.73723649 0.52256055 0.42826728 -113.20772 -0.35119241 0.83790296 -0.41783058 -3.7447109 -0.57718825 0.15763575 0.801252 239.51484
253 0.72803324 0.52273529 0.44352615 -112.62942 -0.34308405 0.83794448 -0.42443169 -4.328553 -0.59351576 0.15683364 0.78939365 240.58204
254 0.71659958 0.52608631 0.45795008 -112.05579 -0.33990509 0.8367354 -0.42934634 -4.8843257 -0.60905632 0.15200986 0.77842371 241.59573
255 0.70715795 0.52638957 0.4720611 -111.46516 -0.33276985 0.83685486 -0.43467005 -5.4471986 -0.62385246 0.15029269 0.76695521 242.57928
256 0.69739272 0.53004474 0.48238574 -110.85761 -0.33210248 0.83545191 -0.43786749 -6.0113111 -0.6350995 0.14516411 0.75866731 243.56779
257 0.68997156 0.53171533 0.49113957 -110.231 -0.3291317 0.83478301 -0.44137232 -6.584468 -0.64467945 0.14288476 0.75098097 244.54546
258 0.68198377 0.53074562 0.50319704 -109.57024 -0.32146492 0.83552944 -0.44559032 -7.1846597 -0.65693111 0.14212519 0.74043367 245.53938
259 0.67240998 0.53125118 0.51539987 -108.8852 -0.31511203 0.83552455 -0.45011444 -7.8028011 -0.66975313 0.14025275 0.72921875 246.5407
260 0.66067251 0.53186785 0.52974376 -108.04637 -0.30511747 0.83503077 -0.45785022 -8.570858 -0.68586821 0.14085499 0.71396411 247.72022
261 0.64942906 0.52969947 0.54558262 -107.19802 -0.29111596 0.83600186 -0.46513683 -9.3357145 -0.70249088 0.14324558 0.69712793 248.84556
262 0.63309226 0.53119111 0.56305437 -106.49238 -0.28145565 0.83556682 -0.47181638 -9.9447985 -0.72109428 0.14022848 0.67849768 249.72669
263 0.61465492 0.5342207 0.58035127 -105.78068 -0.27556468 0.8348133 -0.47660335 -10.543237 -0.73909639 0.13302229 0.66033451 250.57873
264 0.60174377 0.53482569 0.5931829 -105.05405 -0.2680624 0.83485482 -0.48079088 -11.140619 -0.75236097 0.13030289 0.64573539 251.38363
265 0.58880353 0.53638841 0.60464693 -104.31488 -0.26182001 0.83430671 -0.48516232 -11.742452 -0.7646965 0.12735663 0.63168001 252.16937
266 0.57613452 0.53613736 0.61694877 -103.52744 -0.25223703 0.83459389 -0.48972381 -12.379137 -0.77746096 0.12652948 0.61607209 252.97191
267 0.56301565 0.53530224 0.6296546 -102.70041 -0.24053265 0.8350362 -0.49483177 -13.047023 -0.790669 0.12714556 0.59889616 253.77298
268 0.54832015 0.53489882 0.64282835 -101.75396 -0.2286113 0.83528274 -0.5000395 -13.815722 -0.80441403 0.12722392 0.58028632 254.65852
269 0.53353662 0.53378835 0.65605541 -100.73326 -0.21507214 0.83581152 -0.50513658 -14.642793 -0.81797476 0.12840963 0.5607391 255.56391
270 0.51732176 0.53417535 0.6686067 -99.690655 -0.20184917 0.83539238 -0.5112498 -15.480272 -0.83164606 0.12952295 0.53998955 256.44298
271 0.50102774 0.53447364 0.68066817 -98.606232 -0.18841925 0.8350078 -0.516972 -16.341848 -0.84467121 0.13076634 0.51906723 257.3018
272 0.4847888 0.53490696 0.69199306 -97.517506 -0.17534571 0.8345595 -0.52226832 -17.196878 -0.85687441 0.13185184 0.49837878 258.10728
273 0.47040901 0.53517741 0.70164132 -96.396534 -0.16353831 0.83420473 -0.52664748 -18.071533 -0.86716241 0.1329945 0.47993947 258.89034
274 0.45641521 0.53565961 0.7104604 -95.267091 -0.15268686 0.83378643 -0.53055329 -18.949781 -0.87656828 0.13367464 0.46234102 259.64487
275 0.44325054 0.53620645 0.7183395 -94.116915 -0.14297954 0.83339424 -0.53386401 -19.836724 -0.88492139 0.13392767 0.44606903 260.37768
276 0.42992671 0.53651665 0.72616316 -92.951832 -0.1334515 0.83321642 -0.53660132 -20.732277 -0.89294668 0.13379169 0.42982099 261.08756
277 0.4153333 0.53635927 0.73472241 -91.774985 -0.12153223 0.83315733 -0.53951706 -21.633964 -0.90151441 0.13478696 0.41122295 261.76847
278 0.40016471 0.53671816 0.74283366 -90.585384 -0.10973311 0.83279148 -0.54260195 -22.539062 -0.90984994 0.13561671 0.39214955 262.4177
279 0.38325148 0.53662342 0.75176701 -89.417134 -0.095507689 0.83257529 -0.54561576 -23.420032 -0.9186929 0.13730853 0.3703374 263.00735
280 0.36785864 0.53574335 0.76003889 -88.335596 -0.084020821 0.83315665 -0.54661722 -24.22628 -0.92607807 0.13721879 0.35149749 263.51916
281 0.35211093 0.53589541 0.76735522 -87.356436 -0.076357574 0.83357498 -0.54710342 -24.946776 -0.9328384 0.13404772 0.33443056 263.95262
282 0.33720115 0.53671125 0.77345746 -86.387705 -0.072467731 0.83393499 -0.54708385 -25.659865 -0.93863938 0.12842661 0.32009811 264.36905
283 0.32645766 0.53639318 0.77827231 -85.348205 -0.066880982 0.83442871 -0.54704255 -26.418144 -0.94284272 0.12653462 0.30828017 264.79186
284 0.31467741 0.53613279 0.78328781 -84.270311 -0.059470533 0.83472414 -0.54744749 -27.203424 -0.94733387 0.12568683 0.29455296 265.209
285 0.29635191 0.53618445 0.79036815 -83.081862 -0.046743371 0.83469317 -0.54872785 -28.064534 -0.95393431 0.12567209 0.27242601 265.64351
286 0.28372275 0.53488138 0.79586641 -81.85777 -0.034529365 0.83513355 -0.54896226 -28.943702 -0.95828451 0.12827233 0.25541552 266.03995
287 0.2681931 0.53530116 0.80095265 -80.641457 -0.022883856 0.83471652 -0.55020409 -29.814961 -0.96309338 0.12923207 0.23611499 266.41012
288 0.25043665 0.53574989 0.80638302 -79.437999 -0.0094263838 0.83423571 -0.55132731 -30.674708 -0.96808713 0.1304713 0.2139734 266.73508
289 0.2274115 0.535907 0.81307301 -78.200311 0.0047904565 0.83432392 -0.55125361 -31.552591 -0.97378701 0.12925641 0.18716763 267.05334
290 0.21212825 0.5350453 0.81775801 -76.936491 0.015943302 0.83479586 -0.5503286 -32.441388 -0.97711181 0.12977802 0.16855341 267.31866
291 0.19384065 0.53481964 0.82243163 -75.683219 0.02787758 0.83499075 -0.54955724 -33.321081 -0.98063689 0.12945395 0.14694568 267.55811
292 0.17730152 0.53386575 0.82677177 -74.412727 0.041593999 0.83526599 -0.54827051 -34.207404 -0.98327727 0.13159795 0.12588833 267.76333
293 0.16011855 0.53340687 0.83056559 -73.141043 0.053978208 0.83543123 -0.54693774 -35.085285 -0.98562086 0.13240733 0.1049757 267.92767
