4 0.99990506 0.013661867 0.0017957088 -0.0052036766 -0.013662354 0.99990663 0.00025925187 -0.02626565 -0.0017919992 -0.00028376086 0.99999835 0.68428788
5 0.99999749 0.0022373036 0.00011766971 0.0041251493 -0.0022370059 0.99999444 -0.0024721452 -0.014492033 -0.00012319999 0.0024718758 0.99999694 0.32473133
6 0.99999076 0.0041357708 -0.0011693364 0.0084198047 -0.0041393365 0.99998674 -0.0030635996 -0.011249634 0.0011566505 0.0030684116 0.99999462 0.3021055
7 0.99998623 0.0052115876 -0.00061862871 0.0078162607 -0.0052131729 0.99998306 -0.0025893332 -0.010309855 0.0006051237 0.0025925225 0.99999646 0.35959433
8 0.99993458 0.0032027827 -0.010980472 -0.014556175 -0.0032265066 0.9999925 -0.0021435208 -0.016229977 0.010973525 0.0021788091 0.99993742 0.32519652
9 0.99989108 0.0011459316 -0.01471477 -0.015651043 -0.0011504115 0.99999929 -0.00029599034 -0.0093768089 0.014714421 0.00031288614 0.99989169 0.31404439
10 0.99980552 0.0016975797 -0.019647958 -0.013813639 -0.0016927798 0.99999853 0.00026092095 -0.0060218681 0.019648372 -0.00022761054 0.99980693 0.29651368
11 0.99985793 0.00037964411 -0.016851817 -0.01183073 -0.00036511637 0.99999956 0.00086515608 -0.0032652397 0.016852138 -0.00085888029 0.99985762 0.2721274
12 0.99979719 0.0015106811 -0.020082034 -0.0091550641 -0.0015013984 0.99999876 0.00047731023 -0.0027577351 0.02008273 -0.00044706229 0.99979822 0.27734925
13 0.99970715 0.0010692415 -0.024175635 -0.018039824 -0.0010410185 0.99999876 0.0011799718 -0.0029791426 0.024176867 -0.001154459 0.99970703 0.32807951
14 0.99979042 0.0012703055 -0.020432977 -0.0039941333 -0.0012670671 0.99999918 0.00017143764 -0.0019379557 0.020433178 -0.00014551176 0.99979121 0.35365529
15 0.99973128 -0.0019134208 -0.0231021 0.00071337836 0.0019315805 0.99999784 0.00076377509 0.00085494038 0.023100588 -0.00080819341 0.99973282 0.42520718
16 0.99975616 -0.0022832464 -0.021963765 0.0068513843 0.0023266628 0.99999539 0.0019513784 -0.00015234749 0.021959208 -0.0020020049 0.99975686 0.65122683
17 0.99999089 0.0013407227 -0.0040527346 0.0099425144 -0.0013492601 0.99999688 -0.0021045637 -0.044785871 0.0040499003 0.0021100127 0.99998957 2.6174265
18 0.99998881 0.00090240873 -0.0046439016 0.0096949878 -0.00090496814 0.99999944 -0.00054906154 -0.044642292 0.0046434035 0.00055325798 0.99998907 2.5981232
19 0.99998251 0.0013022029 -0.0057692726 0.0078621509 -0.0013084282 0.99999857 -0.001075409 -0.047182351 0.0057678639 0.0010829389 0.99998278 2.5811893
20 0.99987491 -0.00018416314 -0.015815202 -0.0021493485 0.00023043974 0.9999957 0.0029243105 -0.021686455 0.015814595 -0.0029275892 0.99987066 1.2767273
21 0.9999465 -0.001250128 -0.01026791 0.0040698639 0.0012796587 0.99999506 0.0028699568 -0.013071195 0.010264271 -0.0028829427 0.99994317 0.90544774
22 0.99994042 0.0056804657 -0.0093211069 -0.0043762466 -0.0056694778 0.9999832 0.0012048229 -0.013104475 0.0093277943 -0.0011519054 0.99995583 0.7169781
23 0.99999544 0.0027884237 0.0011590655 0.0072980163 -0.0027877085 0.99999592 -0.00061816425 -0.010454993 -0.0011607845 0.00061493029 0.99999914 0.69542027
24 0.99999984 0.00017205424 -0.00053596719 0.0078146185 -0.00017241483 0.99999976 -0.00067279634 -0.013992515 0.0005358513 0.00067288864 0.99999963 0.70682678
25 0.99999695 0.0023292017 -0.0008262593 0.0015331183 -0.0023306184 0.99999581 -0.0017176973 -0.010061229 0.00082225497 0.0017196178 0.99999818 0.7109034
26 0.9999871 0.0006328229 -0.0050389442 -0.0061202673 -0.00063746319 0.99999937 -0.00091933225 -0.0072262614 0.0050383593 0.00092253253 0.99998688 0.7251009
27 0.99997403 -0.0015277362 -0.0070431241 -0.00094781833 0.0015454192 0.99999567 0.0025059081 -0.0089839562 0.0070392652 -0.0025167276 0.99997206 0.76947209
28 0.99997978 0.0018678476 -0.0060782342 -0.0062050382 -0.0018506691 0.99999428 0.0028306214 -0.011093495 0.0060834866 -0.0028193154 0.99997752 0.84744442
29 0.99992452 -0.00055394498 -0.012274054 -0.0051898317 0.00058075306 0.99999745 0.0021806691 -0.03614832 0.012272815 -0.0021876327 0.99992229 1.7755921
30 0.99989888 0.00072712106 -0.014202025 -0.0071626067 -0.00069855476 0.99999772 0.0020162815 -0.033197551 0.014203458 -0.0020061567 0.99989711 1.8166498
31 0.99998176 0.0031847093 -0.0051322322 -0.014061104 -0.0031876045 0.99999476 -0.00055603445 -0.016970602 0.0051304345 0.00057238384 0.99998668 0.77249683
32 0.99998394 0.0035108117 -0.0044482531 -0.0075704555 -0.0035162244 0.99999309 -0.0012095614 -0.017714849 0.0044439758 0.0012251831 0.99998937 0.75475124
33 0.99999075 0.0042024586 -0.00091125543 0.0011253669 -0.0042039741 0.99998977 -0.0016676221 -0.0075425537 0.000904238 0.0016714376 0.99999819 0.7724115
34 0.9999929 -0.00060098904 -0.0037188723 0.0045468715 0.00059939377 0.99999973 -0.00043006462 -0.0054120312 0.0037191297 0.0004278325 0.99999299 0.7725592
35 0.99997132 0.0034333726 -0.0067513509 -0.00046060922 -0.0034427664 0.99999312 -0.0013802597 -0.004424889 0.0067465655 0.0014034635 0.99997626 0.77026987
36 0.9999707 0.00041873954 -0.0076440428 0.0039289622 -0.00041993535 0.9999999 -0.00015483206 -0.0040503791 0.0076439772 0.00015803753 0.99997077 0.80049159
37 0.99994184 0.0069652925 -0.0082343382 -0.0096206249 -0.0069696171 0.99997559 -0.00049661265 -0.0085852064 0.0082306782 0.00055397395 0.99996597 0.8064603
38 0.99997819 0.0037164709 -0.0054598975 -0.0038151051 -0.0037235197 0.99999225 -0.0012814017 -0.0085164113 0.0054550929 0.0013017038 0.99998427 0.77826954
39 0.99998719 0.0042414842 -0.0027637489 -0.0048257752 -0.0042448281 0.99999026 -0.0012051856 -0.0064003826 0.0027586103 0.0012169018 0.99999545 0.77826076
40 0.99998661 0.0047167821 -0.0021287049 -0.0081164478 -0.0047192307 0.99998821 -0.0011467231 -0.0043428214 0.002123271 0.0011567536 0.99999708 0.78234795
41 0.99998451 0.002805246 -0.004807506 -0.011147516 -0.002807535 0.99999595 -0.00046943363 -0.0012013864 0.0048061697 0.00048292359 0.99998833 0.79179193
42 0.99996609 0.0029129973 -0.007702423 -0.014472743 -0.0029111953 0.99999573 0.0002451552 -0.0013413055 0.0077031043 -0.00022272363 0.99997031 0.80472633
43 0.99993889 0.0030964541 -0.010612297 -0.018270994 -0.0030941145 0.99999519 0.00023687631 -0.0031606323 0.010612979 -0.00020402617 0.99994366 0.81483265
44 0.99994823 0.002098835 -0.0099560864 -0.01762064 -0.0020948571 0.99999772 0.00040996298 -0.0027491784 0.0099569242 -0.00038908518 0.99995035 0.85019762
45 0.99997719 0.0019718805 -0.0064603381 -0.010868105 -0.0019693351 0.99999798 0.00040034021 -0.0043954154 0.0064611145 -0.0003876085 0.99997905 0.88864703
46 0.99997892 0.0025448635 -0.0059732469 -0.0074100443 -0.0025410493 0.99999656 0.00064604016 -0.0082985742 0.0059748704 -0.00063084823 0.99998195 0.87484823
47 0.99997257 0.0051461064 -0.0053267177 -0.0032041312 -0.0051482039 0.99998668 -0.00038012399 -0.013464636 0.0053246906 0.00040753659 0.99998574 1.0112431
48 0.99997226 0.0043571807 -0.0060402827 0.0058493629 -0.0043497122 0.99998976 0.0012490372 -0.0087235594 0.0060456632 -0.001222729 0.99998098 1.0604561
49 0.99994315 0.0056796374 -0.009024442 0.0053332996 -0.0056759072 0.9999838 0.00043890046 -0.010215977 0.0090267886 -0.00038765361 0.99995918 1.0359173
50 0.99992567 0.0051707979 -0.011041242 0.0035926968 -0.0051717857 0.99998662 -6.0913005e-05 -0.018402686 0.011040779 0.00011801141 0.99993904 1.2910611
51 0.99997936 0.0038215418 -0.0051651741 -0.0018445944 -0.0038229177 0.99999266 -0.00025654023 -0.010710273 0.0051641558 0.00027628097 0.99998663 0.8959154
52 0.99999395 0.0012021824 -0.0032653123 0.0025297688 -0.0012003838 0.99999913 0.00055273952 -0.011393199 0.003265974 -0.00054881654 0.99999452 0.90522859
53 0.99999999 0.00015050565 -2.4788494e-05 0.00809152 -0.00015049862 0.99999995 0.00028354305 -0.017167074 2.4831167e-05 -0.00028353932 0.99999996 0.90056618
54 0.99999328 0.0016820293 -0.0032567839 0.0021977437 -0.0016812703 0.99999856 0.00023578068 -0.013718636 0.0032571758 -0.00023030356 0.99999467 0.90433496
55 0.9999834 0.00093672524 -0.0056850142 0.0030228791 -0.00093625227 0.99999956 8.5856507e-05 -0.014357851 0.0056850921 -8.0532475e-05 0.99998384 0.90276573
56 0.99996833 0.0014477419 -0.0078256231 -0.00045656422 -0.0014463382 0.99999894 0.00018503758 -0.014184634 0.0078258826 -0.00017371322 0.99996936 0.89764042
57 0.99995708 0.0014290061 -0.0091541707 -0.0088826183 -0.0014230764 0.99999877 0.00065424845 -0.010758414 0.0091550944 -0.00064119329 0.99995789 0.90330517
58 0.99997693 0.0014572927 -0.0066346399 -0.0054220461 -0.0014506001 0.99999843 0.0010134305 -0.015773652 0.0066361064 -0.0010037829 0.99997748 0.89681187
59 0.99999042 0.0013335095 -0.0041703258 -0.0027716444 -0.0013297682 0.99999871 0.00089976099 -0.018510579 0.0041715202 -0.0008942068 0.9999909 0.90555739
60 0.99999443 0.0011244804 -0.0031431072 0.00081376211 -0.0011219346 0.99999904 0.00081158068 -0.015764578 0.0031440168 -0.0008080498 0.99999473 0.9093285
61 0.99999478 0.0021423042 -0.0024205106 0.0011919646 -0.0021403427 0.99999738 0.00081268724 -0.018214279 0.0024222452 -0.00080750227 0.99999674 0.91320065
62 0.99999049 0.002161607 -0.0037867273 0.00039444379 -0.0021597764 0.99999755 0.00048746159 -0.014773377 0.0037877717 -0.00047927847 0.99999271 0.91202133
63 0.99997403 -0.0005438486 -0.007185684 0.0013407816 0.00055913165 0.99999759 0.0021250368 -0.014004255 0.007184511 -0.0021289994 0.99997192 0.91426905
64 0.99999183 0.0023154331 -0.003312452 -0.0020822129 -0.0023112984 0.99999655 0.0012515064 -0.012607168 0.0033153383 -0.0012438401 0.99999373 0.97670683
65 0.99998385 0.0036695557 -0.0043390629 -0.00079451516 -0.0036677916 0.99999319 0.00041445269 -0.012743912 0.0043405542 -0.00039853122 0.9999905 0.99274986
66 0.99998972 0.004131258 -0.0018709302 0.00012211458 -0.004131954 0.9999914 -0.00036827046 -0.011653554 0.0018693927 0.00037599727 0.99999818 0.9790996
67 0.99999748 0.0017197623 -0.0014454288 0.0013826928 -0.0017185936 0.9999982 0.00080940615 -0.0085439657 0.0014468182 -0.00080692 0.99999863 0.96984673
68 0.99999519 0.0026681629 -0.001580051 0.00011537316 -0.0026676516 0.99999639 0.00032566074 -0.0065466041 0.0015809142 -0.00032144415 0.9999987 0.96518079
69 0.99999599 0.0024646365 -0.001395302 0.0034462262 -0.0024639778 0.99999685 0.00047357922 -0.002624073 0.0013964648 -0.00047013933 0.99999891 1.0029666
70 0.99999369 0.0027380126 -0.0022631098 0.0011571336 -0.0027361829 0.99999593 0.0008112095 -0.00041660589 0.0022653217 -0.0008050121 0.99999711 1.034405
71 0.99999314 0.0026507767 -0.0025878377 0.0018341519 -0.0026495339 0.99999637 0.00048357189 -0.0018806867 0.0025891101 -0.00047671201 0.99999653 1.0657726
72 0.99999642 0.0016149626 -0.0021346886 0.0046642558 -0.0016135924 0.99999849 0.00064342437 0.0015765046 0.0021357245 -0.00063997755 0.99999751 1.0628246
73 0.99999567 0.002007238 -0.0021498709 0.0020940267 -0.0020063188 0.9999979 0.00042962584 -0.0027932039 0.0021507287 -0.00042531066 0.9999976 1.0380317
74 0.9999941 0.0010985719 -0.0032551904 -0.001997306 -0.0010948255 0.99999874 0.0011524619 -0.0056149896 0.0032564523 -0.0011488913 0.99999404 1.0558587
75 0.99999088 0.0017677363 -0.0038866408 -0.0074857297 -0.001761584 0.99999719 0.0015857919 -0.0066654821 0.0038894331 -0.0015789308 0.99999119 1.0459156
76 0.99997484 0.0039114779 -0.0059177159 -0.0041437622 -0.0039090745 0.99999227 0.00041764376 -0.017132174 0.0059193038 -0.00039450046 0.9999824 1.1773373
77 0.99999642 0.0025237784 0.00088907093 -0.0032602392 -0.0025250457 0.99999579 0.0014271616 -0.015896241 -0.00088546535 -0.0014294015 0.99999859 1.0593346
78 0.99998695 0.0044345249 0.0025381127 0.0018084569 -0.0044358878 0.99999002 0.00053161941 -0.014660449 -0.0025357299 -0.00054287125 0.99999664 1.0307763
79 0.99999113 0.0037037875 0.0020077249 0.0025196588 -0.0037048613 0.999993 0.00053136373 -0.023715497 -0.0020057428 -0.00053879735 0.99999784 1.0094616
80 0.99999744 0.0021986416 0.00054176331 -0.0035597811 -0.0021993116 0.99999681 0.001239249 -0.015268375 -0.00053903692 -0.0012404373 0.99999909 1.0492688
81 0.99999057 0.0035794046 0.0024610808 0.0050468827 -0.003581746 0.99999314 0.00094762163 -0.0096106931 -0.002457672 -0.00095642765 0.99999652 1.1006363
82 0.99999245 0.003679495 0.0012460475 0.0084823819 -0.0036800642 0.99999313 0.00045484857 -0.0062297519 -0.0012443654 -0.00045943067 0.99999912 1.1123902
83 0.99999308 0.002123421 -0.003053809 0.0023081599 -0.0021218501 0.99999761 0.00051756149 -0.0089433823 0.0030549007 -0.00051107819 0.9999952 1.1156102
84 0.99998787 0.0018037141 -0.0045835348 -0.0012488123 -0.0018013114 0.99999824 0.00052828394 -0.011831227 0.0045844796 -0.00052002116 0.99998936 1.1378521
85 0.99996845 0.0044850488 -0.0065558131 -0.008868466 -0.0044857658 0.99998993 -9.4665447e-05 -0.016045335 0.0065553225 0.0001240703 0.99997851 1.1460981
86 0.99998611 0.003389773 -0.0040355364 -0.0075385359 -0.0033911848 0.99999419 -0.00034303989 -0.015526334 0.0040343501 0.00035672038 0.9999918 1.0857312
87 0.99999135 0.0033586126 -0.0024526612 -0.012386376 -0.0033585215 0.99999436 4.1275724e-05 -0.016597618 0.002452786 -3.3038052e-05 0.99999699 1.0929199
88 0.99999279 0.0024552312 -0.0028978383 -0.012270705 -0.0024500333 0.99999539 0.00179593 -0.011687986 0.0029022343 -0.0017888173 0.99999419 1.0937082
89 0.99997806 0.00053970289 -0.00660149 0.0029036525 -0.00053996359 0.99999985 -3.7708251e-05 -0.022896649 0.0066014686 4.1271988e-05 0.99997821 1.2502555
90 0.99999422 0.0001554482 -0.0033967705 -0.0059353038 -0.00016320932 0.99999738 -0.0022846951 -0.035153404 0.0033964064 0.0022852363 0.99999162 2.0273132
91 0.99999778 0.0015329786 -0.0014462218 -2.3086793e-05 -0.0015352931 0.99999754 -0.0016006292 -0.03735991 0.0014437645 0.0016028461 0.99999767 2.0923512
92 0.99999469 -0.0024735655 -0.0021217176 0.007425121 0.0024751851 0.99999665 0.0007610225 -0.037706849 0.0021198281 -0.00076627011 0.99999746 1.8989141
93 0.99999964 0.00076097065 0.00036237048 0.004058953 -0.00075982057 0.99999471 -0.0031634211 -0.040122247 -0.00036477583 0.0031631446 0.99999493 1.825146
94 0.99999631 -0.0015964264 -0.0021963651 0.00087517204 0.0015904184 0.999995 -0.0027344527 -0.036204112 0.0022007194 0.0027309494 0.99999385 1.8346198
95 0.9999992 -0.00061854722 -0.0011015458 0.0029706375 0.00061709618 0.99999894 -0.0013171234 -0.035261667 0.0011023594 0.0013164425 0.99999853 1.9310849
96 0.99999838 0.0013132449 -0.0012288758 0.0021964357 -0.0013154826 0.99999748 -0.0018219179 -0.040983273 0.0012264801 0.0018235315 0.99999759 2.0945314
97 0.9999937 0.00066484808 -0.003485676 0.0033351394 -0.0006727585 0.9999972 -0.0022687259 -0.042149495 0.0034841579 0.0022710566 0.99999135 2.0702062
98 0.9999048 -0.00062466036 -0.01378424 -0.0025453251 0.00063373382 0.99999959 0.00065389112 -0.016031109 0.013783826 -0.00066256441 0.99990478 1.3490793
99 0.99987616 0.00036099246 -0.015733529 -0.0046389377 -0.00034332667 0.99999931 0.0011254983 -0.010408207 0.015733924 -0.0011199572 0.99987559 1.2767409
100 0.99992831 0.0014088721 -0.011891015 -0.0061988934 -0.0014337672 0.9999968 -0.0020853466 -0.025056211 0.011888039 0.002102246 0.99992712 1.5181317
101 0.99993208 0.0012437084 -0.011588544 -0.00055092828 -0.0012462774 0.9999992 -0.00021446397 -0.021869892 0.011588268 0.00022889194 0.99993283 1.463372
102 0.99998063 -0.00037038555 -0.0062131168 -0.0034303776 0.00037783549 0.99999921 0.0011979365 -0.016596841 0.0062126682 -0.0012002608 0.99997998 1.4023656
103 0.99999401 0.00069117807 -0.0033907516 0.001849682 -0.00068916669 0.99999959 0.00059432997 -0.014211639 0.003391161 -0.00059198962 0.99999407 1.3621629
104 0.99998496 0.0025056569 -0.0048786258 0.0049993702 -0.0025026096 0.99999667 0.0006306182 -0.0056883 0.0048801897 -0.00061839942 0.9999879 1.2521864
105 0.99998117 0.0022841215 -0.0056958851 0.0033829334 -0.0022805604 0.9999972 0.0006316172 -0.0085199958 0.0056973119 -0.0006186155 0.99998358 1.2629086
106 0.99998835 0.0035803219 -0.0032389068 0.00098125012 -0.0035793106 0.99999354 0.00031796504 -0.0078616053 0.0032400243 -0.00030636828 0.9999947 1.2634647
107 0.99999005 0.0036595104 -0.0025509185 -0.0013958744 -0.003659398 0.9999933 4.8714201e-05 -0.0081373635 0.0025510797 -3.937889e-05 0.99999675 1.238292
108 0.99998169 0.00054166554 -0.0060274013 0.0030275152 -0.00054033999 0.99999983 0.00022154571 -0.0083135483 0.0060275202 -0.00021828481 0.99998181 1.2462778
109 0.99997092 0.00036179394 -0.0076179659 0.0036817283 -0.0003651985 0.99999983 -0.00044552535 -0.01058173 0.0076178035 0.00044829446 0.99997088 1.2580819
110 0.99995934 0.0010231272 -0.0089591093 0.0028750118 -0.0010228604 0.99999948 3.4360795e-05 -0.01040512 0.0089591398 -2.519548e-05 0.99995987 1.2812427
111 0.9999425 0.0022705815 -0.010480238 -0.0030028228 -0.0022652182 0.9999973 0.00052359064 -0.0091821701 0.010481399 -0.00049982051 0.99994494 1.2779373
112 0.99996587 0.0024962325 -0.0078760195 -0.010527018 -0.002480221 0.99999484 0.0020420542 -0.010610917 0.0078810763 -0.0020224502 0.9999669 1.2496393
113 0.99999669 -0.0011324225 -0.0023105429 -0.001829189 0.00112823 0.99999772 -0.001814978 -0.040373739 0.002312593 0.0018123651 0.99999568 1.9974331
114 0.9999982 -0.00020436206 -0.0018861193 -0.0013578743 0.00019957295 0.99999676 -0.0025389762 -0.042757029 0.001886632 0.0025385952 0.999995 2.1752085
115 0.99994145 -0.00023371856 -0.010818543 0.0026208043 0.00027914731 0.99999115 0.0041978359 -0.015279036 0.010817466 -0.00420061 0.99993267 1.0877349
116 0.99999646 -0.0013807111 -0.0022727769 0.0050697639 0.0013839273 0.99999804 0.0014141336 -0.01551337 0.0022708199 -0.001417274 0.99999642 1.1462079
117 0.99998704 0.0011957967 -0.0049484595 0.003421753 -0.0011999883 0.99999892 -0.00084416414 -0.016500357 0.0049474448 0.0008500913 0.9999874 1.1385356
118 0.9999733 -0.0023019061 -0.0069359499 0.0030363445 0.0022992791 0.99999728 -0.00038670743 -0.018975077 0.0069368212 0.00037074942 0.99997587 1.1740643
119 0.99997625 -0.0010549782 -0.0068105006 0.0043051279 0.0010485722 0.999999 -0.00094409815 -0.021970487 0.0068114899 0.00093693443 0.99997636 1.2772048
120 0.99997435 -8.0597878e-06 -0.007161808 0.003556086 6.9107347e-06 0.99999999 -0.00016046649 -0.016723824 0.0071618092 0.00016041288 0.99997434 1.2638088
121 0.99997594 0.0027009217 -0.0063888503 -5.7171741e-05 -0.0027040933 0.99999622 -0.00048784334 -0.019807598 0.0063875086 0.00050510765 0.99997947 1.2952621
122 0.99998703 0.0019429602 -0.004707148 0.0014207719 -0.0019416185 0.99999807 0.00028960406 -0.015492031 0.0047077016 -0.00028046082 0.99998888 1.2850217
123 0.99997283 0.00025801248 -0.0073663313 -8.1502992e-06 -0.00024687784 0.99999883 0.0015124264 -0.010671528 0.0073667128 -0.0015105668 0.99997172 1.2364131
124 0.99999255 0.0015961464 -0.0035135057 0.001611614 -0.0015981198 0.99999857 -0.00055893919 -0.013749313 0.0035126085 0.00056455003 0.99999367 1.2506488
125 0.99997144 -9.3696374e-05 -0.0075575834 0.0028186193 8.9234663e-05 0.99999982 -0.00059069722 -0.011854406 0.0075576374 0.00059000595 0.99997127 1.2567397
126 0.99995948 -0.00043517222 -0.0089911827 0.0018587675 0.00043301287 0.99999988 -0.00024210831 -0.012236432 0.008991287 0.0002382052 0.99995955 1.2581052
127 0.99997095 0.0016691391 -0.0074379237 0.002922633 -0.0016720661 0.99999853 -0.00038732249 -0.011187967 0.0074372663 0.00039974794 0.99997226 1.2872825
128 0.99994257 0.0015331024 -0.010606962 0.0012321733 -0.001534924 0.99999881 -0.00016359468 -0.008637699 0.010606699 0.00017986617 0.99994373 1.2576353
129 0.99987893 0.00094404977 -0.015531991 -0.0028668881 -0.00093884359 0.9999995 0.00034247858 -0.0040203219 0.015532306 -0.00032785501 0.99987931 1.2564652
130 0.99989977 0.0011765984 -0.014108758 -0.0011131688 -0.0011529026 0.99999791 0.0016875226 -0.0076862318 0.014110714 -0.0016710875 0.99989904 1.3114498
131 0.99993598 0.0028839869 -0.010941527 0.00053538843 -0.0028741464 0.99999545 0.00091498892 -0.014637592 0.010944116 -0.0008834828 0.99993972 1.4115897
132 0.99995697 0.0024875269 -0.0089372725 -0.00011171665 -0.002485719 0.99999689 0.00021339344 -0.020136775 0.0089377755 -0.00019116871 0.99996004 1.4169519
133 0.99997005 0.0009550815 -0.0076803412 -0.0036922715 -0.00095466314 0.99999954 5.8138025e-05 -0.022410762 0.0076803932 -5.0804145e-05 0.9999705 1.3992188
134 0.99991421 0.001201879 -0.013043136 -0.0040094645 -0.0011974643 0.99999922 0.00034627041 -0.013604172 0.013043542 -0.00033062201 0.99991487 1.3145336
135 0.99990994 0.0018996313 -0.01328539 -0.0045828768 -0.0018945972 0.99999813 0.00039149734 -0.0094603789 0.013286109 -0.00036629162 0.99991167 1.2893006
136 0.99992762 2.6725711e-05 -0.01203179 -0.002843544 -2.8573488e-05 0.99999999 -0.00015340268 -0.010281886 0.012031785 0.00015373537 0.9999276 1.2661493
137 0.99993723 -6.4871014e-06 -0.011204298 -0.010042767 1.4952929e-05 0.99999971 0.00075550386 -0.0098302146 0.01120429 -0.00075562397 0.99993694 1.2443704
138 0.99994743 7.1049561e-05 -0.010253078 -0.010155341 -5.948026e-05 0.99999936 0.0011286741 -0.0070750321 0.010253151 -0.0011280049 0.9999468 1.2204815
139 0.99996279 -0.00036218126 -0.0086193037 -0.0033023738 0.00035988969 0.9999999 -0.0002674139 -0.015308875 0.0086193997 0.00026430195 0.99996282 1.2570102
140 0.99997155 -7.9793395e-05 -0.0075430471 -0.0016295534 7.4811888e-05 0.99999978 -0.00066069031 -0.018485244 0.0075430982 0.00066010721 0.99997133 1.2754917
141 0.99997922 0.00095378195 -0.0063759046 0.0030875166 -0.00095917554 0.99999918 -0.00084292906 -0.019267809 0.0063750954 0.00084902715 0.99997932 1.2980648
142 0.99997895 0.0016822204 -0.0062665891 -0.0015096242 -0.0016901673 0.99999777 -0.0012630619 -0.022351484 0.0062644504 0.0012736269 0.99997957 1.2944463
143 0.99997721 0.00099060177 -0.0066781221 -0.0020377516 -0.00099809024 0.99999888 -0.0011181042 -0.021851362 0.006677007 0.0011247441 0.99997708 1.3030938
144 0.99997386 0.0012022079 -0.0071296322 -0.0012583751 -0.0012100689 0.99999866 -0.0010983757 -0.021069084 0.0071283022 0.0011069743 0.99997398 1.3027185
145 0.99997634 0.0014010787 -0.0067352377 -0.000787259 -0.0014078208 0.99999851 -0.00099638055 -0.022306247 0.0067338317 0.001005839 0.99997682 1.2998382
146 0.9999781 0.0026184388 -0.0060784488 -0.0017688168 -0.0026271123 0.99999554 -0.0014193784 -0.01954063 0.0060747051 0.0014353161 0.99998052 1.3012129
147 0.99998091 0.0010490358 -0.0060887845 -0.0021694509 -0.0010544928 0.99999905 -0.00089308521 -0.019148252 0.0060878418 0.00089948874 0.99998106 1.3006361
148 0.9999868 0.0019770736 -0.0047428442 -0.00080693654 -0.0019801779 0.99999783 -0.00064991346 -0.016098191 0.004741549 0.00065929655 0.99998854 1.306157
149 0.99998805 0.0018515547 -0.004525134 -0.00072556356 -0.0018523599 0.99999827 -0.00017374096 -0.015606499 0.0045248044 0.00018212106 0.99998975 1.2339384
150 0.99998972 0.003444084 -0.0029483098 6.4172808e-05 -0.0034460973 0.99999383 -0.00067806111 -0.014971269 0.0029459563 0.00068821431 0.99999542 1.1928031
151 0.99999542 0.0021173037 -0.0021611557 0.0017615577 -0.0021172795 0.99999776 1.3507655e-05 -0.01610348 0.0021611795 -8.9318221e-06 0.99999766 1.1586877
152 0.99999406 0.0033117724 -0.00095750441 -0.00090081637 -0.0033104717 0.9999936 0.001356779 -0.015698081 0.00096199162 -0.0013536012 0.99999862 1.1436922
153 0.99999507 0.0029057631 -0.0011926518 -0.00063899572 -0.0029046436 0.99999534 0.00093926998 -0.017525125 0.0011953755 -0.00093580112 0.99999885 1.1977105
154 0.99999727 0.0022722986 -0.00053721894 -0.0032124982 -0.0022719754 0.99999724 0.00060146671 -0.021734357 0.00053858417 -0.00060024452 0.99999967 1.1625997
155 0.99999269 0.003806087 0.0003519904 -0.00054905183 -0.0038061084 0.99999275 6.0313501e-05 -0.021699171 -0.00035175829 -6.1652774e-05 0.99999994 1.2011035
156 0.99999309 0.0035972031 0.00094055896 0.0011120499 -0.0035980255 0.99999315 0.00087412701 -0.02129604 -0.0009374081 -0.00087750513 0.99999918 1.2165137
157 0.99998181 0.0047059796 0.0037722197 -0.0017451675 -0.0047072282 0.99998887 0.00032217064 -0.021521076 -0.0037706616 -0.00033992148 0.99999283 1.1737279
158 0.99996808 0.0045164328 0.0065910102 0.00093812603 -0.0045126395 0.99998964 -0.00059027513 -0.012645852 -0.0065936079 0.00056051343 0.9999781 1.1877752
159 0.99996749 0.003723877 0.0071514904 0.006111554 -0.0037193681 0.99999288 -0.00064367921 -0.0075628763 -0.0071538364 0.00061705927 0.99997422 1.228632
160 0.99995009 0.0030455736 0.0095156576 0.010093038 -0.0030430675 0.99999533 -0.00027783831 -0.0021477548 -0.0095164594 0.00024886766 0.99995469 1.2420793
161 0.99992713 0.0040760939 0.01136341 0.0083540932 -0.0040735938 0.99999167 -0.00024315038 -0.0049643937 -0.011364306 0.00019684274 0.9999354 1.2391611
162 0.99993165 0.0042522488 0.010891038 0.0078334738 -0.004246785 0.99999084 -0.00052476015 -0.0060342738 -0.01089317 0.00047847238 0.99994055 1.2381831
163 0.99991629 0.0035708762 0.012436065 0.006583716 -0.0035720459 0.99999362 7.1842998e-05 -0.0092127588 -0.012435729 -0.00011625918 0.99992267 1.2117658
164 0.99988378 0.0039175884 0.014733287 0.0064075303 -0.0039152806 0.99999232 -0.0001854838 -0.011906433 -0.014733901 0.00012777729 0.99989144 1.2085673
165 0.99990182 0.0053754416 0.012940618 0.0057029701 -0.0053719147 0.99998552 -0.00030728739 -0.011570683 -0.012942083 0.00023774132 0.99991622 1.1587866
166 0.99989436 0.0037849873 0.014033295 0.0098969938 -0.003783127 0.99999283 -0.00015910748 -0.011232385 -0.014033796 0.00010600094 0.99990152 1.152904
167 0.99988188 0.0033112389 0.015008572 0.013356031 -0.00331488 0.99999448 0.00021772776 -0.011514977 -0.015007768 -0.00026745366 0.99988734 1.1576832
168 0.99989211 0.0031248846 0.014353009 0.012549724 -0.0031335978 0.99999492 0.00058461397 -0.016593635 -0.014351109 -0.00062952745 0.99989682 1.1042813
169 0.99977883 0.00076691735 0.021016765 0.021743974 -0.00078621018 0.99999928 0.00090972602 -0.011091748 -0.021016052 -0.0009260484 0.99977871 1.0771972
170 0.99980437 0.0017383178 0.019702655 0.018486784 -0.0017471904 0.99999838 0.00043312312 -0.015323401 -0.01970187 -0.00046746268 0.99980579 1.0348429
171 0.99983346 0.00093511474 0.018225826 0.017260932 -0.0009526669 0.99999909 0.00095437936 -0.0182417 -0.018224917 -0.00097158356 0.99983344 1.0167535
172 0.99984436 8.0022853e-05 0.017642453 0.017094251 -0.00010951706 0.9999986 0.001670815 -0.016028508 -0.017642295 -0.0016724871 0.99984296 1.0167428
173 0.99985873 0.0013944211 0.016750446 0.013306688 -0.0014147398 0.99999828 0.001201238 -0.0153372 -0.016748742 -0.0012247658 0.99985898 1.0487473
174 0.99989291 0.0015716276 0.014549984 0.011757008 -0.0015888625 0.99999805 0.0011730457 -0.018255713 -0.014548112 -0.001196038 0.99989346 1.0436311
175 0.99989959 0.0040106439 0.013591284 0.0051095262 -0.0040125842 0.99999194 0.00011549836 -0.019971317 -0.013590711 -0.00017002294 0.99990763 1.0843915
176 0.99990924 0.0025832455 0.013222746 0.0080349391 -0.0025837409 0.99999666 2.0386937e-05 -0.016651737 -0.013222649 -5.4549237e-05 0.99991258 1.11469
177 0.9999417 0.0017340394 0.010657658 0.0096197015 -0.0017413543 0.99999825 0.00067711447 -0.009111406 -0.010656465 -0.00069563376 0.99994298 1.1257833
178 0.99994189 -0.00081169128 0.010749336 0.01634993 0.00079557487 0.99999855 0.0015034848 -0.0057542883 -0.010750541 -0.0014948455 0.99994109 1.0680839
179 0.99996519 0.00021022562 0.0083406547 0.015970152 -0.00021893158 0.99999943 0.0010428981 -0.0081692652 -0.0083404307 -0.0010446878 0.99996467 1.0407109
180 0.99998883 -0.00014733015 0.0047244041 0.010347843 0.00014322125 0.99999961 0.00087004488 -0.011141999 -0.0047245305 -0.00086935852 0.99998846 1.0051619
181 0.99998956 0.0019856276 0.0041155231 0.0062578133 -0.0019842173 0.99999797 -0.0003467311 -0.016555887 -0.0041162033 0.00033856139 0.99999147 0.94240583
182 0.99997427 0.0012845354 0.0070580771 0.0095577603 -0.0012842258 0.99999917 -4.8393868e-05 -0.01564006 -0.0070581334 3.9328457e-05 0.99997509 0.94080676
183 0.9999649 0.0029814716 0.0078303734 0.0076283049 -0.0029819001 0.99999555 4.3052899e-05 -0.015011685 -0.0078302103 -6.6400779e-05 0.99996934 0.93716523
184 0.99993061 0.0057120114 0.010302442 0.004825353 -0.0057104137 0.99998368 -0.00018449622 -0.016334352 -0.010303327 0.00012565222 0.99994691 0.92569809
185 0.99994213 0.003142594 0.010288582 0.0063787117 -0.0031460244 0.999995 0.00031724593 -0.017540755 -0.010287534 -0.0003495957 0.99994702 0.95223713
186 0.99975496 0.010056302 0.019720154 -0.002810417 -0.010008801 0.99994677 -0.002505965 -0.051381553 -0.019744305 0.0023079759 0.9998024 1.6467055
187 0.99999764 0.001835388 -0.0011610016 0.0021052225 -0.0018312318 0.99999195 0.0035708486 -0.048242325 0.0011675461 -0.0035687141 0.99999295 1.4212925
188 0.99997563 0.0060345552 -0.0035102098 -0.0034640856 -0.0060218074 0.99997528 0.0036309502 -0.042491899 0.0035320342 -0.0036097239 0.99998725 1.4456097
189 0.99995148 0.0074214678 -0.0064775924 -0.013068365 -0.0073947332 0.99996408 0.0041414935 -0.025170593 0.0065080957 -0.0040933925 0.99997044 1.0779021
190 0.9998897 0.0039182877 0.014326165 -0.0084209127 -0.0039094968 0.99999215 -0.00064157727 -0.015849565 -0.014328567 0.0005854984 0.99989717 0.92328112
191 0.9998005 0.0037445114 0.019619874 0.00074977266 -0.0037343891 0.99999287 -0.00055253385 -0.015090597 -0.019621803 0.00047915538 0.99980736 0.94847514
192 0.99977164 0.0021373554 0.021262478 0.0096015437 -0.0021508381 0.9999975 0.00061125599 -0.014379912 -0.021261118 -0.00065684856 0.99977374 0.95626877
193 0.99968042 0.003038156 0.025096316 0.01491162 -0.003049599 0.99999526 0.00041770513 -0.013520623 -0.025094928 -0.00049410534 0.99968495 1.0173925
194 0.99957525 0.0026997162 0.029017913 0.016941392 -0.0027169676 0.99999615 0.0005550981 -0.0075103496 -0.029016303 -0.00063370305 0.99957874 1.047638
195 0.99956871 0.002496564 0.029260314 0.016691965 -0.0025445368 0.99999548 0.0016023966 -0.0083094072 -0.029256181 -0.0016761594 0.99957054 1.0111783
196 0.99967323 0.0025270341 0.025437252 0.016068806 -0.0025725937 0.99999514 0.001758493 -0.0096265966 -0.025432685 -0.0018233581 0.99967487 1.019997
197 0.99967444 0.0047519491 0.025068576 0.011133947 -0.0047731246 0.9999883 0.00078493459 -0.014234341 -0.025064553 -0.00090433448 0.99968543 1.0052225
198 0.99975688 0.0037939207 0.021720739 0.011512235 -0.0038228067 0.99999186 0.0012885171 -0.015447965 -0.021715673 -0.0013712381 0.99976325 1.0036022
199 0.99975487 0.0026616337 0.021979987 0.017331782 -0.0026832359 0.99999595 0.00095337462 -0.009273808 -0.021977361 -0.0010121184 0.99975796 0.96844756
200 0.99982486 0.0028360899 0.018498931 0.014011603 -0.002842307 0.99999591 0.00030979243 -0.012879504 -0.018497976 -0.00036231782 0.99982883 0.94399355
201 0.99989598 0.00327168 0.014047216 0.0074908898 -0.0032628122 0.99999446 -0.00065415451 -0.016772007 -0.014049278 0.00060825304 0.99990112 0.88197273
202 0.99987591 0.0036662152 0.015320374 0.0064186199 -0.0036556353 0.99999306 -0.00071852283 -0.01016442 -0.015322902 0.00066242798 0.99988238 0.89318448
203 0.99981883 0.0035933175 0.018692046 0.0088546671 -0.0035791519 0.99999328 -0.0007912391 -0.0062570138 -0.018694763 0.00072419408 0.99982498 0.90705065
204 0.99977813 0.0032497254 0.020811741 0.014534271 -0.0032589089 0.99999461 0.00040736891 -0.0050136964 -0.020810305 -0.0004751021 0.99978333 0.91911599
205 0.99973705 0.0049768243 0.022384392 0.01451782 -0.005019496 0.99998569 0.00185053 -0.0029905483 -0.022374862 -0.0019624017 0.99974773 0.9705005
206 0.99976286 0.0071963346 0.02055307 0.016060716 -0.0072230824 0.99997316 0.0012274629 -0.012339089 -0.020543685 -0.0013756283 0.99978801 0.88968462
207 0.99987641 0.010399082 0.011791116 0.0067029686 -0.010404331 0.9999458 0.00038389718 -0.023508933 -0.011786485 -0.00050652841 0.99993041 0.81453023
208 0.99989067 0.010297883 0.01061118 0.0041497958 -0.010316402 0.99994535 0.001692028 -0.022290661 -0.010593176 -0.0018013122 0.99994227 0.80443125
209 0.99991495 0.0091238628 0.0093194473 0.0044658095 -0.0091378292 0.99995719 0.0014571468 -0.025029491 -0.0093057535 -0.0015421824 0.99995551 0.80422246
210 0.99988092 0.0093399324 0.012284894 0.012488865 -0.0093503587 0.99995597 0.00079154272 -0.030307033 -0.01227696 -0.00090631662 0.99992422 0.84430163
211 0.99979323 0.0096942297 0.017874996 0.028391219 -0.0096945629 0.999953 -6.8014716e-05 -0.033620449 -0.017874815 -0.00010528962 0.99984023 0.90988953
212 0.99982215 0.0085388696 0.016815073 0.028555805 -0.0085373717 0.99996354 -0.00016086594 -0.034653936 -0.016815833 1.7280805e-05 0.9998586 1.0045669
213 0.99988037 0.0076954148 0.013417444 0.026901458 -0.0077080875 0.99996989 0.00089303448 -0.034892516 -0.013410168 -0.00099635048 0.99990958 1.0917296
214 0.99994606 0.0068123626 0.0078401434 0.016146697 -0.0068202978 0.99997626 0.00098584057 -0.027522478 -0.0078332414 -0.0010392595 0.99996878 0.9244929
215 0.99996427 0.0050001497 0.0068162361 0.0093458377 -0.0049944587 0.99998716 -0.00085168096 -0.017873968 -0.0068204072 0.00081760711 0.99997641 0.90264744
216 0.99998665 0.0029066202 0.0042716064 0.0046938251 -0.0029041902 0.99999562 -0.00057495012 -0.011393681 -0.0042732589 0.00056253689 0.99999071 0.90962288
217 0.99998589 0.0025066164 0.0046842157 0.0049946104 -0.0025050855 0.99999681 -0.00033266331 -0.0072553166 -0.0046850346 0.00032092426 0.99998897 0.92438464
218 0.99998702 0.0018257658 0.0047577692 0.0075955646 -0.0018277023 0.99999825 0.00040270703 -0.010471075 -0.0047570256 -0.00041139758 0.9999886 0.92140486
219 0.99998618 0.0012444169 0.0051086061 0.0081184506 -0.0012449395 0.99999922 9.9115399e-05 -0.009526727 -0.0051084788 -0.00010547393 0.99998695 0.90963635
220 0.99996551 0.00037623854 0.0082963843 0.015948898 -0.00037965117 0.99999984 0.0004097693 -0.010117848 -0.0082962288 -0.0004129049 0.9999655 0.9119602
221 0.99993273 0.0020639044 0.011413934 0.018522961 -0.0020636161 0.99999787 -3.703012e-05 -0.0090196822 -0.011413986 1.347365e-05 0.99993486 0.91567364
222 0.99985918 0.003910286 0.016319909 0.014502353 -0.0039151957 0.9999923 0.00026890205 -0.0066020666 -0.016318732 -0.00033275982 0.99986679 0.96177167
223 0.999855 0.0047387883 0.016355916 0.013901006 -0.0047448593 0.99998869 0.00033239649 -0.01084797 -0.016354155 -0.00040995481 0.99986618 0.97295617
224 0.99979146 0.0036140252 0.020099331 0.015014548 -0.0036362616 0.99999282 0.001069887 -0.011256122 -0.02009532 -0.0011427503 0.99979742 0.98133978
225 0.99972223 0.004016589 0.023223339 0.015150804 -0.0040319652 0.99999168 0.00061531294 -0.010934459 -0.023220674 -0.00070877772 0.99973011 0.97403599
226 0.99971997 0.0051095445 0.023105878 0.013910567 -0.0051211468 0.99998679 0.00044299458 -0.012973572 -0.023103309 -0.00056119912 0.99973293 0.97677767
227 0.99971045 0.0028812496 0.023889646 0.016598288 -0.0029083945 0.99999516 0.0011015928 -0.014241946 -0.023886356 -0.0011707544 0.99971399 1.0004874
228 0.99976843 0.0049641915 0.020938894 0.01053468 -0.0049684326 0.99998765 0.00015052931 -0.014215792 -0.020937888 -0.00025452794 0.99978075 1.0985722
229 0.99979181 0.0021221873 0.020293487 0.015419369 -0.0021396271 0.99999736 0.00083770509 -0.021255541 -0.020291656 -0.00088095118 0.99979372 1.0686511
230 0.99978116 0.004529046 0.020423742 0.010788225 -0.0045247381 0.99998973 -0.00025713548 -0.020418921 -0.020424697 0.00016466713 0.99979138 1.1109539
231 0.99980793 0.003235388 0.019329392 0.014716177 -0.0032307461 0.99999474 -0.00027136915 -0.01396176 -0.019330168 0.00020886867 0.99981313 1.2132092
232 0.99978612 0.0031548435 0.020439264 0.01832405 -0.0031554636 0.99999502 -1.9110125e-06 -0.012738479 -0.020439168 -6.258475e-05 0.9997911 1.1595535
233 0.99979031 0.0038722351 0.020108433 0.015108964 -0.0038678612 0.99999249 -0.00025640469 -0.010386429 -0.020109275 0.00017857429 0.99979777 1.2517353
234 0.99980736 0.0013684515 0.019579591 0.015970189 -0.0013766286 0.99999897 0.00040416255 -0.010055441 -0.019579018 -0.00043103852 0.99980822 1.2614494
235 0.99984235 0.0039373119 0.017314103 0.0071920254 -0.0039436248 0.99999217 0.00033048372 -0.013256908 -0.017312666 -0.00039871195 0.99985005 1.2824652
236 0.99979595 0.0011026742 0.020170329 0.016656297 -0.0011046452 0.99999939 8.6576338e-05 -0.014513102 -0.020170221 -0.00010883973 0.99979655 1.2835472
237 0.99977037 0.0028522191 0.021238349 0.013937176 -0.0028475269 0.99999591 -0.00025116806 -0.0094777939 -0.021238979 0.00019063361 0.99977441 1.2694179
238 0.99980158 0.0017493865 0.019842838 0.016137817 -0.0017575203 0.99999838 0.00039247893 -0.006787136 -0.019842119 -0.00042727524 0.99980303 1.2345149
239 0.99977624 0.004180032 0.02073658 0.017208465 -0.0041819579 0.99999125 4.9512592e-05 -0.0040856227 -0.020736192 -0.00013622102 0.99978497 1.2116227
240 0.99983492 0.0030663549 0.017908774 0.018829805 -0.003071227 0.99999525 0.00024455418 -0.001804153 -0.017907939 -0.00029951572 0.9998396 1.2056555
241 0.99980293 0.0021847779 0.019731557 0.018628722 -0.0021893989 0.99999758 0.00021259767 -0.004465944 -0.019731044 -0.00025575602 0.99980529 1.2151247
242 0.99982393 0.0056040524 0.017908457 0.01317185 -0.0056130969 0.99998414 0.00045481173 -0.0010892482 -0.017905625 -0.00055525356 0.99983953 1.2398322
243 0.99983559 0.003977877 0.017691135 0.01447059 -0.0039838065 0.99999202 0.0002999404 -0.0020461099 -0.017689801 -0.00037036914 0.99984345 1.2539248
244 0.99976536 0.00088534579 0.021643402 0.018615476 -0.00090080937 0.99999935 0.00070473206 -0.0045670891 -0.021642764 -0.00072406329 0.99976551 1.2741924
245 0.99979033 0.00051331276 0.020470046 0.01746418 -0.00052481458 0.99999971 0.0005565174 -0.0031081657 -0.020469754 -0.0005671437 0.99979031 1.2844054
246 0.99967325 -0.00050381068 0.025556596 0.025478689 0.00053342571 0.99999919 -0.0011519977 -0.0063420605 -0.025555995 0.0011652538 0.99967271 1.3214838
247 0.99966115 0.0036413406 0.025774665 0.014505724 -0.0036247127 0.99999319 -0.00069182064 -0.0041275 -0.025777009 0.00059816046 0.99966754 1.3436857
248 0.99963991 0.0006443951 0.026825852 0.024727661 -0.00061226907 0.99999909 -0.001205774 -0.005513243 -0.026826604 0.0011889152 0.99963939 1.3389628
249 0.99970733 -0.00047862385 0.024187459 0.026754299 0.00050304572 0.99999937 -0.0010036168 -0.0076223118 -0.024186964 0.0010154905 0.99970694 1.3673188
250 0.99976961 -0.00058872869 0.021456569 0.017748235 0.00056723565 0.99999933 0.0010077724 -0.009800936 -0.021457148 -0.00099536924 0.99976927 1.3208563
251 0.99980213 -0.001641465 0.019824317 0.021094821 0.0016583655 0.99999828 -0.00083610258 -0.019925625 -0.019822911 0.0008688131 0.99980313 1.5874323
252 0.99974592 0.0010137546 0.022518078 0.018415104 -0.00099828326 0.99999926 -0.00069829401 -0.020695964 -0.022518769 0.00067563716 0.99974619 1.4032475
253 0.99979148 0.00057720769 0.020412155 0.015411869 -0.00058903247 0.99999966 0.00057329345 -0.018775287 -0.020411817 -0.00058519733 0.99979149 1.3467125
254 0.99980883 0.0057174614 0.018698069 0.0066551136 -0.0057502676 0.99998202 0.0017012324 -0.0068732576 -0.018688006 -0.0018084261 0.99982373 1.290502
255 0.99982051 0.0012225658 0.018906471 0.015529898 -0.0012459625 0.99999847 0.0012257632 -0.010743606 -0.018904944 -0.0012490999 0.99982051 1.2777674
256 0.99988885 0.0062511192 0.01353559 0.00067011322 -0.0062721707 0.99997918 0.0015133744 -0.0037025891 -0.013525848 -0.0015981037 0.99990724 1.2901532
257 0.99992216 0.0028348109 0.012150409 0.0064237721 -0.0028422621 0.99999578 0.00059602005 -0.0047912005 -0.012148668 -0.00063050831 0.999926 1.2949598
258 0.99986366 -0.00042506442 0.016507217 0.012689166 0.00040228973 0.99999896 0.001382977 -0.0076774147 -0.016507788 -0.0013761477 0.99986279 1.3358479
259 0.99985179 0.0015764186 0.017143911 0.0080967521 -0.0015955557 0.99999812 0.0011026433 -0.010582977 -0.01714214 -0.001129834 0.99985242 1.3615559
260 0.99975132 0.00016690124 0.022299453 0.016073977 -0.00014502286 0.99999951 -0.00098273093 -0.030672851 -0.022299606 0.00097925262 0.99975085 1.6381698
261 0.99970061 -0.0033685168 0.024234971 0.022016679 0.003370278 0.99999432 -3.1825873e-05 -0.028955301 -0.024234726 0.00011349493 0.99970629 1.6030575
262 0.99964685 0.0032148537 0.026378766 0.016588608 -0.0032424107 0.99999424 0.0010019597 -0.0092028153 -0.026375393 -0.0010871366 0.99965152 1.28255
