4 0.99925305 -0.0017338392 0.038604925 -0.1473956 0.0019123215 0.99998764 -0.0045868592 -0.13845486 -0.038596491 0.0046572576 0.99924392 4.4257718
5 0.99688825 -0.0026350699 0.078783726 -0.064416877 0.0032312606 0.99996709 -0.0074409109 -0.15802139 -0.078761517 0.0076723266 0.99686386 5.4022701
6 0.99272326 -0.0048333634 0.12032109 0.05870192 0.0058099732 0.99995295 -0.0077672143 -0.18374248 -0.12027788 0.0084097558 0.99270454 6.3887804
7 0.98670539 -0.006698965 0.16238103 0.22113609 0.0081802277 0.99993079 -0.0084552583 -0.21042333 -0.16231313 0.0096711618 0.9866918 7.3580585
8 0.97951142 -0.0081142261 0.20122511 0.42383917 0.010323444 0.99989738 -0.0099318515 -0.23967181 -0.20112385 0.011805697 0.97949457 8.3165975
9 0.97045885 -0.0097831897 0.24106828 0.66615369 0.012855731 0.9998549 -0.011176037 -0.26663285 -0.24092394 0.013944992 0.97044371 9.2631952
10 0.96089733 -0.010771293 0.27669535 0.94280563 0.014816477 0.99981167 -0.012533094 -0.2989739 -0.27650821 0.016142665 0.96087586 10.20197
11 0.94946317 -0.012754051 0.31361924 1.2565445 0.017538462 0.99976881 -0.012438719 -0.33151352 -0.31338806 0.017310503 0.94946725 11.125331
12 0.9354444 -0.014290422 0.35318489 1.6069678 0.01993472 0.99972502 -0.012348574 -0.3683303 -0.35291127 0.018592044 0.93547195 12.031365
13 0.91910609 -0.014209779 0.39375385 1.9970374 0.021320172 0.99967897 -0.013689473 -0.41140057 -0.39343287 0.020976975 0.91911389 12.930627
14 0.89991586 -0.014015664 0.43583828 2.4260993 0.022807509 0.99962813 -0.014946798 -0.45243573 -0.43546667 0.023391243 0.89990078 13.80622
15 0.87922217 -0.016247692 0.47613486 2.8935098 0.026046986 0.99956283 -0.013988681 -0.48575875 -0.47569938 0.024701033 0.87926091 14.656241
16 0.85738514 -0.015936689 0.51442856 3.3983843 0.027586933 0.99950664 -0.01501433 -0.52456389 -0.51393543 0.027064567 0.8574017 15.484214
17 0.83248454 -0.019401612 0.55370847 3.938209 0.031195639 0.99944266 -0.011881863 -0.55701392 -0.55316929 0.027164754 0.83262573 16.27691
18 0.80661191 -0.01929637 0.59076635 4.5020405 0.032662956 0.99939493 -0.011953347 -0.59102602 -0.59017819 0.028937885 0.80675405 17.04186
19 0.77951921 -0.018340704 0.62610976 5.0975052 0.033338726 0.99936924 -0.012232747 -0.62914218 -0.62549041 0.03040936 0.7796389 17.780145
20 0.75247381 -0.019152098 0.65834366 5.7265607 0.035577743 0.99929965 -0.011593694 -0.65736148 -0.65766048 0.032146329 0.75262813 18.489775
21 0.72442532 -0.01901051 0.68909112 6.3860019 0.037465372 0.99922801 -0.011819961 -0.69021427 -0.68833438 0.03437973 0.72457823 19.166562
22 0.69530976 -0.020321475 0.71842284 7.0792049 0.040280151 0.99913088 -0.010722612 -0.71828574 -0.71758048 0.036393714 0.69552394 19.825878
23 0.6634404 -0.019433517 0.74797672 7.7979461 0.041785894 0.99906485 -0.011106103 -0.74451368 -0.74706135 0.03862311 0.66363197 20.452019
24 0.63199357 -0.01792999 0.77476619 8.5426061 0.042642958 0.99902227 -0.011664959 -0.76771588 -0.77379945 0.040410497 0.63214017 21.046499
25 0.60255561 -0.018263423 0.7978679 9.3148464 0.044905948 0.99893013 -0.011047502 -0.78985973 -0.79681244 0.042485744 0.60273103 21.617484
26 0.57463331 -0.019092828 0.81818826 10.104422 0.047785051 0.99880501 -0.010252982 -0.8118988 -0.8170147 0.044988869 0.57485892 22.154409
27 0.54598003 -0.019413037 0.83757325 10.917199 0.051015622 0.99864669 -0.010108664 -0.83950134 -0.83624343 0.048248444 0.54623147 22.66694
28 0.513223 -0.016987262 0.85808717 11.763624 0.052425627 0.99855759 -0.011587724 -0.86875524 -0.85665253 0.050932839 0.51337324 23.167435
29 0.48449577 -0.016690344 0.87463437 12.62991 0.055113605 0.99841412 -0.011477292 -0.8945342 -0.87305566 0.053764947 0.48464724 23.635403
30 0.45542396 -0.017189597 0.89010872 13.514173 0.058099425 0.99825612 -0.010448443 -0.91784552 -0.88837678 0.05647327 0.45562841 24.077908
31 0.42489759 -0.015830595 0.905103 14.416752 0.05845805 0.99823994 -0.0099833414 -0.93985874 -0.90335183 0.057152449 0.42507513 24.506408
32 0.39779426 -0.01464442 0.91735777 15.331525 0.059045513 0.99820846 -0.0096688366 -0.96124734 -0.9155726 0.058012062 0.39794624 24.902649
33 0.37307335 -0.015270836 0.92767617 16.273872 0.06112692 0.9980967 -0.0081526879 -0.97675087 -0.92578594 0.059747532 0.3732967 25.277904
34 0.34923795 -0.017649087 0.93686785 17.221358 0.064407355 0.99791008 -0.0052102237 -0.98949067 -0.93481783 0.062160782 0.34964477 25.624972
35 0.32303069 -0.016071764 0.94625202 18.190275 0.065871439 0.99781273 -0.0055396296 -1.0091181 -0.94409319 0.064120446 0.32338278 25.952015
36 0.29846948 -0.014755408 0.95430512 19.196414 0.067297443 0.99771711 -0.0056213776 -1.0268341 -0.95204351 0.065900097 0.29878108 26.260906
37 0.27453214 -0.014886725 0.96146269 20.215472 0.069677772 0.99755962 -0.0044498789 -1.0438514 -0.95905001 0.068214206 0.27489942 26.544353
38 0.2549928 -0.016032647 0.96681003 21.266006 0.072160514 0.99738991 -0.0024923315 -1.0585879 -0.96424651 0.070401028 0.25548414 26.814073
39 0.23737394 -0.015932706 0.97128769 22.33163 0.074141568 0.99724616 -0.0017610084 -1.0692178 -0.96858477 0.072430802 0.2379015 27.067097
40 0.22136245 -0.017085966 0.97504192 23.381939 0.076818316 0.9970451 3.1575968e-05 -1.080303 -0.97216121 0.074894081 0.22202084 27.297727
41 0.20575745 -0.017228874 0.97845135 24.468342 0.078759881 0.99689312 0.00099127375 -1.091986 -0.9754284 0.076858742 0.20647511 27.520329
42 0.19189706 -0.017813581 0.98125338 25.575166 0.080913206 0.99671856 0.0022706884 -1.1007106 -0.97807381 0.078960611 0.19270869 27.729725
43 0.17676268 -0.018238196 0.98408451 26.678723 0.083462307 0.99650486 0.0034767647 -1.107501 -0.98070832 0.081519393 0.17766705 27.922442
44 0.16375963 -0.017556353 0.98634404 27.803134 0.084801897 0.99639112 0.0036557903 -1.1092216 -0.98284853 0.083045167 0.16465743 28.105486
45 0.15407207 -0.016452515 0.98792263 28.927334 0.086144474 0.99627765 0.0031569428 -1.1166743 -0.98429707 0.08461767 0.15491584 28.282553
46 0.14367055 -0.015666052 0.98950157 30.061144 0.086755312 0.99622458 0.0031760659 -1.1272433 -0.98581544 0.085388202 0.14448723 28.452008
47 0.13985799 -0.013558499 0.99007874 31.226028 0.087118286 0.99619707 0.0013360038 -1.1358933 -0.98633156 0.086067104 0.1405073 28.616259
48 0.13797155 -0.01162949 0.99036792 32.402795 0.087721476 0.9961449 -0.00052345234 -1.1438517 -0.98654376 0.086948748 0.1384598 28.778903
49 0.13628721 -0.012518148 0.99059028 33.598518 0.088954606 0.99603561 0.00034842465 -1.1517466 -0.98666746 0.088070074 0.13686045 28.942321
50 0.13566013 -0.011050423 0.99069381 34.835328 0.088668392 0.99606066 -0.0010314732 -1.1592841 -0.98677963 0.087983148 0.13610553 29.106796
51 0.13574608 -0.01010062 0.99069217 36.073403 0.088852018 0.99604278 -0.0020194605 -1.1667506 -0.9867513 0.088299123 0.13610635 29.271399
52 0.13550194 -0.0090220225 0.99073601 37.329234 0.089321873 0.99599784 -0.0031465217 -1.1807233 -0.98674243 0.088920747 0.13576549 29.436631
53 0.13687125 -0.0089313893 0.99054858 38.637518 0.089782515 0.9959555 -0.0034257568 -1.195183 -0.98651161 0.089402822 0.13711954 29.611085
54 0.13584114 -0.0088579075 0.99069104 39.948821 0.089954822 0.99593994 -0.0034295471 -1.2121537 -0.98663829 0.089583301 0.13608641 29.786011
55 0.13633249 -0.0096752123 0.99061589 41.301206 0.091413738 0.9958089 -0.0028547898 -1.2314534 -0.9864364 0.090945094 0.13664554 29.965954
56 0.13909671 -0.009123873 0.99023677 42.681171 0.090842001 0.99585886 -0.0035847325 -1.2488587 -0.98610326 0.090453705 0.13934951 30.1567
57 0.14163129 -0.009699344 0.98987197 44.068171 0.091263324 0.99582132 -0.0033003549 -1.2625065 -0.9857035 0.090806431 0.14192464 30.348497
58 0.14709392 -0.010972255 0.98906167 45.488562 0.090294792 0.99591223 -0.0023804503 -1.2766937 -0.9849924 0.089657259 0.14748335 30.551784
59 0.15122915 -0.012231402 0.98842306 46.931289 0.089886477 0.99595099 -0.0014281111 -1.2893537 -0.98440336 0.08906183 0.15171624 30.768024
60 0.15516039 -0.013467324 0.98779749 48.368252 0.089257551 0.99600847 -0.00044104944 -1.3025754 -0.98384864 0.08823681 0.15574311 30.986652
61 0.1592368 -0.014396834 0.98713544 49.833956 0.088893361 0.99604112 0.00018715221 -1.3167283 -0.98323009 0.087719977 0.15988617 31.219262
62 0.16365923 -0.015434664 0.98639619 51.331743 0.088232688 0.99609943 0.00094725326 -1.3315524 -0.9825632 0.086877351 0.16438269 31.462637
63 0.16700646 -0.016874015 0.9858114 52.860542 0.087987108 0.9961193 0.002144545 -1.3462306 -0.98202185 0.086380532 0.16784304 31.717591
64 0.16973536 -0.017221563 0.9853392 54.409146 0.088462279 0.99607716 0.002170652 -1.3620854 -0.98151115 0.086796906 0.17059295 31.978903
65 0.1733719 -0.016763063 0.98471376 55.982765 0.087508308 0.99616258 0.0015509629 -1.3746902 -0.9809609 0.085901733 0.17417349 32.251991
66 0.1779598 -0.016745301 0.98389527 57.584415 0.086677643 0.99623558 0.0012777058 -1.3900206 -0.98021278 0.085054335 0.17874131 32.534981
67 0.1816445 -0.017902391 0.9832013 59.19639 0.08644523 0.99625424 0.0021694771 -1.4037125 -0.9795572 0.08459898 0.18251166 32.824718
68 0.1856402 -0.018744371 0.98243899 60.810096 0.086135685 0.99627966 0.0027323734 -1.4172123 -0.97883511 0.084115809 0.18656409 33.123997
69 0.19121012 -0.019607439 0.98135327 62.431295 0.084595329 0.9964095 0.003425428 -1.4250296 -0.97789679 0.082362919 0.19218226 33.432709
70 0.19588048 -0.020255122 0.98041857 64.06915 0.083875028 0.99646892 0.0038290981 -1.4336485 -0.97703409 0.081482581 0.19688769 33.751405
71 0.20021947 -0.019930445 0.97954834 65.720522 0.083888262 0.99647025 0.0031280046 -1.4485391 -0.97615302 0.081546312 0.20118466 34.082235
72 0.20354791 -0.018772449 0.978885 67.382566 0.083784881 0.99648243 0.0016878166 -1.4639139 -0.97547329 0.081672203 0.20440474 34.422825
73 0.2068175 -0.018227018 0.97820974 69.056226 0.083371241 0.99651811 0.00094143551 -1.4872157 -0.97482078 0.081359847 0.20761697 34.774192
74 0.20924864 -0.017448474 0.97770679 70.734281 0.083057941 0.99654471 8.6152107e-06 -1.5107419 -0.97432858 0.081204502 0.20997484 35.132668
75 0.21189508 -0.016730279 0.97714921 72.423808 0.081749598 0.99665267 -0.00066321462 -1.5316481 -0.97386718 0.080022079 0.21255347 35.497712
76 0.2146628 -0.017101539 0.97653849 74.12539 0.080183347 0.99678011 -0.00016989393 -1.5472899 -0.97339114 0.078338586 0.21534284 35.867832
77 0.21734376 -0.017274824 0.97594225 75.838179 0.078919022 0.99688102 7.0072496e-05 -1.562914 -0.97289942 0.07700517 0.21802916 36.246549
78 0.22047481 -0.017821167 0.97522986 77.555577 0.078945633 0.99687885 0.00036916564 -1.5784407 -0.9721925 0.076908739 0.22119355 36.62865
79 0.22296818 -0.017608493 0.97466668 79.29403 0.079065694 0.9968694 -7.7735969e-05 -1.5961692 -0.97161392 0.077080022 0.22366236 37.019228
80 0.22295912 -0.018214484 0.97465762 81.053797 0.079567828 0.99682936 0.00042718481 -1.6201036 -0.97157501 0.077456137 0.22370146 37.423673
81 0.22202357 -0.017786053 0.97487907 82.845762 0.079651582 0.99682276 4.6173676e-05 -1.6430942 -0.97178236 0.077640401 0.22273481 37.834349
82 0.22212547 -0.017437951 0.97486214 84.639182 0.080867088 0.99672471 -0.00059680517 -1.667183 -0.97165868 0.07896682 0.22280808 38.24334
83 0.22206064 -0.016056917 0.97490064 86.445006 0.081468941 0.99667357 -0.0021412849 -1.695958 -0.97162322 0.079899609 0.22263009 38.654873
84 0.22194144 -0.01531879 0.97493966 88.256478 0.082046919 0.99662389 -0.0030181756 -1.7237294 -0.97160182 0.080660645 0.22244898 39.066105
85 0.22187452 -0.014356758 0.97496953 90.07465 0.082244777 0.99660396 -0.0040411704 -1.7583424 -0.97160038 0.081082777 0.22230177 39.480675
86 0.22187792 -0.013709134 0.97497808 91.924507 0.082790455 0.99655527 -0.004828277 -1.7883941 -0.97155326 0.081790158 0.22224857 39.902209
87 0.22250878 -0.013290974 0.97484009 93.774474 0.083052965 0.99653066 -0.005370266 -1.8213077 -0.97138656 0.082158283 0.22284065 40.324434
88 0.22316573 -0.013300011 0.97468978 95.629021 0.083598479 0.99648409 -0.0055433696 -1.8550617 -0.97118904 0.082719666 0.22349294 40.748461
89 0.22341025 -0.013961455 0.97462451 97.488548 0.08409035 0.99644557 -0.0050017379 -1.8842283 -0.97109036 0.083073948 0.22379016 41.173739
90 0.22391753 -0.014118972 0.97450582 99.351494 0.084815228 0.99638388 -0.0050525094 -1.9166763 -0.97091046 0.08378427 0.2243053 41.601307
91 0.22418871 -0.014079175 0.97444405 101.22262 0.085416986 0.99633142 -0.0052563297 -1.9487893 -0.97079512 0.084412475 0.22456883 42.031911
92 0.22396223 -0.013613767 0.97450274 103.11555 0.085708725 0.99630347 -0.0057794338 -1.9801886 -0.97082168 0.084817754 0.22430114 42.468921
93 0.22395336 -0.012917826 0.97451425 105.00729 0.085569986 0.99631122 -0.0064581002 -2.0155053 -0.97083597 0.084835476 0.2242326 42.904275
94 0.22398478 -0.012845979 0.97450798 106.91953 0.085941632 0.99627817 -0.0066202122 -2.0483014 -0.97079589 0.085233624 0.22425513 43.345201
95 0.22433301 -0.01213862 0.97443695 108.84311 0.086326552 0.99623893 -0.0074637249 -2.0818494 -0.97068132 0.085794133 0.22453714 43.790476
96 0.22303441 -0.010268825 0.97475649 110.77734 0.086132444 0.99624109 -0.009212838 -2.1205305 -0.97099776 0.08601293 0.2230805 44.238207
97 0.22292429 -0.0093955171 0.97479049 112.72512 0.085464413 0.99629161 -0.0099420529 -2.1637521 -0.97108208 0.085526213 0.22290056 44.687284
98 0.22307542 -0.0083925338 0.97476506 114.67883 0.085081555 0.99631444 -0.010892882 -2.2072402 -0.97108099 0.085364453 0.22296729 45.135244
99 0.22282701 -0.0074100295 0.97482984 116.66921 0.085738418 0.9962451 -0.012025309 -2.253591 -0.97108025 0.086259923 0.22262562 45.592759
100 0.22216079 -0.0058314115 0.97499261 118.64658 0.086027555 0.99619932 -0.0136439 -2.302171 -0.97120731 0.086907361 0.22181807 46.047574
101 0.22083432 -0.00389429 0.97530357 120.63332 0.086063147 0.99616895 -0.015509351 -2.3534383 -0.97150664 0.087362682 0.22032342 46.502021
102 0.21966063 -0.0028778143 0.97557211 122.63472 0.085981228 0.99616141 -0.016421055 -2.4090477 -0.97177994 0.087487938 0.21906486 46.95564
103 0.21879622 -0.0024920786 0.9757674 124.63663 0.086476843 0.99611141 -0.016846657 -2.4647415 -0.97193095 0.08806726 0.21816089 47.40682
104 0.21800926 -0.00099858672 0.97594619 126.65079 0.086103446 0.99611967 -0.018214771 -2.520521 -0.97214092 0.08800331 0.21724927 47.856361
105 0.21718123 -7.7243733e-05 0.9761313 128.69598 0.087240302 0.9959997 -0.019331437 -2.5838309 -0.9722249 0.089356405 0.21631915 48.313371
106 0.2168687 0.0013321337 0.97619988 130.74251 0.087834204 0.99591641 -0.020871938 -2.6513783 -0.97224119 0.090270201 0.21586607 48.769651
107 0.21638636 0.0024185678 0.97630482 132.78527 0.088293026 0.99585076 -0.022036088 -2.7222422 -0.9723071 0.090969207 0.21527496 49.22362
108 0.21680478 0.0034208205 0.97620899 134.84245 0.088681758 0.99579014 -0.023184635 -2.7949284 -0.9721785 0.09159846 0.21558868 49.676921
109 0.21594473 0.0039179829 0.97639773 136.89324 0.089693812 0.9956842 -0.02383248 -2.8686753 -0.97227707 0.092723324 0.21466131 50.131505
110 0.21526791 0.0061445279 0.9765357 138.96668 0.090034218 0.99559631 -0.026111638 -2.9477699 -0.97239569 0.093542616 0.21376669 50.592997
111 0.21574304 0.0074490946 0.97642176 141.049 0.089433157 0.99561707 -0.027356034 -3.0270835 -0.97234585 0.093226346 0.21413123 51.051952
112 0.21604063 0.0092298787 0.97634075 143.14463 0.088861506 0.99561954 -0.029075037 -3.1088775 -0.97233219 0.093040489 0.21427407 51.51009
113 0.21348987 0.012602829 0.97686399 145.23977 0.088165431 0.99558808 -0.032112611 -3.1982926 -0.97295875 0.092981343 0.21143681 51.971927
114 0.21242417 0.015843711 0.97704911 147.35397 0.087283932 0.99556418 -0.0351207 -3.3010023 -0.97327144 0.092741164 0.21009897 52.431812
115 0.21144962 0.019003107 0.97720415 149.47654 0.086999234 0.99547634 -0.038183525 -3.4081664 -0.97350911 0.093089895 0.20883981 52.889526
116 0.21232084 0.018461461 0.97702561 151.60865 0.089032936 0.99529761 -0.038154779 -3.5153951 -0.97313555 0.095088504 0.20967873 53.342761
117 0.21127815 0.019972188 0.97722191 153.75152 0.090998277 0.99504696 -0.040010577 -3.6237163 -0.97318069 0.097378861 0.20841423 53.800365
118 0.21040906 0.021288009 0.97738163 155.89896 0.093103993 0.99478233 -0.041710277 -3.7386305 -0.97316981 0.099774342 0.20732919 54.258952
119 0.20869491 0.023940651 0.97768773 158.0681 0.094998641 0.99447645 -0.044629941 -3.8619818 -0.97335579 0.10219304 0.20526782 54.71604
120 0.20903481 0.025115329 0.97758564 160.24579 0.096833 0.99422555 -0.046248397 -3.9895899 -0.97310206 0.10433006 0.20539573 55.173777
121 0.2084168 0.025807012 0.97769957 162.43779 0.098219774 0.99404592 -0.047176053 -4.1191374 -0.97309564 0.1058617 0.20464109 55.63249
122 0.20729953 0.026070959 0.97793007 164.62491 0.099436758 0.99390589 -0.047575256 -4.2484731 -0.97321069 0.10710451 0.20344379 56.088288
123 0.20591744 0.026145811 0.97822002 166.81042 0.10065666 0.9937747 -0.047750001 -4.3790975 -0.97337868 0.10829691 0.20200377 56.54078
124 0.2043323 0.027036906 0.97852814 169.023 0.10176543 0.99361547 -0.048704017 -4.5148501 -0.97359741 0.10953213 0.20027629 56.99473
125 0.2028445 0.028122089 0.97880706 171.24463 0.10296837 0.99343313 -0.049881108 -4.6555936 -0.97378202 0.11090426 0.19861674 57.446683
126 0.20144171 0.029214921 0.97906472 173.46973 0.10416517 0.99324793 -0.051070035 -4.7982662 -0.97394592 0.11227207 0.19703836 57.89482
127 0.19977958 0.031516806 0.97933386 175.68065 0.10483788 0.99305756 -0.053344903 -4.9431518 -0.97421607 0.11332849 0.19508845 58.337371
128 0.19906102 0.032482985 0.97944861 177.89944 0.10546834 0.99293545 -0.054365429 -5.0949134 -0.9742951 0.11412285 0.1942288 58.778858
129 0.19861304 0.032596899 0.97953576 180.15151 0.10614375 0.9928527 -0.054562023 -5.2538218 -0.97431318 0.11480832 0.19373352 59.225445
130 0.19733977 0.033794113 0.97975251 182.40443 0.10730258 0.99265639 -0.055851869 -5.4162402 -0.97444496 0.11615176 0.19226437 59.669471
131 0.19662081 0.035027119 0.97985375 184.66733 0.10802984 0.99250321 -0.057156941 -5.5812353 -0.97450994 0.11709168 0.19136279 60.112574
132 0.19585381 0.035957123 0.97997366 186.92345 0.10859443 0.99238591 -0.058115822 -5.7463679 -0.97460163 0.11780187 0.1904578 60.552284
133 0.19483446 0.036028017 0.98017423 189.19925 0.10931156 0.99230211 -0.058202241 -5.9140883 -0.97472577 0.11848416 0.18939635 60.99214
134 0.19352271 0.036954464 0.98039958 191.49144 0.11053935 0.99210614 -0.059215269 -6.0850853 -0.97484861 0.11983222 0.18791013 61.429974
135 0.19214619 0.038181827 0.98062327 193.80279 0.11145955 0.99192799 -0.060461701 -6.2619886 -0.97501611 0.1209173 0.18633944 61.868581
136 0.19202017 0.039028643 0.98061462 196.10278 0.11194722 0.99181571 -0.061395521 -6.442094 -0.97498507 0.12156625 0.18607945 62.304605
137 0.19131664 0.039413713 0.98073672 198.38654 0.11257337 0.99171876 -0.061815242 -6.6196549 -0.97505127 0.12223111 0.18529535 62.735792
138 0.19050407 0.040064193 0.98086853 200.68064 0.11367618 0.99154508 -0.062578446 -6.7999479 -0.97508242 0.12342282 0.18433901 63.165863
139 0.18819447 0.041709972 0.9812457 202.99117 0.11452897 0.9913494 -0.064105121 -6.9854511 -0.97543106 0.12444527 0.18178946 63.594609
140 0.18697104 0.043314809 0.98141004 205.31342 0.11487519 0.99120939 -0.065632484 -7.1770882 -0.97562561 0.12501102 0.18035164 64.021997
141 0.18510736 0.044808675 0.98169621 207.63674 0.11562583 0.99102811 -0.067036877 -7.3718311 -0.97589228 0.12591844 0.17826553 64.444159
142 0.18252944 0.046560828 0.9820973 209.96546 0.11614537 0.99086295 -0.068562808 -7.5709218 -0.97631607 0.12658077 0.17545381 64.862293
143 0.18114225 0.047910469 0.9822892 212.28897 0.11670474 0.99070784 -0.069842401 -7.7722994 -0.9765077 0.1272892 0.17386765 65.274189
144 0.17991284 0.048227668 0.9824996 214.61669 0.11698823 0.99065969 -0.070050808 -7.9740713 -0.97670104 0.12754392 0.17259031 65.683928
145 0.17954202 0.048568559 0.98255064 216.94059 0.11743363 0.99058052 -0.070424195 -8.1772139 -0.97671583 0.12802857 0.17214723 66.090692
146 0.18022447 0.049177381 0.9823954 219.2683 0.11760137 0.99050818 -0.071157951 -8.3827502 -0.97656995 0.12835544 0.17273047 66.497501
147 0.17975812 0.050664122 0.9824053 221.5961 0.11804248 0.99034571 -0.072672746 -8.5889592 -0.97660268 0.12902906 0.17204215 66.904603
148 0.18005707 0.051731692 0.98229491 223.91674 0.11866801 0.99018019 -0.073899102 -8.7980137 -0.97647179 0.12987303 0.17215003 67.308178
149 0.18058241 0.053477617 0.98210496 226.256 0.11928365 0.98995957 -0.075838338 -9.0134389 -0.97629975 0.13084412 0.17239026 67.71528
150 0.17903329 0.054874586 0.98231149 228.58554 0.12006062 0.9897625 -0.077172725 -9.2278424 -0.9764898 0.1317534 0.17061214 68.117293
151 0.17770265 0.05613404 0.98248193 230.91361 0.12049039 0.98961895 -0.078335049 -9.4475457 -0.97667991 0.13229996 0.16909428 68.517365
152 0.1779482 0.056958911 0.98239001 233.26997 0.12076959 0.98951224 -0.079247825 -9.6752826 -0.97660071 0.13274484 0.169203 68.920847
153 0.1780283 0.057672604 0.98233385 235.60027 0.12125893 0.98938681 -0.08006243 -9.9034289 -0.97652547 0.13337012 0.16914552 69.319714
154 0.17763749 0.058714086 0.98234291 237.938 0.12193813 0.98921268 -0.081174814 -10.134927 -0.97651207 0.13420473 0.16856176 69.719598
155 0.17717372 0.059730907 0.98236536 240.28328 0.12221445 0.98909541 -0.082182005 -10.368653 -0.97656178 0.13461972 0.16794172 70.119323
156 0.17731902 0.06025091 0.98230739 242.60815 0.1228507 0.98896209 -0.082835203 -10.602059 -0.97645557 0.13536539 0.1679599 70.514309
157 0.17754027 0.061396893 0.98219646 244.94158 0.12330658 0.98879874 -0.084098302 -10.839554 -0.9763579 0.13604211 0.16798094 70.911503
158 0.17791095 0.062204864 0.98207854 247.26846 0.12371578 0.98866757 -0.085034262 -11.077795 -0.97623865 0.13662712 0.16819905 71.307557
159 0.17737329 0.063699128 0.98208001 249.59689 0.12413027 0.98848549 -0.086533742 -11.318877 -0.97628387 0.13725462 0.16742392 71.703055
160 0.17690189 0.065374723 0.98205492 251.94569 0.12427171 0.98832244 -0.08817756 -11.565433 -0.97635141 0.13764041 0.16671186 72.100944
161 0.17610826 0.066207346 0.98214178 254.28013 0.12478243 0.9881853 -0.08898954 -11.812451 -0.97642973 0.13822582 0.16576607 72.49418
162 0.17651519 0.066261695 0.98206506 256.61346 0.12500549 0.98814353 -0.089140158 -12.060534 -0.97632772 0.1384981 0.16613926 72.886367
163 0.17713662 0.067120733 0.98189482 258.94451 0.12532905 0.98801106 -0.090148546 -12.311324 -0.97617368 0.13902854 0.16660074 73.279009
164 0.17592686 0.069266192 0.98196331 261.27859 0.12568582 0.98777697 -0.092193935 -12.565368 -0.97634657 0.13963824 0.1650707 73.670464
165 0.17461337 0.071214603 0.98205838 263.6289 0.12614025 0.98754493 -0.094040635 -12.826085 -0.97652374 0.14029783 0.1634555 74.061103
166 0.17335252 0.072234025 0.98220729 266.00438 0.12638019 0.9874298 -0.094923295 -13.090309 -0.97671734 0.14058672 0.16204448 74.451555
167 0.17294205 0.072357628 0.98227055 268.37386 0.1266335 0.98738707 -0.095030075 -13.356794 -0.97675729 0.14082304 0.16159783 74.839718
168 0.17259669 0.073514661 0.98224538 270.73304 0.12695392 0.98723303 -0.096195848 -13.624412 -0.97677679 0.14130297 0.16106016 75.223814
169 0.17258999 0.074018526 0.98220872 273.09735 0.12767032 0.98707968 -0.096819342 -13.89277 -0.97668459 0.14210893 0.16091009 75.607147
170 0.17107497 0.074900706 0.98240686 275.48976 0.1278084 0.98699413 -0.097506827 -14.161299 -0.97693304 0.14224081 0.15927704 75.992717
171 0.17089512 0.073881739 0.98251532 277.87505 0.12836228 0.9870166 -0.096547085 -14.429632 -0.9768919 0.14261732 0.15919267 76.37518
172 0.17145009 0.074501508 0.98237182 280.28198 0.12815796 0.98697732 -0.097217765 -14.701007 -0.97682148 0.14256675 0.15966938 76.762536
173 0.1730988 0.074316948 0.98209664 282.69982 0.12800847 0.98699359 -0.097249558 -14.975445 -0.97655027 0.14255046 0.16133419 77.15539
174 0.17300537 0.076643577 0.98193427 285.12896 0.1265787 0.98696997 -0.099338323 -15.254673 -0.97675318 0.14147801 0.16104964 77.553266
175 0.17473608 0.078130913 0.9815105 287.56689 0.12604717 0.98686961 -0.1009974 -15.542464 -0.97651381 0.1413645 0.16259353 77.951832
176 0.17599091 0.079267403 0.98119513 289.98161 0.12602564 0.98673616 -0.10231948 -15.830782 -0.97629122 0.14166303 0.16366685 78.349737
177 0.17655012 0.081046498 0.9809493 292.4314 0.12467257 0.98673625 -0.10396304 -16.120589 -0.97636397 0.14065215 0.16410411 78.758986
178 0.17624707 0.081649534 0.98095379 294.90816 0.12314909 0.98689514 -0.10427015 -16.409325 -0.97661204 0.13918086 0.1638823 79.171508
179 0.17683154 0.081406262 0.98086882 297.39664 0.12132194 0.98717084 -0.10380128 -16.699734 -0.97673507 0.13735624 0.16468656 79.586896
180 0.17792065 0.080543433 0.98074309 299.89271 0.11926701 0.98753244 -0.10273773 -16.990917 -0.97679037 0.13524945 0.16609623 80.007674
181 0.1781563 0.07967076 0.98077159 302.39439 0.11681631 0.98795596 -0.10147395 -17.279029 -0.97704354 0.13264832 0.16670372 80.434843
182 0.17888375 0.078372239 0.9807438 304.90523 0.11550791 0.98825592 -0.10004072 -17.563495 -0.97706618 0.13117931 0.1677303 80.861994
183 0.17917034 0.077045062 0.98079664 307.42457 0.11427943 0.98855042 -0.098530529 -17.843656 -0.97715813 0.12973861 0.16831423 81.292904
184 0.18069728 0.075951375 0.9806018 309.95469 0.11391222 0.98868821 -0.097568511 -18.127101 -0.9769198 0.12933288 0.17000146 81.726622
185 0.18060766 0.077805667 0.98047293 312.50385 0.1123926 0.98870358 -0.099162051 -18.413343 -0.97711237 0.12810731 0.16982264 82.169366
186 0.18090451 0.078745224 0.98034318 315.05054 0.11044638 0.9888577 -0.099810016 -18.699408 -0.97727937 0.12633143 0.17019167 82.615795
187 0.18029217 0.079213288 0.98041827 317.62265 0.10790337 0.98914337 -0.099760923 -18.989368 -0.97767653 0.12377654 0.16978741 83.071147
188 0.17816103 0.080227961 0.98072531 320.21052 0.10500363 0.98942972 -0.10001525 -19.282034 -0.97838269 0.12079852 0.16785358 83.531449
189 0.17840587 0.07922973 0.98076195 322.79603 0.10446244 0.98959455 -0.098945541 -19.573893 -0.97839601 0.12010524 0.16827293 83.980252
190 0.17932947 0.076610028 0.98080164 325.38182 0.10527992 0.98974376 -0.096557842 -19.859737 -0.9781395 0.12057437 0.16942471 84.425328
191 0.17746297 0.074240391 0.98132322 327.98574 0.10563898 0.989952 -0.093996992 -20.141225 -0.97844116 0.12034696 0.16783712 84.870388
192 0.17549865 0.075512964 0.98157935 330.61547 0.10323515 0.99014531 -0.094629574 -20.430857 -0.97905185 0.11794084 0.16597355 85.324193
193 0.17550245 0.07460798 0.98164787 333.23081 0.1022928 0.990345 -0.093557252 -20.717877 -0.97915008 0.11683503 0.16617609 85.769824
194 0.1767373 0.075851312 0.98133099 335.85557 0.099569101 0.99053353 -0.09449497 -21.00727 -0.97920872 0.11441102 0.16751176 86.226413
195 0.17813714 0.07556232 0.98110015 338.46571 0.099454939 0.99055894 -0.094348728 -21.295229 -0.97896664 0.11438226 0.16894028 86.673217
196 0.17764965 0.076922812 0.98108282 341.07745 0.097151997 0.99069943 -0.095268618 -21.583078 -0.97928642 0.11223858 0.16852418 87.129366
197 0.17862851 0.076564488 0.9809331 343.698 0.097867141 0.99064103 -0.095143884 -21.878811 -0.97903712 0.11299652 0.16946357 87.5777
198 0.17843521 0.076490097 0.98097408 346.34697 0.09812259 0.9906209 -0.095090396 -22.175875 -0.9790468 0.11322318 0.16925623 88.030989
199 0.17862596 0.076259365 0.98095733 348.98779 0.098483133 0.99059934 -0.094942072 -22.473349 -0.97897581 0.11356686 0.16943648 88.483869
200 0.18152233 0.075215202 0.98050616 351.64098 0.097597954 0.99077004 -0.094070982 -22.773538 -0.9785316 0.11277137 0.17250602 88.943402
201 0.1810891 0.078444678 0.9803332 354.28571 0.095852241 0.99066028 -0.096977051 -23.071379 -0.97878439 0.11152861 0.17187866 89.40701
202 0.1795915 0.080129657 0.98047241 356.92706 0.095864571 0.99050791 -0.098509168 -23.376884 -0.97905908 0.11168396 0.17020519 89.866057
203 0.17984968 0.081255066 0.98033245 359.57225 0.095277276 0.99045813 -0.099573699 -23.688952 -0.97906901 0.11131169 0.1703918 90.32778
204 0.18071106 0.08158499 0.98014663 362.22321 0.093791506 0.99058258 -0.099746129 -23.998404 -0.97905386 0.10995465 0.17135723 90.79515
205 0.18138306 0.080847124 0.98008364 364.86704 0.093582345 0.99067323 -0.099039848 -24.310039 -0.97894961 0.10968267 0.17212547 91.262988
206 0.1832053 0.080820075 0.97974687 367.51689 0.094529902 0.99054844 -0.099387485 -24.62203 -0.97851914 0.11082368 0.1738338 91.732265
207 0.18353033 0.08056416 0.97970712 370.1554 0.09533266 0.99047939 -0.099308837 -24.932013 -0.97838035 0.11162426 0.1741026 92.201353
208 0.18195089 0.081283934 0.97994224 372.79511 0.094592807 0.99050862 -0.099723921 -25.240839 -0.9787471 0.11084033 0.17253503 92.674618
209 0.1825138 0.079806984 0.97995896 375.44871 0.093525221 0.99077151 -0.098106281 -25.549392 -0.97874488 0.10955662 0.17336549 93.146693
210 0.18205165 0.08199276 0.97986448 378.08964 0.091911248 0.99073535 -0.099978847 -25.854754 -0.97898382 0.10826187 0.17282893 93.618703
211 0.18180501 0.082437389 0.97987296 380.73191 0.091572908 0.99073005 -0.10034118 -26.166291 -0.97906136 0.10797234 0.17257064 94.08859
212 0.18349484 0.082147224 0.9795823 383.36623 0.091991599 0.99069433 -0.10031089 -26.479635 -0.9787068 0.10851986 0.17423043 94.551741
213 0.1839824 0.081517561 0.97954345 386.01718 0.09219097 0.99073099 -0.099764324 -26.797056 -0.9785965 0.10865993 0.17476186 95.026281
214 0.18692533 0.081656401 0.97897455 388.64997 0.093019823 0.99059066 -0.1003865 -27.109939 -0.97796014 0.10982881 0.1775708 95.495643
215 0.1881744 0.083417668 0.97858668 391.27888 0.092279563 0.99047694 -0.10217585 -27.425807 -0.97779071 0.10953042 0.17868464 95.975424
216 0.18800221 0.087984202 0.97821979 393.90668 0.089768006 0.9902715 -0.10632051 -27.747819 -0.9780576 0.10780132 0.17827504 96.464519
217 0.18969642 0.091463966 0.97757333 396.52316 0.08792855 0.99006842 -0.10969542 -28.076739 -0.97789756 0.10676542 0.17977013 96.94909
218 0.19377478 0.090920758 0.97682381 399.14219 0.089695247 0.98988397 -0.10992942 -28.411072 -0.976937 0.10891799 0.18365937 97.437475
219 0.19535856 0.089879409 0.9766047 401.76838 0.090952394 0.9898399 -0.10929146 -28.74531 -0.97650525 0.11017555 0.18519893 97.92275
220 0.19671737 0.089584081 0.97635904 404.39208 0.091310437 0.98981526 -0.10921601 -29.085915 -0.976199 0.11063645 0.18653388 98.416949
221 0.19941234 0.090630633 0.97571554 407.01782 0.090768369 0.98972454 -0.11048271 -29.431665 -0.97570263 0.11059571 0.18913687 98.922493
222 0.20286583 0.091855345 0.97488874 409.63847 0.089877907 0.98964113 -0.11194814 -29.777375 -0.97507293 0.1103314 0.19250858 99.43505
223 0.20625944 0.092374907 0.97412726 412.25716 0.089322401 0.98959981 -0.11275506 -30.123898 -0.9744118 0.11026817 0.19586314 99.95688
224 0.20782903 0.090809174 0.97394086 414.87188 0.091174097 0.98954834 -0.11172002 -30.469294 -0.97390666 0.11201683 0.19737741 100.47577
225 0.2094154 0.0907099 0.97361025 417.47662 0.091897559 0.98945513 -0.11195254 -30.810829 -0.97349876 0.11291698 0.19887111 101.00039
226 0.21105255 0.09139356 0.97319271 420.0745 0.092675442 0.98926338 -0.11300094 -31.154832 -0.97307137 0.11404019 0.2003166 101.52639
227 0.21388985 0.09234831 0.97248287 422.67805 0.092706622 0.98910921 -0.11431725 -31.502353 -0.97244867 0.11460689 0.2029991 102.0576
228 0.2163787 0.093047467 0.97186544 425.28225 0.092859363 0.98897382 -0.1153599 -31.853109 -0.97188333 0.11520822 0.20535252 102.59914
229 0.22007736 0.093287376 0.97101155 427.87734 0.0943208 0.98871762 -0.11636602 -32.203873 -0.97091161 0.1171961 0.2087954 103.14251
230 0.22264972 0.093868337 0.97036892 430.47653 0.095539209 0.98846175 -0.11753987 -32.561313 -0.97020573 0.11887849 0.2111126 103.69343
231 0.22646702 0.094440983 0.96942952 433.06842 0.096516578 0.98821395 -0.11881804 -32.924228 -0.96922497 0.12047438 0.21468273 104.25092
232 0.23106662 0.095398066 0.96824967 435.67212 0.096739627 0.98799699 -0.12042999 -33.29471 -0.96811645 0.12149545 0.21906433 104.8198
233 0.2353026 0.09667881 0.9671018 438.27663 0.097339387 0.98769338 -0.12242065 -33.667196 -0.96703544 0.12294298 0.22299614 105.40174
234 0.23709345 0.096444159 0.96668776 440.87551 0.097658177 0.98765358 -0.12248788 -34.043894 -0.96656577 0.12344603 0.22474761 105.99664
235 0.24061002 0.098253823 0.96563607 443.47024 0.097970307 0.98732404 -0.1248721 -34.424005 -0.96566477 0.12464913 0.22793408 106.59583
236 0.24464602 0.099003908 0.96454474 446.03762 0.098235188 0.98712403 -0.12623778 -34.805735 -0.96462323 0.12563579 0.23177027 107.19699
237 0.24852821 0.10116409 0.96332734 448.59739 0.098004684 0.9868011 -0.12891336 -35.190435 -0.96365379 0.12644919 0.23533333 107.80654
238 0.25375048 0.10197325 0.96187949 451.15992 0.098050162 0.98659335 -0.13045959 -35.580125 -0.96228721 0.12741661 0.24035002 108.42893
239 0.2580522 0.10284262 0.96064169 453.72473 0.09814876 0.9863835 -0.13196364 -35.975581 -0.9611325 0.12833929 0.24444454 109.06535
240 0.26211456 0.10347331 0.95947342 456.28772 0.09875104 0.98614008 -0.13332653 -36.376847 -0.95997083 0.12969581 0.24826355 109.71257
241 0.2654845 0.10461328 0.95842269 458.85767 0.098677999 0.98592663 -0.13494933 -36.782839 -0.95905184 0.13040217 0.25142519 110.37435
242 0.26960056 0.10617522 0.95710102 461.41454 0.099114551 0.98556492 -0.13725188 -37.190613 -0.95785785 0.13186581 0.25518532 111.03907
243 0.27312931 0.10716259 0.95598984 463.95313 0.099679293 0.98527366 -0.13892387 -37.60136 -0.95679895 0.13323656 0.2584252 111.70948
244 0.27656131 0.10815425 0.95489083 466.49048 0.10055597 0.98493522 -0.14068081 -38.020565 -0.95572075 0.13492683 0.2615194 112.38925
245 0.28172582 0.10858769 0.95333063 469.03177 0.10103296 0.9846946 -0.14201716 -38.445327 -0.95416074 0.1363277 0.26644293 113.07687
246 0.2868463 0.10980665 0.9516626 471.55844 0.10073784 0.9844437 -0.14395306 -38.871655 -0.95266516 0.13716082 0.27132232 113.77731
247 0.29098064 0.11182411 0.95017137 474.09455 0.099752364 0.9841868 -0.14637551 -39.305649 -0.95151434 0.13737427 0.27522456 114.49925
248 0.29360907 0.11516511 0.94896297 476.61269 0.097839131 0.98388266 -0.14967435 -39.745756 -0.95090537 0.13679144 0.27760919 115.23234
249 0.29656366 0.11899212 0.94757104 479.12975 0.095620987 0.98352164 -0.15343339 -40.191063 -0.95021389 0.13611043 0.2802986 115.97309
250 0.3006546 0.12032142 0.94611288 481.63583 0.095190084 0.98327101 -0.15529637 -40.643289 -0.94897075 0.13675112 0.28417151 116.71208
251 0.30540294 0.12206972 0.94436647 484.13353 0.094884214 0.98291198 -0.15773718 -41.101746 -0.94748395 0.13777886 0.28860169 117.45967
252 0.30986355 0.12313265 0.94277407 486.63634 0.095476132 0.98253662 -0.15970625 -41.569594 -0.945975 0.13949955 0.29269603 118.21689
253 0.31407146 0.12610841 0.94098661 489.12064 0.094223519 0.98210529 -0.16306784 -42.041276 -0.94471205 0.13987801 0.29656883 118.98835
254 0.31773367 0.12910766 0.93934899 491.61095 0.092501926 0.98173998 -0.16622271 -42.520515 -0.943657 0.13970613 0.29998911 119.77738
255 0.32026071 0.13269257 0.93799028 494.10729 0.090315816 0.98135478 -0.1696639 -43.008004 -0.94301429 0.13905203 0.30230511 120.58035
256 0.32176244 0.13774742 0.93674681 496.58932 0.08737884 0.9808184 -0.17424178 -43.502591 -0.94277977 0.13791629 0.30355428 121.38731
257 0.32443082 0.14039634 0.93543226 499.06906 0.086075959 0.98043884 -0.1770045 -44.007416 -0.94198481 0.13794393 0.3059998 122.19197
258 0.32826408 0.1419501 0.93385913 501.54969 0.08567993 0.98009372 -0.17909559 -44.521961 -0.94069201 0.13880362 0.30956725 123.00096
259 0.33212505 0.14312693 0.93231306 504.01928 0.085673581 0.97975718 -0.18093062 -45.042514 -0.93933637 0.13996618 0.31313967 123.81514
260 0.33608388 0.1434605 0.93084194 506.48113 0.086270175 0.97948707 -0.18210581 -45.569413 -0.93787254 0.14150671 0.31681342 124.63543
261 0.33965858 0.14569023 0.92919665 508.94717 0.085666705 0.97903182 -0.18481857 -46.10138 -0.93663925 0.14237642 0.32005573 125.47279
262 0.34330539 0.14708055 0.9276361 511.40242 0.084965735 0.97874934 -0.18662942 -46.635323 -0.93537268 0.14288815 0.32351308 126.31505
263 0.34669535 0.1486111 0.92613017 513.85683 0.084529734 0.97840114 -0.18864231 -47.173856 -0.93416106 0.14368693 0.32664503 127.16647
264 0.34969666 0.149092 0.92492369 516.31388 0.084658012 0.97818832 -0.18968557 -47.720082 -0.93303006 0.1446346 0.32944733 128.02692
265 0.35351594 0.15035505 0.92326586 518.762 0.08438287 0.97784798 -0.19155378 -48.268428 -0.93161464 0.14562512 0.33299742 128.89082
266 0.35696535 0.15064672 0.92189007 521.20327 0.084110661 0.97771748 -0.19233803 -48.819504 -0.93032304 0.14619878 0.33634024 129.76589
267 0.36029001 0.15124375 0.92049793 523.63452 0.083770904 0.97753633 -0.19340411 -49.372556 -0.92907124 0.1467925 0.33952671 130.64757
268 0.36374265 0.15174819 0.91905592 526.06826 0.083781982 0.97731269 -0.19452626 -49.932066 -0.92772393 0.14775781 0.34277652 131.53949
269 0.36804164 0.15185645 0.9173249 528.49554 0.084167355 0.97708171 -0.1955177 -50.493872 -0.92599192 0.14916745 0.34682536 132.44041
270 0.37183352 0.15281716 0.91563462 530.92808 0.084916247 0.97662221 -0.19747979 -51.063148 -0.92440732 0.15118185 0.35016418 133.35548
271 0.37537167 0.15402643 0.91398686 533.34605 0.085214652 0.97618442 -0.19950546 -51.632707 -0.92294875 0.15277375 0.35330664 134.27274
272 0.38029224 0.1550958 0.91176922 535.75575 0.084750469 0.97584718 -0.20134453 -52.20713 -0.92097503 0.15384262 0.35796263 135.20176
273 0.38426637 0.15626664 0.90990115 538.16391 0.083900931 0.97558187 -0.20297942 -52.783947 -0.91940188 0.1543397 0.36177235 136.1427
274 0.38878834 0.15655573 0.90792837 540.57116 0.084173341 0.97530008 -0.20421702 -53.366858 -0.91747387 0.15582055 0.36600745 137.09331
275 0.39182643 0.15602029 0.9067137 542.95711 0.084618453 0.97522812 -0.20437666 -53.950081 -0.91613951 0.15680487 0.36891792 138.04633
276 0.39502698 0.15623746 0.90528644 545.34417 0.084978789 0.97499259 -0.20534857 -54.537671 -0.91473063 0.15804836 0.37187147 139.00881
277 0.40195377 0.15593208 0.90228508 547.72876 0.085523516 0.97469224 -0.2065448 -55.124593 -0.91165713 0.16018804 0.37844532 139.98325
278 0.40528432 0.15660951 0.90067646 550.11196 0.08660343 0.97420935 -0.20836501 -55.717599 -0.91007928 0.16244872 0.38126881 140.969
279 0.40928453 0.15764281 0.89868511 552.49903 0.086313257 0.97385423 -0.2101379 -56.32134 -0.90831494 0.16357461 0.38497677 141.97617
280 0.41310031 0.15873086 0.89674559 554.87562 0.086014542 0.97349024 -0.21193924 -56.926974 -0.90661429 0.16468531 0.38849591 142.98966
281 0.41655338 0.15845165 0.89519627 557.24368 0.086615959 0.97329721 -0.21257989 -57.532439 -0.90497558 0.16608914 0.39170576 144.00964
282 0.4204881 0.15885372 0.89328341 559.61472 0.086488285 0.97305204 -0.21375101 -58.144286 -0.9031663 0.16713829 0.39541778 145.04408
283 0.42437604 0.15904351 0.89140908 561.97827 0.086432424 0.97284341 -0.21472103 -58.757607 -0.90135134 0.16816909 0.39910488 146.08574
284 0.42792808 0.16009135 0.8895214 564.32236 0.086483954 0.97241861 -0.21661617 -59.368683 -0.89966545 0.16962545 0.40227985 147.12722
285 0.43195533 0.16078417 0.88744749 566.66773 0.08666218 0.97202835 -0.21829006 -59.987254 -0.89772161 0.17119967 0.40593888 148.18178
286 0.4370714 0.16092041 0.88491424 569.01671 0.086919145 0.97170275 -0.21963335 -60.611261 -0.895217 0.17291143 0.41071638 149.25266
287 0.44074561 0.16131866 0.88301733 571.35907 0.087298048 0.971352 -0.22103013 -61.241113 -0.89337685 0.17450373 0.41403629 150.33444
288 0.44463064 0.16238622 0.88087134 573.70675 0.086955255 0.97095875 -0.22288533 -61.878905 -0.89148315 0.17569802 0.41759764 151.4337
289 0.44829823 0.16194859 0.87909121 576.04398 0.086859117 0.97090493 -0.22315713 -62.519179 -0.88965388 0.17639802 0.42118821 152.53807
290 0.45293778 0.16234979 0.87663557 578.37474 0.08711527 0.9705153 -0.22474647 -63.160511 -0.88727568 0.17816449 0.42543986 153.6483
291 0.45679094 0.16258769 0.87458978 580.69397 0.087883169 0.97009815 -0.2262435 -63.803836 -0.88522224 0.18020768 0.42884328 154.76478
292 0.46013347 0.16272596 0.87281009 583.01071 0.088807056 0.96969499 -0.22760695 -64.450089 -0.88339704 0.18224125 0.43173787 155.89008
293 0.46458474 0.160627 0.87083867 585.33424 0.089080052 0.96994528 -0.22643073 -65.102414 -0.88103666 0.1827706 0.43631308 157.03626
