4 0.99889416 -0.003811974 0.04686079 0.048338569 0.0038103921 0.99999273 0.00012308607 -0.020249717 -0.046860919 5.5608028e-05 0.99890142 0.99286322
5 0.99918972 -0.0010169679 0.040235193 0.045189905 0.0011359641 0.99999505 -0.0029347646 -0.015162364 -0.040232009 0.0029780924 0.99918593 0.97905331
6 0.9991262 -0.0022495797 0.041734653 0.044953506 0.0022710757 0.99999731 -0.00046765816 -0.01847583 -0.041733489 0.00056203208 0.99912862 0.99330781
7 0.9990956 -0.0020038741 0.042473079 0.044514418 0.0020457232 0.99999746 -0.00094186832 -0.019313311 -0.042471084 0.0010279047 0.99909717 0.98195849
8 0.99921869 -0.0017431822 0.039483785 0.044185468 0.0018159153 0.99999672 -0.0018063117 -0.021334168 -0.039480507 0.0018765996 0.99921858 0.97894521
9 0.9991638 -0.0020654708 0.040834347 0.046688092 0.0021356142 0.99999632 -0.0016742066 -0.01774922 -0.040830739 0.001760013 0.99916453 0.97621503
10 0.99931925 -0.0014889414 0.036862277 0.041890087 0.001557781 0.9999971 -0.0018388295 -0.021951677 -0.036859432 0.0018950011 0.99931866 0.97808213
11 0.99925086 -0.0022287789 0.038636043 0.04567176 0.0022492941 0.99999735 -0.00048752661 -0.02100736 -0.038634854 0.00057406521 0.99925323 0.97445338
12 0.99911782 -0.0018611151 0.041953672 0.048128177 0.0018903326 0.999998 -0.00065676359 -0.02559368 -0.041952366 0.00073549061 0.99911934 0.97060668
13 0.99904457 -0.00076715059 0.043696216 0.046669879 0.00086517321 0.99999715 -0.0022244074 -0.031913559 -0.043694385 0.0022600869 0.99904239 0.97953358
14 0.99893134 -0.00077252441 0.046212321 0.048991641 0.000877806 0.99999707 -0.0022579646 -0.028751578 -0.046210441 0.002296117 0.99892909 0.97427592
15 0.9989713 -0.0025804959 0.045273358 0.049714175 0.0025872149 0.99999665 -8.9814841e-05 -0.019978641 -0.045272975 0.00020685436 0.99897463 0.96914819
16 0.99902939 -0.00085235484 0.044040375 0.049019627 0.00094960499 0.99999716 -0.0021873309 -0.026539424 -0.044038385 0.0022270289 0.99902736 0.96893585
17 0.99891382 -0.0030240284 0.046497676 0.054548111 0.0029419113 0.99999399 0.0018343791 -0.019583069 -0.046502943 -0.0016955946 0.99891671 0.95784701
18 0.9989794 -0.0008947177 0.045159308 0.045172631 0.00096313226 0.99999842 -0.0014932247 -0.024152685 -0.045157901 0.0015351951 0.99897868 0.94952032
19 0.99900929 -9.8420821e-05 0.044502057 0.043344233 0.00017629082 0.99999846 -0.0017458855 -0.028218997 -0.044501816 0.0017520011 0.99900777 0.94785041
20 0.99911431 -0.0017212755 0.042043236 0.045553465 0.0017553653 0.99999816 -0.00077392295 -0.018159433 -0.042041826 0.00084703873 0.99911549 0.94745793
21 0.99913442 -0.001364827 0.041575917 0.049947231 0.0014374407 0.99999749 -0.001716688 -0.023703248 -0.04157347 0.001774965 0.99913387 0.9438889
22 0.99914451 -0.0023396294 0.04128883 0.047291653 0.0023606345 0.99999711 -0.00045998885 -0.018560807 -0.041287634 0.00055706317 0.99914715 0.95573841
23 0.99905648 -0.00098502545 0.043418711 0.049385081 0.0010791481 0.99999712 -0.0021444037 -0.018023451 -0.043416473 0.0021892357 0.99905466 0.95213709
24 0.99914772 -0.00033956751 0.041276176 0.048954872 0.00043467652 0.99999727 -0.002295258 -0.014691191 -0.041275284 0.0023112436 0.99914514 0.95176212
25 0.99929934 -0.0018204818 0.037383248 0.045278643 0.0018586324 0.99999779 -0.00098579889 -0.012894669 -0.03738137 0.0010545899 0.99930052 0.95950651
26 0.99940196 -0.002499902 0.03448867 0.046944854 0.0025276721 0.99999652 -0.00076161687 -0.013624175 -0.034486645 0.00084833745 0.9994048 0.95384194
27 0.9993994 -0.00285469 0.03453521 0.04698406 0.002908704 0.99999462 -0.0015138854 -0.020029551 -0.034530703 0.0016134288 0.99940234 0.95992128
28 0.99925423 -0.00092492879 0.038602223 0.042103368 0.0010593017 0.99999345 -0.0034606548 -0.021497902 -0.038598769 0.0034989654 0.99924866 0.98262455
29 0.99944923 -0.0022812692 0.033106397 0.042360222 0.00233664 0.99999594 -0.0016339158 -0.016622658 -0.033102535 0.0017103736 0.9994505 0.98389005
30 0.99945559 -0.0026151116 0.032889017 0.040805709 0.0026425638 0.9999962 -0.00079125033 -0.014241768 -0.032886822 0.00087773089 0.9994587 0.9881325
31 0.99942188 1.4615697e-05 0.033998612 0.029106985 3.7046223e-05 0.99999885 -0.0015188999 -0.013290961 -0.033998595 0.0015192813 0.99942073 0.99886034
32 0.99955786 -0.00027437072 0.029732339 0.029489788 0.00031704365 0.99999893 -0.0014305315 -0.013186226 -0.029731914 0.0014393255 0.99955687 0.99660999
33 0.99964012 -0.0018447325 0.026762575 0.030371561 0.0018472045 0.99999829 -6.7645649e-05 -0.0075065607 -0.026762404 0.00011705725 0.99964182 1.0139509
34 0.99966977 -0.0031328224 0.025505665 0.031391686 0.0030985442 0.99999424 0.0013833544 -0.0064479535 -0.025509852 -0.0013038671 0.99967372 1.0086228
35 0.9996125 -0.0012873387 0.027806272 0.031393447 0.0013469951 0.99999683 -0.0021268056 -0.016357662 -0.027803446 0.0021634364 0.99961107 1.0221988
36 0.99966575 -0.0012612319 0.025822309 0.032224937 0.0013078483 0.99999755 -0.0017884686 -0.014041494 -0.02581999 0.0018216425 0.99966495 1.0520493
37 0.99968612 -0.0022529262 0.024951539 0.033158086 0.0022663716 0.9999973 -0.00051059247 -0.013335888 -0.024950321 0.00056698166 0.99968853 1.0572762
38 0.99979252 -0.0024236895 0.020224643 0.028703538 0.0024130841 0.99999694 0.00054876761 -0.011940758 -0.020225911 -0.00049984999 0.99979531 1.0842613
39 0.99983342 -0.0019420916 0.018148547 0.026982025 0.0019529429 0.99999792 -0.00058021065 -0.0098737676 -0.018147382 0.00061555707 0.99983513 1.0949253
40 0.99986184 -0.0026745558 0.016405831 0.025109673 0.0026654384 0.99999628 0.00057758362 -0.01108432 -0.016407315 -0.00053377509 0.99986525 1.0750387
41 0.99987102 -0.0019532773 0.015941403 0.023186214 0.0019577612 0.99999805 -0.00026567502 -0.013539127 -0.015940853 0.00029685021 0.99987289 1.1087109
42 0.99989813 -0.0021842791 0.014105461 0.022798637 0.002182111 0.9999976 0.00016909422 -0.011672861 -0.014105797 -0.00013829732 0.9999005 1.1261995
43 0.99987876 -0.0026014515 0.015352712 0.022729119 0.002602311 0.99999661 -3.6011466e-05 -0.011209398 -0.015352567 7.5959632e-05 0.99988214 1.1199916
44 0.99991227 -0.0013853078 0.013172986 0.019097229 0.0013975917 0.9999986 -0.00092334633 -0.0073001341 -0.013171689 0.00094167578 0.99991281 1.1390309
45 0.99995113 -0.0013743911 0.0097907183 0.0094359807 0.0013875148 0.99999815 -0.0013337538 -0.012458051 -0.0097888671 0.0013472734 0.99995118 1.1379766
46 0.99994456 -0.0006418319 0.010509765 0.0069844741 0.00065121468 0.99999939 -0.00088937008 -0.014844829 -0.010509188 0.00089616489 0.99994438 1.1463342
47 0.99999253 -0.0003688657 0.0038467731 0.0046872703 0.00037726126 0.99999755 -0.002181997 -0.012841345 -0.0038459588 0.0021834319 0.99999022 1.1763592
48 0.99999802 -0.00060435216 0.0018979665 0.0034665314 0.00060820968 0.99999775 -0.0020325281 -0.0098850632 -0.0018967338 0.0020336785 0.99999613 1.1879335
49 0.99999781 -0.0012384326 0.001684987 0.003063794 0.0012372093 0.99999897 0.00072686871 -0.0075610929 -0.0016858855 -0.00072478244 0.99999832 1.2068373
50 0.99999976 0.00028802719 0.00063621334 0.0056094835 -0.0002871094 0.99999892 -0.001442209 -0.0085049834 -0.00063662804 0.001442026 0.99999876 1.2476794
51 0.99999998 -0.00018453324 -8.8635838e-05 0.0048680399 0.00018444594 0.9999995 -0.00098400487 -0.0066359904 8.8817375e-05 0.0009839885 0.99999951 1.2489638
52 0.99999986 -0.00047096624 0.00024215688 0.0061900561 0.00047124518 0.99999922 -0.001153142 -0.012012257 -0.0002416136 0.001153256 0.99999931 1.2666597
53 0.99999893 -0.00046718483 -0.0013864361 0.0038415516 0.00046696895 0.99999988 -0.00015602354 -0.010692546 0.0013865088 0.00015537595 0.99999903 1.3198942
54 0.99999945 -0.00016938413 0.001038351 0.0053895149 0.00016948536 0.99999998 -9.7411875e-05 -0.012974898 -0.0010383345 9.7587806e-05 0.99999946 1.3229532
55 0.99999879 -0.001466408 -0.00051016508 0.0044349095 0.0014667258 0.99999873 0.00062317818 -0.015080811 0.0005092506 -0.0006239257 0.99999968 1.3643494
56 0.99999596 0.0005644556 -0.0027857068 -0.0016161129 -0.00056578735 0.99999973 -0.00047730267 -0.013336387 0.0027854366 0.00047887686 0.99999601 1.3931304
57 0.99999662 -0.0004312797 -0.0025642524 0.0025561062 0.00043261309 0.99999977 0.00051945833 -0.0088974047 0.0025640278 -0.00052056591 0.99999658 1.4002333
58 0.99998436 0.00096075595 -0.005510057 -0.00050371706 -0.00095289729 0.99999853 0.0014286873 -0.0094449891 0.0055114215 -0.0014234144 0.9999838 1.434904
59 0.99999119 0.00040477957 -0.0041773072 -0.0019215107 -0.00039920615 0.99999903 0.0013349623 -0.0090506745 0.0041778435 -0.001333283 0.99999038 1.4588674
60 0.99999192 0.00063041232 -0.0039699449 0.00090362277 -0.0006250598 0.99999889 0.0013493571 -0.01127286 0.0039707912 -0.0013468647 0.99999121 1.4535159
61 0.99999143 0.00036717677 -0.0041227953 -0.0026970345 -0.00036305613 0.99999943 0.0010001805 -0.013310693 0.0041231602 -0.00099867517 0.999991 1.4840521
62 0.99998978 0.00066841777 -0.0044712627 -0.0021082777 -0.00066322758 0.9999991 0.0011621695 -0.014980022 0.0044720356 -0.0011591922 0.99998933 1.5174288
63 0.99999422 0.00025434568 -0.0033900766 -0.0016018805 -0.000249254 0.99999884 0.0015022736 -0.01606762 0.0033904548 -0.0015014199 0.99999313 1.5498969
64 0.99999603 -0.00047063876 -0.0027770447 0.00061822535 0.00047139456 0.99999985 0.00027151308 -0.019352213 0.0027769165 -0.00027282109 0.99999611 1.5704568
65 0.99999278 0.00096400236 -0.0036753121 -0.0020554472 -0.00096509565 0.99999949 -0.00029570786 -0.015952339 0.0036750251 0.00029925275 0.9999932 1.597108
66 0.99998885 0.00084073321 -0.0046466726 -0.0012629693 -0.0008401201 0.99999964 0.00013389598 -0.017810801 0.0046467835 -0.00012999073 0.9999892 1.6264329
67 0.99999297 0.00024204546 -0.003741946 0.0016761422 -0.00023747908 0.99999923 0.0012207196 -0.015989929 0.0037422386 -0.0012198223 0.99999225 1.637785
68 0.99999171 0.00032255059 -0.0040594017 -0.0012074061 -0.00031882953 0.99999953 0.0009172668 -0.017019717 0.0040596956 -0.00091596494 0.99999134 1.64119
69 0.99998286 0.0015667545 -0.0056411117 -0.001891909 -0.0015601025 0.99999808 0.0011834036 -0.012208979 0.005642955 -0.0011745826 0.99998339 1.6503027
70 0.99998846 0.00074206246 -0.0047460044 0.00079379807 -0.00073823528 0.9999994 0.00080810117 -0.014453386 0.0047466012 -0.00080458818 0.99998841 1.6685325
71 0.9999902 1.4424304e-06 -0.0044275501 -0.0010099511 -2.9073723e-06 0.99999995 -0.00033086322 -0.021329884 0.0044275494 0.00033087285 0.99999014 1.6841149
72 0.99999422 0.0001099858 -0.0033969259 -0.00098360284 -0.00011392443 0.99999932 -0.0011592977 -0.020671962 0.0033967961 0.001159678 0.99999356 1.6965265
73 0.99999436 0.00041870581 -0.003333427 -0.0040322809 -0.00042027057 0.9999998 -0.00046872953 -0.025941628 0.0033332301 0.00047012782 0.99999433 1.7101018
74 0.99999687 0.00031466847 -0.0024802941 -0.004360032 -0.00031647642 0.99999968 -0.00072856875 -0.024864658 0.0024800641 0.00072935143 0.99999666 1.7158939
75 0.99999554 0.001311317 -0.0026848992 -0.0038777975 -0.0013125309 0.99999904 -0.00045038381 -0.020670432 0.002684306 0.00045390581 0.99999629 1.7285112
76 0.99999483 0.0015712484 -0.0028055616 -0.0011699748 -0.0015692198 0.99999851 0.00072509857 -0.014439597 0.0028066967 -0.00072069228 0.9999958 1.7413801
77 0.99999549 0.0012688292 -0.0027235913 -0.0022199772 -0.0012675814 0.99999909 0.00045983306 -0.015197013 0.0027241723 -0.00045637861 0.99999619 1.7541618
78 0.99999485 -2.5097908e-05 -0.0032098633 0.00029450505 2.687676e-05 0.99999985 0.00055414115 -0.015722221 0.0032098489 -0.00055422457 0.99999469 1.7593892
79 0.99999672 -0.00012037684 -0.0025596069 0.0021685233 0.0001197486 0.99999996 -0.00024559715 -0.018615618 0.0025596363 0.00024528984 0.99999669 1.7817781
80 0.99999987 -0.000503721 -8.8580179e-08 -0.0024850868 0.00050372098 0.99999974 0.00050651347 -0.023671652 -1.6656131e-07 -0.00050651345 0.99999987 1.805647
81 0.99999954 -8.4029055e-05 0.00095823112 -0.0012967478 8.4468634e-05 0.99999989 -0.00045870967 -0.023748032 -0.00095819247 0.0004587904 0.99999944 1.8384109
82 0.99999925 -0.0012195141 -0.00012616696 -0.0011881811 0.0012194338 0.99999905 -0.00063494682 -0.024155801 0.00012694116 0.00063479249 0.99999979 1.8394633
83 0.99999982 -0.00060372501 5.6599048e-05 -0.0010773242 0.00060381224 0.99999861 -0.0015541478 -0.027673138 -5.5660692e-05 0.0015541817 0.99999879 1.8521397
84 0.99999983 -0.00057957879 0.00011319371 0.00043149 0.0005796792 0.99999944 -0.00088907075 -0.023908467 -0.00011267836 0.00088913621 0.9999996 1.857617
85 0.99999998 -0.00019826444 6.57259e-05 -0.0021084938 0.00019833216 0.99999945 -0.0010318728 -0.028908909 -6.552128e-05 0.0010318858 0.99999947 1.8649329
86 0.99999985 -0.00054760513 -1.1155164e-05 -0.0015985031 0.00054759616 0.99999954 -0.00078886938 -0.022328405 1.1587148e-05 0.00078886315 0.99999969 1.897384
87 0.99999975 -0.00026691047 -0.00065072202 -0.0024724176 0.00026659176 0.99999984 -0.00048980428 -0.023627817 0.00065085265 0.00048963068 0.99999967 1.8976751
88 0.99999962 -0.00055119779 -0.0006814437 -0.0020441522 0.00055111825 0.99999984 -0.00011691456 -0.023448293 0.00068150804 0.00011653896 0.99999976 1.9025583
89 0.99999984 -0.00049490716 -0.00025794477 -0.00048133518 0.00049505288 0.99999972 0.00056518152 -0.018616863 0.00025766499 -0.00056530913 0.99999981 1.9076705
90 0.99999959 -0.00073016598 -0.00053103104 -0.0017343897 0.00073016282 0.99999973 -6.1394719e-06 -0.02282234 0.00053103539 5.7517302e-06 0.99999986 1.9115202
91 0.99999978 -0.00060546936 -0.0002869879 -0.001823065 0.00060541768 0.9999998 -0.00018013102 -0.022337429 0.00028709691 0.00017995723 0.99999994 1.9201757
92 0.99999993 -0.00029149076 0.0002283455 -0.0025575769 0.00029161508 0.99999981 -0.00054460749 -0.021045834 -0.0002281867 0.00054467405 0.99999983 1.9428512
93 0.99999999 0.00013932437 1.0952556e-05 -0.0019999153 -0.00013931687 0.99999976 -0.00068212802 -0.024014046 -1.104759e-05 0.00068212649 0.99999977 1.9413598
94 0.99999993 -0.00037327459 -3.7153413e-05 -0.0026194013 0.00037326866 0.99999992 -0.00015952129 -0.019971104 3.7212955e-05 0.00015950741 0.99999999 1.9625909
95 0.99999986 -0.00038907422 -0.00036217612 -0.004301131 0.00038877879 0.99999959 -0.00081542423 -0.020181028 0.00036249324 0.0008152833 0.9999996 1.974626
96 0.99999909 0.00020726044 0.0013346208 -0.0040330202 -0.00020476268 0.99999823 -0.0018713844 -0.023601678 -0.0013350063 0.0018711094 0.99999736 1.9856
97 0.99999977 0.0006717304 0.00011950177 -0.0053523906 -0.00067164152 0.9999995 -0.00074230077 -0.024434152 -0.00012000034 0.00074222034 0.99999972 1.9991936
98 0.99999992 0.00038262266 -0.0001517314 -0.0031951851 -0.00038276533 0.99999948 -0.00094135713 -0.023370555 0.00015137114 0.00094141513 0.99999955 2.0047352
99 0.99999975 -0.00065630105 0.00024989149 -0.00422349 0.00065658999 0.99999911 -0.001157963 -0.023828754 -0.00024913129 0.0011581267 0.9999993 2.0426674
100 0.99999973 -0.0002808804 0.00068168889 -0.0052136513 0.00028202761 0.99999854 -0.0016833789 -0.023817769 -0.00068121507 0.0016835707 0.99999835 2.0294437
101 0.99999907 -1.4471755e-05 0.0013602125 -0.0043978574 1.7178661e-05 0.99999802 -0.0019900705 -0.023163073 -0.001360181 0.001990092 0.99999709 2.0385563
102 0.99999927 0.00010213772 0.0012035451 -0.0035018933 -0.00010091108 0.99999948 -0.0010192081 -0.023560984 -0.0012036485 0.0010190859 0.99999876 2.0527812
103 0.99999949 -0.00048254249 0.0008847597 -0.0034952757 0.0004829882 0.99999976 -0.00050361626 -0.021768339 -0.00088451647 0.00050404333 0.99999948 2.0527607
104 0.9999996 0.00038963966 0.00080684167 -0.001055034 -0.00038847469 0.99999888 -0.0014435241 -0.020992232 -0.00080740322 0.0014432101 0.99999863 2.0643646
105 0.99999901 -0.0011248677 0.00084841192 -0.0038612129 0.0011258806 0.99999865 -0.0011943713 -0.024888127 -0.00084706727 0.0011953253 0.99999893 2.0964272
106 0.99999977 -0.00058959081 0.00032100151 -0.0050302003 0.00059009563 0.99999859 -0.0015748299 -0.02666369 -0.00032007255 0.001575019 0.99999871 2.097697
107 0.99999978 -0.00044975568 0.0004952091 -0.0045823007 0.00045035591 0.99999916 -0.0012126161 -0.026873461 -0.00049466331 0.0012128389 0.99999914 2.0936099
108 0.99999983 -0.0004003063 -0.00042717985 -0.0020190709 0.00039982958 0.9999993 -0.0011154735 -0.026172729 0.00042762608 0.0011153025 0.99999929 2.1076238
109 0.99999911 -0.0009951768 0.00088503418 -0.0038561092 0.00099582249 0.99999924 -0.00072941793 -0.024781864 -0.00088430761 0.00073029862 0.99999934 2.101714
110 0.99999971 -0.00032365168 0.00069518724 -0.0080442219 0.00032528576 0.99999718 -0.002351733 -0.027838445 -0.00069442414 0.0023519585 0.99999699 2.1254513
111 0.99999971 0.00059024077 -0.00049104122 -0.0051708013 -0.00059083237 0.9999991 -0.001205516 -0.0232376 0.00049032923 0.0012058057 0.99999915 2.1336366
112 0.99999979 0.00056512914 -0.00031010375 -0.00066538711 -0.00056565514 0.9999984 -0.0016987561 -0.023114491 0.00030914324 0.0016989312 0.99999851 2.1465591
113 0.99999631 0.00078340957 0.0026018783 -0.0043689547 -0.00077486492 0.99999431 -0.0032834184 -0.026715836 -0.0026044357 0.0032813901 0.99999122 2.1471348
114 0.99999899 0.00092347252 0.0010759741 -0.0051447533 -0.00092011489 0.99999472 -0.0031168788 -0.03285096 -0.0010788468 0.0031158857 0.99999456 2.165819
115 0.99999946 0.00032405428 0.00099109948 -0.0039491471 -0.00032091742 0.99999494 -0.0031635581 -0.030610459 -0.00099211963 0.0031632383 0.9999945 2.1737816
116 0.99999748 -0.0020757437 -0.00085193893 0.00027751769 0.0020758324 0.99999784 0.0001033171 -0.024035252 0.00085172263 -0.00010508532 0.99999963 2.1822586
117 0.99999752 -0.0019303859 0.0011069819 2.178623e-05 0.0019325571 0.9999962 -0.0019636866 -0.02473839 -0.001103187 0.001965821 0.99999746 2.193723
118 0.99999741 -0.0020773136 0.00093501137 -0.0030387802 0.0020789884 0.99999623 -0.0017937505 -0.026799374 -0.00093128166 0.0017956898 0.99999795 2.1986957
119 0.99999672 -0.0018241391 0.0017986376 9.8827836e-05 0.0018297155 0.99999351 -0.0031035868 -0.030925233 -0.0017929646 0.0031068676 0.99999357 2.2199946
120 0.99999823 -0.0018587753 -0.00029956341 -0.0031915287 0.0018582941 0.999997 -0.0015988888 -0.027990381 0.00030253448 0.0015983293 0.99999868 2.2287534
121 0.99999885 -0.0013632483 0.00066833487 -0.00071533535 0.001363915 0.99999857 -0.00099816917 -0.025889179 -0.00066697316 0.00099907957 0.99999928 2.2430737
122 0.99999863 -0.0011681172 0.0011739127 -0.00040599693 0.0011687255 0.99999918 -0.00051762575 -0.023870924 -0.0011733071 0.00051899702 0.99999918 2.2377252
123 0.99999829 -0.0011579783 0.0014441803 -0.0003032168 0.0011584421 0.99999928 -0.00032035355 -0.024386189 -0.0014438083 0.000322026 0.99999891 2.2355455
124 0.99999811 -0.001034873 0.0016489102 7.7323098e-05 0.0010367323 0.99999883 -0.001127102 -0.027896463 -0.0016477419 0.0011288094 0.99999801 2.2625673
125 0.99999815 -0.0011327242 0.0015529406 -0.00039015266 0.0011348114 0.99999845 -0.0013438092 -0.030275373 -0.0015514161 0.001345569 0.99999789 2.2713055
126 0.99999829 -0.0011293398 0.0014668361 0.00027010312 0.0011313186 0.99999845 -0.0013489219 -0.029461038 -0.0014653105 0.001350579 0.99999801 2.2740655
127 0.99999836 -0.00058503745 0.0017163673 -0.00074198505 0.00058927693 0.99999677 -0.0024705662 -0.029629422 -0.0017149164 0.0024715736 0.99999548 2.2592294
128 0.99999954 -0.00059365243 0.00075341391 -0.0027447868 0.00059448645 0.99999921 -0.0011072473 -0.03074571 -0.000752756 0.0011076947 0.9999991 2.2671632
129 0.99999967 -0.00065390054 0.00047916568 -0.0035676112 0.00065401985 0.99999976 -0.00024889698 -0.033665909 -0.00047900281 0.00024921028 0.99999985 2.301169
130 0.99999851 -0.0010919845 0.0013375541 -0.0024016776 0.0010939134 0.99999836 -0.0014422327 -0.036841707 -0.001335977 0.0014436937 0.99999807 2.3016948
131 0.99999947 -0.00068901533 0.00075847993 -0.0029234161 0.00069007429 0.99999879 -0.0013967865 -0.035843314 -0.0007575166 0.0013973091 0.99999874 2.3114935
132 0.99999954 -0.0005219096 0.00080191084 -0.0027412263 0.00052275426 0.99999931 -0.0010534592 -0.033383078 -0.00080136048 0.0010538779 0.99999912 2.3042473
133 0.99999922 -0.00066017544 0.0010643873 -0.001173386 0.00066039249 0.99999976 -0.00020358934 -0.032796089 -0.0010642527 0.00020429209 0.99999941 2.3237493
134 0.99999838 -0.0011548999 0.0013818295 0.0011374509 0.0011565214 0.99999864 -0.0011732053 -0.035221137 -0.0013804727 0.0011748015 0.99999836 2.3396226
135 0.99999862 -0.00083996159 0.0014366943 0.00016783323 0.00084199676 0.99999864 -0.0014165453 -0.037533156 -0.0014355025 0.001417753 0.99999796 2.3589361
136 0.99999987 -0.00048254169 0.00014774589 -0.003271491 0.00048268302 0.99999942 -0.00095805008 -0.038110949 -0.0001472835 0.00095812127 0.99999953 2.3475592
137 0.99999955 -0.000585136 0.00074094792 -0.0017496423 0.00058551163 0.9999997 -0.00050684025 -0.034557704 -0.00074065113 0.00050727386 0.9999996 2.3306286
138 0.99999906 -0.0010570863 0.00087178113 -0.00073749699 0.0010578435 0.99999906 -0.00086858339 -0.035812616 -0.00087086214 0.00086950479 0.99999924 2.3407484
139 0.99999691 -0.00070569423 0.0023843335 0.0010154173 0.00071001867 0.9999981 -0.0018133292 -0.038448439 -0.0023830493 0.0018150165 0.99999551 2.3569664
140 0.99999917 -0.00026586241 0.0012584939 -0.0018017743 0.00026798434 0.99999854 -0.0016862254 -0.039931975 -0.0012580438 0.0016865612 0.99999779 2.3686744
141 0.99999795 -0.00062681934 0.0019274315 0.00015086554 0.00062998149 0.99999846 -0.0016404379 -0.039621677 -0.0019264002 0.0016416487 0.9999968 2.3690541
142 0.99999645 -0.0003411227 0.0026417451 -1.004128e-05 0.0003460061 0.99999823 -0.0018483162 -0.040306868 -0.00264111 0.0018492237 0.9999948 2.3739809
143 0.99999886 -0.00046331198 0.0014350017 -0.0014219963 0.0004654067 0.99999883 -0.0014597434 -0.039215195 -0.0014343237 0.0014604096 0.9999979 2.3679832
144 0.99999919 -0.00019689442 0.0012611252 -0.0020124038 0.00019734729 0.99999992 -0.00035898258 -0.036219341 -0.0012610544 0.00035923117 0.99999914 2.3718286
145 0.99999983 -0.00042129813 0.00039826379 -0.0029532389 0.00042146697 0.99999982 -0.00042395102 -0.037288764 -0.00039808511 0.0004241188 0.99999983 2.3676616
146 0.99999974 -0.00021844056 -0.00068370525 -0.0035514803 0.00021798951 0.99999976 -0.00065971156 -0.038463435 0.00068384919 0.00065956235 0.99999955 2.3716016
147 0.99999979 -0.00040900049 0.00049583357 -0.0022866993 0.00040978755 0.99999865 -0.0015882802 -0.037522761 -0.0004951833 0.0015884831 0.99999862 2.3718151
148 0.99999975 -0.00065185175 -0.00026996218 -0.0016581868 0.00065152567 0.99999906 -0.0012061889 -0.037390473 0.00027074818 0.0012060127 0.99999924 2.3644256
149 0.99999966 -0.00066005983 -0.00049890064 -0.0018871516 0.0006591114 0.99999798 -0.0018988206 -0.039424092 0.00050015296 0.0018984911 0.99999807 2.3838481
150 0.99999848 -0.00065896909 0.0016141023 0.0026153616 0.00066145909 0.99999859 -0.0015426013 -0.035071154 -0.0016130835 0.0015436666 0.99999751 2.3734227
151 0.999999 -0.00032546145 0.0013731424 -0.00024236462 0.00032730292 0.99999905 -0.0013410551 -0.036991428 -0.0013727046 0.0013415032 0.99999816 2.372101
152 0.99999993 -0.00030077831 -0.00023250491 -0.0027812955 0.00030057032 0.99999956 -0.00089407634 -0.039720262 0.00023277373 0.00089400639 0.99999957 2.4011463
153 0.99999987 -0.00049879826 -5.2229634e-05 -0.0024151094 0.00049875543 0.99999954 -0.00081689142 -0.040074855 5.2637074e-05 0.00081686527 0.99999966 2.3748287
154 0.99999969 -0.00065072266 0.00043677755 -0.002385662 0.00065123676 0.99999909 -0.0011779111 -0.040885611 -0.00043601066 0.0011781952 0.99999921 2.3826102
155 0.99999985 -0.0002389125 0.00048664913 -0.0022282541 0.0002394371 0.99999939 -0.0010782204 -0.039859249 -0.00048639123 0.0010783368 0.9999993 2.3902115
156 0.99999978 -0.00065235908 -0.00010785743 -0.0023466458 0.00065228916 0.99999958 -0.00064708964 -0.038820367 0.00010827952 0.00064701914 0.99999978 2.3693925
157 0.99999987 -0.00047764944 -0.000195386 -0.0032572586 0.00047740425 0.9999991 -0.0012529936 -0.040516227 0.00019598431 0.0012529001 0.9999992 2.3785342
158 0.99999984 -0.00044390602 -0.00034929986 -0.0029520086 0.00044359043 0.99999949 -0.00090304269 -0.038828608 0.00034970055 0.0009028876 0.99999953 2.3720185
159 0.99999977 -0.00036927037 0.00057147092 -0.0016734864 0.00037017763 0.99999867 -0.0015883014 -0.039475201 -0.00057088364 0.0015885126 0.99999858 2.3737209
160 0.99999988 -9.9670286e-05 0.00048666914 -0.0024436482 0.00010050927 0.99999851 -0.0017242199 -0.039488529 -0.00048649656 0.0017242686 0.9999984 2.3946579
161 0.99999955 -0.00044132034 0.00083788655 -0.0016667451 0.00044209703 0.99999947 -0.00092699951 -0.037395076 -0.000837477 0.00092736952 0.99999922 2.379889
162 0.99999989 -0.00026150567 -0.00039669766 -0.0029803802 0.0002614651 0.99999996 -0.00010233382 -0.036456898 0.0003967244 0.00010223008 0.99999992 2.3787533
163 0.99999974 -0.00038280605 -0.00060666576 -0.0032325471 0.00038223338 0.99999948 -0.00094379836 -0.038977757 0.00060702673 0.00094356623 0.99999937 2.3768243
164 0.99999919 -0.00024447578 0.0012493689 -0.00051551247 0.00024726019 0.99999749 -0.0022289885 -0.039909833 -0.0012488209 0.0022292957 0.99999674 2.3799472
165 0.99999902 -0.00033036863 0.0013616195 -0.00068455704 0.00033315015 0.99999786 -0.0020430871 -0.040184499 -0.0013609417 0.0020435387 0.99999699 2.3964362
166 0.99999916 -0.00011862711 0.0012925622 0.00017433313 0.000119996 0.99999943 -0.0010590249 -0.036985556 -0.0012924359 0.0010591791 0.9999986 2.4215233
167 0.99999988 -0.00021478844 0.00043371709 -0.0020489542 0.00021485944 0.99999996 -0.00016366099 -0.037407031 -0.00043368192 0.00016375416 0.99999989 2.4155161
168 0.99999989 -0.00028818536 0.00037319252 -0.0010546431 0.00028864367 0.9999992 -0.001228606 -0.039447652 -0.00037283816 0.0012287136 0.99999918 2.4048616
169 0.99999974 -0.00071974876 6.1107907e-05 -0.00042909403 0.00071978769 0.99999954 -0.00063943527 -0.036955108 -6.0647646e-05 0.00063947909 0.99999979 2.4098842
170 0.99999881 1.2525161e-05 0.0015414008 0.0020416334 -1.1144062e-05 0.9999996 -0.00089600734 -0.033184459 -0.0015414114 0.00089598909 0.99999841 2.4378825
171 0.99999983 -0.00053927036 0.00022363769 0.00012795731 0.00053905916 0.99999941 0.00094338314 -0.031780595 -0.0002241463 -0.00094326243 0.99999953 2.4304097
172 0.99999982 0.00015027648 -0.00057630229 -0.0019055519 -0.0001506249 0.99999981 -0.00060458816 -0.03477923 0.00057621132 0.00060467485 0.99999965 2.4527153
173 0.99999859 -1.3642379e-05 -0.0016774816 -0.0043817572 1.3953515e-05 0.99999998 0.00018546653 -0.034723456 0.0016774791 -0.00018548967 0.99999858 2.4646227
174 0.99999895 0.001447007 -1.7608508e-05 -0.003809354 -0.001447041 0.99999672 -0.002114227 -0.038353183 1.4549149e-05 0.0021142503 0.99999776 2.4769898
175 0.99999833 0.00035548684 -0.0017913189 -0.0039527637 -0.00035808716 0.99999888 -0.0014515154 -0.040800513 0.0017908009 0.0014521544 0.99999734 2.4866709
176 0.99999919 -0.00010975014 -0.0012698633 -0.002962224 0.00010825472 0.9999993 -0.0011776318 -0.039618589 0.0012699916 0.0011774933 0.9999985 2.4638892
177 0.99999893 0.0013000319 -0.00067728719 -0.0049306388 -0.0013011002 0.99999791 -0.0015793022 -0.033800054 0.00067523263 0.0015801817 0.99999852 2.5003481
178 0.99999876 0.0015627836 0.00017907569 -0.0014961899 -0.0015627238 0.99999872 -0.00033386573 -0.026151544 -0.00017959722 0.00033358547 0.99999993 2.527291
179 0.99999815 0.0017730293 -0.00074268795 -0.0028492693 -0.0017726079 0.99999827 0.00056772696 -0.025605477 0.00074369326 -0.00056640942 0.99999956 2.5394399
180 0.99999729 0.0019490709 -0.0012700711 -0.0049302702 -0.0019475046 0.99999734 0.0012332944 -0.026454402 0.0012724715 -0.0012308176 0.99999843 2.547847
181 0.99999694 0.0024359978 -0.00043759487 -0.0065180298 -0.0024354128 0.99999615 0.0013324858 -0.025252175 0.00044083911 -0.001331416 0.99999902 2.5540482
182 0.99999888 0.0012389867 -0.0008405386 -0.0032529657 -0.0012376829 0.99999803 0.001549922 -0.024338147 0.00084245728 -0.00154888 0.99999845 2.5626379
183 0.9999992 0.0012042664 -0.00038664625 -0.0027194254 -0.0012036568 0.99999804 0.0015731982 -0.022898121 0.00038854004 -0.0015727316 0.99999869 2.5711287
184 0.99999874 0.00021625353 -0.001573666 -0.0028808593 -0.00021443624 0.99999931 0.0011548904 -0.028996219 0.0015739147 -0.0011545515 0.99999809 2.5824632
185 0.99999882 0.0015341036 -3.0120085e-05 -0.0045046177 -0.0015341501 0.99999753 -0.0016084289 -0.032130847 2.7652514e-05 0.0016084732 0.99999871 2.6029118
186 0.99999805 0.0019222492 -0.00045683963 -0.008411871 -0.0019225248 0.99999797 -0.0006034653 -0.02749551 0.00045567869 0.00060434241 0.99999971 2.60114
187 0.9999965 0.00261307 0.00041408036 -0.01172599 -0.0026130717 0.99999659 3.3888606e-06 -0.026663472 -0.00041407009 -4.4708704e-06 0.99999991 2.6279828
188 0.99999328 0.0031253684 0.0019185786 -0.01503146 -0.0031244786 0.99999501 -0.00046660601 -0.027518905 -0.0019200273 0.00046060832 0.99999805 2.6445525
189 0.99999982 0.00051775746 -0.00029143926 -0.009111367 -0.00051743308 0.99999925 0.0011119964 -0.027130056 0.00029201479 -0.0011118455 0.99999934 2.6401965
190 0.99999921 -0.00091077681 -0.00087038771 -0.0040015046 0.00091295404 0.99999645 0.0025043332 -0.02454221 0.00086810373 -0.0025051258 0.99999649 2.6392145
191 0.99999815 -0.00018058558 0.0019160207 0.00199522 0.00017601928 0.99999714 0.002383122 -0.025451521 -0.0019164456 -0.0023827804 0.99999532 2.6565209
192 0.999995 0.0026005069 0.001802024 -0.0079378109 -0.0025990118 0.99999628 -0.0008314861 -0.036875092 -0.0018041796 0.00082679845 0.99999803 2.6840049
193 0.99999955 0.00094443667 -7.5572372e-05 -0.0069390471 -0.00094435367 0.99999896 0.0010908171 -0.03414186 7.6602501e-05 -0.0010907452 0.9999994 2.6682808
194 0.99999553 0.0026109635 -0.0014593514 -0.016020626 -0.0026121275 0.99999627 -0.00079625401 -0.037425987 0.0014572669 0.00080006246 0.99999862 2.6795379
195 0.99999898 -2.0381285e-05 -0.0014250558 -0.0048757817 2.0795692e-05 0.99999996 0.00029078659 -0.036129604 0.0014250498 -0.00029081593 0.99999894 2.6634762
196 0.99999718 0.0023549149 0.0003127681 -0.009934886 -0.0023546137 0.99999677 -0.00096010933 -0.035607869 -0.00031502807 0.00095937017 0.99999949 2.6665975
197 0.99999923 -0.00081156729 -0.00093440633 -0.0022404562 0.00081177086 0.99999965 0.00021749227 -0.041082163 0.00093422949 -0.00021825063 0.99999954 2.6746989
198 0.99999995 -0.00023717215 0.00021554813 0.00032141199 0.00023716511 0.99999997 3.2696371e-05 -0.040246937 -0.00021555588 -3.2645249e-05 0.99999998 2.7035406
199 0.99999991 -0.00037976134 -0.00016491128 -0.0013637072 0.00037978873 0.99999991 0.00016606085 -0.041410277 0.00016484821 -0.00016612347 0.99999997 2.6955194
200 0.99999532 0.0006090631 -0.0029998085 -0.0055069764 -0.00060553435 0.99999912 0.0011770929 -0.042849317 0.0030005228 -0.0011752709 0.99999481 2.7090266
201 0.99999835 0.0017915867 0.00029886626 -0.0026457158 -0.0017906933 0.99999401 -0.0029630032 -0.043885613 -0.00030417295 0.0029624631 0.99999557 2.7011698
202 0.99999884 0.0001384681 0.0015163266 -0.00027232973 -0.00013590012 0.99999856 -0.0016935275 -0.044255225 -0.001516559 0.0016933194 0.99999742 2.6979284
203 0.99999979 0.00056181807 -0.00030989601 -0.0069154263 -0.00056214157 0.9999993 -0.0010447995 -0.045579933 0.0003093088 0.0010449735 0.99999941 2.7028705
204 0.99999853 0.0013998363 -0.00099506695 -0.010296797 -0.001399915 0.99999902 -7.8420381e-05 -0.039072477 0.0009949562 7.9813274e-05 0.9999995 2.709271
205 0.99999975 0.00014144513 -0.00069728506 -0.0094979478 -0.00014090196 0.99999969 0.00077896204 -0.041561851 0.00069739502 -0.00077886359 0.99999945 2.7025948
206 0.9999978 -0.0011335794 -0.0017659865 -0.0079588683 0.0011332558 0.99999934 -0.00018424717 -0.043377585 0.0017661942 0.00018224545 0.99999842 2.7087415
207 0.99999962 -0.00083679418 -0.00026287285 -0.0049250128 0.00083682167 0.99999964 0.00010448174 -0.041822106 0.00026278533 -0.00010470168 0.99999996 2.6974235
208 0.99999841 0.00090186439 0.0015372531 -0.0080070842 -0.00090099343 0.99999943 -0.00056716837 -0.04039188 -0.0015377637 0.00056578241 0.99999866 2.6992126
209 0.99999927 0.0010125677 -0.00065674873 -0.0084043296 -0.0010114528 0.99999805 0.001695694 -0.037604609 0.00065846445 -0.0016950285 0.99999835 2.7125944
210 0.99999856 0.0016627801 0.00033277499 -0.0085302946 -0.0016621376 0.99999677 -0.0019216095 -0.040067143 -0.00033596913 0.0019210537 0.9999981 2.6997901
211 0.99999991 0.00036390833 0.00022111167 -0.0076150301 -0.00036382291 0.99999986 -0.00038624626 -0.041132916 -0.0002212522 0.00038616578 0.9999999 2.7014282
212 0.99999842 -0.00059208651 -0.001675108 -0.0032165798 0.00059239766 0.99999981 0.00018526101 -0.04326579 0.001674998 -0.00018625304 0.99999858 2.6926587
213 0.99999986 -0.00024925238 -0.00047696743 -0.0071987552 0.00024953662 0.99999979 0.00059596087 -0.045201193 0.00047681879 -0.0005960798 0.99999971 2.7113512
214 0.99999512 -0.001131254 -0.0029108478 -0.0037751619 0.0011302179 0.9999993 -0.00035756696 -0.044363961 0.0029112502 0.00035427532 0.9999957 2.6921675
215 0.99999893 0.00061045799 -0.0013282383 -0.0071788195 -0.00061269157 0.9999984 -0.001681854 -0.045534481 0.0013272094 0.001682666 0.9999977 2.6905417
216 0.9999968 0.0025310457 -5.1004892e-05 -0.01346171 -0.0025312369 0.99998806 -0.004180661 -0.046169488 4.0422839e-05 0.0041807767 0.99999126 2.6918291
217 0.99999686 0.0016491402 -0.0018867712 -0.011560546 -0.0016552434 0.99999339 -0.0032377784 -0.043273581 0.0018814191 0.0032408913 0.99999298 2.6808515
218 0.99998966 -0.0022242553 -0.0039660407 -0.010168572 0.0022247289 0.99999752 0.00011500272 -0.039323434 0.003965775 -0.0001238249 0.99999213 2.684764
219 0.99999786 -0.0014342912 -0.0014892874 0.0048268743 0.001435453 0.99999867 0.0007792722 -0.039226491 0.0014881677 -0.00078140834 0.99999859 2.6911899
220 0.99999897 -0.00051000733 -0.0013447154 -0.0010044462 0.0005102763 0.99999985 0.00019968169 -0.046879173 0.0013446134 -0.00020036766 0.99999908 2.691073
221 0.9999961 0.00023735589 -0.0027832923 -0.0085545475 -0.00024020527 0.99999945 -0.0010234559 -0.051073048 0.0027830478 0.0010241204 0.9999956 2.6957209
222 0.99999344 0.0004945406 -0.0035876756 -0.0088925709 -0.00049867797 0.99999921 -0.0011524128 -0.047960034 0.0035871029 0.0011541943 0.9999929 2.692148
223 0.99999387 0.00016334132 -0.0034979397 -0.0087246091 -0.00016508566 0.99999986 -0.00049839419 -0.044817826 0.0034978578 0.0004989686 0.99999376 2.6921821
224 0.99999693 -0.0020314591 -0.0014215173 0.0028463413 0.0020331287 0.99999724 0.001174035 -0.043052455 0.0014191284 -0.0011769215 0.9999983 2.6876425
225 0.9999984 -0.00090579172 -0.0015446333 -0.00072409703 0.00090564946 0.99999959 -9.2794931e-05 -0.042665015 0.0015447167 9.1395886e-05 0.9999988 2.6785748
226 0.99999827 -0.00096789554 -0.0015909675 0.0003526366 0.0009664454 0.99999912 -0.00091199838 -0.045326823 0.0015918488 0.00091045921 0.99999832 2.6724378
227 0.99999578 -0.00036422558 -0.0028820694 0.0003747305 0.00036116859 0.99999937 -0.0010611417 -0.04526281 0.0028824541 0.0010600963 0.99999528 2.6794407
228 0.99999673 -0.00044777065 -0.0025173063 -0.0021178567 0.00044571127 0.99999957 -0.00081858978 -0.044379474 0.0025176717 0.00081746511 0.9999965 2.6825675
229 0.99999162 -0.0019038693 -0.0036242698 0.00085971203 0.0019014248 0.99999796 -0.00067782812 -0.042829306 0.0036255529 0.00067093116 0.9999932 2.6741248
230 0.9999957 -0.0015297259 -0.0025019444 0.0034069522 0.0015273557 0.99999838 -0.00094899401 -0.046369148 0.0025033921 0.00094516857 0.99999642 2.6804668
231 0.99999176 -0.0014445165 -0.0037950265 0.001527125 0.0014410075 0.99999853 -0.00092719321 -0.049158138 0.0037963602 0.0009217169 0.99999237 2.6754332
232 0.99998878 -0.00079384508 -0.0046695376 0.0025291769 0.00078835939 0.999999 -0.0011765054 -0.051684109 0.0046704669 0.0011728109 0.99998841 2.6902523
233 0.99999026 -0.0011348113 -0.0042642639 0.0023934817 0.0011280034 0.99999809 -0.0015985712 -0.048846912 0.0042660699 0.0015937456 0.99998963 2.694157
234 0.99999824 -0.00054554952 -0.0017976975 -0.00043461732 0.00054574616 0.99999985 0.00010890053 -0.047664954 0.0017976378 -0.00010988142 0.99999838 2.6921658
235 0.99999336 -0.00076599897 -0.0035621206 -0.0010807561 0.00075865402 0.99999758 -0.002062854 -0.051205084 0.0035636921 0.0020601379 0.99999153 2.6895157
236 0.99999128 -0.00079190429 -0.0041008591 -0.00018000058 0.00078790229 0.99999921 -0.00097741852 -0.049702335 0.0041016299 0.00097417892 0.99999111 2.6638487
237 0.99999197 -0.00028786342 -0.0039976834 0.00046187767 0.00027861418 0.99999728 -0.0023140151 -0.049738952 0.0039983387 0.0023128827 0.99998933 2.6588465
238 0.99998543 -0.0007515243 -0.0053457186 -0.0011016141 0.00074598604 0.99999918 -0.0010379363 -0.046608511 0.0053464943 0.0010339333 0.99998517 2.6652637
239 0.99999008 -0.00068785034 -0.004401663 -0.00037355499 0.00068306583 0.99999917 -0.0010883905 -0.047522076 0.004402408 0.001085373 0.99998972 2.6715929
240 0.99999089 -0.0011649412 -0.0041058221 -6.0252796e-05 0.0011609499 0.99999885 -0.00097435656 -0.04915504 0.0041069525 0.00096958103 0.9999911 2.673271
241 0.9999939 -0.00040036611 -0.003470746 -0.001759976 0.00039585975 0.99999908 -0.0012989738 -0.048612855 0.0034712628 0.001297592 0.99999313 2.6842298
242 0.99999072 -0.0010247201 -0.0041842512 0.0010674467 0.0010167014 0.99999764 -0.0019180828 -0.04787068 0.0041862069 0.0019138109 0.99998941 2.6727216
243 0.99999305 -0.00107566 -0.0035686388 0.0015407287 0.0010708888 0.99999853 -0.0013386079 -0.046879431 0.0035700735 0.001334777 0.99999274 2.6571371
244 0.99999315 -0.0013801359 -0.0034358282 0.00082980231 0.0013752068 0.99999802 -0.0014365813 -0.050552594 0.003437804 0.0014318465 0.99999307 2.6595853
245 0.99998533 -0.0012431571 -0.0052713942 0.0029351333 0.001238848 0.9999989 -0.00082063775 -0.050732023 0.0052724085 0.00081409526 0.99998577 2.6662388
246 0.99998573 -0.0004768718 -0.0053212457 0.00042021095 0.00046931007 0.99999888 -0.0014222038 -0.049948174 0.0053219179 0.0014196862 0.99998483 2.6559231
247 0.99999031 0.0003494788 -0.0043893112 -0.0040130838 -0.00035831843 0.99999791 -0.0020132756 -0.049739053 0.0043885985 0.0020148288 0.99998834 2.6718754
248 0.99999453 0.0014963918 -0.0029496991 -0.0087135146 -0.0015054003 0.9999942 -0.0030542142 -0.050851938 0.0029451117 0.003058638 0.99999099 2.6588487
249 0.99999294 0.0017359021 -0.0033338365 -0.0089146164 -0.0017475393 0.99999238 -0.0034908713 -0.046924451 0.0033277513 0.0034966727 0.99998835 2.6608871
250 0.99999077 -0.00023853479 -0.004290676 -0.002234631 0.00023219226 0.99999888 -0.0014786506 -0.045985105 0.0042910239 0.0014776406 0.9999897 2.6512143
251 0.99998757 -0.00048383441 -0.0049615195 -0.002132109 0.00047389504 0.99999788 -0.0020042719 -0.048027392 0.0049624787 0.0020018957 0.99998568 2.6467453
252 0.99998874 -0.0013413255 -0.004552475 0.0025200842 0.0013342099 0.99999788 -0.0015656908 -0.05000777 0.0045545655 0.0015595992 0.99998841 2.6559011
253 0.99998956 0.00052288593 -0.0045383988 -0.0050221567 -0.00053642595 0.99999541 -0.0029827305 -0.04992777 0.0045368183 0.0029851339 0.99998525 2.6432657
254 0.99999126 0.0010699396 -0.0040427669 -0.0084298016 -0.0010813711 0.99999542 -0.0028265048 -0.046244857 0.0040397242 0.0028308518 0.99998783 2.6555094
255 0.99999421 0.0017206606 -0.0029355312 -0.0096547772 -0.0017301415 0.99999329 -0.0032302206 -0.044111087 0.0029299533 0.0032352808 0.99999047 2.6668458
256 0.99999453 0.0026414361 -0.001989679 -0.01073962 -0.0026503361 0.99998644 -0.004483818 -0.043809976 0.0019778083 0.0044890668 0.99998797 2.655977
257 0.99999528 0.00079310426 -0.0029699633 -0.0048416026 -0.00080068908 0.99999642 -0.0025535246 -0.042588901 0.0029679275 0.0025558906 0.99999233 2.6551045
258 0.99999174 -0.00033543045 -0.0040508536 -0.0015617015 0.00032822639 0.99999836 -0.0017789405 -0.044611551 0.0040514437 0.0017775962 0.99999021 2.6590929
259 0.99999163 -0.00073613313 -0.0040252896 0.00018791942 0.00073001129 0.99999858 -0.0015221035 -0.046620133 0.0040264043 0.0015191522 0.99999074 2.6515275
260 0.99999091 -0.0013594329 -0.0040401619 0.0019740336 0.0013560184 0.99999872 -0.00084775452 -0.049064176 0.0040413092 0.00084226828 0.99999148 2.6474091
