4 0.99990707 0.00027258615 -0.013630366 -0.19400806 -0.00034982961 0.99998389 -0.0056649417 -0.15414754 0.013628601 0.0056691829 0.99989095 4.9573489
5 0.99983055 0.00054510834 -0.018400763 -0.22795726 -0.0006351979 0.99998783 -0.0048904737 -0.19245484 0.018397872 0.0049013326 0.99981863 6.4912109
6 0.99973492 0.001519052 -0.022973688 -0.26722244 -0.0016184752 0.9999894 -0.0043097229 -0.22629774 0.022966896 0.0043457624 0.99972668 8.0149002
7 0.99960982 0.0018055755 -0.027874013 -0.31467995 -0.0018839038 0.99999434 -0.0027840759 -0.25813872 0.027868826 0.0028355012 0.99960746 9.5352942
8 0.99944876 0.0017100352 -0.033155209 -0.36416628 -0.0018277749 0.99999212 -0.0035211812 -0.28670121 0.033148924 0.00357984 0.99944391 11.032341
9 0.99932673 0.0019637993 -0.036636644 -0.42423791 -0.0021114653 0.99998979 -0.0039922971 -0.31866074 0.036628427 0.0040669657 0.99932057 12.523685
10 0.9991857 0.00230537 -0.04028187 -0.49023958 -0.0024656213 0.99998923 -0.0039290209 -0.3529427 0.040272375 0.0040251409 0.99918053 14.015981
11 0.99906177 0.0035663162 -0.043160902 -0.56249959 -0.0037329334 0.99998588 -0.0037803909 -0.39006058 0.043146806 0.0039379603 0.99906088 15.503845
12 0.99890849 0.0047098621 -0.046472076 -0.64080624 -0.0048835549 0.9999815 -0.0036247446 -0.42723882 0.04645414 0.0038477367 0.99891291 16.994126
13 0.99878982 0.0054482496 -0.048879672 -0.72529034 -0.0056038348 0.99997965 -0.0030465486 -0.4611417 0.048862074 0.003316775 0.99879992 18.487665
14 0.99850657 0.0065250332 -0.054240719 -0.80695646 -0.0066914103 0.99997344 -0.0028863396 -0.48345125 0.05422044 0.0032449756 0.99852361 19.952971
15 0.99823262 0.0074227189 -0.058962171 -0.89759547 -0.0075525291 0.99996951 -0.0019790357 -0.50552621 0.058945678 0.0024208513 0.99825815 21.429497
16 0.99810137 0.0084729529 -0.061007081 -0.99202804 -0.0086165213 0.99996068 -0.0020906063 -0.5280281 0.060986963 0.0026123055 0.99813504 22.888351
17 0.99784813 0.01001725 -0.064797849 -1.099039 -0.010172246 0.99994613 -0.0020625086 -0.55403515 0.064773692 0.0027172097 0.99789618 24.347628
18 0.99764744 0.01098844 -0.067667136 -1.2086402 -0.011172256 0.99993485 -0.0023386327 -0.58121552 0.067637023 0.0030891251 0.99770511 25.804306
19 0.99733289 0.012819945 -0.071852419 -1.3214718 -0.012990013 0.99991381 -0.0019001058 -0.6114503 0.07182186 0.0028284016 0.99741336 27.225818
20 0.99706668 0.013146381 -0.075400375 -1.4394991 -0.013324949 0.99990947 -0.0018656648 -0.64313669 0.075369015 0.002864898 0.99715149 28.666614
21 0.99687075 0.012472336 -0.078058658 -1.5561458 -0.012800252 0.99991121 -0.0037019281 -0.67440514 0.078005548 0.0046895138 0.99694179 30.096459
22 0.9965141 0.012004089 -0.082556416 -1.678395 -0.012412889 0.99991309 -0.0044402744 -0.70761333 0.082495932 0.0054495591 0.9965764 31.509851
23 0.99624587 0.011427634 -0.08581136 -1.8064049 -0.011826729 0.99992147 -0.0041438968 -0.73809204 0.085757258 0.0051432072 0.99630268 32.899856
24 0.99595973 0.011291511 -0.089088326 -1.9346762 -0.01173513 0.9999212 -0.0044573301 -0.76783477 0.089030968 0.0054847838 0.99601365 34.263691
25 0.9955978 0.011167159 -0.093060894 -2.0713214 -0.011594042 0.99992459 -0.0040477321 -0.79833017 0.093008666 0.0051088645 0.99565209 35.629087
26 0.99532298 0.010893944 -0.095986944 -2.210585 -0.011306535 0.99992902 -0.0037555507 -0.83022439 0.095939209 0.0048232652 0.99537541 36.97972
27 0.99516848 0.010790483 -0.097587222 -2.3516639 -0.011215635 0.99992984 -0.0038091161 -0.86368387 0.097539263 0.0048852144 0.99521958 38.317927
28 0.99506487 0.010569294 -0.098662059 -2.4923729 -0.011022751 0.99993103 -0.0040520828 -0.89841611 0.098612418 0.005119612 0.99511264 39.646361
29 0.99490115 0.0098222649 -0.10037549 -2.6334267 -0.010259543 0.99993999 -0.0038411372 -0.93121395 0.10033173 0.004851358 0.99494211 40.989746
30 0.99470022 0.0090506926 -0.10241854 -2.7746144 -0.009539898 0.99994529 -0.0042877109 -0.96428852 0.10237412 0.0052420488 0.99473205 42.300222
31 0.99460421 0.0080427138 -0.10343006 -2.9113698 -0.0085942471 0.99995112 -0.0048878789 -0.99491997 0.10338568 0.0057504079 0.99462462 43.550565
32 0.99448583 0.0068917164 -0.10464434 -3.0470864 -0.0075127771 0.99995641 -0.005541955 -1.0288444 0.10460157 0.0062975646 0.99449417 44.784946
33 0.99455006 0.0066002996 -0.10405106 -3.1841514 -0.0074491176 0.99994205 -0.0077712147 -1.069569 0.10399372 0.0085039497 0.99454149 46.003953
34 0.99466362 0.0069074063 -0.10293967 -3.3205657 -0.0079804892 0.99991798 -0.010016181 -1.1078742 0.10286203 0.010784239 0.99463707 47.229249
35 0.99458227 0.0063857021 -0.1037561 -3.4584737 -0.0075344263 0.99991454 -0.010683231 -1.1492619 0.10367901 0.011407093 0.99454529 48.448911
36 0.99468351 0.0055978005 -0.102827 -3.5922499 -0.0067438076 0.99991892 -0.010800738 -1.1887828 0.10275819 0.01143676 0.99464051 49.635019
37 0.99484849 0.0049252887 -0.10125326 -3.7205431 -0.0061400967 0.99991282 -0.011689564 -1.2213626 0.10118685 0.012251049 0.9947919 50.806138
38 0.99514109 0.0050645797 -0.098328924 -3.8485392 -0.0063774292 0.99989461 -0.013041898 -1.2555945 0.098252499 0.013605613 0.9950684 51.969247
39 0.99555797 0.0050848446 -0.094013169 -3.97125 -0.0064576997 0.99987683 -0.014304336 -1.2873769 0.093928845 0.014847903 0.99546808 53.123891
40 0.99583244 0.0050352672 -0.091062593 -4.0918065 -0.0064303027 0.99986632 -0.015032625 -1.3222205 0.090974718 0.015555534 0.9957316 54.287512
41 0.9961359 0.0047579991 -0.087696222 -4.203185 -0.0061960057 0.99985066 -0.01613268 -1.35989 0.087606357 0.016613707 0.99601652 55.429664
42 0.99661856 0.0040556093 -0.082067064 -4.3018498 -0.0054871611 0.99983656 -0.017225668 -1.4018302 0.081983783 0.017617734 0.99647783 56.549539
43 0.99741274 0.0036707511 -0.071793817 -4.3879929 -0.0050401561 0.99980863 -0.018902285 -1.4397818 0.071710685 0.01921523 0.99724026 57.641118
44 0.99826952 0.002906254 -0.058732622 -4.4576669 -0.0040395412 0.99980776 -0.019186193 -1.4770284 0.058665566 0.019390243 0.99808926 58.735722
45 0.99907076 0.0012475151 -0.043082144 -4.5050579 -0.0020739086 0.99981461 -0.019142443 -1.5140175 0.043050273 0.019214002 0.99888803 59.814485
46 0.9996324 -0.00048966216 -0.027107604 -4.5337991 -4.2103353e-05 0.99980764 -0.019612789 -1.5492513 0.027111991 0.019606719 0.99944 60.880095
47 0.99994069 -0.0031632216 -0.010422324 -4.5394722 0.0029598852 0.9998061 -0.019467686 -1.5872367 0.010481883 0.019435681 0.99975606 61.934028
48 0.99994054 -0.006705437 0.0086004469 -4.5213763 0.0068733949 0.99978328 -0.019650442 -1.6245432 -0.008466817 0.019708386 0.99976982 62.974447
49 0.99954829 -0.010418997 0.028189937 -4.4822074 0.010977501 0.99974506 -0.019730502 -1.6605138 -0.027977175 0.020031042 0.99940774 64.013536
50 0.99864882 -0.013875403 0.050080131 -4.4189921 0.014924906 0.99967548 -0.020643701 -1.6953551 -0.049777434 0.021363246 0.99853173 65.03802
51 0.99716411 -0.017369381 0.073225972 -4.3316397 0.019000465 0.99958531 -0.021637188 -1.7328322 -0.072819774 0.022967153 0.99708053 66.046949
52 0.9949673 -0.020138141 0.098155662 -4.2213868 0.022526162 0.99947512 -0.023281629 -1.7689714 -0.097635283 0.025375528 0.9948986 67.04769
53 0.99199869 -0.023707618 0.12400227 -4.0812263 0.026819793 0.99936428 -0.023488705 -1.8078312 -0.12336656 0.026626477 0.99200379 68.053419
54 0.98796467 -0.027071532 0.1522923 -3.9127541 0.031101029 0.99922471 -0.024138941 -1.8475159 -0.15152074 0.028584865 0.98804057 69.046705
55 0.98283167 -0.030745837 0.18192472 -3.7225619 0.035404994 0.99912158 -0.022417624 -1.8823457 -0.18107565 0.028473791 0.98305679 69.997626
56 0.97621553 -0.032987139 0.2142781 -3.5051854 0.038671986 0.99900104 -0.022391496 -1.9177813 -0.21332539 0.030145483 0.97651591 70.933054
57 0.96843671 -0.034913742 0.24680228 -3.260861 0.041562267 0.99889851 -0.021779134 -1.9505133 -0.24577002 0.031349372 0.96882099 71.848851
58 0.96050539 -0.036771006 0.27582114 -2.9916611 0.044536711 0.99876675 -0.021942092 -1.9800049 -0.27467413 0.033359661 0.9609584 72.761647
59 0.95095462 -0.038353584 0.30694351 -2.6938671 0.047096746 0.9986669 -0.021125755 -2.0115697 -0.30572404 0.034545671 0.95149314 73.657828
60 0.93985392 -0.037170271 0.33954821 -2.3749449 0.047460991 0.99862968 -0.022050073 -2.0488454 -0.33826328 0.036839138 0.94033006 74.541855
61 0.92690714 -0.036372244 0.37352407 -2.0197165 0.048109744 0.99859651 -0.022146013 -2.0899571 -0.37219429 0.038497441 0.927356 75.417324
62 0.91170236 -0.034969025 0.40936045 -1.637038 0.048324465 0.99858221 -0.022322827 -2.128209 -0.40799942 0.040133895 0.91209952 76.2672
63 0.89528515 -0.032586885 0.44430012 -1.2272099 0.047765426 0.99859354 -0.023008376 -2.1634182 -0.44292541 0.041821238 0.89558241 77.09385
64 0.87898311 -0.031364812 0.47582028 -0.78618364 0.048240466 0.99856413 -0.023291942 -2.1968448 -0.47440647 0.043427012 0.87923398 77.893337
65 0.86252551 -0.032027067 0.50499902 -0.31342994 0.050087458 0.99849755 -0.022223335 -2.2287981 -0.50352849 0.044462306 0.86283368 78.677425
66 0.84662874 -0.033209049 0.53114682 0.18191413 0.052527436 0.9983922 -0.021304055 -2.2625596 -0.5295853 0.045936401 0.84701184 79.444264
67 0.82917011 -0.034310498 0.55794241 0.70825626 0.055184487 0.99826317 -0.020622954 -2.2955361 -0.55626571 0.047889698 0.8296233 80.205169
68 0.81032175 -0.033394567 0.58503288 1.2522715 0.056690287 0.99815932 -0.021544558 -2.3264595 -0.58323649 0.0506237 0.81072328 80.936884
69 0.79064532 -0.032524978 0.61140994 1.8131894 0.05805499 0.99807139 -0.02197978 -2.3608401 -0.60951581 0.052873602 0.79100863 81.642845
70 0.77126141 -0.032743694 0.63567578 2.3996016 0.060035767 0.99796603 -0.021435732 -2.3927058 -0.63368089 0.054695831 0.7716584 82.335056
71 0.75137998 -0.031913046 0.65909763 2.9953535 0.061253366 0.99789039 -0.02151249 -2.4278101 -0.65702059 0.056535997 0.75174957 82.999227
72 0.72879534 -0.030131668 0.68406831 3.6102763 0.061069481 0.99791032 -0.021106738 -2.4726203 -0.68200277 0.057158183 0.72911244 83.651956
73 0.70505584 -0.027863727 0.70860418 4.2571752 0.060279656 0.99796612 -0.020735792 -2.5173903 -0.70658511 0.057334301 0.70530139 84.295543
74 0.68059221 -0.025712848 0.7322111 4.9217294 0.058765482 0.9980799 -0.019573389 -2.5604702 -0.73030182 0.056350229 0.68079637 84.92039
75 0.65627938 -0.023932985 0.75413831 5.6180295 0.057394645 0.99818439 -0.018269049 -2.6054264 -0.75233179 0.055273095 0.65646139 85.54077
76 0.63073665 -0.022263419 0.77567752 6.3361057 0.056398941 0.99825999 -0.017208438 -2.6496819 -0.77394464 0.054601378 0.63089474 86.132338
77 0.60479698 -0.020615885 0.79611281 7.0726944 0.054991256 0.99835986 -0.015922962 -2.6861454 -0.79447872 0.053409397 0.60493866 86.702274
78 0.57482041 -0.018056926 0.81808034 7.8235462 0.052786752 0.99849236 -0.015051333 -2.72199 -0.81657511 0.051835613 0.5749069 87.241157
79 0.54770364 -0.015741738 0.83652431 8.5962534 0.051689081 0.99854978 -0.01505203 -2.7482984 -0.83507414 0.051483219 0.54772297 87.751025
80 0.51679936 -0.01319719 0.85600483 9.3923175 0.049401381 0.99867478 -0.014428542 -2.7819722 -0.85467993 0.049744477 0.51676639 88.247384
81 0.48476888 -0.011293586 0.87456938 10.219055 0.047803195 0.99876418 -0.013599689 -2.8147535 -0.87333489 0.048399911 0.48470962 88.720883
82 0.45447885 -0.010019733 0.89070118 11.068448 0.047572855 0.99878266 -0.013038403 -2.8502276 -0.88948616 0.048298872 0.45440222 89.159554
83 0.42455324 -0.011803526 0.90532603 11.930082 0.04857567 0.99877183 -0.0097577326 -2.8940031 -0.90409888 0.048119491 0.42460514 89.565289
84 0.39522517 -0.012392965 0.91850067 12.809572 0.050436692 0.99869336 -0.008227624 -2.93348 -0.91719847 0.049577895 0.39533377 89.936643
85 0.36641355 -0.011825799 0.93037695 13.690143 0.052515701 0.99858813 -0.0079896241 -2.973615 -0.9289688 0.051786899 0.36651722 90.27086
86 0.33649275 -0.010062115 0.9416323 14.576561 0.053005001 0.99855999 -0.0082709288 -3.0103746 -0.94019302 0.052694323 0.3365415 90.589065
87 0.30977946 -0.0099722348 0.95075615 15.501228 0.055513699 0.99842888 -0.0076154503 -3.0423302 -0.94918635 0.055139095 0.30984632 90.879236
88 0.28578091 -0.01283147 0.95820907 16.43059 0.057543928 0.99833576 -0.0037933693 -3.0674717 -0.95656562 0.056223181 0.28604365 91.148457
89 0.26816384 -0.015139734 0.96325435 17.364612 0.061115128 0.99812984 -0.0013261788 -3.1025907 -0.96143274 0.059225041 0.26858757 91.40665
90 0.25601524 -0.013118676 0.96658373 18.313724 0.063744711 0.99796064 -0.0033392809 -3.1381166 -0.96456862 0.062469501 0.25632935 91.648424
91 0.24683596 -0.011478111 0.9689893 19.264336 0.066398766 0.99778015 -0.0050949711 -3.1786825 -0.96677972 0.06559731 0.24705013 91.881752
92 0.24074065 -0.01035203 0.97053428 20.211925 0.06815605 0.997655 -0.0062647732 -3.2160244 -0.96819342 0.067655961 0.24088164 92.111153
93 0.23775224 -0.0098790331 0.9712756 21.15675 0.069183767 0.99758083 -0.006788456 -3.2445069 -0.96885875 0.068810469 0.23786052 92.34008
94 0.2406882 -0.011135254 0.97053862 22.123147 0.071063246 0.99745266 -0.0061792449 -3.2734343 -0.96799742 0.070456889 0.24086637 92.574445
95 0.24385862 -0.0095568061 0.96976371 23.085415 0.071878786 0.99737928 -0.0082458242 -3.2996175 -0.96714333 0.071716246 0.24390644 92.815304
96 0.247471 -0.0090314099 0.96885321 24.045988 0.073102093 0.99728038 -0.0093758275 -3.3235376 -0.96613353 0.073145436 0.24745817 93.05898
97 0.25154615 -0.0073023003 0.96781776 25.016282 0.073557528 0.99722357 -0.011594215 -3.3496496 -0.96504592 0.074106755 0.25138486 93.30886
98 0.25155959 -0.0063581319 0.96782093 25.982642 0.074571573 0.99713309 -0.01283222 -3.3748357 -0.96496459 0.075399989 0.2513125 93.552767
99 0.25234915 -0.005039255 0.96762313 26.966684 0.075174144 0.99706626 -0.014412285 -3.4031416 -0.96471165 0.07637716 0.25198762 93.805019
100 0.25462542 -0.0054996133 0.96702413 27.950219 0.076516353 0.99696321 -0.014477504 -3.4357065 -0.96400776 0.077679492 0.25427296 94.06043
101 0.25777115 -0.0060507544 0.96618706 28.933357 0.078121368 0.99683694 -0.014599471 -3.4561 -0.96304252 0.079243169 0.25742848 94.316147
102 0.26510676 -0.0072666128 0.96419169 29.9352 0.080511537 0.99664636 -0.014625629 -3.4831158 -0.96085176 0.0815059 0.26480271 94.57901
103 0.27068717 -0.0063709385 0.96264629 30.924715 0.082143652 0.99648384 -0.016503149 -3.5148806 -0.95915624 0.083542464 0.2702587 94.84891
104 0.27531271 -0.0056187109 0.96133831 31.906154 0.08362455 0.99633247 -0.018125563 -3.5521938 -0.95771063 0.085381673 0.27477283 95.12446
105 0.27836422 -0.0014302005 0.96047453 32.89062 0.083490414 0.99624968 -0.022713676 -3.5952485 -0.95683986 0.086513082 0.27743965 95.400383
106 0.27808417 0.0018744382 0.96055489 33.881466 0.083153736 0.99619704 -0.026017303 -3.6399941 -0.95695061 0.087108719 0.27687073 95.680773
107 0.27908387 0.0050003943 0.96025371 34.874183 0.083513859 0.99607108 -0.029459006 -3.6920968 -0.95662816 0.088416018 0.27756974 95.95771
108 0.28013117 0.007769327 0.9599303 35.868069 0.084505431 0.99588561 -0.032721091 -3.7545451 -0.95623489 0.090285511 0.27832202 96.237577
109 0.28320283 0.008898122 0.95901876 36.866568 0.086100285 0.99568325 -0.034664135 -3.814754 -0.95518726 0.092388761 0.28121415 96.523689
110 0.28614701 0.0084267703 0.95814867 37.875891 0.087800972 0.99552378 -0.034976864 -3.8679957 -0.95415444 0.094134901 0.28412625 96.816769
111 0.28944932 0.0088188183 0.95715272 38.891899 0.089166817 0.99536099 -0.03613549 -3.9195505 -0.95303105 0.095805645 0.28732019 97.115655
112 0.29171782 0.0096624155 0.95645562 39.901955 0.089809296 0.99525477 -0.037446104 -3.9703426 -0.95227875 0.096822292 0.28946575 97.422172
113 0.29460158 0.010851918 0.95555855 40.931543 0.090140768 0.9951615 -0.039092345 -4.0231774 -0.95135922 0.097651439 0.29219793 97.739397
114 0.29663532 0.011828468 0.95491758 41.937754 0.090646573 0.99505991 -0.040484132 -4.0742874 -0.95067897 0.098569019 0.29409767 98.048963
115 0.29724925 0.012270653 0.95472107 42.947102 0.091582085 0.99494065 -0.041301359 -4.1283056 -0.95039751 0.099712135 0.29462156 98.359121
116 0.29750617 0.012947573 0.9546321 43.974298 0.092326817 0.99483131 -0.042265967 -4.181906 -0.95024505 0.10071252 0.29477301 98.674067
117 0.29723311 0.014124326 0.95470047 45.005374 0.092221435 0.99479098 -0.043429346 -4.2378157 -0.95034073 0.10095248 0.29438222 98.993015
118 0.2963365 0.015081938 0.95496451 46.046513 0.091962052 0.99477893 -0.04424762 -4.2934874 -0.95064582 0.10093267 0.29340231 99.314983
119 0.29578517 0.015664857 0.95512604 47.085838 0.091764054 0.99477551 -0.0447328 -4.3499967 -0.95083663 0.10087753 0.29280234 99.63468
120 0.29465766 0.016322591 0.95546347 48.125435 0.091121228 0.9948182 -0.045095998 -4.4085869 -0.95124844 0.10035088 0.29164344 99.955697
121 0.29387626 0.016885195 0.95569432 49.169023 0.090763667 0.99483311 -0.045486551 -4.4689559 -0.95152431 0.10010973 0.29082525 100.27685
122 0.2950147 0.016533474 0.95534966 50.215929 0.091725934 0.99474238 -0.045540442 -4.5315868 -0.95107965 0.10106543 0.29194705 100.59302
123 0.29652026 0.014841768 0.95491123 51.268514 0.093716272 0.99460127 -0.044559549 -4.5920227 -0.95041718 0.10270352 0.29352848 100.91093
124 0.29727306 0.012035878 0.95471665 52.327138 0.096917685 0.99437544 -0.042713404 -4.6519329 -0.94986078 0.10522646 0.29443451 101.22514
125 0.29849898 0.009278423 0.95436486 53.378428 0.10069536 0.99406557 -0.041159127 -4.7113367 -0.94908304 0.10838606 0.29579323 101.53777
126 0.29910191 0.0098173192 0.95417067 54.423717 0.10249743 0.99383113 -0.042355037 -4.7667742 -0.94870024 0.1104685 0.29625051 101.85647
127 0.30238384 0.01056322 0.95312771 55.472106 0.10387626 0.99361793 -0.043967146 -4.8214421 -0.94750913 0.11230228 0.29935671 102.18374
128 0.30739193 0.010309517 0.95152715 56.529383 0.10428061 0.99355397 -0.044452835 -4.8805985 -0.94585177 0.11289026 0.30433536 102.51937
129 0.31251587 0.0095419403 0.94986462 57.583899 0.10485042 0.99349291 -0.044477149 -4.9391696 -0.94410807 0.11349351 0.30948179 102.86133
130 0.31824816 0.0097101882 0.94795771 58.644658 0.10512299 0.99341926 -0.045467731 -4.9989174 -0.94216086 0.11412216 0.31513306 103.21257
131 0.32137211 0.010837645 0.94689097 59.707264 0.10529282 0.99332498 -0.047105189 -5.0609714 -0.94108087 0.1148391 0.31808579 103.56447
132 0.32360877 0.012857044 0.94610362 60.786735 0.10399895 0.99336609 -0.049071501 -5.1285474 -0.94045808 0.11427374 0.32012483 103.93008
133 0.32563134 0.015377851 0.94537176 61.870431 0.1035753 0.99327008 -0.051833284 -5.1943043 -0.93980647 0.11479569 0.32184707 104.29459
134 0.32841296 0.016781358 0.94438515 62.943676 0.10330185 0.99320628 -0.053572437 -5.261366 -0.93886819 0.1151506 0.32444824 104.66211
135 0.33033297 0.016719609 0.94371637 64.014906 0.10251232 0.99329302 -0.053480762 -5.3254468 -0.93828097 0.11440901 0.32640343 105.03188
136 0.33193227 0.015096242 0.94318242 65.104001 0.10350253 0.99325199 -0.052323071 -5.387798 -0.9376076 0.11498947 0.32812985 105.40648
137 0.33409943 0.014706822 0.94242309 66.20637 0.10424288 0.99316765 -0.052453963 -5.4545123 -0.93675547 0.11576572 0.33028364 105.79109
138 0.33703517 0.016916808 0.94134007 67.290031 0.10349687 0.99311331 -0.054902997 -5.5217914 -0.93578604 0.11592998 0.33296324 106.1781
139 0.3388718 0.017407252 0.94067151 68.366893 0.1033442 0.99309007 -0.055606449 -5.5982447 -0.9351394 0.11605639 0.33473125 106.56729
140 0.3392323 0.018716222 0.94051643 69.465706 0.10306423 0.99304386 -0.05693547 -5.6738953 -0.93503959 0.11624794 0.33494355 106.96157
141 0.33934422 0.018788932 0.94047461 70.56265 0.10333925 0.99300436 -0.057125485 -5.7500147 -0.93496862 0.11657313 0.33502862 107.35457
142 0.34135338 0.01819842 0.93975885 71.654304 0.10441237 0.99289048 -0.05715355 -5.8340808 -0.93411763 0.117632 0.33702635 107.74491
143 0.34346476 0.017818675 0.93899652 72.752091 0.10573593 0.99272957 -0.057514264 -5.9148707 -0.93319435 0.11903979 0.33908352 108.13885
144 0.34306329 0.017468413 0.93914985 73.841978 0.10708681 0.99258094 -0.057580126 -5.9938321 -0.93318798 0.12032417 0.33864742 108.5297
145 0.34243735 0.017496842 0.93937774 74.947095 0.10805445 0.9924589 -0.057875308 -6.0704551 -0.93330634 0.1213226 0.33796435 108.92298
146 0.34293982 0.017452513 0.93919524 76.092971 0.11011639 0.99218702 -0.05864537 -6.1440791 -0.93288074 0.12353261 0.3383386 109.32432
147 0.34458706 0.015953005 0.93861881 77.240181 0.11283821 0.99190247 -0.05828395 -6.2211435 -0.93194802 0.12599595 0.33999661 109.73034
148 0.34633058 0.0152601 0.93798841 78.370991 0.11455528 0.99169699 -0.058430779 -6.299828 -0.93109185 0.12768788 0.34170684 110.13639
149 0.34950689 0.015209004 0.93681035 79.494106 0.1159144 0.99148492 -0.059342193 -6.3764088 -0.92973577 0.1293303 0.34476784 110.54416
150 0.35288729 0.016219684 0.93552525 80.642847 0.11593633 0.99138664 -0.060920254 -6.4612873 -0.92845525 0.12995934 0.34796726 110.96912
151 0.35600012 0.016383244 0.93434229 81.799616 0.11607179 0.99132831 -0.061607768 -6.5432774 -0.9272492 0.13038314 0.35101133 111.40153
152 0.35899168 0.018443415 0.93315852 82.948075 0.11451195 0.99138085 -0.063647583 -6.6295858 -0.92628927 0.12970674 0.35378545 111.8406
153 0.36087467 0.018852711 0.93242375 84.102475 0.11425416 0.99137081 -0.064264192 -6.7236195 -0.92558915 0.1297246 0.35560658 112.28506
154 0.36187415 0.021428055 0.93198066 85.252044 0.11316439 0.99133272 -0.066732714 -6.8211599 -0.92533277 0.12961585 0.35631276 112.72932
155 0.363336 0.023291453 0.93136699 86.407321 0.11245907 0.99128128 -0.068661237 -6.9218371 -0.92484579 0.12968775 0.35754881 113.17832
156 0.3645942 0.024223009 0.9308514 87.567733 0.11175344 0.99129791 -0.069567359 -7.0257762 -0.92443608 0.12938969 0.35871442 113.63038
157 0.36578732 0.025425473 0.93035111 88.711817 0.110974 0.99130369 -0.07072303 -7.1323137 -0.92405856 0.12911436 0.35978472 114.07938
158 0.36536351 0.026149448 0.93049757 89.867093 0.110817 0.99127487 -0.071370179 -7.2374001 -0.92424506 0.12919099 0.35927783 114.53046
159 0.36403095 0.026481754 0.93101031 91.03348 0.11041197 0.99132015 -0.071368996 -7.3406172 -0.92481917 0.12877519 0.35794728 114.98236
160 0.36258684 0.026748674 0.93156605 92.180985 0.11016551 0.99134936 -0.071344212 -7.4432826 -0.92541567 0.12849491 0.35650341 115.42764
161 0.36154305 0.026285002 0.93198483 93.33845 0.11100453 0.99127911 -0.071019063 -7.5441754 -0.92572374 0.12913097 0.35547228 115.8699
162 0.35938203 0.027136616 0.93279589 94.473323 0.11121177 0.99120809 -0.071682933 -7.6444258 -0.92653997 0.12949943 0.35320443 116.30294
163 0.35695522 0.031691649 0.93358375 95.615207 0.10858551 0.99124123 -0.075166511 -7.7434193 -0.92778876 0.12820473 0.35038744 116.73772
164 0.35388512 0.03295243 0.93470823 96.764719 0.10812751 0.99123671 -0.075882906 -7.8430962 -0.92901754 0.12792149 0.34722082 117.16524
165 0.35082043 0.032668733 0.93587274 97.924596 0.1088664 0.99119197 -0.075409337 -7.9464536 -0.93009298 0.12834022 0.34417384 117.59032
166 0.34656286 0.033125519 0.93744167 99.088934 0.10942745 0.99112506 -0.07547672 -8.0496207 -0.93162205 0.12873927 0.33986226 118.01144
167 0.33877537 0.032889417 0.94029226 100.2464 0.11151683 0.99094051 -0.074839084 -8.1592534 -0.93423501 0.13021204 0.33203849 118.41578
168 0.33200767 0.033370525 0.94268623 101.40798 0.11331028 0.99072652 -0.074978234 -8.2704824 -0.93644621 0.13170938 0.32514755 118.81417
169 0.32095997 0.034433741 0.9464666 102.57228 0.11443223 0.99060761 -0.074845211 -8.3741744 -0.94015412 0.13232859 0.31400503 119.20138
170 0.30956925 0.034469475 0.95025194 103.7388 0.11674785 0.99040391 -0.073959595 -8.4803803 -0.94368249 0.13383548 0.30257433 119.57075
171 0.29978312 0.035443426 0.95334876 104.89218 0.11823701 0.99022464 -0.073994342 -8.5823076 -0.94665195 0.13490335 0.29266187 119.92367
172 0.2861556 0.035621629 0.9575208 106.04383 0.12010465 0.99009377 -0.072726747 -8.6828788 -0.95062593 0.13581386 0.27904253 120.26101
173 0.27349708 0.036271597 0.9611887 107.19592 0.12138432 0.98999827 -0.071897512 -8.7861239 -0.9541829 0.13633698 0.26635881 120.58396
174 0.26372894 0.036581564 0.96390292 108.37887 0.12218852 0.98996397 -0.071002047 -8.8826157 -0.95682643 0.13650316 0.25661228 120.89708
175 0.25107997 0.036883221 0.9672634 109.5627 0.1234076 0.98989963 -0.069780231 -8.9770033 -0.9600673 0.13688806 0.24399228 121.1939
176 0.23679619 0.037229974 0.97084577 110.74716 0.12478732 0.98982339 -0.068394244 -9.0705183 -0.96351206 0.13734473 0.22974055 121.47547
177 0.22205055 0.037702744 0.97430594 111.9276 0.12592876 0.9897741 -0.067001284 -9.1596621 -0.96686882 0.1375708 0.215032 121.73865
178 0.20390232 0.037799485 0.97826124 113.0968 0.1277206 0.98968699 -0.064862209 -9.2501298 -0.97062408 0.13816965 0.19697168 121.97827
179 0.1860684 0.037689326 0.98181367 114.2709 0.1296742 0.98958097 -0.062562696 -9.3354622 -0.97394197 0.13895683 0.17924239 122.19617
180 0.17066205 0.038154945 0.98459061 115.44775 0.13116026 0.98947782 -0.061078739 -9.4170195 -0.97656093 0.13956297 0.16386189 122.39237
181 0.15690503 0.038615314 0.98685849 116.62448 0.13322739 0.98927416 -0.059892256 -9.4990866 -0.97858626 0.14087397 0.15007746 122.56992
182 0.14315077 0.0390488 0.98893026 117.80534 0.13473723 0.98914936 -0.05856109 -9.576962 -0.98048638 0.14162877 0.13633615 122.73121
183 0.12865261 0.039755263 0.99089254 118.9881 0.1366277 0.98895712 -0.057416679 -9.655013 -0.98223275 0.14277016 0.12180023 122.87418
184 0.11503177 0.040968959 0.99251662 120.17004 0.13851767 0.98872597 -0.05686656 -9.7333718 -0.98365662 0.14402254 0.10805996 123.00119
185 0.10036768 0.042102802 0.9940592 121.35736 0.14054495 0.98848606 -0.056057229 -9.8111257 -0.98497373 0.14533632 0.093294711 123.11019
186 0.086008612 0.043393747 0.99534894 122.54313 0.1423752 0.98826187 -0.055387489 -9.8907433 -0.98606877 0.14647679 0.07882083 123.20397
187 0.073554981 0.044191025 0.99631161 123.73547 0.14405766 0.98806953 -0.054460836 -9.9664011 -0.98683173 0.14753217 0.066311373 123.28076
188 0.060027504 0.045720864 0.99714909 124.92987 0.14474234 0.98799397 -0.05401445 -10.039752 -0.98764677 0.14757204 0.052689062 123.34459
189 0.046111614 0.048180873 0.99777369 126.15029 0.14324673 0.98819416 -0.054338369 -10.11135 -0.9886121 0.14543343 0.038665472 123.39974
190 0.029717574 0.050810163 0.9982661 127.35669 0.14249658 0.98829126 -0.054544467 -10.182245 -0.98934897 0.14387042 0.022129342 123.43334
191 0.011961692 0.053186686 0.99851294 128.57742 0.14124119 0.98848247 -0.054344404 -10.253393 -0.98990285 0.14168119 0.0043117717 123.44769
192 -0.0071552286 0.055363784 0.99844061 129.80408 0.14051469 0.98861513 -0.053811973 -10.326971 -0.99005264 0.13991053 -0.014853191 123.43774
193 -0.027462787 0.057236286 0.99798287 131.01877 0.13941955 0.98882076 -0.052874232 -10.397947 -0.9898524 0.13768623 -0.035135627 123.40263
194 -0.044525123 0.059408325 0.99724028 132.2414 0.13908876 0.98887664 -0.052699998 -10.464759 -0.98927834 0.13635843 -0.052292879 123.34353
195 -0.060563275 0.060209515 0.99634678 133.47041 0.13813069 0.98908068 -0.051374102 -10.532084 -0.98856047 0.13451467 -0.06821874 123.26952
196 -0.074684334 0.06088144 0.99534703 134.70691 0.13782329 0.98918571 -0.050163218 -10.597237 -0.98763697 0.13343559 -0.082267548 123.17431
197 -0.089195221 0.062064823 0.99407856 135.93139 0.1374394 0.98927588 -0.04943301 -10.664993 -0.9864859 0.13221636 -0.096768823 123.06274
198 -0.10474522 0.063380287 0.9924774 137.1815 0.13674666 0.98940567 -0.048751998 -10.733966 -0.98505258 0.13061141 -0.11230255 122.92971
199 -0.12190346 0.065023463 0.99040977 138.41944 0.13543798 0.9896078 -0.048300583 -10.799329 -0.9832578 0.12825108 -0.12944324 122.7772
200 -0.13943226 0.067206579 0.98794834 139.6593 0.13375788 0.98982865 -0.048456819 -10.863392 -0.98115609 0.12538942 -0.14700344 122.60299
201 -0.15667562 0.068407392 0.98527823 140.90832 0.13256538 0.99002788 -0.047657059 -10.927368 -0.97871292 0.12314707 -0.16418167 122.40443
202 -0.17309999 0.068369012 0.98252841 142.16151 0.13301827 0.99007051 -0.045458922 -10.989881 -0.97588029 0.12282527 -0.18047551 122.17929
203 -0.19152475 0.068811729 0.97907263 143.40791 0.13278589 0.99018454 -0.043617321 -11.053169 -0.97246387 0.12165323 -0.19878205 121.93398
204 -0.21104271 0.0698963 0.97497461 144.64674 0.13225613 0.9903097 -0.042367556 -11.113786 -0.96848805 0.12000499 -0.21824183 121.66596
205 -0.23147533 0.070195562 0.97030498 145.88495 0.13144625 0.99050384 -0.040299091 -11.17513 -0.96391953 0.1182147 -0.23850413 121.37474
206 -0.2489122 0.070237613 0.96597588 147.13435 0.12955392 0.99081841 -0.038660561 -11.233521 -0.95982202 0.11552287 -0.25572632 121.0612
207 -0.26525459 0.070110763 0.96162596 148.38913 0.12879452 0.99099103 -0.03672509 -11.295497 -0.95553743 0.11411064 -0.27189478 120.71989
208 -0.28021514 0.069516042 0.95741684 149.64617 0.12734481 0.99125127 -0.034701627 -11.355678 -0.95145288 0.11219813 -0.28661609 120.36192
209 -0.29397917 0.068815959 0.95333133 150.90221 0.12688753 0.99138667 -0.032434613 -11.417607 -0.9473519 0.11143075 -0.30017889 119.98453
210 -0.30643724 0.067472712 0.94949653 152.14328 0.12439345 0.99176929 -0.030330366 -11.478607 -0.94372788 0.10881679 -0.31230817 119.6028
211 -0.31984613 0.066627932 0.9451239 153.37364 0.12184547 0.99213384 -0.028707374 -11.531532 -0.93960202 0.10597711 -0.32544845 119.20741
212 -0.33353648 0.065712658 0.94044419 154.59024 0.11957705 0.9924594 -0.026938161 -11.584656 -0.93512275 0.10347067 -0.3388791 118.79483
213 -0.34476609 0.064487068 0.93647091 155.79578 0.11728061 0.99277936 -0.025187172 -11.631616 -0.93133314 0.10114618 -0.3498397 118.36765
214 -0.35693801 0.063285669 0.93198186 157.0019 0.11384884 0.99321199 -0.023840706 -11.673113 -0.92716424 0.097595393 -0.36172007 117.92391
215 -0.3681283 0.062174082 0.92769389 158.2045 0.11257041 0.99340221 -0.021907567 -11.717832 -0.92293515 0.096366079 -0.37269839 117.45876
216 -0.37926051 0.061909032 0.92321652 159.40592 0.10989606 0.99371072 -0.021490552 -11.758585 -0.91874052 0.093307331 -0.38367876 116.97975
217 -0.39159046 0.06270525 0.91800053 160.59579 0.10728597 0.99398187 -0.022130402 -11.792957 -0.91386348 0.089822512 -0.39596117 116.48477
218 -0.40460351 0.062107442 0.91238077 161.77208 0.10634769 0.99411743 -0.020510564 -11.834569 -0.9082874 0.088730928 -0.40882834 115.96837
219 -0.41724849 0.062562995 0.90663641 162.93967 0.10529804 0.99423657 -0.020148067 -11.872045 -0.90267151 0.087060274 -0.42143143 115.437
220 -0.42837612 0.062383288 0.90144453 164.10315 0.10455443 0.99433523 -0.019126281 -11.912282 -0.89753112 0.086056766 -0.43247187 114.89232
221 -0.43910502 0.062186525 0.896281 165.26682 0.10288917 0.99451899 -0.018595206 -11.953485 -0.89252476 0.084052351 -0.44309656 114.33265
222 -0.44818729 0.06256583 0.89174754 166.42384 0.10123122 0.99468319 -0.01890965 -11.988489 -0.8881893 0.081797617 -0.45213794 113.76079
223 -0.45617204 0.062238682 0.88771246 167.57512 0.10020931 0.99479895 -0.018251732 -12.022296 -0.8842313 0.080631117 -0.46003632 113.17614
224 -0.46354139 0.062154715 0.88389263 168.71131 0.10017714 0.99481713 -0.01741877 -12.054459 -0.88039409 0.080471511 -0.46736535 112.58113
225 -0.46808971 0.062886766 0.88144046 169.85223 0.10037828 0.99479246 -0.017667946 -12.087396 -0.87796132 0.080207282 -0.47196453 111.97255
226 -0.47137902 0.063303102 0.87965592 170.99088 0.10027192 0.99479981 -0.017856793 -12.12018 -0.87621185 0.079787465 -0.47527523 111.35566
227 -0.47412961 0.063919508 0.87813178 172.11799 0.10052958 0.99476885 -0.018130633 -12.155144 -0.87469695 0.07968194 -0.47807512 110.74105
228 -0.47723285 0.065232553 0.8763524 173.24875 0.10021126 0.99477554 -0.019475776 -12.186803 -0.8730443 0.078525891 -0.48127655 110.1161
229 -0.48074008 0.065222745 0.87443409 174.37299 0.10017155 0.99478629 -0.019128046 -12.216934 -0.87112254 0.07839779 -0.48476705 109.48363
230 -0.48554692 0.066144129 0.87170474 175.4945 0.10066766 0.99473082 -0.019406491 -12.24583 -0.8683951 0.078329708 -0.48964701 108.8419
231 -0.48987597 0.067535356 0.86917231 176.61092 0.10102121 0.99467611 -0.020350328 -12.270094 -0.86591922 0.077835695 -0.49409038 108.18912
232 -0.49305678 0.06890368 0.86726426 177.72093 0.10214909 0.99454862 -0.020942586 -12.293344 -0.86397941 0.078264367 -0.49740734 107.53257
233 -0.49471154 0.070575694 0.8661868 178.82866 0.10309024 0.99442544 -0.022145721 -12.320034 -0.86292105 0.078339657 -0.49922936 106.87631
234 -0.49498836 0.071428916 0.86595868 179.92361 0.10370679 0.99434793 -0.022739581 -12.351474 -0.8626884 0.078549963 -0.49959827 106.22958
235 -0.49547923 0.072477033 0.86559079 181.01682 0.10419071 0.99427701 -0.023611522 -12.38488 -0.86234823 0.078487491 -0.50019499 105.58797
236 -0.49552471 0.07309819 0.86551252 182.10812 0.10462022 0.99422089 -0.024071105 -12.417301 -0.8622701 0.078622277 -0.50030852 104.94803
237 -0.49540726 0.073343867 0.86555897 183.19663 0.10549948 0.99413317 -0.023855523 -12.44913 -0.86223045 0.079497815 -0.50023848 104.30663
238 -0.49554858 0.074007187 0.8654216 184.28762 0.1064604 0.99402617 -0.024044674 -12.48517 -0.86203111 0.080217819 -0.50046704 103.66385
239 -0.49550875 0.073948782 0.8654494 185.39663 0.10637206 0.9940359 -0.024033128 -12.528916 -0.86206491 0.080151007 -0.50041952 103.02073
240 -0.49457745 0.073956573 0.86598128 186.50027 0.10645496 0.99402557 -0.024093479 -12.575689 -0.86258932 0.080271904 -0.49949563 102.38003
241 -0.49200389 0.073819421 0.86745771 187.59853 0.10684412 0.99398639 -0.02398708 -12.624638 -0.86401178 0.08088101 -0.49693229 101.74876
242 -0.48865101 0.074148603 0.86932283 188.70068 0.10841332 0.99382029 -0.023827866 -12.671928 -0.86571738 0.082602655 -0.49366994 101.11693
243 -0.48240841 0.074402353 0.87278086 189.80001 0.11049592 0.99359568 -0.023627577 -12.723671 -0.86894915 0.085040571 -0.48754002 100.4933
244 -0.47663996 0.075658448 0.87583683 190.90472 0.11190116 0.9934069 -0.024916808 -12.775286 -0.87194743 0.086130805 -0.48196365 99.874865
245 -0.46786607 0.07661847 0.88047201 192.02167 0.11401802 0.99314268 -0.025836038 -12.82666 -0.87641376 0.088301861 -0.4733936 99.261724
246 -0.45839425 0.077344446 0.88537707 193.13786 0.11664227 0.99282463 -0.026340555 -12.876363 -0.88106137 0.091198026 -0.46412669 98.661569
247 -0.44718396 0.077853433 0.89104734 194.257 0.11824689 0.99260658 -0.027383189 -12.925203 -0.88659124 0.093118245 -0.45308362 98.08073
248 -0.43561663 0.07750761 0.89678912 195.39065 0.12038124 0.99235251 -0.027291591 -12.975659 -0.89204616 0.096067905 -0.44161568 97.510137
249 -0.4251805 0.076957993 0.90183093 196.53756 0.12192856 0.9921666 -0.027181929 -13.028752 -0.8968583 0.098401711 -0.43123322 96.949522
250 -0.41399177 0.076834303 0.90703214 197.69534 0.1236877 0.99193805 -0.027572538 -13.082313 -0.90183812 0.10077391 -0.42015761 96.4053
251 -0.40211581 0.076717287 0.91236908 198.86311 0.12554835 0.99169079 -0.028053175 -13.137799 -0.90694009 0.1032658 -0.40840623 95.871143
252 -0.39143653 0.076984429 0.9169792 200.0348 0.12753681 0.99141586 -0.028791295 -13.193068 -0.91132411 0.10567863 -0.39789469 95.346211
253 -0.38055207 0.077562341 0.92150107 201.20668 0.12956839 0.99111914 -0.029914239 -13.251425 -0.91563747 0.10801347 -0.38722203 94.842956
254 -0.369288 0.077213816 0.92610172 202.39251 0.13199952 0.99079654 -0.029972239 -13.315974 -0.91989256 0.11117658 -0.37608142 94.352637
255 -0.35640105 0.077391522 0.93112236 203.56768 0.1342521 0.99046417 -0.030936793 -13.378658 -0.92463749 0.11397922 -0.36339241 93.88522
256 -0.33947571 0.077847417 0.93738787 204.74235 0.13630977 0.99012106 -0.032862075 -13.445565 -0.93068561 0.11661924 -0.34673338 93.442079
257 -0.31912866 0.078235775 0.94447661 205.90771 0.13835445 0.98975569 -0.035237962 -13.508408 -0.93755787 0.11942709 -0.32668364 93.027336
258 -0.29359596 0.078341605 0.95271402 207.07399 0.14000664 0.98941287 -0.038213786 -13.570374 -0.94562116 0.12216686 -0.30145594 92.645475
259 -0.26817999 0.078219603 0.9601881 208.24669 0.14104391 0.98914629 -0.041185133 -13.634016 -0.95298789 0.12438365 -0.27630162 92.294948
260 -0.24218405 0.078592753 0.96704192 209.4253 0.1416745 0.98889503 -0.044888105 -13.696855 -0.95983073 0.12613398 -0.25062917 91.975236
261 -0.21681808 0.077950469 0.97309488 210.61337 0.14282362 0.98861389 -0.047370686 -13.762251 -0.96570759 0.1287101 -0.22548251 91.686097
262 -0.1906559 0.077469955 0.97859529 211.80446 0.14394178 0.98831228 -0.05019558 -13.83161 -0.97104629 0.13129065 -0.19957871 91.430738
263 -0.16335642 0.077434658 0.98352354 212.99793 0.1448465 0.98799429 -0.053728653 -13.90578 -0.975876 0.13368301 -0.17261133 91.209003
264 -0.13485684 0.077048923 0.98786492 214.19339 0.14608316 0.98762375 -0.057087799 -13.987339 -0.98003732 0.13661173 -0.14444335 91.022986
265 -0.10478607 0.076515893 0.99154687 215.38491 0.14709296 0.98726206 -0.060640547 -14.073152 -0.98355648 0.13949526 -0.11470625 90.874677
266 -0.074479231 0.076625422 0.99427431 216.56961 0.14805782 0.98684285 -0.064961969 -14.163856 -0.98617013 0.14237176 -0.084844281 90.762589
267 -0.041260892 0.077165909 0.99616413 217.74891 0.14943228 0.98627606 -0.070210499 -14.262109 -0.98791059 0.14596211 -0.052225702 90.689597
268 -0.0099566483 0.075996915 0.99705834 218.93024 0.14950026 0.98601397 -0.073662187 -14.362873 -0.98871145 0.14832704 -0.021178951 90.658289
269 0.020723713 0.077052252 0.99681166 220.09997 0.14958953 0.9855636 -0.079292759 -14.471489 -0.98853088 0.15075582 0.0088983258 90.664544
270 0.05326874 0.077336713 0.99558098 221.2612 0.14931073 0.98517164 -0.084517014 -14.583987 -0.98735432 0.15315302 0.040931647 90.706429
271 0.08533256 0.077302674 0.99334921 222.41381 0.14999464 0.9846267 -0.089509009 -14.698335 -0.98499734 0.15663508 0.072425723 90.783128
272 0.11985218 0.076622392 0.98983053 223.56366 0.15056344 0.98408218 -0.094408168 -14.817116 -0.98130826 0.1603473 0.10640785 90.894163
273 0.15221067 0.076317217 0.98539718 224.71015 0.150895 0.98353151 -0.09948092 -14.938316 -0.97676118 0.16383355 0.13818809 91.039457
274 0.18346635 0.076390057 0.9800534 225.85031 0.15120429 0.98291875 -0.10491889 -15.063738 -0.97132753 0.16743735 0.16878199 91.222186
275 0.21477518 0.075498 0.97374107 226.98686 0.15162041 0.98234284 -0.10960739 -15.194988 -0.96482262 0.17117995 0.1995358 91.442538
276 0.24636436 0.074280163 0.96632658 228.10984 0.1515658 0.98183795 -0.11411411 -15.332566 -0.95725243 0.17457569 0.23063152 91.700628
277 0.28127416 0.07366434 0.95679591 229.22113 0.15073972 0.98127996 -0.1198631 -15.482418 -0.9477142 0.17794152 0.26490453 91.998705
278 0.31521402 0.072807758 0.94622363 230.32002 0.15007331 0.9806832 -0.12545296 -15.639565 -0.93707947 0.18154743 0.29819857 92.334835
279 0.34862122 0.071822499 0.93450778 231.396 0.14926385 0.98008015 -0.13100838 -15.798968 -0.92530178 0.18516051 0.3309562 92.703544
280 0.38113299 0.070069356 0.92186113 232.45852 0.14935684 0.97935944 -0.1361896 -15.962917 -0.91237602 0.18959259 0.36280082 93.108878
281 0.41531578 0.067047427 0.90720309 233.50807 0.14932518 0.97872729 -0.14069424 -16.134631 -0.89733752 0.19390078 0.39646898 93.554533
282 0.44763352 0.064557032 0.89188375 234.53619 0.14881014 0.97810509 -0.14548529 -16.309024 -0.88174805 0.19784542 0.42822584 94.035891
283 0.48212971 0.061793264 0.87391793 235.55214 0.1476311 0.97751487 -0.15056468 -16.493751 -0.86357157 0.20160915 0.46216631 94.557995
284 0.51559674 0.059200775 0.85478376 236.54543 0.14607738 0.97693203 -0.15577291 -16.685527 -0.84428742 0.20518056 0.49505503 95.118395
285 0.54867616 0.056002935 0.83415715 237.51949 0.14470401 0.97633342 -0.16072892 -16.885699 -0.82341671 0.208894 0.52758697 95.720173
286 0.58171865 0.053126549 0.81165324 238.46597 0.1424632 0.9757852 -0.16597432 -17.093806 -0.80081678 0.21218105 0.56006381 96.359337
287 0.61253173 0.050680653 0.7888196 239.38452 0.13989028 0.97523952 -0.17128506 -17.305125 -0.77796881 0.21526571 0.59027536 97.03353
288 0.64334817 0.047396798 0.76410515 240.27861 0.13703641 0.97483261 -0.17584762 -17.525072 -0.75320916 0.21784145 0.62066163 97.74517
289 0.67199618 0.045176656 0.73917536 241.13979 0.13361074 0.97436159 -0.18101835 -17.747733 -0.72840181 0.22040539 0.64873112 98.486985
