4 0.99998399 -0.0017972613 -0.0053649819 0.0061485473 0.0017915962 0.99999783 -0.0010605542 -0.033576208 0.0053668764 0.0010509254 0.99998505 1.5248742
5 0.99998858 0.00026203075 -0.0047712102 -0.013028245 -0.00025834668 0.99999967 0.00077274518 -0.029620187 0.0047714111 -0.00077150373 0.99998832 1.5343748
6 0.99998907 0.00096355627 -0.0045742109 -0.011204384 -0.00096092318 0.99999937 0.00057780024 -0.026395785 0.0045747648 -0.00057339846 0.99998937 1.5243013
7 0.99998794 0.00025175359 -0.0049042334 -0.012474659 -0.00024431323 0.99999882 0.001517669 -0.025305466 0.0049046097 -0.0015164525 0.99998682 1.5212062
8 0.99998605 -7.4755006e-05 -0.0052823049 -0.0076922544 7.080956e-05 0.99999972 -0.00074710049 -0.024406793 0.0052823592 0.00074671603 0.99998577 1.4979188
9 0.9999939 0.00026977612 -0.0034827428 -0.010543665 -0.00027144077 0.99999985 -0.00047750707 -0.02672323 0.0034826135 0.00047844952 0.99999382 1.4926187
10 0.99999329 0.00033980993 -0.0036480351 -0.011224371 -0.00033960955 0.99999994 5.5547461e-05 -0.028342112 0.0036480538 -5.430818e-05 0.99999334 1.4938375
11 0.99999506 0.0012564168 -0.0028818723 -0.012189815 -0.0012560142 0.9999992 0.0001415096 -0.031295199 0.0028820478 -0.00013788923 0.99999584 1.4897019
12 0.99999386 0.0011385965 -0.0033150331 -0.013793548 -0.0011381278 0.99999934 0.00014325263 -0.031588321 0.003315194 -0.00013947881 0.9999945 1.4924013
13 0.99999683 0.00071292513 -0.0024130399 -0.014845227 -0.00071156032 0.99999959 0.00056641119 -0.02855341 0.0024134427 -0.00056469237 0.99999693 1.495965
14 0.99998501 0.0010720071 -0.0053689588 -0.0098443693 -0.0010713241 0.99999942 0.00013008099 -0.017893948 0.0053690952 -0.00012432714 0.99998558 1.4676074
15 0.99998843 0.00085168691 -0.0047348651 -0.010298 -0.00084755018 0.99999926 0.0008756107 -0.017874502 0.0047356073 -0.00087158753 0.99998841 1.479327
16 0.99999734 0.00105973 -0.0020477097 -0.0081025946 -0.0010599924 0.99999943 -0.00012704398 -0.019670478 0.0020475739 0.0001292142 0.9999979 1.4619253
17 0.99999159 0.0015478887 -0.0037983812 -0.01758676 -0.0015479175 0.9999988 -4.6463853e-06 -0.023100645 0.0037983695 1.0525927e-05 0.99999279 1.4631387
18 0.99999538 0.00099330429 -0.0028726795 -0.014734454 -0.00099418558 0.99999946 -0.0003053708 -0.024318713 0.0028723747 0.00030822536 0.99999583 1.4607714
19 0.99998954 0.0018097973 -0.0042000689 -0.016081525 -0.0018081683 0.99999829 0.00039160739 -0.027081423 0.0042007705 -0.00038400886 0.9999911 1.4259558
20 0.99999362 0.0003282427 -0.0035577484 -0.013820258 -0.00032828671 0.99999995 -1.1787263e-05 -0.029121615 0.0035577444 1.2955149e-05 0.99999367 1.4456107
21 0.99999637 -0.00053457088 -0.0026418226 -0.0081218292 0.00052962724 0.99999811 -0.0018716447 -0.028702744 0.0026428181 0.0018702387 0.99999476 1.4346261
22 0.99998978 -0.00040751879 -0.0045027349 -0.0111891 0.00040393817 0.9999996 -0.00079609185 -0.028101851 0.0045030575 0.00079426489 0.99998955 1.4187353
23 0.99999447 -0.0005998224 -0.0032698567 -0.012515573 0.00060066198 0.99999979 0.00025578757 -0.024437788 0.0032697026 -0.00025775024 0.99999462 1.3959501
24 0.9999946 -0.00010631578 -0.0032857439 -0.010479219 0.00010515863 0.99999993 -0.00035234315 -0.024191747 0.0032857811 0.00035199572 0.99999454 1.3699226
25 0.99999201 -0.00015735769 -0.0039935148 -0.014172714 0.0001588075 0.99999992 0.00036272634 -0.02454702 0.0039934574 -0.00036335764 0.99999196 1.3722628
26 0.99999563 -0.00029862713 -0.0029422905 -0.01266018 0.00029938774 0.99999992 0.00025807014 -0.026546792 0.0029422132 -0.00025894989 0.99999564 1.3578495
27 0.9999987 -9.7043246e-05 -0.0016071366 -0.011654137 9.6928065e-05 0.99999999 -7.1746469e-05 -0.028539484 0.0016071435 7.1590599e-05 0.99999871 1.3456867
28 0.9999994 -0.00019727007 -0.0010773505 -0.010065216 0.00019699538 0.99999995 -0.00025507008 -0.029758437 0.0010774007 0.0002548577 0.99999939 1.3359471
29 0.99999822 -0.00076989441 -0.0017241202 -0.0075215745 0.00077022649 0.99999968 0.00019194817 -0.027408806 0.0017239719 -0.0001932758 0.9999985 1.3508696
30 0.99999764 -0.0007284939 -0.0020491203 -0.0086462501 0.00072753711 0.99999963 -0.00046763325 -0.028101782 0.0020494602 0.00046614133 0.99999779 1.3181463
31 0.99999904 -0.00095064948 -0.0010114338 -0.007735504 0.00095003296 0.99999936 -0.00060985341 -0.025313135 0.0010120129 0.00060889193 0.9999993 1.2578945
32 0.99999867 -0.0010882642 -0.0012155939 -0.007075446 0.0010874569 0.99999919 -0.00066456033 -0.02791607 0.0012163162 0.00066323754 0.99999904 1.2419492
33 0.99999981 -5.8910575e-05 0.00061171025 -0.0084931636 6.0271359e-05 0.99999752 -0.0022247758 -0.033990731 -0.00061157768 0.0022248122 0.99999734 1.2268641
34 0.99999921 0.00054274804 0.001131988 -0.0079623797 -0.00054021512 0.99999735 -0.0022366884 -0.028783498 -0.0011331989 0.0022360752 0.99999686 1.2331
35 0.99999956 -0.0004548246 -0.000816191 -0.011384916 0.00045427485 0.99999967 -0.00067362375 -0.029183728 0.00081649711 0.00067325268 0.99999944 1.2277314
36 0.99999926 -0.00078059016 0.00093483162 -0.0097790286 0.00078069377 0.99999969 -0.00011047779 -0.026841784 -0.0009347451 0.00011120752 0.99999956 1.1939411
37 0.99999857 -0.00058522037 0.0015869163 -0.0070494283 0.00058661453 0.99999944 -0.00087821384 -0.019901501 -0.0015864014 0.00087914349 0.99999836 1.1783863
38 0.99999562 0.00027574937 0.0029455578 -0.0094351243 -0.00027181968 0.99999907 -0.0013344254 -0.020609981 -0.002945923 0.0013336189 0.99999477 1.1704115
39 0.99999056 0.00014233799 0.004342105 -0.0084651459 -0.00013697663 0.99999923 -0.0012350093 -0.016690924 -0.0043422774 0.0012344028 0.99998981 1.1614314
40 0.9999956 1.7177625e-05 0.0029669243 -0.010498438 -1.5073297e-05 0.99999975 -0.00070928315 -0.018174937 -0.0029669357 0.0007092353 0.99999535 1.1701798
41 0.99999425 -0.00017974484 0.0033853363 -0.0067650888 0.00018339696 0.9999994 -0.0010785257 -0.020458494 -0.0033851404 0.0010791403 0.99999369 1.1479852
42 0.99998383 -0.00061162919 0.0056545919 8.4442742e-05 0.00061762341 0.99999925 -0.0010583774 -0.023798105 -0.0056539403 0.0010618527 0.99998345 1.1247436
43 0.99994682 -0.00025243475 0.010310216 0.0038482862 0.00026916412 0.99999865 -0.0016212459 -0.019063674 -0.010309793 0.0016239348 0.99994553 1.095458
44 0.99991404 -0.0007499645 0.013089715 0.0091888013 0.00075290343 0.99999969 -0.00021959592 -0.016462086 -0.013089546 0.00022943233 0.9999143 1.0972892
45 0.99987583 -0.0016662355 0.015670078 0.016126756 0.001664799 0.99999861 0.00010471416 -0.016202239 -0.015670231 -7.8613628e-05 0.99987721 1.0801959
46 0.99987076 -0.0017186419 0.015984433 0.017233328 0.001725891 0.99999841 -0.00043972478 -0.014788522 -0.015983652 0.00046725534 0.99987214 1.0663372
47 0.99985717 -0.0026772138 0.01668771 0.022904821 0.0026751983 0.99999641 0.00014310195 -0.01731115 -0.016688033 -9.8438576e-05 0.99986074 1.0542423
48 0.99981282 -0.0035392143 0.019021246 0.028889903 0.0035444705 0.99999369 -0.00024262629 -0.017135216 -0.019020267 0.00031000112 0.99981905 1.0407027
49 0.99980117 -0.0037163334 0.019590841 0.030121589 0.0037213288 0.99999305 -0.00021853457 -0.015746679 -0.019589892 0.00029139508 0.99980806 1.0398943
50 0.99975418 -0.0034928801 0.02189479 0.03414216 0.0035190882 0.99999314 -0.0011585873 -0.014969551 -0.021890592 0.0012353522 0.99975961 1.0263461
51 0.99972512 -0.0035704412 0.023171976 0.036453048 0.0036025789 0.99999261 -0.0013453254 -0.017122969 -0.023167001 0.0014284344 0.99973059 1.0125967
52 0.99968347 -0.0029383787 0.024986634 0.036379863 0.0029924498 0.99999326 -0.002126885 -0.01505516 -0.024980216 0.002200983 0.99968552 1.0066749
53 0.99965533 -0.0036761469 0.025994497 0.040385027 0.003698215 0.99999284 -0.00080092718 -0.016140998 -0.025991367 0.00089678436 0.99966177 1.0152609
54 0.99958637 -0.0035823409 0.028535171 0.043521592 0.0036245052 0.99999241 -0.0014260381 -0.017205908 -0.028529846 0.0015288742 0.99959177 1.0071664
55 0.99954082 -0.0036164615 0.030084462 0.042735678 0.0035947624 0.99999324 0.0007753267 -0.012769582 -0.030087063 -0.00066682419 0.99954706 0.96935393
56 0.99945275 -0.0025097925 0.032983242 0.043006687 0.0025492691 0.99999608 -0.0011548706 -0.015452715 -0.032980215 0.0012383218 0.99945524 0.95991985
57 0.99943924 -0.0021415654 0.033415817 0.0418847 0.0021659348 0.99999741 -0.000693096 -0.013151774 -0.033414246 0.00076508382 0.9994413 0.94737654
58 0.9995464 -0.0022981879 0.030028544 0.035139266 0.0023419548 0.99999625 -0.0014224228 -0.010242238 -0.030025163 0.0014921031 0.99954803 0.95141796
59 0.99946907 -0.0018502878 0.03252942 0.038469161 0.0018722541 0.99999804 -0.00064482845 -0.012579757 -0.032528163 0.00070538943 0.99947057 0.94402334
60 0.99940892 0.00042235554 0.034374878 0.031256626 -0.00033457871 0.99999667 -0.0025592292 -0.018918512 -0.034375845 0.0025462154 0.99940573 0.93982426
61 0.99934032 0.00018751157 0.03631644 0.035772409 -0.00012089027 0.99999831 -0.001836654 -0.022007795 -0.036316723 0.0018310521 0.99933865 0.94475416
62 0.99924338 0.00069088688 0.038886873 0.036548133 -0.00061095472 0.99999768 -0.0020673509 -0.019398956 -0.038888211 0.0020420286 0.99924148 0.93192436
63 0.99925517 0.0014839154 0.038560418 0.034666889 -0.0013858688 0.99999574 -0.0025692797 -0.016313913 -0.038564066 0.0025139263 0.99925297 0.92254068
64 0.99937148 0.00038146051 0.035447128 0.039134752 -0.00031097281 0.99999796 -0.0019940228 -0.014315708 -0.035447817 0.0019817465 0.99936956 0.91272321
65 0.99943882 -0.001076473 0.033479581 0.042024302 0.0010958467 0.99999924 -0.00056032898 -0.012684648 -0.033478953 0.00059670302 0.99943924 0.9150875
66 0.99953119 -0.0017670155 0.030565933 0.039430426 0.001786893 0.99999821 -0.00062301402 -0.015479776 -0.030564777 0.00067734 0.99953256 0.91255335
67 0.99948815 -0.0019737335 0.031930406 0.040920442 0.0020069614 0.99999748 -0.001008617 -0.01544958 -0.031928335 0.0010721838 0.99948959 0.92476247
68 0.99945752 -0.00076709999 0.032925192 0.042346333 0.00085825836 0.99999584 -0.0027546074 -0.014493441 -0.032922941 0.0027813714 0.99945402 0.91121535
69 0.99946019 -0.00061256385 0.032847531 0.040832728 0.00068892014 0.99999709 -0.0023132998 -0.017310634 -0.032846019 0.0023346804 0.9994577 0.90123512
70 0.99951819 -0.0012897201 0.031011533 0.039880284 0.0013297235 0.99999831 -0.0012693641 -0.014277509 -0.031009844 0.0013099893 0.99951822 0.90678376
71 0.99952925 -0.00052997374 0.030675611 0.036500721 0.00058952927 0.99999796 -0.0019324502 -0.018212663 -0.030674524 0.0019496247 0.99952752 0.89197035
72 0.9994329 0.00093092401 0.033660383 0.030439316 -0.00087514498 0.99999822 -0.0016718072 -0.027437045 -0.033661879 0.0016414014 0.99943193 0.89694719
73 0.99941576 0.0015361596 0.034143487 0.029794779 -0.0014779463 0.99999741 -0.0017301321 -0.02738239 -0.034146056 0.001678659 0.99941544 0.91271517
74 0.99941838 0.0022186793 0.034029156 0.024442875 -0.0021892277 0.9999972 -0.00090271676 -0.025684025 -0.034031063 0.00082769415 0.99942043 0.91250512
75 0.99946084 0.0020041346 0.032772022 0.018190369 -0.0019844471 0.99999783 -0.00063325764 -0.027815172 -0.03277322 0.00056788187 0.99946265 0.93307067
76 0.99943973 0.001605395 0.033431224 0.023662965 -0.0015771922 0.99999838 -0.00086996044 -0.028663045 -0.033432566 0.00081674556 0.99944064 0.93067899
77 0.99945175 0.0019673197 0.033050349 0.021437454 -0.0019489189 0.99999793 -0.00058895739 -0.021679749 -0.033051439 0.00052422205 0.99945351 0.9315528
78 0.99930415 0.0028052759 0.037193434 0.024011223 -0.0027630499 0.99999548 -0.0011866599 -0.022483888 -0.037196594 0.0010830669 0.99930738 0.92432432
79 0.99946063 0.0016216041 0.032799662 0.026433327 -0.0015652796 0.99999726 -0.001742833 -0.013792064 -0.032802398 0.0016905524 0.99946043 0.92565933
80 0.99932765 0.0028520981 0.036552819 0.019769725 -0.0028072641 0.99999524 -0.0012778182 -0.020602248 -0.036556289 0.0011743456 0.99933091 0.93830133
81 0.99931174 0.002137371 0.037033381 0.020948232 -0.0021013376 0.99999728 -0.0010118936 -0.020094501 -0.037035443 0.00093337748 0.99931352 0.95285283
82 0.9994108 0.00070664946 0.034315538 0.026956366 -0.00066969208 0.99999918 -0.0010884685 -0.023791297 -0.034316279 0.0010648463 0.99941046 0.9559632
83 0.99944496 -0.00065165477 0.033306851 0.02861563 0.00059566332 0.99999839 0.001690974 -0.032758982 -0.0333079 -0.0016701958 0.99944374 0.95239609
84 0.9994824 -0.0015726014 0.03213188 0.035732239 0.0015745648 0.99999876 -3.5801504e-05 -0.031940132 -0.032131783 8.6376701e-05 0.99948364 0.95428943
85 0.99951351 -0.0018072449 0.031136311 0.039456522 0.0018498054 0.99999739 -0.0013381577 -0.034425709 -0.031133812 0.0013951028 0.99951425 0.94126257
86 0.99948926 -0.00019820934 0.031955852 0.027262549 0.00026117908 0.99999803 -0.0019663608 -0.030711498 -0.031955399 0.0019737027 0.99948735 0.94162464
87 0.99959961 -0.002275263 0.028203485 0.036633166 0.0022999795 0.999997 -0.00084395562 -0.025923332 -0.02820148 0.00090848515 0.99960185 0.96861454
88 0.99968275 -0.0019199018 0.025114116 0.030960586 0.0018594731 0.99999532 0.0024292958 -0.019525189 -0.025118663 -0.0023818261 0.99968164 0.96720588
89 0.9998266 -0.0035429836 0.018281708 0.017925794 0.0035176646 0.99999281 0.0014169095 -0.032528936 -0.018286596 -0.0013523549 0.99983187 0.96897554
90 0.99991783 -0.0025876971 0.012555239 0.019896495 0.0026228693 0.99999268 -0.0027857367 -0.035509723 -0.012547939 0.0028184385 0.9999173 0.97922096
91 0.9999519 -0.002608482 0.0094543916 0.015725125 0.0026309361 0.99999375 -0.0023633359 -0.038378058 -0.0094481677 0.0023880961 0.99995251 0.97879086
92 0.99997888 -0.001720616 0.0062672581 0.0096389096 0.0017306101 0.99999724 -0.0015895754 -0.033087406 -0.0062645058 0.001600388 0.9999791 0.97506714
93 0.99999479 -0.0010089722 0.003067801 0.0038714531 0.00101123 0.99999922 -0.00073452566 -0.022708387 -0.0030670575 0.00073762408 0.99999502 0.97230801
94 0.99999355 -0.0019026853 -0.0030453131 0.00069437538 0.0019051963 0.99999785 0.00082185177 -0.022277676 0.0030437428 -0.00082764839 0.99999503 0.9945798
95 0.99999428 -0.00084435553 -0.0032761534 -0.003404977 0.00083833542 0.99999796 -0.0018384921 -0.019861407 0.0032776991 0.0018357351 0.99999294 0.99209564
96 0.99999222 -0.0012612179 -0.003738285 -0.0031447933 0.0012579977 0.99999884 -0.00086362383 -0.015561842 0.0037393699 0.00085891436 0.99999264 0.99115991
97 0.999991 -0.00050501141 -0.0042121233 -0.0032062791 0.00049694538 0.99999804 -0.0019157827 -0.016526582 0.0042130825 0.0019136723 0.99998929 1.0021516
98 0.99999948 -0.0010171844 -2.044055e-05 0.0058497625 0.0010171583 0.99999871 -0.0012399531 -0.014097608 2.1701785e-05 0.0012399316 0.99999923 0.9968674
99 0.99999947 -0.00061614349 -0.00081905347 0.0020203914 0.00061489526 0.99999865 -0.0015233741 -0.015461652 0.00081999098 0.0015228696 0.9999985 1.0161336
100 0.99999626 -0.0013802923 -0.0023607475 -0.00065241353 0.0013805618 0.99999904 0.00011253791 -0.017918101 0.0023605899 -0.00011579665 0.99999721 1.016521
101 0.9999933 -0.0016573928 -0.0032644187 0.0022582909 0.0016578198 0.99999862 0.00012812692 -0.005874472 0.0032642019 -0.00013353788 0.99999466 1.0160351
102 0.99996784 -0.0025074083 -0.0076180953 0.0029870356 0.0025118258 0.99999668 0.0005703558 -0.012162052 0.00761664 -0.00058947279 0.99997082 1.0360307
103 0.99998166 -0.0017324716 -0.0058032503 0.00043568635 0.0017242856 0.99999751 -0.0014152988 -0.016850263 0.0058056878 0.0014052664 0.99998216 1.0260169
104 0.99998716 -0.0015729061 -0.0048170852 -0.0016968051 0.0015669921 0.99999801 -0.001231254 -0.02041462 0.0048190123 0.0012236898 0.99998764 1.019864
105 0.99999496 6.2664759e-05 -0.0031755269 0.0031806246 -7.6442326e-05 0.99999058 -0.0043387356 -0.024869482 0.0031752251 0.0043389564 0.99998555 1.0230014
106 0.9999999 0.00034556874 0.00029090653 0.0037921843 -0.00034459503 0.99999436 -0.003340571 -0.021737488 -0.00029205929 0.0033404704 0.99999438 1.03049
107 0.99999938 -0.00039221612 -0.0010388612 0.0067112763 0.00038871492 0.99999425 -0.0033682884 -0.025920115 0.0010401763 0.0033678825 0.99999379 1.0315915
108 0.99999888 -0.001031135 -0.0010823405 0.0044334093 0.0010276838 0.9999944 -0.0031843724 -0.032488364 0.001085618 0.0031832565 0.99999434 1.0339045
109 0.99999346 -0.0017120914 -0.0031851054 0.0010323199 0.0017067434 0.99999713 -0.0016810141 -0.026371728 0.0031879743 0.0016755669 0.99999351 1.0400908
110 0.99999369 -0.0018151089 -0.0030549357 0.0013128869 0.0018149644 0.99999835 -5.0076855e-05 -0.0169536 0.0030550216 4.453194e-05 0.99999533 1.0522231
111 0.99999298 -0.0014962584 -0.0034342269 0.0010177273 0.0014933092 0.99999851 -0.00086117102 -0.014626681 0.0034355104 0.00085603661 0.99999373 1.0602114
112 0.99999694 -0.00073418882 -0.0023634221 -0.004289855 0.00073157854 0.99999912 -0.0011051252 -0.012282865 0.0023642314 0.0011033928 0.9999966 1.0566819
113 0.99999536 -0.00045095625 -0.0030113368 -0.0064822419 0.00044679448 0.99999894 -0.0013825609 -0.011921358 0.0030119571 0.001381209 0.99999451 1.0785599
114 0.99999757 -0.00059441366 -0.0021216322 -0.0026843563 0.00059185482 0.9999991 -0.0012064952 -0.0097138201 0.0021223474 0.0012052366 0.99999702 1.0539459
115 0.99999933 -0.00096637802 -0.00063042041 -0.00034938067 0.00096589637 0.99999924 -0.00076387511 -0.011240295 0.00063115812 0.00076326568 0.99999951 1.0572481
116 0.99999968 -0.00075956334 -0.00025872143 0.001100508 0.00075931834 0.99999926 -0.00094571807 -0.0093209104 0.00025943958 0.00094552132 0.99999952 1.0756887
117 0.99999995 0.00011834875 0.00028427081 -0.0014891808 -0.00011800873 0.99999928 -0.0011958376 -0.010148791 -0.00028441213 0.001195804 0.99999924 1.0806785
118 0.99999952 0.00030234542 0.00093427419 -0.0016527238 -0.00030149598 0.99999954 -0.00090920721 -0.0081728084 -0.00093454865 0.00090892509 0.99999915 1.0911756
119 0.99999981 0.0002248491 0.0005736027 -0.0011250043 -0.00022453892 0.99999983 -0.00054076752 -0.0082713776 -0.00057372419 0.00054063862 0.99999969 1.0888186
120 0.99999907 0.000699224 0.0011684085 -0.0031142106 -0.00069867184 0.99999964 -0.00047292173 -0.009615467 -0.0011687388 0.00047210496 0.99999921 1.0895622
121 0.99999959 0.00039652521 0.00081073994 -0.0034957551 -0.00039614679 0.99999981 -0.00046686761 -0.010794213 -0.00081092491 0.00046654625 0.99999956 1.0934943
122 0.99999879 -0.0010209708 -0.0011736028 0.0011369621 0.0010210336 0.99999948 5.2870687e-05 -0.012978813 0.0011735482 -5.4068911e-05 0.99999931 1.0953207
123 0.99999667 -0.0020699755 -0.0015434376 0.0026215865 0.0020717181 0.99999722 0.0011283153 -0.010584995 0.0015410978 -0.0011315091 0.99999817 1.1011533
124 0.99999444 -0.0032510145 -0.00074578906 0.0096583594 0.003252446 0.99999286 0.0019263427 -0.011604401 0.00073952116 -0.0019287576 0.99999787 1.105791
125 0.99999181 -0.0038509326 -0.0012445401 0.00980642 0.0038530262 0.99999116 0.0016842746 -0.013519343 0.0012380431 -0.001689056 0.99999781 1.0982711
126 0.99999812 -0.0018391547 -0.0006123822 0.0039620517 0.0018384551 0.99999766 -0.0011410523 -0.010867267 0.00061447934 0.0011399243 0.99999916 1.094138
127 0.99999295 -0.001538458 -0.0034240384 -0.002502409 0.0015341197 0.99999802 -0.0012692662 -0.0078860141 0.0034259844 0.0012640043 0.99999333 1.0996094
128 0.999986 -0.00064047686 -0.0052517553 -0.0044598922 0.0006407988 0.99999979 5.9617988e-05 -0.0099179837 0.005251716 -6.2982472e-05 0.99998621 1.1107952
129 0.99998519 -0.0008128953 -0.005381345 -0.0053954214 0.00081581123 0.99999952 0.00053968515 -0.0087186744 0.0053809037 -0.00054406732 0.99998537 1.1100735
130 0.99998164 -0.00054865697 -0.0060352098 -0.0063707409 0.00054648848 0.99999979 -0.00036094944 -0.009373661 0.0060354066 0.00035764464 0.99998172 1.1189377
131 0.99999452 -0.00032657628 -0.0032935707 9.852237e-05 0.00032229588 0.9999991 -0.001300069 -0.011167441 0.0032939924 0.0012990004 0.99999373 1.121024
132 0.99999647 0.0011853557 -0.0023789717 -0.0042738905 -0.0011894671 0.9999978 -0.0017275582 -0.013439539 0.0023769187 0.0017303818 0.99999568 1.1416197
133 0.99999765 0.00031490089 -0.0021437619 0.0010485603 -0.00032038018 0.99999668 -0.0025560634 -0.0097336213 0.0021429499 0.0025567442 0.99999444 1.1452043
134 0.99999565 0.00011686972 -0.0029459899 -0.0028564575 -0.00012112419 0.99999895 -0.0014440191 -0.0079170711 0.0029458181 0.0014443696 0.99999462 1.1363755
135 0.99999767 0.00068494072 -0.0020458377 -0.0019832971 -0.0006843182 0.99999972 0.00030497102 -0.0030889429 0.002046046 -0.0003035703 0.99999786 1.1350593
136 0.999998 -0.0010850938 -0.0016775709 0.0018972752 0.0010873398 0.99999851 0.0013385178 -0.00086674948 0.0016761159 -0.0013403393 0.9999977 1.1534007
137 0.99999701 -0.00086581283 -0.0022849997 -0.0016062797 0.00086605773 0.99999962 0.00010619036 -0.0053964499 0.0022849069 -0.00010816898 0.99999738 1.169427
138 0.99999494 0.00057882506 -0.0031272696 -0.0074968125 -0.00058551277 0.99999754 -0.0021380223 -0.0060796574 0.0031260243 0.0021398425 0.99999282 1.1526199
139 0.99999809 4.459795e-05 -0.0019526055 -0.0091705016 -4.5584005e-05 0.99999987 -0.00050495255 -0.012591011 0.0019525827 0.00050504059 0.99999797 1.1474768
140 0.99999989 0.00025966913 -0.00038842923 -0.0041746946 -0.00026017307 0.99999912 -0.0012978985 -0.010241062 0.00038809187 0.0012979994 0.99999908 1.1698088
141 0.99999995 -0.0002834714 -0.00011331761 -0.0031920498 0.00028345105 0.99999994 -0.0001795868 -0.0093744171 0.00011336851 0.00017955467 0.99999998 1.167658
142 0.99999704 -0.0012021609 -0.0021136006 -0.0032014459 0.0012025685 0.99999926 0.00019156472 -0.017463206 0.0021133687 -0.00019410591 0.99999775 1.1622524
143 0.99999647 -0.0014614691 -0.0022195294 -0.0016865342 0.0014611841 0.99999892 -0.00013003368 -0.013897839 0.002219717 0.00012679008 0.99999753 1.1690399
144 0.99999901 -0.0013346032 0.0004526691 0.0012549072 0.0013346552 0.9999991 -0.00011456482 -0.012440867 -0.00045251579 0.00011516887 0.99999989 1.1604708
145 0.99999933 -0.00093503349 0.00068399772 0.003914387 0.00093528755 0.99999949 -0.00037120027 -0.0094286565 -0.00068365029 0.00037183975 0.9999997 1.1754664
146 0.99999766 -0.0021071745 -0.00049499314 0.0098545559 0.0021068168 0.99999752 -0.00072204294 -0.0043270058 0.00049651338 0.00072099839 0.99999962 1.216312
147 0.9999945 -0.002843578 -0.0017046086 0.0061701769 0.002844525 0.9999958 0.00055335441 -0.0062840108 0.0017030279 -0.00055820017 0.99999839 1.2193462
148 0.99999664 -0.0018387462 -0.0018276377 0.0023660535 0.0018388586 0.99999831 5.9785256e-05 -0.008846794 0.0018275247 -6.3145823e-05 0.99999833 1.2040415
149 0.99999311 -0.0015712356 -0.003362477 0.00052703843 0.0015694589 0.99999863 -0.00053097153 -0.0067391082 0.0033633067 0.00052569061 0.99999421 1.1972803
150 0.99999347 -0.00024298707 -0.0036066898 -0.003441515 0.00023876724 0.99999929 -0.0011703868 -0.011725025 0.0036069716 0.001169518 0.99999281 1.2276997
151 0.99999442 -0.00034252665 -0.0033234436 -0.0027740275 0.00034151429 0.9999999 -0.00030517427 -0.0063251972 0.0033235478 0.00030403757 0.99999443 1.2376475
152 0.99999385 0.001366711 -0.0032304873 -0.0082953038 -0.0013721428 0.99999765 -0.0016798219 -0.0094968799 0.0032281839 0.0016842442 0.99999337 1.2324902
153 0.99999795 0.00012924466 -0.0020212825 -0.0080406388 -0.00013003045 0.99999992 -0.00038863248 -0.014283488 0.0020212321 0.00038889451 0.99999788 1.2404644
154 0.99999887 0.0010256765 -0.0010955694 -0.0075044424 -0.0010282641 0.99999668 -0.0023639651 -0.01739363 0.0010931411 0.002365089 0.99999661 1.2361389
155 0.99999856 0.00060196332 -0.0015840688 -0.0087959906 -0.00060475862 0.99999826 -0.0017647468 -0.01685269 0.0015830037 0.0017657023 0.99999719 1.2433965
156 0.99999888 0.00061600177 -0.0013672492 -0.0081612078 -0.00061704 0.99999952 -0.00075906356 -0.017377656 0.001366781 0.00075990635 0.99999878 1.2495418
157 0.99999891 0.00069357717 -0.0013009722 -0.0098503804 -0.00069490341 0.99999924 -0.0010192477 -0.019801455 0.0013002643 0.0010201507 0.99999863 1.2334464
158 0.99999988 0.00019081181 0.00045015483 -0.0059017959 -0.00019049521 0.99999973 -0.0007032446 -0.016558055 -0.0004502889 0.00070315876 0.99999965 1.2445359
159 0.99999887 0.00051073015 0.0014172241 -0.0029451808 -0.00051050771 0.99999986 -0.00015731542 -0.013435361 -0.0014173042 0.00015659174 0.99999898 1.2550423
160 0.99999875 0.00035960495 0.001540353 -0.0054104398 -0.00035937948 0.99999992 -0.00014664721 -0.014045472 -0.0015404056 0.00014609346 0.9999988 1.2350529
161 0.99999906 -0.00076448419 0.0011418925 -0.00071096757 0.00076425511 0.99999969 0.00020104264 -0.012230734 -0.0011420458 -0.00020016975 0.99999933 1.2431215
162 0.99999731 -4.1073968e-05 0.0023189414 -0.0017002862 4.3229782e-05 0.99999957 -0.00092961178 -0.01362689 -0.0023189022 0.00092970953 0.99999688 1.2187384
163 0.99999283 0.0028402696 0.0025057807 -0.0034705865 -0.0028307452 0.99998879 -0.0037963688 -0.010833448 -0.0025165353 0.0037892483 0.99998965 1.2258045
164 0.99999443 0.00071233467 0.0032615562 0.0028526958 -0.00070881404 0.99999917 -0.0010804602 -0.007563866 -0.0032623232 0.0010781423 0.9999941 1.2304557
165 0.99999445 -0.00049423486 0.003294014 0.0043777365 0.00049384879 0.99999987 0.00011801754 -0.0098536398 -0.0032940719 -0.00011639014 0.99999457 1.2395877
166 0.99998961 -0.00021819076 0.0045532491 0.005562594 0.00022078328 0.99999981 -0.00056888379 -0.010174462 -0.0045531241 0.00056988317 0.99998947 1.2423903
167 0.99996408 -0.0014740801 0.0083464812 0.012445088 0.0014764754 0.99999887 -0.00028082183 -0.018263444 -0.0083460578 0.00029313512 0.99996513 1.2307522
168 0.99997305 -0.0012597481 0.0072332551 0.0089198633 0.0012666988 0.99999874 -0.00095643634 -0.020142264 -0.0072320411 0.00096557291 0.99997338 1.2328307
169 0.99993147 -0.00024033339 0.011704555 0.012203812 0.00025450885 0.99999924 -0.0012096321 -0.012877708 -0.011704255 0.0012125281 0.99993077 1.2312447
170 0.99992622 -0.0014285475 0.012062913 0.014985056 0.0014347431 0.99999884 -0.0005049679 -0.016162102 -0.012062178 0.00052223783 0.99992711 1.228006
171 0.9999466 -0.00072715779 0.010308833 0.01210924 0.00074012697 0.99999894 -0.0012543058 -0.013959755 -0.01030791 0.0012618687 0.99994608 1.2103258
172 0.99989751 -0.00082398345 0.014293365 0.014008749 0.00083027466 0.99999956 -0.00043422048 -0.013260992 -0.014293001 0.0004460434 0.99989775 1.2040945
173 0.99991274 -0.00032277672 0.01320666 0.010274292 0.00033298731 0.99999965 -0.00077094797 -0.017322518 -0.013206406 0.00077527834 0.99991249 1.2007711
174 0.99994847 -7.7947596e-05 0.010151006 0.013047449 8.1442267e-05 0.99999994 -0.00034385551 -0.0099296627 -0.010150979 0.00034466451 0.99994842 1.2273749
175 0.99991401 -0.00029658898 0.013110699 0.01667426 0.00030173049 0.99999988 -0.00039018467 -0.0096172207 -0.013110582 0.00039410702 0.99991397 1.2239697
176 0.9998911 -0.00036077971 0.014753116 0.015519798 0.00036741096 0.99999983 -0.00044677368 -0.010339483 -0.014752953 0.00045214548 0.99989107 1.2209077
177 0.999885 -0.00011202187 0.015165051 0.01483186 0.00011980828 0.99999986 -0.00051253659 -0.008143199 -0.015164992 0.00051429455 0.99988487 1.2125907
178 0.99982666 -0.00056850416 0.018609614 0.016541275 0.00057266481 0.99999981 -0.00021824674 -0.012495083 -0.018609487 0.00022886598 0.9998268 1.1967453
179 0.99983356 -0.0008000535 0.018226518 0.017012005 0.0008009078 0.99999968 -3.9571704e-05 -0.0099658303 -0.018226481 5.4162879e-05 0.99983388 1.1970315
180 0.99987679 -0.00051708988 0.015688854 0.017309596 0.00052600413 0.9999997 -0.00056406916 -0.0090892423 -0.015688557 0.00057225206 0.99987676 1.1957183
181 0.99990118 -0.0012284087 0.014003996 0.016663507 0.0012378182 0.99999901 -0.00066326655 -0.011525188 -0.014003167 0.00068053541 0.99990172 1.1927035
182 0.99990247 -0.00068725144 0.013949476 0.017078502 0.00069483636 0.99999961 -0.00053890283 -0.0087201827 -0.0139491 0.00054854287 0.99990256 1.1942118
183 0.99989159 -0.0010438857 0.014687375 0.01861482 0.0010564849 0.99999908 -0.00085008778 -0.01076999 -0.014686474 0.00086551262 0.99989177 1.1937273
184 0.99990444 -0.0011055702 0.01378025 0.01660002 0.0011243219 0.99999845 -0.0013530913 -0.01237208 -0.013778733 0.0013684554 0.99990413 1.1911409
185 0.99988956 -0.0011951091 0.01481349 0.018586327 0.0012139526 0.99999847 -0.0012631244 -0.012534895 -0.014811958 0.0012809678 0.99988948 1.1946373
186 0.99989463 -0.0010252739 0.014479973 0.015456899 0.0010454698 0.99999849 -0.0013872511 -0.015147777 -0.014478528 0.0014022433 0.9998942 1.1919348
187 0.99992075 -0.00099949055 0.012549918 0.016062071 0.0010105484 0.99999911 -0.00087479562 -0.011781713 -0.012549032 0.00088740859 0.99992086 1.1970441
188 0.99990794 6.2302066e-05 0.013568838 0.014298513 -4.1522975e-05 0.99999883 -0.0015316597 -0.01027701 -0.013568917 0.0015309552 0.99990677 1.1982227
189 0.99990159 0.0022888328 0.013840965 0.0084216732 -0.0022563647 0.99999467 -0.0023609631 -0.0068001139 -0.013846295 0.0023295005 0.99990142 1.2237127
190 0.99986506 0.0016803563 0.016341004 0.01225312 -0.0016383306 0.99999532 -0.0025848468 -0.007045958 -0.016345271 0.002557726 0.99986314 1.2088601
191 0.99984142 0.0022637892 0.017663643 0.011943861 -0.0022225644 0.99999476 -0.0023531586 -0.0062256609 -0.017668877 0.0023135269 0.99984122 1.2228138
192 0.999817 0.0017975639 0.01904579 0.01413038 -0.0017561134 0.99999605 -0.0021928641 -0.0088981966 -0.019049657 0.0021590163 0.99981621 1.2287954
193 0.99979318 0.0022176612 0.020215725 0.01610104 -0.0021789647 0.99999575 -0.0019360043 -0.0078310352 -0.020219933 0.0018915545 0.99979377 1.2171384
194 0.99985422 0.0012624713 0.017027836 0.015604529 -0.0012246305 0.99999676 -0.0022325349 -0.0042235327 -0.017030599 0.0022113567 0.99985252 1.2257661
195 0.99987067 0.0018166963 0.015979313 0.0091277791 -0.0018023276 0.99999796 -0.00091355945 -0.0036541243 -0.01598094 0.00088464134 0.99987191 1.2330358
196 0.99989982 0.0010405557 0.014115908 0.010239482 -0.0010300386 0.99999919 -0.0007523036 -0.0028002779 -0.014116679 0.00073768831 0.99990008 1.2418271
197 0.99989398 0.0011282033 0.014517373 0.0093988522 -0.0011095933 0.99999855 -0.0012899018 -0.007361765 -0.014518807 0.0012736567 0.99989379 1.2313582
198 0.99987783 0.0014837602 0.015560218 0.010253295 -0.0014609144 0.99999784 -0.0014794801 -0.008234866 -0.01556238 0.0014565672 0.99987784 1.2589967
199 0.99985033 0.0021805821 0.017162793 0.011619036 -0.0021478873 0.99999584 -0.0019231847 -0.0061286679 -0.017166915 0.0018860331 0.99985086 1.2489356
200 0.99984275 0.0025775315 0.017545105 0.011479294 -0.0025328787 0.9999935 -0.0025667779 -0.0051199332 -0.017551607 0.0025219347 0.99984278 1.2536142
201 0.99984764 0.0020593139 0.017333796 0.012107248 -0.0020328918 0.99999675 -0.0015417921 -0.0042801753 -0.017336915 0.0015063194 0.99984857 1.2662604
202 0.99986101 0.00032660533 0.016669219 0.015710354 -0.00032634347 0.99999995 -1.8429168e-05 -0.0038867412 -0.016669224 1.2986716e-05 0.99986106 1.274677
203 0.9998244 0.0010823144 0.01870816 0.01522349 -0.0010701268 0.99999921 -0.0006614605 -0.0075750896 -0.018708861 0.00064132425 0.99982477 1.2717735
204 0.99980148 0.0014117436 0.019874766 0.015320848 -0.0013839556 0.99999805 -0.0014118396 -0.0073805613 -0.019876721 0.0013840536 0.99980148 1.2688331
205 0.99978049 0.0016963996 0.020882849 0.012621644 -0.0016819487 0.99999833 -0.0007095452 -0.0091529408 -0.020884018 0.00067426557 0.99978168 1.2733711
206 0.99983779 0.0026263221 0.017818272 0.0053492249 -0.0026139638 0.99999633 -0.00071683023 -0.0071986697 -0.017820089 0.00067013764 0.99984099 1.2894396
207 0.999857 0.0014094243 0.01685234 0.0072314192 -0.0014053154 0.99999898 -0.00025565471 -0.012702451 -0.016852683 0.0002319353 0.99985796 1.3017639
208 0.9998787 0.002018748 0.015443871 0.00087423791 -0.0020194563 0.99999796 3.0269006e-05 -0.012356706 -0.015443778 -6.1453556e-05 0.99988074 1.3083392
209 0.99989676 0.00094354223 0.014337883 -0.00078668974 -0.00094996926 0.99999945 0.00044145149 -0.016413268 -0.014337458 -0.00045502646 0.99989711 1.3128709
210 0.99991272 0.0029197784 0.012885051 -0.01095131 -0.0029260853 0.99999561 0.00047065179 -0.017606492 -0.01288362 -0.00050831347 0.99991687 1.2997158
211 0.99989834 0.0029841055 0.013942675 -0.010474127 -0.0029827881 0.99999554 -0.00011528229 -0.012497911 -0.013942957 7.3682525e-05 0.99990279 1.2933116
212 0.99989368 0.0026874663 0.014331831 -0.0079341168 -0.0026880312 0.99999639 2.0154873e-05 -0.015371319 -0.014331725 -5.8677141e-05 0.99989729 1.2856359
213 0.99992713 0.0026207229 0.011784117 -0.0082442986 -0.0026249421 0.9999965 0.00034258943 -0.011586504 -0.011783178 -0.0003734971 0.99993051 1.2797668
214 0.99991134 0.0037719093 0.012770172 -0.0074248559 -0.0037702451 0.99999288 -0.00015439613 -0.0083011886 -0.012770664 0.00010623576 0.99991845 1.2857868
215 0.99992763 0.0015582008 0.011929328 -0.0030724946 -0.0015651977 0.99999861 0.00057721621 -0.013705407 -0.011928412 -0.00059584619 0.99992868 1.2901188
216 0.99992566 0.0029553285 0.011829362 -0.0047750925 -0.0029446237 0.99999524 -0.00092224816 -0.011946615 -0.011832031 0.00088734658 0.99992961 1.2939694
217 0.99990869 0.0029294689 0.013192256 -0.00028306301 -0.0029019482 0.99999357 -0.0021047814 -0.0066774725 -0.013198337 0.002066306 0.99991076 1.2891616
218 0.99989934 0.0012461986 0.014133269 0.0068276417 -0.001247764 0.99999922 0.00010193873 -0.013986116 -0.014133131 -0.00011956345 0.99990012 1.2852332
219 0.99990373 0.0013457868 0.01380997 0.0062437561 -0.0013305191 0.99999849 -0.0011146865 -0.011888961 -0.013811449 0.0010962047 0.99990402 1.2832876
220 0.9999246 0.00099120919 0.012239789 0.0019700326 -0.00098797711 0.99999948 -0.00027010659 -0.014634494 -0.01224005 0.0002579936 0.99992505 1.2852082
221 0.99992853 0.0019025268 0.011803445 -0.0004766003 -0.001894297 0.99999795 -0.00070837802 -0.016538682 -0.011804769 0.00068596816 0.99993009 1.2918175
222 0.99994798 0.0018627457 0.010027971 -0.0012509914 -0.0018492532 0.99999737 -0.0013545899 -0.010927741 -0.010030467 0.0013359752 0.9999488 1.2910552
223 0.99995977 0.0011944153 0.0088903325 -0.00013753926 -0.0011922922 0.99999926 -0.00024410669 -0.009419553 -0.0088906175 0.00023349699 0.99996045 1.2916261
224 0.99996548 0.00018125348 0.0083065308 0.0046100877 -0.00018125924 0.99999998 -5.9806035e-08 -0.0092576485 -0.0083065307 -1.4458315e-06 0.9999655 1.2829258
225 0.99998668 -0.00010918139 0.0051608061 0.0036276004 0.00011315876 0.9999997 -0.00077040134 -0.010825166 -0.0051607204 0.00077097507 0.99998639 1.2934594
226 0.99999305 0.00017443814 0.0037230437 0.0053257212 -0.00017233344 0.99999983 -0.00056563051 -0.010487477 -0.0037231417 0.00056498498 0.99999291 1.2953772
227 0.99999504 -0.00020120248 0.0031442877 0.0037230583 0.0002030658 0.9999998 -0.00059229548 -0.012469897 -0.003144168 0.00059293103 0.99999488 1.284205
228 0.99999377 0.00038931199 0.0035087122 0.0073258099 -0.00038332463 0.99999847 -0.0017069388 -0.00901187 -0.0035093714 0.0017055831 0.99999239 1.2923046
229 0.999992 0.00011759543 0.0039976846 0.012636552 -0.00011738322 0.99999999 -5.3317863e-05 -0.0063028824 -0.0039976908 5.2848175e-05 0.99999201 1.2902095
230 0.9999846 -0.00038919528 0.0055352588 0.016974749 0.00039383744 0.99999957 -0.0008375872 -0.0059072349 -0.0055349304 0.00083975429 0.99998433 1.2923326
231 0.9999875 -0.0002520146 0.0049932027 0.022359856 0.00025927977 0.99999891 -0.0014544164 -0.0014247943 -0.0049928307 0.0014556929 0.99998648 1.2932854
232 0.99999242 -0.0010543838 0.0037470941 0.022397416 0.0010580484 0.99999896 -0.00097614346 0.00073635199 -0.003746061 0.00098010067 0.9999925 1.2896608
233 0.99999763 -0.00090202917 0.0019825409 0.018094768 0.00090483221 0.99999859 -0.0014134177 -0.0015796242 -0.0019812631 0.0014152082 0.99999704 1.2876809
234 0.99999974 -0.00061156777 0.00036996936 0.013152983 0.00061180283 0.99999961 -0.00063554891 -0.0046521062 -0.00036958053 0.0006357751 0.99999973 1.2719961
235 0.9999997 -0.00047226588 0.00060646152 0.0089202687 0.00047283593 0.99999945 -0.00094016341 -0.0055291697 -0.00060601718 0.00094044989 0.99999937 1.2679767
236 0.9999999 -0.00042985086 8.8798279e-05 0.0077606785 0.00042989268 0.9999998 -0.00047153543 -0.0033691676 -8.8595571e-05 0.00047157356 0.99999988 1.2654803
237 0.99999961 -0.0008858667 -6.0855883e-05 0.010338923 0.00088588027 0.99999958 0.00022323747 -0.0025042954 6.0658099e-05 -0.00022329129 0.99999997 1.2637866
238 0.99999951 -0.00096071163 0.00024517321 0.0099381443 0.00096076466 0.99999952 -0.00021628617 -0.0069109139 -0.00024496531 0.00021652161 0.99999995 1.2667171
239 0.99999999 8.7574184e-05 -5.3516307e-05 0.0001651222 -8.7573256e-05 1 1.7346925e-05 -0.012999538 5.3517826e-05 -1.7342239e-05 1 1.2826717
240 0.99999943 -0.00010918165 -0.0010664254 0.00048988136 0.00010923865 0.99999999 5.339122e-05 -0.016234208 0.0010664195 -5.3507684e-05 0.99999943 1.2768862
241 0.9999956 -0.00046174651 -0.0029299838 -0.0038597083 0.00046298115 0.9999998 0.00042071868 -0.018106179 0.002929789 -0.00042207335 0.99999562 1.2675781
242 0.99999169 -0.0016672275 -0.0037193503 -0.0014120881 0.0016693208 0.99999845 0.00055980112 -0.016747577 0.0037184112 -0.00056600526 0.99999293 1.2711769
243 0.99997312 -0.0022588929 -0.0069748355 -0.0029035266 0.0022656554 0.99999697 0.000961807 -0.021424007 0.0069726417 -0.00097758372 0.99997521 1.2647701
244 0.99997788 -0.0015741683 -0.0064622658 -0.0012384478 0.0015704567 0.9999986 -0.00057938507 -0.021683965 0.0064631688 0.00056922354 0.99997895 1.2669019
245 0.99994929 -0.0023801993 -0.0097848012 -0.003502401 0.0023820321 0.99999715 0.00017566578 -0.019338507 0.0097843551 -0.00019896458 0.99995211 1.2750533
246 0.9999409 -0.0029141621 -0.01047409 -0.0019134 0.0029215807 0.99999549 0.00069304707 -0.01683565 0.010472024 -0.00072360701 0.99994491 1.268173
247 0.99992059 -0.0019505815 -0.012450459 -0.0069484014 0.001955844 0.999998 0.0004105174 -0.014901925 0.012449633 -0.00043483596 0.99992241 1.2617289
248 0.99991594 -0.002490539 -0.012724179 -0.0070348371 0.0025111717 0.99999556 0.0016058128 -0.014956722 0.012720124 -0.0016376305 0.99991775 1.270048
249 0.99993277 -0.0018648216 -0.011444726 -0.0059108574 0.0018820758 0.99999711 0.0014970228 -0.017650148 0.011441901 -0.001518462 0.99993339 1.2775625
250 0.99992346 -0.0021027999 -0.012192338 -0.010702119 0.002116399 0.99999715 0.0011025857 -0.017593821 0.012189985 -0.0011283052 0.99992506 1.2802561
251 0.99991473 -0.0022294249 -0.012866743 -0.0085893654 0.0022439882 0.99999686 0.0011175309 -0.019143048 0.012864211 -0.0011463084 0.9999166 1.2851716
252 0.99993139 -0.0023302268 -0.011479805 -0.0020115285 0.0023384985 0.99999702 0.00070717095 -0.01912825 0.011478123 -0.00073396794 0.99993385 1.2849469
253 0.9999294 -0.0023918597 -0.011639498 -0.0075312075 0.0023962432 0.99999706 0.00036268176 -0.02082221 0.011638596 -0.00039054722 0.99993219 1.2765144
254 0.99992455 -0.002805434 -0.011959064 -0.010677581 0.0028236034 0.99999488 0.0015026881 -0.024961995 0.011954787 -0.0015363423 0.99992736 1.2845325
255 0.99990317 -0.0026876175 -0.013653914 -0.012276408 0.0026993744 0.999996 0.00084270712 -0.023333462 0.013651595 -0.00087948254 0.99990643 1.2659932
256 0.99983636 -0.0026496094 -0.017895074 -0.017891796 0.0026585665 0.99999635 0.00047675894 -0.02586825 0.017893746 -0.00052425617 0.99983976 1.2568669
257 0.99976729 -0.0027948695 -0.021390317 -0.018182442 0.0028070109 0.99999592 0.00053760897 -0.019869238 0.021388727 -0.00059752672 0.99977106 1.2382652
258 0.99964017 -0.002649899 -0.026692953 -0.022749993 0.0026698549 0.99999618 0.00071199464 -0.015690618 0.026690965 -0.00078300475 0.99964343 1.2284553
259 0.99964934 -0.0020977408 -0.026396827 -0.021742841 0.0021174485 0.9999975 0.00071866667 -0.013919903 0.026395254 -0.00077430859 0.99965128 1.2253437
260 0.99963849 -0.0018035594 -0.026825879 -0.020261842 0.0018059947 0.99999837 6.6555254e-05 -0.0097335764 0.026825716 -0.00011497859 0.99964012 1.2226163
261 0.99966035 -0.0023569219 -0.025954189 -0.019471966 0.0023886766 0.99999644 0.0011925557 -0.0077664411 0.025951286 -0.0012541468 0.99966242 1.2243132
262 0.99964289 -0.0024309457 -0.026611549 -0.021554082 0.002457631 0.99999651 0.00097011166 -0.0085899643 0.026609097 -0.0010351666 0.99964538 1.2199112
