4 0.99994327 0.00074616418 -0.010625494 -0.21436747 -0.00078146397 0.99999418 -0.003318405 -0.14206216 0.010622955 0.0033265198 0.99993794 4.4139134
5 0.99992783 -0.00021744865 -0.01201203 -0.22866118 0.00017752771 0.99999445 -0.0033243705 -0.17163765 0.012012686 0.0033219977 0.99992222 5.3604571
6 0.99990892 -0.0014411044 -0.013419411 -0.2439717 0.0014000857 0.99999431 -0.0030655551 -0.19937524 0.013423752 0.0030464872 0.99990515 6.3065409
7 0.99987235 -0.0025442582 -0.015773997 -0.25943239 0.0024841512 0.99998958 -0.003828926 -0.22695884 0.015783573 0.0037892519 0.99986815 7.2440319
8 0.99980981 -0.0032249029 -0.019233883 -0.27793032 0.0031087173 0.99997675 -0.0060675128 -0.25229512 0.019253002 0.0060065655 0.9997965 8.1714803
9 0.99966806 -0.0042584316 -0.025409407 -0.30272422 0.0040813671 0.99996705 -0.0070162519 -0.27476809 0.025438446 0.0069102171 0.9996524 9.1037531
10 0.99958473 -0.0051045996 -0.028360322 -0.33231721 0.0048867625 0.99995806 -0.0077450531 -0.29852171 0.028398665 0.0076032459 0.99956766 10.032314
11 0.99947877 -0.0059050709 -0.031738292 -0.36345586 0.0056273647 0.99994516 -0.0088320877 -0.32426812 0.031788703 0.0086488803 0.99945709 10.948078
12 0.99936905 -0.0060706263 -0.034994964 -0.3993717 0.0057070707 0.9999288 -0.01047934 -0.35285901 0.035056085 0.010273008 0.99933244 11.876633
13 0.99928646 -0.0064476014 -0.037215545 -0.43683427 0.0060195978 0.99991458 -0.011601278 -0.38311284 0.037287163 0.011368976 0.99923981 12.798645
14 0.99924955 -0.0075529078 -0.037990793 -0.47147198 0.0070686428 0.99989225 -0.01286511 -0.41365937 0.038083865 0.01258691 0.99919517 13.694928
15 0.99920143 -0.0087794218 -0.038979996 -0.50756672 0.0082570173 0.99987419 -0.013542684 -0.44624968 0.039093986 0.013210009 0.99914811 14.598547
16 0.99920271 -0.0096110336 -0.038750291 -0.54240003 0.0090227559 0.99984181 -0.015327653 -0.47681854 0.038891472 0.014965796 0.99913126 15.491889
17 0.99911814 -0.010999552 -0.040521134 -0.57735517 0.010323971 0.99980482 -0.016843993 -0.50947876 0.040698498 0.016410798 0.99903659 16.375286
18 0.99900456 -0.011742879 -0.04303483 -0.61659359 0.010939319 0.99976227 -0.018860485 -0.54137166 0.043246072 0.018370937 0.99889543 17.262817
19 0.99889288 -0.012316347 -0.045401844 -0.65858549 0.011385492 0.9997208 -0.020704486 -0.57411246 0.045644167 0.020164639 0.99875412 18.152535
20 0.99879977 -0.013096509 -0.047196536 -0.70272909 0.012052852 0.99967799 -0.022330157 -0.60967341 0.04747378 0.021734501 0.99863589 19.051714
21 0.99871579 -0.014159304 -0.048644537 -0.74810342 0.013041435 0.99964527 -0.023221398 -0.64513 0.048956076 0.02255718 0.99854608 19.964343
22 0.99872094 -0.01540222 -0.04815869 -0.78952731 0.014232596 0.99959762 -0.024536182 -0.67865832 0.048517219 0.023819373 0.99853819 20.866536
23 0.9986668 -0.016893637 -0.048777475 -0.82974865 0.015662622 0.99955185 -0.025510237 -0.71099467 0.049186571 0.024712241 0.99848374 21.738165
24 0.99855104 -0.018670777 -0.050470178 -0.8698011 0.0173705 0.99950891 -0.026080281 -0.73969201 0.050932327 0.025165797 0.99838488 22.608739
25 0.99839493 -0.019857195 -0.053040275 -0.91459423 0.018394259 0.99944065 -0.02792884 -0.77221984 0.05356519 0.026908372 0.99820163 23.459433
26 0.99815156 -0.020665397 -0.057152587 -0.9666399 0.019002524 0.9993845 -0.029487352 -0.80991939 0.057726772 0.0283468 0.99792979 24.320387
27 0.99798853 -0.021651785 -0.059582702 -1.0189704 0.019842855 0.99932901 -0.030786033 -0.84730819 0.060209289 0.029541814 0.99774842 25.178175
28 0.99777332 -0.022655934 -0.062730593 -1.0722994 0.020701774 0.99928528 -0.031628324 -0.88916271 0.063402321 0.03025926 0.99752911 26.01099
29 0.99749432 -0.024017551 -0.066545004 -1.1257138 0.021865924 0.99922024 -0.032875322 -0.9270308 0.067282693 0.031337876 0.99724158 26.84263
30 0.99705633 -0.024687559 -0.072589295 -1.1871479 0.022258193 0.99917094 -0.03408794 -0.96477273 0.073370655 0.032371886 0.99677911 27.665684
31 0.99672299 -0.025032141 -0.076919979 -1.2513228 0.022324151 0.99910723 -0.035865821 -1.0070496 0.077749099 0.034031112 0.99639187 28.476528
32 0.99636053 -0.025413679 -0.081362415 -1.3158262 0.022380242 0.99902782 -0.037980476 -1.0482965 0.082248532 0.036021334 0.99596056 29.272492
33 0.99600379 -0.026278245 -0.08535755 -1.3854186 0.022980203 0.99895948 -0.039393492 -1.0919427 0.086303918 0.03727453 0.99557121 30.065026
34 0.99588884 -0.027282343 -0.086377609 -1.4524721 0.02377836 0.99886222 -0.041338235 -1.1301315 0.087407126 0.039114365 0.99540437 30.844252
35 0.99584512 -0.028449528 -0.086505044 -1.5188966 0.024797914 0.99876733 -0.04299839 -1.1692261 0.087621688 0.040674588 0.99532297 31.620746
36 0.99578551 -0.029819268 -0.086729695 -1.5849965 0.026123953 0.99871465 -0.043434789 -1.2114242 0.087913402 0.040986007 0.99528447 32.390712
37 0.99574306 -0.031064386 -0.086779971 -1.6494719 0.027293161 0.99864488 -0.044311079 -1.2509214 0.088038862 0.041753946 0.99524146 33.141195
38 0.99567512 -0.032372236 -0.087081053 -1.7132341 0.028509319 0.99856907 -0.045243993 -1.2923513 0.088421087 0.042565692 0.99517318 33.867318
39 0.99544006 -0.033860552 -0.089177108 -1.778535 0.029823522 0.99848599 -0.046219906 -1.3360736 0.090607116 0.043349566 0.99494269 34.595312
40 0.99529308 -0.034673789 -0.090495384 -1.8467192 0.030495248 0.99842194 -0.047155573 -1.3839402 0.091987631 0.044173932 0.99477974 35.33553
41 0.99516588 -0.034832189 -0.09182369 -1.918256 0.030368589 0.99830895 -0.049567847 -1.4300341 0.093394959 0.046539669 0.99454072 36.072025
42 0.99494391 -0.034720791 -0.094239512 -1.9874556 0.029937855 0.99821376 -0.051701081 -1.4762456 0.09586627 0.048618342 0.99420607 36.778483
43 0.99485817 -0.035028366 -0.095027612 -2.0566452 0.030080253 0.99814069 -0.05301251 -1.5221742 0.096707858 0.049881469 0.99406198 37.47588
44 0.99465198 -0.035713473 -0.096912306 -2.1270212 0.03055953 0.99806481 -0.054154771 -1.566125 0.098658808 0.050903551 0.99381842 38.16461
45 0.99457288 -0.035807391 -0.097686343 -2.1985974 0.030443803 0.99797463 -0.055855166 -1.6164459 0.09948851 0.052578084 0.99364852 38.855895
46 0.99441063 -0.035983003 -0.099260881 -2.2675811 0.030363573 0.99788053 -0.057554178 -1.6699013 0.10112146 0.054218566 0.99339549 39.524317
47 0.99430295 -0.035693082 -0.10043733 -2.3421948 0.029830969 0.99779588 -0.059274669 -1.7181708 0.10233164 0.05594083 0.99317604 40.189291
48 0.9944723 -0.035695811 -0.098745393 -2.4115265 0.029730384 0.99768031 -0.061237939 -1.7627721 0.10070226 0.05796369 0.99322659 40.843831
49 0.99480364 -0.035416444 -0.095453627 -2.4771842 0.02941627 0.99754502 -0.063550067 -1.8046285 0.097469998 0.060411943 0.99340314 41.484943
50 0.99515174 -0.034871801 -0.091961814 -2.5392275 0.028895837 0.99743194 -0.0655327 -1.8474061 0.094010885 0.062557661 0.99360369 42.10458
51 0.99561629 -0.034318104 -0.087008489 -2.5956793 0.028485001 0.99731811 -0.067417963 -1.893002 0.08908879 0.064643979 0.99392361 42.710899
52 0.99588303 -0.034617436 -0.083777312 -2.6471777 0.028872073 0.9972095 -0.068844757 -1.9396804 0.085926752 0.066142494 0.99410339 43.310466
53 0.99604026 -0.035229243 -0.081625419 -2.6966104 0.029537665 0.99711547 -0.06991597 -1.9858896 0.083853047 0.06722809 0.99420765 43.896901
54 0.99632132 -0.03511608 -0.078170981 -2.7452201 0.029485426 0.9969648 -0.072054066 -2.0356656 0.080463965 0.06948409 0.99433259 44.47933
55 0.99682194 -0.035925828 -0.071101041 -2.7808675 0.030600972 0.9967429 -0.074613439 -2.0854925 0.07355 0.072200545 0.99467446 45.024656
56 0.99724026 -0.037562047 -0.064038753 -2.8092334 0.03261224 0.99652377 -0.07666036 -2.1334504 0.066695653 0.074360343 0.9949985 45.558404
57 0.99757748 -0.038935036 -0.057647638 -2.8319521 0.034355139 0.996329 -0.078410699 -2.1790796 0.060488932 0.076240247 0.99525289 46.05994
58 0.99774643 -0.040726571 -0.053323632 -2.8510729 0.036359603 0.99609527 -0.080449896 -2.2248084 0.05639186 0.078329763 0.9953312 46.533575
59 0.9979334 -0.041287904 -0.049236572 -2.8713466 0.037090147 0.99583245 -0.083318917 -2.2710908 0.052471434 0.08132053 0.99530574 46.991773
60 0.99800814 -0.042147728 -0.046939682 -2.8922003 0.03801299 0.995592 -0.085741244 -2.3139976 0.050346566 0.083786133 0.99521098 47.461733
61 0.99824259 -0.044009412 -0.039685259 -2.9023719 0.040404527 0.99534768 -0.087466895 -2.3564049 0.043349993 0.085709707 0.99537652 47.874383
62 0.99851299 -0.045737002 -0.029663713 -2.9047694 0.042868302 0.99492492 -0.091031287 -2.3988863 0.033676663 0.089624281 0.99540603 48.293596
63 0.99873853 -0.046786477 -0.018231402 -2.9029308 0.044896588 0.99464982 -0.093037722 -2.4364929 0.022486766 0.092101821 0.99549555 48.663663
64 0.99881941 -0.048160071 -0.0063558471 -2.8937489 0.047341394 0.99436225 -0.094881515 -2.4660523 0.010889514 0.094468595 0.99546818 48.978851
65 0.99879233 -0.049069938 0.0024559946 -2.8867798 0.049076913 0.9940854 -0.096879584 -2.4931405 0.0023124069 0.096883108 0.99529298 49.291185
66 0.9987119 -0.049827627 0.0095788184 -2.8783731 0.050531867 0.99381216 -0.098913624 -2.5183267 -0.0045909143 0.099270239 0.99504982 49.581864
67 0.99858121 -0.050702865 0.016272577 -2.8680972 0.052085935 0.99357584 -0.10046932 -2.5417566 -0.011073956 0.10117434 0.99480697 49.864213
68 0.99831522 -0.051678305 0.026383414 -2.8504966 0.0541204 0.99328439 -0.10225991 -2.5677035 -0.020921612 0.10351549 0.99440767 50.141581
69 0.99790812 -0.052965447 0.037068274 -2.8284405 0.056565128 0.99297166 -0.10395984 -2.5989865 -0.031301462 0.10583913 0.99389038 50.402901
70 0.99722295 -0.054318766 0.050949669 -2.8040486 0.059492409 0.99255985 -0.10623366 -2.6284821 -0.04480011 0.10896975 0.99303491 50.66057
71 0.99593623 -0.05531402 0.071073153 -2.7739541 0.062831911 0.99212962 -0.10830951 -2.6583645 -0.064522739 0.11233502 0.99157322 50.926014
72 0.99465489 -0.056729067 0.086275553 -2.743401 0.065893428 0.99203218 -0.10737875 -2.6821881 -0.079496621 0.11248977 0.99046763 51.182434
73 0.99309938 -0.058427403 0.10168517 -2.7044547 0.069363 0.99177576 -0.10756209 -2.7048141 -0.094564301 0.11387302 0.98898449 51.425138
74 0.99125326 -0.06100415 0.11702767 -2.6574293 0.073864515 0.99130417 -0.10890393 -2.7278866 -0.10936642 0.11659556 0.98713943 51.660675
75 0.9887224 -0.062838193 0.13593891 -2.6041062 0.078041819 0.99091077 -0.10956872 -2.752847 -0.12781822 0.11894196 0.98463958 51.9106
76 0.98582743 -0.064376546 0.15491913 -2.5476652 0.081869833 0.99062897 -0.10932321 -2.7779844 -0.14642951 0.12045701 0.98185961 52.160586
77 0.98281575 -0.065540625 0.17256198 -2.4855528 0.085223394 0.99035547 -0.1092383 -2.8028928 -0.16373814 0.12206742 0.97892245 52.41323
78 0.97885348 -0.066634427 0.19340562 -2.4170614 0.088800219 0.9901449 -0.10829398 -2.8273857 -0.18428346 0.12317839 0.97512383 52.662825
79 0.97447693 -0.067805458 0.21400267 -2.3450911 0.09236551 0.98996717 -0.10692802 -2.85058 -0.20460529 0.12396534 0.97096296 52.900915
80 0.9690756 -0.068869955 0.23695867 -2.2643406 0.096068396 0.98979895 -0.10520877 -2.8745205 -0.2272957 0.12471948 0.96580615 53.14616
81 0.96229685 -0.070242648 0.26277511 -2.1748963 0.10016164 0.98970445 -0.10223863 -2.8982127 -0.25288815 0.12470388 0.95942499 53.389529
82 0.95494509 -0.07147643 0.28804687 -2.0791196 0.10410873 0.98956688 -0.099592866 -2.9211553 -0.27792307 0.1250939 0.95242327 53.629963
83 0.94610827 -0.072692991 0.31558656 -1.9711895 0.10852156 0.98930494 -0.097461729 -2.943463 -0.30512653 0.12645728 0.94387825 53.870431
84 0.93611431 -0.073537032 0.34392195 -1.8555607 0.11262237 0.98908023 -0.095060487 -2.966923 -0.3331759 0.12772077 0.93417397 54.113881
85 0.9253809 -0.074743001 0.37159613 -1.7306839 0.11696307 0.98883061 -0.092377783 -2.9887095 -0.360541 0.12894765 0.92378704 54.351996
86 0.91278358 -0.075292192 0.40144392 -1.5901797 0.12133473 0.98847811 -0.090492507 -3.01106 -0.39000511 0.13130915 0.91140206 54.595896
87 0.89652403 -0.075557753 0.43650395 -1.437716 0.12566615 0.98824701 -0.087039312 -3.0341352 -0.42479719 0.13288659 0.89548216 54.835789
88 0.87901899 -0.07598122 0.47069362 -1.2790992 0.12985035 0.98805361 -0.082999644 -3.0539792 -0.45876407 0.13407798 0.87838398 55.066421
89 0.85862817 -0.076275637 0.50689219 -1.0937247 0.13392186 0.98790209 -0.078194578 -3.0736054 -0.49479546 0.135024 0.85845545 55.318389
90 0.83709904 -0.075853321 0.541767 -0.89703597 0.13738504 0.98775102 -0.073981419 -3.0896102 -0.52951912 0.13636044 0.83726646 55.574184
91 0.81086089 -0.075260954 0.58037954 -0.67460601 0.14117785 0.98756415 -0.06917987 -3.1026315 -0.56795542 0.13803198 0.81140224 55.829775
92 0.78023783 -0.074691537 0.62100733 -0.42027369 0.14563816 0.98725012 -0.064239452 -3.1113348 -0.60829136 0.1405644 0.78116776 56.083231
93 0.74537118 -0.073807809 0.66255129 -0.12798423 0.15020309 0.98689074 -0.059039668 -3.1186174 -0.64950808 0.1435237 0.74668601 56.350839
94 0.70695536 -0.072697903 0.703512 0.18282312 0.15413894 0.98662992 -0.052939283 -3.1246708 -0.69025735 0.14586429 0.70870882 56.608558
95 0.66638417 -0.071244603 0.74219697 0.51018749 0.15733342 0.98644678 -0.046571857 -3.130086 -0.72881975 0.14780712 0.66856161 56.856605
96 0.62374302 -0.070466001 0.77844665 0.85636274 0.16067077 0.98621869 -0.039466265 -3.1323689 -0.76493753 0.14969041 0.62646879 57.085459
97 0.58023514 -0.069531967 0.8114755 1.214573 0.16351126 0.9860083 -0.032429671 -3.1324666 -0.7978666 0.1515022 0.58348587 57.297642
98 0.53645058 -0.068377294 0.84115714 1.5876602 0.16607921 0.98577525 -0.025784295 -3.131219 -0.82742875 0.1535307 0.5401757 57.495271
99 0.49305379 -0.067414928 0.86738296 1.9901068 0.16859066 0.98549838 -0.019238286 -3.1292391 -0.85350747 0.15571816 0.49726919 57.687565
100 0.44709822 -0.066659705 0.89199757 2.4225095 0.17099006 0.98519868 -0.012081085 -3.1262182 -0.87798942 0.15792413 0.45187868 57.866079
101 0.40161424 -0.066838351 0.91336665 2.8712963 0.17468209 0.98461339 -0.0047569917 -3.119934 -0.898995 0.16145925 0.40711018 58.017159
102 0.35679544 -0.067589704 0.93173422 3.3514333 0.1791892 0.98381078 0.0027492738 -3.111512 -0.9168359 0.16597576 0.36313051 58.153815
103 0.31335208 -0.06770341 0.94722053 3.843133 0.18389357 0.98290102 0.0094194704 -3.1021537 -0.93166166 0.17123614 0.32044427 58.270049
104 0.27063728 -0.065981899 0.96041754 4.3533604 0.18722026 0.98220763 0.01472187 -3.0903286 -0.94430072 0.17582532 0.27817512 58.380629
105 0.2317846 -0.064832 0.97060431 4.8955331 0.19048036 0.98148579 0.020071281 -3.0756318 -0.9539355 0.18022883 0.23984249 58.481234
106 0.19875571 -0.064369259 0.97793291 5.4487808 0.1937149 0.98073459 0.025182932 -3.0609616 -0.96071354 0.18443491 0.20739586 58.565358
107 0.17581015 -0.064398459 0.98231545 6.0386887 0.19643203 0.98008565 0.029095805 -3.0483477 -0.9646269 0.18784286 0.18495891 58.65094
108 0.15761925 -0.0625171 0.98551905 6.6167599 0.19875579 0.97957892 0.030352223 -3.0385969 -0.96729112 0.19109351 0.16682611 58.728291
109 0.1448046 -0.059634641 0.98766155 7.22294 0.19946179 0.97944947 0.02989499 -3.0272639 -0.96914727 0.19267179 0.15372361 58.815348
110 0.13472673 -0.057171553 0.98923209 7.8300541 0.20027795 0.97930026 0.029321051 -3.0159774 -0.97043148 0.19417102 0.14338811 58.896214
111 0.12681644 -0.054270081 0.99044049 8.4566299 0.20008101 0.97937788 0.028045455 -2.9996743 -0.97153743 0.19461169 0.13505962 58.976053
112 0.11871913 -0.052990346 0.99151288 9.0782332 0.20151351 0.97907977 0.028197583 -2.9848426 -0.9722643 0.19645563 0.12691375 59.045505
113 0.11043847 -0.052587723 0.99249075 9.7136071 0.20310702 0.97871933 0.029257494 -2.9731342 -0.97290837 0.19835066 0.11876919 59.110766
114 0.1056586 -0.050107289 0.99313923 10.370101 0.20334699 0.97871353 0.02774568 -2.9596203 -0.97338896 0.19902028 0.11359866 59.183273
115 0.10021128 -0.047183143 0.9938468 11.029848 0.20342824 0.97874579 0.0259542 -2.9441743 -0.97394787 0.19957559 0.10767974 59.256446
116 0.097723519 -0.044817119 0.99420398 11.706173 0.20346408 0.97878519 0.024122924 -2.9281829 -0.97419315 0.1999274 0.104769 59.328316
117 0.097647699 -0.042973083 0.99429284 12.375119 0.20394865 0.97872822 0.022270956 -2.9068833 -0.97409942 0.20060996 0.10433485 59.399256
118 0.097955281 -0.042413662 0.9942866 13.065545 0.20600488 0.97831612 0.021437183 -2.8842083 -0.97363574 0.20272799 0.10456864 59.467394
119 0.098986355 -0.042143419 0.99419598 13.752022 0.20907476 0.97768208 0.020627037 -2.8605074 -0.97287679 0.20581947 0.1055883 59.530437
120 0.10338915 -0.041738179 0.99376487 14.455747 0.2117648 0.97713579 0.019008204 -2.8344607 -0.97183649 0.20847915 0.10986391 59.605284
121 0.10734202 -0.039559883 0.99343481 15.171064 0.21366242 0.97677961 0.015810129 -2.8070346 -0.97099221 0.21056257 0.11330194 59.686288
122 0.11032447 -0.038066864 0.99316637 15.897788 0.21533943 0.97644586 0.013505314 -2.7856882 -0.9702872 0.21237789 0.11592315 59.76926
123 0.11096433 -0.037458974 0.9931182 16.641732 0.21716517 0.97605418 0.012550772 -2.7698025 -0.9698072 0.21427797 0.11644197 59.853893
124 0.11272199 -0.03656868 0.99295342 17.384255 0.21880117 0.97570638 0.01109477 -2.7598565 -0.96923661 0.21600873 0.11798483 59.938565
125 0.11604787 -0.035539753 0.99260759 18.135168 0.22029276 0.9753907 0.0091684152 -2.7577736 -0.96850596 0.21760027 0.12102116 60.028541
126 0.1193044 -0.034878475 0.99224491 18.866282 0.22250945 0.97490156 0.0075150041 -2.7502425 -0.96760313 0.21988727 0.12407082 60.113971
127 0.12259546 -0.033747392 0.99188279 19.60207 0.22403869 0.97456491 0.0054672768 -2.7458709 -0.96683857 0.22154984 0.12703794 60.20545
128 0.1229859 -0.031602929 0.9919051 20.354812 0.22533695 0.97427595 0.0031018163 -2.7398804 -0.96648721 0.22313136 0.1269435 60.303174
129 0.1219007 -0.027618232 0.99215798 21.091293 0.22485506 0.97439209 -0.00050294643 -2.7351065 -0.9667369 0.22315303 0.12498917 60.399361
130 0.12156495 -0.02656191 0.99222801 21.836974 0.22568309 0.9741995 -0.001570764 -2.7398313 -0.96658621 0.22412002 0.12442308 60.488384
131 0.12250889 -0.026441763 0.99211512 22.581062 0.22822598 0.97360562 -0.0022334717 -2.7355482 -0.9658697 0.22670004 0.12531002 60.576525
132 0.12613965 -0.025251242 0.99169107 23.306796 0.22911452 0.97338971 -0.00435733 -2.7317853 -0.96519176 0.22776043 0.12856845 60.668393
133 0.13065621 -0.022172987 0.99117976 24.033959 0.22859126 0.97348663 -0.008355459 -2.7318441 -0.96471488 0.2276667 0.13226061 60.77209
134 0.13510484 -0.020407063 0.99062114 24.77173 0.2283179 0.97352353 -0.011084052 -2.7359858 -0.9641667 0.22767402 0.13618702 60.878185
135 0.14050217 -0.020767733 0.98986254 25.519118 0.22919357 0.9733055 -0.012111627 -2.7499097 -0.96318703 0.22857181 0.14151135 60.986861
136 0.14612956 -0.020964902 0.98904329 26.256957 0.23009079 0.97307733 -0.013369075 -2.7626154 -0.96213522 0.22952334 0.14701918 61.095885
137 0.15030616 -0.020532704 0.98842626 27.007968 0.2313094 0.9727651 -0.014966954 -2.7851958 -0.96119916 0.23088189 0.15096198 61.209131
138 0.15345521 -0.018941896 0.98797404 27.746509 0.23248277 0.97244367 -0.017465808 -2.8057106 -0.96041817 0.23236714 0.15363019 61.321103
139 0.15557753 -0.017738955 0.9876644 28.485654 0.23420092 0.97199395 -0.019433973 -2.8232447 -0.95965899 0.23433537 0.15537488 61.433741
140 0.15834515 -0.017524731 0.98722829 29.229394 0.23593293 0.97155106 -0.020595707 -2.8470515 -0.95878166 0.23618087 0.15797505 61.547403
141 0.16138402 -0.016868312 0.98674752 29.959198 0.23736298 0.97116688 -0.022219104 -2.8702941 -0.95792162 0.23780312 0.16073471 61.664159
142 0.16782762 -0.014053646 0.98571618 30.670373 0.23760503 0.97099727 -0.026610738 -2.8894763 -0.95675365 0.23867712 0.16629936 61.786718
143 0.17474643 -0.012908729 0.98452885 31.40291 0.2382054 0.97076511 -0.029551393 -2.9073362 -0.95536469 0.23968406 0.17271265 61.916119
144 0.17976669 -0.012709121 0.98362718 32.143148 0.23928113 0.97044917 -0.031191921 -2.9286757 -0.95416366 0.24097066 0.17749547 62.051804
145 0.18379562 -0.011691697 0.98289495 32.8859 0.24014846 0.97016257 -0.033366118 -2.9469319 -0.95317768 0.24217323 0.18111936 62.193328
146 0.18664105 -0.009428107 0.98238294 33.656115 0.2405854 0.96994521 -0.03639962 -2.9753916 -0.95251435 0.24314063 0.18329984 62.340183
147 0.18947613 -0.0071221575 0.9818595 34.401182 0.24038752 0.96987891 -0.039353966 -3.0050971 -0.95200444 0.24348338 0.18548096 62.480716
148 0.1902702 -0.005379268 0.98171703 35.153625 0.24104117 0.96963129 -0.041404035 -3.0255451 -0.95168073 0.24451215 0.18578855 62.625077
149 0.19180285 -0.0040481999 0.98142513 35.905381 0.24227193 0.96923943 -0.043349991 -3.0505083 -0.95106035 0.24608639 0.18688363 62.768874
150 0.19744518 -0.00039159208 0.98031386 36.654714 0.24145998 0.96921074 -0.048245338 -3.0726417 -0.95011173 0.24623235 0.19146052 62.92226
151 0.20459588 0.0023763833 0.97884365 37.424915 0.23986217 0.96938694 -0.052488921 -3.0982304 -0.94900289 0.24552655 0.19776255 63.087368
152 0.21129147 0.0035167579 0.97741678 38.203677 0.2399593 0.96920317 -0.055360013 -3.1300775 -0.94751003 0.24623732 0.20394046 63.257049
153 0.21720305 0.0047608378 0.97611484 38.972757 0.24005234 0.96901721 -0.058142168 -3.164728 -0.94614879 0.24694728 0.20933062 63.424966
154 0.22501328 0.0066881999 0.97433275 39.749335 0.24001073 0.96878331 -0.062078401 -3.2005157 -0.9443324 0.24781876 0.21638385 63.60308
155 0.22993372 0.0082691058 0.97317116 40.540516 0.24031743 0.96851496 -0.065009977 -3.2433947 -0.94306831 0.24881795 0.22070702 63.78624
156 0.23504203 0.0088883617 0.97194457 41.321839 0.24172728 0.96800696 -0.067308433 -3.2861577 -0.94144728 0.2507658 0.22537374 63.966565
157 0.24129817 0.010292119 0.97039645 42.095752 0.2423122 0.9676323 -0.070516 -3.3256912 -0.93971262 0.25215426 0.23099397 64.155253
158 0.245646 0.01214308 0.96928355 42.876031 0.24332971 0.96713322 -0.073783308 -3.3754944 -0.93832218 0.25398003 0.23461761 64.345136
159 0.25243118 0.014383315 0.96750795 43.647312 0.24387179 0.96666576 -0.077999049 -3.4266868 -0.93637859 0.25563726 0.24050887 64.540228
160 0.26057074 0.017386155 0.9652982 44.439912 0.2433354 0.96637661 -0.083091068 -3.4745851 -0.93428614 0.2565423 0.24757877 64.751702
161 0.26685052 0.020141106 0.96352745 45.22603 0.2426718 0.96616294 -0.087404554 -3.5302127 -0.93268484 0.25714487 0.25293338 64.963726
162 0.2727674 0.021385971 0.96184229 46.012877 0.24322708 0.965743 -0.090449101 -3.5867396 -0.9308267 0.25861763 0.25822153 65.178977
163 0.27793509 0.023306581 0.96031708 46.797923 0.24326178 0.96541114 -0.093835068 -3.6543824 -0.92928769 0.25968847 0.26265201 65.396839
164 0.28513745 0.026297845 0.95812581 47.591344 0.24175891 0.9653298 -0.098442826 -3.7420556 -0.92749614 0.25970516 0.26889391 65.617448
165 0.29471066 0.027619037 0.95518732 48.37533 0.24008973 0.96537811 -0.10199027 -3.8287729 -0.92493371 0.25938826 0.27787615 65.848953
166 0.30168005 0.027323592 0.95301762 49.158354 0.23999095 0.9652266 -0.10364335 -3.9178417 -0.92270977 0.2599827 0.28463217 66.084666
167 0.30641406 0.029296559 0.95144739 49.922064 0.23976746 0.96492373 -0.10692874 -4.0057967 -0.92120671 0.26089057 0.28864181 66.315699
168 0.31112239 0.031732943 0.94983993 50.689045 0.23929895 0.96462504 -0.11060985 -4.0963531 -0.91974926 0.26170887 0.29252276 66.550786
169 0.31727408 0.034153342 0.94771869 51.428138 0.23841456 0.96438183 -0.11456946 -4.183466 -0.91787553 0.26229983 0.29783067 66.788925
170 0.32220554 0.035553713 0.94600187 52.159366 0.23845906 0.96402431 -0.11744953 -4.2641803 -0.91614447 0.26342557 0.30213584 67.025159
171 0.32662501 0.036311113 0.94445625 52.89422 0.23941704 0.96349234 -0.11984152 -4.3425968 -0.91432785 0.26526213 0.30600716 67.268891
172 0.32820568 0.037190544 0.94387388 53.622286 0.24007045 0.96313116 -0.12142709 -4.4252825 -0.91359019 0.26644926 0.30717674 67.508423
173 0.32992526 0.037572836 0.94325904 54.352578 0.24118152 0.96269146 -0.12270535 -4.5221779 -0.91267772 0.26798022 0.30855433 67.746853
174 0.33273395 0.038762131 0.94222376 55.078213 0.24152385 0.96232592 -0.12488009 -4.6167823 -0.91156688 0.26912133 0.3108365 67.985321
175 0.33623543 0.040963041 0.9408867 55.791303 0.24068317 0.96214004 -0.12789892 -4.7130194 -0.9105038 0.26945972 0.31364642 68.229206
176 0.33970055 0.042671755 0.93956515 56.487307 0.24031543 0.961873 -0.13057114 -4.8118401 -0.90931395 0.27014706 0.31649408 68.466543
177 0.34114743 0.044121797 0.93897375 57.169841 0.24018709 0.96164788 -0.13245188 -4.9031578 -0.90880604 0.27071497 0.31746619 68.704391
178 0.34449225 0.04636934 0.93764331 57.843048 0.23911587 0.96150411 -0.13540103 -4.9944045 -0.90782626 0.27084998 0.32014303 68.941093
179 0.34629551 0.047980031 0.93689772 58.499131 0.23915766 0.96117851 -0.13762078 -5.0825706 -0.90712891 0.27172369 0.32137697 69.168602
180 0.35066443 0.048907624 0.93522324 59.160885 0.23944215 0.9607607 -0.14002258 -5.1678573 -0.90537382 0.27303277 0.32519402 69.402497
181 0.35539958 0.049374814 0.93340949 59.824593 0.23945853 0.96046915 -0.14198104 -5.258923 -0.90352121 0.27397284 0.32952708 69.639167
182 0.35726442 0.050779674 0.93262188 60.470558 0.2400722 0.95997999 -0.14423501 -5.3535611 -0.90262246 0.2754266 0.33077588 69.869971
183 0.35940936 0.05167044 0.9317484 61.1203 0.24084052 0.95950379 -0.1461106 -5.4499485 -0.90156563 0.27691626 0.33241028 70.102382
184 0.3589071 0.054111857 0.93180342 61.758767 0.24110084 0.95906208 -0.14856077 -5.5498886 -0.90169613 0.27797807 0.33116774 70.330439
185 0.35765074 0.056164916 0.93216493 62.383342 0.24181961 0.95857286 -0.1505368 -5.6430268 -0.9020028 0.27925534 0.32925248 70.551794
186 0.35686362 0.056816129 0.9324271 63.00173 0.24366471 0.95793358 -0.15162703 -5.7371043 -0.90181799 0.28130973 0.32800753 70.771058
187 0.35777475 0.059983747 0.93187938 63.605404 0.24243997 0.95774838 -0.15472843 -5.827711 -0.90178707 0.28128271 0.3281157 70.990908
188 0.35803593 0.063001918 0.93157986 64.208443 0.24103194 0.95766802 -0.15740252 -5.9195728 -0.90206081 0.28089623 0.32769405 71.214206
189 0.35959061 0.064632964 0.93086904 64.769379 0.24099055 0.95732081 -0.15956317 -6.0070267 -0.90145326 0.28170803 0.32866761 71.419337
190 0.36145955 0.065686365 0.93007113 65.340627 0.24124381 0.9569589 -0.16134146 -6.1012135 -0.90063769 0.28269229 0.33005548 71.626085
191 0.36190479 0.067640686 0.92975785 65.890644 0.24191188 0.95638252 -0.16374095 -6.1943823 -0.90027962 0.28417808 0.3297563 71.822009
192 0.36044193 0.070529544 0.93011139 66.429939 0.24258084 0.95574013 -0.16647922 -6.2927992 -0.9006864 0.28563326 0.32737967 72.010675
193 0.35862682 0.072543534 0.93065796 66.973582 0.24342671 0.95521281 -0.16826145 -6.3934377 -0.9011826 0.28689005 0.32490587 72.195205
194 0.35733443 0.073499758 0.93107996 67.492184 0.24487106 0.95465315 -0.16933845 -6.4912865 -0.90130467 0.28850497 0.32313244 72.367534
195 0.3548934 0.074617377 0.93192432 68.009671 0.24683998 0.95396002 -0.1703828 -6.5932583 -0.90173196 0.29050388 0.32013553 72.541064
196 0.35456599 0.07655164 0.93189206 68.522462 0.24800582 0.95324666 -0.17266702 -6.6940193 -0.90154085 0.29233648 0.31900356 72.712957
197 0.35467024 0.079097773 0.93163972 69.054506 0.24810844 0.95273152 -0.17534205 -6.7978329 -0.90147161 0.29333626 0.31828066 72.896922
198 0.35381785 0.08143689 0.93176229 69.569632 0.24891725 0.95207716 -0.17773371 -6.8991816 -0.90158359 0.29481704 0.31659082 73.070482
199 0.35164614 0.083613406 0.93239144 70.083893 0.25027264 0.95135197 -0.17970262 -6.9993229 -0.90205789 0.29654377 0.31361307 73.240485
200 0.34925588 0.084361756 0.93322207 70.611776 0.25243541 0.95064637 -0.18041017 -7.1014961 -0.9023838 0.29858758 0.31072291 73.410803
201 0.34548498 0.086225925 0.93445451 71.122759 0.25502168 0.94966863 -0.18191599 -7.2025254 -0.90310791 0.30115537 0.30610674 73.572092
202 0.34211209 0.088513468 0.93548099 71.639166 0.25705146 0.94876289 -0.18377573 -7.306829 -0.90381618 0.30333862 0.30183071 73.732691
203 0.34239414 0.089414413 0.9352921 72.182413 0.25812957 0.9482037 -0.18514551 -7.4140052 -0.90340202 0.30481925 0.30157886 73.907552
204 0.34281105 0.092285793 0.93486038 72.718516 0.2578402 0.94770027 -0.18810268 -7.5184136 -0.90332655 0.30552823 0.30108711 74.083998
205 0.34253636 0.095217634 0.93466703 73.25575 0.25775362 0.94715401 -0.19095116 -7.6227388 -0.90345545 0.30632149 0.29989196 74.263037
206 0.35057794 0.097476783 0.93144693 73.806426 0.25488936 0.94709402 -0.19504951 -7.7363708 -0.90118053 0.30579594 0.30718445 74.452048
207 0.35905506 0.098089762 0.92814755 74.357234 0.25357901 0.94680036 -0.19815842 -7.8495479 -0.89820765 0.30650849 0.31507992 74.644828
208 0.36893684 0.099181499 0.92414752 74.919233 0.25194951 0.94639111 -0.20215165 -7.9680294 -0.89465462 0.30741968 0.32416978 74.849289
209 0.379328 0.10100371 0.91973286 75.472206 0.24993131 0.94588773 -0.20695587 -8.0879757 -0.89086724 0.30837417 0.33355768 75.057981
210 0.38899374 0.1024567 0.91552526 76.023595 0.24850955 0.94528486 -0.2113753 -8.210471 -0.8870889 0.3097404 0.34224839 75.272922
211 0.40039097 0.10307244 0.91052905 76.595761 0.24591762 0.94511652 -0.2151262 -8.3366861 -0.88272954 0.31004969 0.35306875 75.506731
212 0.40910516 0.10423277 0.90651448 77.172533 0.2445086 0.94460209 -0.21895758 -8.4669362 -0.87911794 0.31122723 0.36095574 75.7441
213 0.4219869 0.10308238 0.90072254 77.743833 0.23999507 0.94537033 -0.22062932 -8.60222 -0.87425927 0.30927162 0.37419459 75.983481
214 0.43295069 0.10210381 0.89561628 78.32272 0.23861676 0.94513946 -0.2230996 -8.7408584 -0.86926152 0.31030016 0.38483506 76.235734
215 0.44330236 0.1019268 0.89055823 78.918562 0.23624012 0.94510349 -0.22576534 -8.8858166 -0.86468114 0.31046785 0.39488737 76.506383
216 0.45606667 0.10306516 0.88395745 79.523527 0.23441855 0.94428102 -0.23104389 -9.0223445 -0.85851673 0.31258741 0.40649468 76.790677
217 0.46945694 0.10267062 0.87696575 80.143525 0.23215334 0.94391774 -0.23478524 -9.1660516 -0.85188899 0.31381206 0.41929337 77.091656
218 0.47982671 0.10225789 0.87138376 80.78158 0.23089811 0.94345584 -0.23785947 -9.3270623 -0.84643502 0.31533216 0.42908412 77.406998
219 0.49086377 0.10267048 0.86516561 81.410563 0.22884419 0.94296944 -0.24174152 -9.4883498 -0.84064436 0.31665024 0.43937395 77.731625
220 0.50177089 0.10507659 0.85859472 82.057327 0.22544483 0.94240303 -0.24708532 -9.6589727 -0.83510506 0.31754593 0.44918139 78.078617
221 0.51135152 0.10736949 0.85263792 82.67789 0.22133091 0.9422394 -0.25139119 -9.8272819 -0.8303807 0.31726436 0.45805132 78.418175
222 0.51928653 0.1062126 0.84797429 83.335503 0.2211427 0.94174998 -0.25338284 -9.9912574 -0.82549214 0.31910158 0.46554989 78.784496
223 0.52626276 0.1052125 0.84378779 84.018144 0.22230827 0.94077868 -0.25595801 -10.164635 -0.82074747 0.32228214 0.47170713 79.163773
224 0.53155024 0.1038746 0.84063334 84.692803 0.22452783 0.93966957 -0.25808591 -10.358284 -0.81672606 0.32593117 0.47615881 79.534776
225 0.53766998 0.10352009 0.83677631 85.347733 0.2252873 0.93871319 -0.26088919 -10.547048 -0.81250014 0.32878733 0.4813961 79.904765
226 0.54422626 0.10445013 0.83241093 85.991626 0.22487753 0.93774653 -0.26469139 -10.743702 -0.80823743 0.33124249 0.48685775 80.279333
227 0.54887319 0.1051601 0.82926448 86.628991 0.22505997 0.93683021 -0.26776323 -10.937792 -0.80503795 0.33360227 0.49053361 80.654915
228 0.55315875 0.10760008 0.82609783 87.269335 0.22395176 0.93591461 -0.27186291 -11.137491 -0.80240942 0.33538938 0.49361208 81.041241
229 0.55777521 0.10992986 0.82267992 87.896165 0.22223077 0.93521983 -0.27563989 -11.337971 -0.79968755 0.33656985 0.49721258 81.428485
230 0.56382157 0.11234875 0.81821941 88.515161 0.21890495 0.93494225 -0.27921964 -11.550795 -0.79635779 0.3365423 0.50254686 81.822234
231 0.56813072 0.11461481 0.81491775 89.126839 0.21652098 0.93454499 -0.28239036 -11.760683 -0.79394334 0.3368814 0.50612715 82.211087
232 0.57343566 0.11632661 0.81094986 89.741691 0.21396545 0.93424636 -0.28531126 -11.979393 -0.79081616 0.33712287 0.51084025 82.605147
233 0.58207795 0.11768781 0.80457122 90.333733 0.21060399 0.93388634 -0.28896755 -12.198968 -0.78538595 0.33764751 0.51880908 82.99389
234 0.58700692 0.11756509 0.80100021 90.919437 0.20971422 0.93354673 -0.29070679 -12.408045 -0.78194802 0.33862799 0.52334327 83.378077
235 0.59058338 0.11740595 0.79839033 91.512371 0.20956553 0.93310282 -0.29223519 -12.623128 -0.77929034 0.33990431 0.52647072 83.76963
236 0.5937561 0.11760972 0.79600355 92.110061 0.20922876 0.93266495 -0.29386969 -12.842491 -0.77696647 0.34103372 0.52916812 84.16913
237 0.59559879 0.12078554 0.79414919 92.690246 0.20768516 0.93186148 -0.29749124 -13.070173 -0.77596961 0.34211839 0.52993015 84.561986
238 0.60077553 0.12294813 0.78990666 93.237097 0.20531584 0.93122705 -0.30110059 -13.284522 -0.77260213 0.34307419 0.53421517 84.938582
239 0.60554412 0.12385792 0.7861142 93.764525 0.20359845 0.93082818 -0.30349062 -13.491271 -0.76932689 0.34382857 0.5384402 85.304287
240 0.60917648 0.12347763 0.78336282 94.303347 0.20316537 0.93053868 -0.30466634 -13.698542 -0.7665688 0.34474773 0.54177584 85.677196
241 0.61028453 0.12387489 0.78243709 94.834717 0.20405215 0.92978834 -0.30635984 -13.902645 -0.7654511 0.34662461 0.54215845 86.043929
242 0.61087694 0.12552553 0.7817114 95.357667 0.20438626 0.9288815 -0.30887767 -14.104751 -0.76488921 0.34845727 0.54177654 86.408522
243 0.61724284 0.12567885 0.77666989 95.885332 0.20122314 0.92910992 -0.31026439 -14.315359 -0.76060529 0.34779239 0.54819689 86.779197
244 0.62226306 0.12551891 0.77267955 96.377095 0.20061627 0.92852598 -0.31239815 -14.507722 -0.75666484 0.34940588 0.55260623 87.129364
245 0.62603407 0.12593694 0.76955912 96.85572 0.20026492 0.92780766 -0.31474895 -14.700095 -0.75364129 0.35115923 0.55561839 87.473507
246 0.62937862 0.1267835 0.76668671 97.313009 0.20022338 0.92683389 -0.31763112 -14.890661 -0.75086153 0.3534188 0.55794435 87.808559
247 0.63232847 0.12772398 0.76409901 97.766494 0.19997825 0.92597677 -0.32027443 -15.080052 -0.74844458 0.35532179 0.5599794 88.140925
248 0.63637177 0.12766487 0.7607448 98.217964 0.19892705 0.92569152 -0.32175026 -15.272406 -0.74529114 0.35608547 0.5636879 88.475806
249 0.64220273 0.12805442 0.75576301 98.671952 0.1979541 0.92479779 -0.32490491 -15.460204 -0.7405334 0.35826118 0.56855871 88.816123
250 0.64781702 0.12886319 0.75081781 99.116482 0.19686464 0.92379221 -0.32840867 -15.649182 -0.73591936 0.36055817 0.57307966 89.153319
251 0.65531442 0.12789598 0.74444989 99.572703 0.19584648 0.9230895 -0.33098327 -15.85072 -0.72952523 0.36269596 0.57986582 89.51518
252 0.66316056 0.12907078 0.73726441 100.01382 0.19317273 0.92213376 -0.3351919 -16.042974 -0.72311981 0.36470539 0.58658973 89.867688
253 0.66937061 0.13051279 0.73137501 100.44038 0.19124008 0.9210044 -0.33937902 -16.235393 -0.71789283 0.36703852 0.59153394 90.214345
254 0.67247827 0.13154917 0.72833221 100.86639 0.19012961 0.92034649 -0.34177926 -16.434339 -0.71527869 0.36831661 0.59390156 90.568811
255 0.67730766 0.13054554 0.72402501 101.27801 0.18996002 0.91972772 -0.34353472 -16.629427 -0.71075272 0.37021446 0.59814013 90.916343
256 0.67988663 0.13492444 0.72079787 101.6844 0.18684322 0.9186143 -0.34819155 -16.824547 -0.70911471 0.37140694 0.59934381 91.271837
257 0.6820764 0.13853429 0.71803903 102.10482 0.18298671 0.91832262 -0.35099775 -17.032945 -0.70801663 0.37079885 0.60101619 91.64197
258 0.68510228 0.14065635 0.71473818 102.5177 0.18047691 0.91781531 -0.35361438 -17.239807 -0.70573568 0.37125571 0.60341208 92.000243
259 0.68619905 0.1417622 0.71346643 102.93399 0.18001905 0.91722068 -0.3553862 -17.446189 -0.70478642 0.37230318 0.60387601 92.362212
260 0.68872618 0.14359955 0.71065845 103.35973 0.17843847 0.91646676 -0.35811783 -17.656066 -0.70272033 0.37345389 0.6055709 92.734677
261 0.69282452 0.14190647 0.70700547 103.78579 0.17712161 0.91692095 -0.35760857 -17.874358 -0.69901503 0.37298589 0.61013056 93.110669
262 0.6989494 0.14077898 0.70117831 104.22378 0.1742183 0.91738219 -0.35785178 -18.102396 -0.69362643 0.37227834 0.61667739 93.503345
263 0.70617169 0.14231767 0.69359011 104.66217 0.16966627 0.91703698 -0.36091069 -18.332682 -0.68741168 0.37254372 0.62343898 93.900709
264 0.71156404 0.14222815 0.68807542 105.09862 0.16720334 0.91688785 -0.36243578 -18.570242 -0.68243649 0.37294474 0.62864334 94.311303
265 0.71624703 0.14355097 0.68292263 105.54708 0.16439807 0.91636176 -0.36504025 -18.806642 -0.678206 0.37373012 0.63274182 94.739005
266 0.72098503 0.14500868 0.67760835 105.99953 0.16151969 0.91575708 -0.36783195 -19.043716 -0.6738634 0.37464838 0.63682533 95.173448
267 0.7250582 0.14596858 0.6730407 106.4663 0.15917859 0.91529748 -0.36999012 -19.287345 -0.67003932 0.375398 0.64040881 95.626435
268 0.72864975 0.14629024 0.66908049 106.94013 0.15771529 0.91482624 -0.37177792 -19.533591 -0.66647981 0.37642008 0.64351564 96.090753
269 0.73240379 0.14807158 0.66457468 107.40803 0.15522676 0.91404878 -0.37472586 -19.782012 -0.66293985 0.37761038 0.64646805 96.556736
270 0.73664155 0.14860313 0.65975476 107.89256 0.15289551 0.91370569 -0.37651674 -20.043174 -0.65877318 0.37823138 0.65035276 97.040933
271 0.74066476 0.14751122 0.65548162 108.37423 0.15209565 0.9134627 -0.37742918 -20.308389 -0.65443299 0.37924436 0.65413376 97.526009
272 0.74443477 0.14699444 0.65131368 108.8646 0.15132611 0.91293902 -0.37900229 -20.58372 -0.65032084 0.38070321 0.65737939 98.023728
273 0.74963356 0.14876622 0.64491717 109.35681 0.14792627 0.91210226 -0.38234444 -20.869792 -0.64511028 0.38201837 0.66173596 98.533371
274 0.75272323 0.15156217 0.6406533 109.84632 0.14481434 0.91118429 -0.3857097 -21.154625 -0.64221216 0.3831084 0.66392115 99.051936
275 0.75348353 0.15294018 0.6394309 110.34789 0.14397694 0.91057798 -0.38745111 -21.442584 -0.64150848 0.3840013 0.66408559 99.579818
276 0.75251844 0.15514552 0.64003584 110.85256 0.14400364 0.90957361 -0.38979327 -21.730624 -0.64263432 0.38549407 0.66212932 100.10338
277 0.75398202 0.15513381 0.63831389 111.36875 0.14381622 0.90915596 -0.39083542 -22.024915 -0.6409586 0.38648273 0.66317642 100.64573
278 0.75527132 0.15523259 0.63676376 111.90929 0.14394039 0.90854133 -0.39221653 -22.338371 -0.63941092 0.38788588 0.6638509 101.20946
279 0.75788372 0.1537234 0.63402002 112.4429 0.14483232 0.90794569 -0.39326607 -22.64465 -0.63610988 0.38987651 0.66585308 101.75906
280 0.76057497 0.15028964 0.63161598 112.98824 0.14716852 0.90760855 -0.39317697 -22.956817 -0.63235042 0.39199451 0.66818638 102.32338
281 0.76312538 0.14767553 0.62915149 113.53669 0.14934074 0.9068925 -0.3940093 -23.272748 -0.62875824 0.39463641 0.67001864 102.89301
282 0.76691757 0.14622135 0.6248654 114.07757 0.150099 0.90581798 -0.3961869 -23.590064 -0.62394524 0.39763432 0.67273998 103.46228
283 0.77047735 0.14567918 0.62059829 114.6239 0.15001301 0.90476156 -0.3986259 -23.925693 -0.61956491 0.40023001 0.67524444 104.04789
284 0.77320983 0.14680229 0.61692435 115.16623 0.14907449 0.90349662 -0.40183409 -24.262774 -0.61637917 0.40266971 0.67670793 104.643
285 0.77536257 0.14943226 0.61358202 115.70872 0.14706445 0.90216303 -0.40555381 -24.601356 -0.61415378 0.4046873 0.67752721 105.25066
286 0.77655041 0.1516054 0.61154335 116.24747 0.1454038 0.90129557 -0.40807353 -24.937016 -0.61304741 0.40581035 0.67785738 105.85695
287 0.77860616 0.15175858 0.6088857 116.7861 0.14465098 0.90077832 -0.40948076 -25.276829 -0.6106132 0.40690011 0.67939945 106.46152
288 0.77915569 0.15332357 0.60778969 117.32585 0.14376264 0.90006797 -0.41135136 -25.619273 -0.61012183 0.40788416 0.67925081 107.07537
289 0.78011639 0.15340497 0.60653552 117.86811 0.14376952 0.89957143 -0.41243369 -25.974936 -0.60889135 0.40894756 0.67971539 107.68044
290 0.78195606 0.15242123 0.60441087 118.41312 0.14400894 0.8992356 -0.41308201 -26.344134 -0.60647018 0.41005251 0.68121264 108.29176
291 0.78432767 0.15152567 0.60155639 118.9602 0.14382887 0.89886804 -0.41394381 -26.716055 -0.60344287 0.41118872 0.68321324 108.90675
292 0.78862542 0.14949857 0.59642278 119.49778 0.1433606 0.89855274 -0.41478994 -27.084214 -0.59792777 0.41261737 0.68718926 109.52301
293 0.79399801 0.1482011 0.58957918 120.03055 0.14206275 0.89774374 -0.41698242 -27.452715 -0.59108821 0.41484041 0.69175281 110.14783
