4 0.9999963 -0.0013430581 -0.0023647983 -0.018721112 0.001346117 0.99999826 0.0012924154 -0.024051112 0.0023630583 -0.001295594 0.99999637 0.98157547
5 0.99999857 -0.00096360641 -0.0013866198 -0.0042146998 0.00096359756 0.99999954 -7.0523128e-06 -0.026437287 0.001386626 5.7161593e-06 0.99999904 0.94673517
6 0.99999826 -0.0012268771 -0.0014074383 -0.0039493217 0.0012272429 0.99999921 0.00025906324 -0.024591222 0.0014071194 -0.00026079006 0.99999898 0.94628652
7 0.99999663 -0.0010930892 -0.0023559373 -0.0029132582 0.0010913012 0.99999912 -0.00076008611 -0.024705105 0.0023567661 0.00075751251 0.99999694 0.93769425
8 0.99999378 -0.00064559257 -0.0034661359 -0.003920053 0.00063786521 0.99999731 -0.0022300321 -0.021774619 0.0034675663 0.0022278074 0.99999151 0.92771517
9 0.99998039 -0.0010159642 -0.0061800727 -0.0069099888 0.0010102377 0.99999906 -0.00092966711 -0.01679273 0.0061810114 0.00092340553 0.99998047 0.93269648
10 0.99999529 -0.00082829427 -0.0029550658 -0.0060589635 0.00082617949 0.9999994 -0.00071679651 -0.017210259 0.0029556578 0.00071435171 0.99999538 0.92915701
11 0.99999397 -0.00077050731 -0.0033850196 -0.0052450698 0.00076688731 0.99999913 -0.0010705865 -0.018623605 0.0033858415 0.0010679841 0.9999937 0.91645038
12 0.99999465 -0.00011393226 -0.0032682064 -0.0065404405 0.00010860875 0.99999867 -0.0016290087 -0.02034627 0.0032683876 0.001628645 0.99999333 0.92944374
13 0.99999746 -0.00033839797 -0.0022288302 -0.0052894613 0.00033592609 0.99999933 -0.0011093295 -0.02055242 0.002229204 0.001108578 0.9999969 0.9230245
14 0.99999913 -0.0010592388 -0.00078396721 -0.0013770083 0.0010582511 0.99999865 -0.0012592331 -0.020130761 0.00078529998 0.0012584024 0.9999989 0.89724556
15 0.99999878 -0.0012019912 -0.00099504281 -0.0018847225 0.0012013242 0.99999905 -0.00067062198 -0.020940419 0.00099584795 0.00066942579 0.99999928 0.90468204
16 0.99999969 -0.00076257437 0.00021412432 -0.00013357062 0.0007629558 0.99999811 -0.0017869838 -0.018458132 -0.00021276121 0.0017871466 0.99999838 0.89435348
17 0.99999752 -0.0013315466 -0.0017867944 -0.0008653404 0.0013288662 0.99999799 -0.0015004973 -0.019098351 0.0017887888 0.0014981191 0.99999728 0.88448502
18 0.99999656 -0.00066333614 -0.0025380424 -0.0034119165 0.00065828429 0.9999978 -0.0019907664 -0.016889983 0.0025393574 0.0019890888 0.9999948 0.88880274
19 0.99999702 -0.0004957805 -0.0023909409 -0.0038314059 0.00049143349 0.99999823 -0.0018183625 -0.015894939 0.0023918382 0.0018171821 0.99999549 0.89116086
20 0.9999981 -0.00070813054 -0.0018166099 -0.0034573304 0.00070521423 0.99999846 -0.0016054972 -0.016875712 0.001817744 0.001604213 0.99999706 0.90079911
21 0.99999841 -0.0010228579 -0.0014612697 -0.0024212932 0.0010215815 0.9999991 -0.00087394204 -0.015015403 0.0014621623 0.00087244784 0.99999855 0.91431698
22 0.99999919 -0.0011801491 0.00046769038 0.0023599211 0.0011807662 0.99999843 -0.0013213751 -0.012578942 -0.00046613023 0.0013219263 0.99999902 0.90367576
23 0.99999875 -0.0014468414 -0.0006344983 0.001658907 0.0014462285 0.99999849 -0.00096542963 -0.01094218 0.00063589416 0.00096451079 0.99999933 0.87308562
24 0.99999701 -0.001753134 -0.0017042368 0.002372 0.0017522098 0.99999832 -0.00054363584 -0.0064940218 0.001705187 0.00054064803 0.9999984 0.87193937
25 0.999996 -0.0010971318 -0.0026078167 -0.0019653989 0.0010924286 0.99999778 -0.0018042763 -0.010267133 0.0026097904 0.0018014202 0.99999497 0.85242963
26 0.99999113 -0.00073088716 -0.0041489403 -0.0065384213 0.00072473848 0.99999864 -0.0014832962 -0.013478112 0.0041500188 0.0014802761 0.99999029 0.8632191
27 0.99999655 -0.00091663579 -0.0024607715 -0.0034269521 0.00091355497 0.9999988 -0.0012528039 -0.011968797 0.0024619169 0.0012505515 0.99999619 0.86010571
28 0.99999451 -0.00095979967 -0.0031714772 -0.0039090187 0.00095733029 0.99999924 -0.00078004746 -0.016068903 0.0031722234 0.00077700703 0.99999467 0.83540597
29 0.99999175 -0.001291545 -0.003849963 -0.0013515049 0.0012870554 0.99999849 -0.0011683883 -0.011466075 0.0038514662 0.0011634236 0.99999191 0.83413328
30 0.9999813 -0.00059983591 -0.0060867769 -0.0067280302 0.00059326677 0.99999924 -0.0010809954 -0.010444201 0.0060874207 0.0010773641 0.99998089 0.82611355
31 0.99999036 -0.00022324732 -0.004385921 -0.0054348602 0.00021587183 0.99999856 -0.0016820297 -0.01440891 0.0043862902 0.0016810667 0.99998897 0.81433207
32 0.99998981 -0.00022732258 -0.004508619 -0.0033274096 0.00021823387 0.99999794 -0.0020162414 -0.012507976 0.004509068 0.0020152369 0.9999878 0.79953256
33 0.99999153 -0.00075987458 -0.0040442427 -0.0051310793 0.00075452496 0.99999884 -0.0013241356 -0.013287023 0.0040452442 0.0013210729 0.99999095 0.7966529
34 0.99999907 -0.00084353605 -0.0010750723 -0.00041288334 0.00084146855 0.9999978 -0.0019221328 -0.0073416387 0.0010766913 0.0019212264 0.99999757 0.78300324
35 0.99999946 -0.0010282685 -0.00017350185 0.0007901121 0.0010279794 0.9999981 -0.0016579736 -0.0068658896 0.00017520636 0.0016577943 0.99999861 0.78027959
36 0.99999908 -0.0013380678 -0.00023791279 0.00059406331 0.0013379652 0.99999901 -0.00043103554 -0.0089475078 0.00023848931 0.00043071683 0.99999988 0.77389674
37 0.99999931 -0.0011741809 -7.6737215e-05 0.00074200717 0.0011741133 0.99999893 -0.00087542773 -0.0067645292 7.7765044e-05 0.00087533703 0.99999961 0.7542523
38 0.99999919 -0.0012328866 -0.00033127297 -0.00069445691 0.0012325797 0.99999881 -0.00092514778 -0.0090745638 0.00033241318 0.00092473871 0.99999952 0.7300361
39 0.99999672 -0.0014149366 -0.0021351933 -0.0018949428 0.0014129823 0.99999858 -0.00091647316 -0.010558183 0.002136487 0.00091345316 0.9999973 0.73214586
40 0.99999881 -0.00073674493 -0.0013549338 -0.0022318104 0.00073553037 0.99999933 -0.0008966771 -0.013397257 0.0013555935 0.00089567944 0.99999868 0.74476681
41 0.99999899 5.6517954e-05 -0.0014176039 -0.0048572406 -5.9881784e-05 0.99999718 -0.0023729682 -0.011006787 0.0014174658 0.0023730507 0.99999618 0.74129806
42 0.99999683 0.00030210649 -0.0025001809 -0.0042887986 -0.00030725981 0.99999783 -0.0020610531 -0.010844614 0.0024995528 0.0020618147 0.99999475 0.71124644
43 0.99999963 -0.0001871162 -0.00083718986 -0.0033579097 0.0001860372 0.99999915 -0.0012887282 -0.0095379953 0.00083743029 0.001288572 0.99999882 0.70225141
44 0.99999796 -0.000585024 -0.001932917 -0.004730612 0.00058292508 0.99999924 -0.0010862687 -0.0070490139 0.001933551 0.0010851397 0.99999754 0.69365819
45 0.99999965 6.9036674e-05 -0.0008386233 -0.0045298441 -7.0443903e-05 0.99999859 -0.0016781095 -0.012478472 0.00083850627 0.001678168 0.99999824 0.69667289
46 0.99999865 -1.431488e-05 -0.0016428914 -0.003736317 1.1600007e-05 0.99999863 -0.0016524947 -0.015732629 0.0016429128 0.0016524734 0.99999729 0.6739018
47 0.99999912 0.00045988802 -0.0012443012 -0.0084192096 -0.00046198613 0.99999847 -0.0016864105 -0.0094284242 0.0012435237 0.0016869838 0.9999978 0.67076654
48 0.99999865 0.0002008414 0.0016289016 -0.0032870296 -0.00019755657 0.99999795 -0.0020165052 -0.00541287 -0.0016293033 0.0020161807 0.99999664 0.65968032
49 0.99999467 0.00052034553 0.003222608 -0.0019777543 -0.00051256719 0.99999695 -0.002414034 -0.0022543456 -0.0032238544 0.0024123694 0.99999189 0.64581667
50 0.99999382 0.00074762939 0.0034348944 -0.0025832184 -0.00074045554 0.99999754 -0.0020893172 -0.003041704 -0.003436448 0.0020867609 0.99999192 0.62418991
51 0.99998769 0.00074386016 0.0049049095 -0.00049506675 -0.00073389509 0.99999766 -0.0020331393 -0.0055803227 -0.0049064104 0.0020295146 0.9999859 0.61062015
52 0.99999489 -0.00016761231 0.0031923877 0.00081242311 0.00017247256 0.99999883 -0.0015222338 -0.0060274923 -0.0031921288 0.0015227766 0.99999375 0.60355217
53 0.99999762 -0.00051872196 0.0021210637 -0.00017292049 0.00052113195 0.99999922 -0.0011358209 -0.0055807692 -0.0021204729 0.0011369235 0.99999711 0.59029922
54 0.99999422 0.00029743764 0.0033880817 -0.0010488905 -0.00028983155 0.99999744 -0.0022452261 -0.0087642616 -0.0033887409 0.0022442311 0.99999174 0.58650405
55 0.99997535 -0.00059473516 0.0069959751 0.0068936001 0.00061416956 0.99999596 -0.0027761197 -0.010532407 -0.0069942958 0.002780348 0.99997167 0.54861205
56 0.9999744 -0.0014788723 0.0070010403 0.0095138011 0.0014948015 0.99999631 -0.0022705759 -0.0082457632 -0.0069976566 0.0022809829 0.99997291 0.5365005
57 0.99997916 -0.0012501695 0.0063333599 0.0093062894 0.00126264 0.99999727 -0.0019654017 -0.0073228444 -0.0063308855 0.0019733575 0.99997801 0.50398074
58 0.99998958 -0.0016688327 0.0042482118 0.0080041123 0.0016781648 0.99999618 -0.0021940956 -0.0087064199 -0.004244534 0.0022012019 0.99998857 0.47607451
59 0.99999203 -0.00040096946 0.0039720974 0.0039278339 0.0004129915 0.99999534 -0.0030262647 -0.0093854372 -0.0039708655 0.003027881 0.99998753 0.46086309
60 0.99999731 -0.00073759068 0.0021973264 0.0022574631 0.00074311591 0.99999656 -0.0025147715 -0.0036495392 -0.002195464 0.0025163976 0.99999442 0.4723562
61 0.99997264 -0.0017704185 0.0071827107 0.0090121569 0.0017848977 0.99999639 -0.0020099318 -0.0072172623 -0.0071791264 0.0020226972 0.99997218 0.41478774
62 0.99995014 -0.0015719379 0.0098611947 0.014063204 0.0016113136 0.99999076 -0.0039863229 -0.0062477286 -0.0098548373 0.0040020136 0.99994343 0.42108515
63 0.99993531 -0.00097627231 0.011332314 0.012686325 0.0010047904 0.99999634 -0.0025111082 -0.0043327376 -0.011329821 0.0025223324 0.99993263 0.37173602
64 0.99992976 -0.001331551 0.011777178 0.014930758 0.0013598132 0.99999621 -0.0023920649 -0.00080148302 -0.011773949 0.0024079116 0.99992779 0.31635069
65 0.99996171 -0.00089560624 0.0087049392 0.0090796557 0.0009167716 0.99999663 -0.0024277345 0.0022346766 -0.0087027356 0.002435622 0.99995916 0.31344499
66 0.99997511 -0.00076466407 0.007013835 0.0078326909 0.00078147982 0.99999683 -0.0023950841 0.00271211 -0.0070119814 0.0024005057 0.99997253 0.29177173
67 0.99997777 -0.00089479354 0.0066076393 0.0077824484 0.00090739076 0.99999778 -0.0019037099 0.0042318878 -0.0066059211 0.0019096633 0.99997636 0.28336669
68 0.99994941 -0.0010151628 0.010007649 0.013152581 0.0010385512 0.99999674 -0.0023321316 0.001389859 -0.010005249 0.0023424071 0.9999472 0.27882094
69 0.99994306 -0.0013505128 0.010585679 0.014858628 0.0013748724 0.99999642 -0.002294241 -0.0051620003 -0.010582543 0.0023086643 0.99994134 0.26363987
70 0.99990437 -0.0014717754 0.013750516 0.014607075 0.0015143128 0.9999941 -0.0030836126 -0.0033087476 -0.013745897 0.0031041403 0.9999007 0.2600651
71 0.9997991 -0.0011688494 0.020009586 0.016341218 0.0012353775 0.99999375 -0.0033127755 -0.0023693729 -0.020005589 0.0033368294 0.9997943 0.26830364
72 0.99988238 -0.0014254044 0.015270438 0.012387123 0.0014262068 0.99999898 -4.1658228e-05 0.0034788663 -0.015270363 6.3432131e-05 0.9998834 0.25901073
73 0.99987925 -0.0018161186 0.015433072 0.017953058 0.0018352088 0.99999757 -0.0012228961 0.0026466526 -0.015430814 0.0012510714 0.99988016 0.24618047
74 0.99987861 -0.0028491309 0.015318033 0.022827068 0.0028867961 0.99999286 -0.0024373299 0.0011909966 -0.015310979 0.0024812541 0.9998797 0.240206
75 0.99981784 -0.0021036763 0.018970122 0.023679709 0.0021439732 0.99999549 -0.0021041442 0.0011437229 -0.01896561 0.0021444323 0.99981784 0.2556687
76 0.99981529 -0.001736648 0.019140655 0.021889875 0.0017614704 0.99999763 -0.0012800581 0.001278343 -0.019138387 0.0013135374 0.99981598 0.25657376
77 0.99984005 -0.0014057846 0.017829854 0.022198369 0.00143107 0.99999799 -0.0014054692 0.0017591735 -0.017827842 0.0014307602 0.99984005 0.260406
78 0.9997747 -0.0012748591 0.021187908 0.024358743 0.0012941035 0.99999876 -0.00089458667 0.0017218247 -0.021186741 0.00092180446 0.99977511 0.25882897
79 0.99977758 -0.0013070716 0.021049571 0.024512673 0.0013185725 0.99999899 -0.00053249938 0.0015661512 -0.021048854 0.00056013632 0.99977829 0.24859868
80 0.99972113 -0.0012071659 0.023584008 0.026299765 0.0012191508 0.99999913 -0.00049380628 0.0012261684 -0.023583391 0.00052242103 0.99972174 0.25796455
81 0.99964116 -0.0013357781 0.026753821 0.029085578 0.0013264607 0.99999905 0.00036600871 0.00074229471 -0.026754285 -0.00033038948 0.99964199 0.25873416
82 0.99965181 -0.0012996731 0.026354593 0.029064889 0.0013009097 0.99999915 -2.9775162e-05 0.00054901667 -0.026354532 6.404974e-05 0.99965266 0.25819147
83 0.9995812 -0.0015679358 0.028895625 0.033913088 0.0015954299 0.9999983 -0.00092846647 0.00029175543 -0.02889412 0.00097417858 0.999582 0.26233861
84 0.99954827 -0.0012084659 0.030029966 0.032568434 0.0012363923 0.99999882 -0.00091139947 -0.00082847897 -0.030028829 0.00094811658 0.99954858 0.26856437
85 0.99955855 -0.0015658018 0.029669004 0.035111231 0.0015875147 0.99999849 -0.00070829624 -0.00031953407 -0.02966785 0.00075508354 0.99955953 0.26745932
86 0.99947703 -0.0014008597 0.032306377 0.039469627 0.001465062 0.999997 -0.0019637088 -0.0011521696 -0.032303529 0.0020100127 0.99947608 0.27958747
87 0.99925319 -0.00088564951 0.038630053 0.04280691 0.00093721505 0.99999869 -0.0013167668 -0.0027884101 -0.038628836 0.0013519881 0.99925271 0.28193306
88 0.99926116 -0.00091005102 0.038422772 0.041738154 0.00094391515 0.99999918 -0.00086322444 -0.00094760045 -0.038421955 0.00089885449 0.9992612 0.27749108
89 0.99913469 -0.00071247301 0.041585665 0.04480551 0.00074117292 0.9999995 -0.00067472577 0.0003065491 -0.041585164 0.00070496409 0.99913471 0.31020807
90 0.99915939 -0.00031888454 0.040992947 0.040173056 0.00037490606 0.99999901 -0.0013589333 0.0037247265 -0.040992473 0.0013731595 0.99915851 0.3205397
91 0.99890991 -0.00041491211 0.046677779 0.049066472 0.00049541104 0.99999841 -0.001713011 0.0051186467 -0.046676994 0.0017342683 0.99890853 0.33546659
92 0.99870767 -0.0010209202 0.050812811 0.061047528 0.0011419058 0.99999658 -0.0023520332 0.0072487682 -0.050810236 0.002407017 0.99870543 0.3538664
93 0.99853233 -0.0011629392 0.054146411 0.064211139 0.0013173651 0.99999517 -0.002816402 0.0085948389 -0.054142874 0.002883599 0.99852904 0.39102833
94 0.99842412 -0.00073211451 0.056113725 0.063366864 0.00087115621 0.99999661 -0.0024534344 0.0080747145 -0.056111739 0.0024984519 0.99842137 0.39871856
95 0.99842836 -0.00034186642 0.056041927 0.059381104 0.00047633389 0.99999704 -0.0023860681 0.0070397622 -0.056040946 0.0024090127 0.99842557 0.40638447
96 0.99843305 -0.00088961839 0.055952248 0.063532957 0.00099160047 0.9999979 -0.0017949263 0.0069112215 -0.055950534 0.001847596 0.99843183 0.41003977
97 0.99850734 -0.00083711311 0.054611342 0.061108975 0.00093800913 0.9999979 -0.0018219228 0.0064236894 -0.054609702 0.0018704292 0.99850602 0.41177727
98 0.9986012 -0.0009865921 0.052864667 0.05900059 0.001097714 0.99999725 -0.0020730133 0.0052299496 -0.052862476 0.0021281439 0.99859953 0.4180245
99 0.99871516 -0.0013396885 0.050658097 0.057111785 0.0014391937 0.99999711 -0.001927824 0.0039564963 -0.050655368 0.0019982538 0.99871419 0.44234233
100 0.99864148 -0.0015609786 0.052084114 0.06134402 0.001650411 0.99999724 -0.0016741114 0.0016246234 -0.052081357 0.0017577972 0.9986413 0.46377025
101 0.99873817 -0.0032837495 0.050112706 0.069079981 0.0033520421 0.99999356 -0.0012787977 0.0001342988 -0.050108184 0.001445164 0.99874275 0.46851044
102 0.99882633 -0.0045022729 0.048225399 0.071447445 0.0045527942 0.9999892 -0.00093781452 -0.0017346657 -0.048220655 0.0011562742 0.99883604 0.49413529
103 0.99893537 -0.005026497 0.045856953 0.07054624 0.0051038263 0.99998574 -0.0015693854 -0.004735108 -0.045848411 0.0018017605 0.99894678 0.50036706
104 0.99900232 -0.0038636328 0.044490942 0.059031619 0.0039974764 0.99998775 -0.0029197562 -0.0039859037 -0.044479116 0.0030946947 0.99900552 0.51884419
105 0.99919351 -0.0039821738 0.039955974 0.054482519 0.0040716306 0.99998938 -0.0021577576 -0.003649389 -0.039946958 0.0023187034 0.99919911 0.54891427
106 0.99942634 -0.0040481629 0.033624327 0.050780173 0.0040943855 0.99999077 -0.0013059356 -0.0063079781 -0.03361873 0.0014428574 0.99943369 0.55745551
107 0.9997254 -0.0034055853 0.023184523 0.037470867 0.0034200151 0.99999398 -0.00058276776 -0.0098166863 -0.023182399 0.00066189915 0.99973103 0.59495746
108 0.9998283 -0.0029044337 0.018301412 0.028931517 0.0029484952 0.99999282 -0.0023810265 -0.013140529 -0.018294365 0.0024345793 0.99982968 0.58243867
109 0.99991592 -0.0010980564 0.012920764 0.0135883 0.0011380151 0.99999459 -0.003085644 -0.010158968 -0.012917306 0.0031000886 0.99991176 0.61226945
110 0.99994806 -0.001126074 0.010129563 0.011792943 0.0011529438 0.99999583 -0.0026471622 -0.0095697987 -0.01012654 0.0026587036 0.99994519 0.61239168
111 0.99996808 -2.1188436e-05 0.0079895621 0.010203764 4.4642565e-05 0.99999569 -0.0029354294 -0.004354352 -0.0079894655 0.0029356924 0.99996377 0.63175478
112 0.99996593 -0.0016888086 0.0080804483 0.014321622 0.0017009383 0.99999744 -0.0014944885 -0.0056924287 -0.0080779037 0.0015081819 0.99996624 0.62545722
113 0.99996424 -0.0018673054 0.0082483442 0.014339918 0.0018724342 0.99999806 -0.00061412539 -0.0093843685 -0.0082471814 0.00062954791 0.99996579 0.63859405
114 0.99998843 -0.00037872252 0.0047950163 0.0047042471 0.00039090188 0.9999967 -0.0025393234 -0.006915431 -0.0047940388 0.0025411684 0.99998528 0.66057118
115 0.999985 -0.00022500666 0.0054718813 0.0016228872 0.00024124318 0.99999557 -0.0029667855 -0.0033779965 -0.0054711895 0.0029680611 0.99998063 0.66396178
116 0.99999687 -9.753069e-05 0.0024981711 0.0010302911 0.00010350166 0.99999714 -0.0023901196 -0.0019159391 -0.0024979309 0.0023903707 0.99999402 0.68031743
117 0.99999988 -0.00049632859 5.4815967e-05 0.00059641501 0.00049643204 0.99999807 -0.0019034585 0.0050503181 -5.387112e-05 0.0019034855 0.99999819 0.67301481
118 0.99999773 -0.0020925939 -0.00039839046 0.0056696733 0.0020922871 0.99999752 -0.00076886903 0.0061921065 0.00039999841 0.00076803374 0.99999963 0.69409935
119 0.99999447 -0.0031141187 -0.0011685487 0.010745397 0.0031134402 0.99999498 -0.00058202066 0.0068515501 0.0011703553 0.00057837923 0.99999915 0.68965532
120 0.99998615 -0.0026616521 -0.0045407693 0.0022889603 0.0026585706 0.99999623 -0.00068453261 0.011212817 0.0045425742 0.00067245117 0.99998946 0.70808127
121 0.99999003 -0.0018749519 -0.0040525725 0.0010405681 0.0018652583 0.99999539 -0.0023944191 0.013830737 0.0040570432 0.0023868361 0.99998892 0.72027733
122 0.9999939 -0.0016737099 -0.0030664451 0.002003966 0.001668537 0.99999718 -0.0016887471 0.0095723779 0.0030692629 0.0016836203 0.99999387 0.73169113
123 0.99999801 -0.0018609066 -0.00071426701 0.0033772017 0.0018603208 0.99999793 -0.00082003965 0.0051662011 0.00071579155 0.00081870926 0.99999941 0.74888547
124 0.99999695 -0.0016552342 -0.0018307508 0.0024384471 0.0016532508 0.99999805 -0.001084364 3.7006713e-05 0.0018325421 0.001081334 0.99999774 0.7473973
125 0.99999309 -0.0014956708 -0.0034033924 -0.002107478 0.0014915567 0.99999815 -0.0012110371 -0.0059920984 0.0034051974 0.0012059524 0.99999348 0.75626102
126 0.99999183 -0.0022459879 -0.0033599413 0.0037636536 0.0022428539 0.99999705 -0.00093622435 -4.8236468e-05 0.0033620341 0.00092868085 0.99999392 0.73611743
127 0.99999312 -0.0015486702 -0.0033698361 0.00023933061 0.0015441914 0.99999792 -0.0013312705 -0.0012860183 0.0033718908 0.0013260576 0.99999344 0.74146394
128 0.99999902 -0.0013309194 -0.00043590748 -0.00085810964 0.0013299015 0.99999641 -0.0023269718 0.0020856392 0.00043900293 0.0023263898 0.9999972 0.75907914
129 0.99999926 0.0004952948 0.0011076503 -0.0013107698 -0.00049090925 0.99999205 -0.0039560979 0.0028384327 -0.0011096009 0.0039555512 0.99999156 0.74274468
130 0.99999959 -0.00084936319 0.00031568912 0.0037745386 0.0008497316 0.99999896 -0.001168731 -0.0053323528 -0.00031469612 0.0011689987 0.99999927 0.75096312
131 0.99999606 -0.0026132379 -0.001020595 0.0062255074 0.002612786 0.99999649 -0.00044382866 0.0041623679 0.0010217512 0.00044116031 0.99999938 0.74926429
132 0.99999278 -0.00092762727 -0.0036838819 0.0010351694 0.00092277773 0.99999871 -0.0013179032 0.0053004341 0.0036850997 0.0013144942 0.99999235 0.7315155
133 0.99998955 0.00050096653 -0.0045441737 -0.0083763182 -0.00051477426 0.99999525 -0.0030378971 0.0051988689 0.0045426303 0.0030402046 0.99998506 0.73445367
134 0.99998992 0.00023210022 -0.0044845855 -0.0069039287 -0.00023995007 0.99999844 -0.0017499496 0.003763834 0.0044841723 0.001751008 0.99998841 0.74533064
135 0.99998457 -0.00096413105 -0.0054706501 -0.006985821 0.00096538909 0.99999951 0.00022732513 -0.0040643647 0.0054704283 -0.00023260293 0.99998501 0.75533222
136 0.99998321 -0.00099649943 -0.0057083684 -0.0042539016 0.00099681288 0.9999995 5.2065238e-05 -0.0027700537 0.0057083137 -5.7754539e-05 0.99998371 0.74594181
137 0.9999901 -0.0013157888 -0.0042513336 -0.0044092667 0.0013130925 0.99999894 -0.00063695825 -0.011724626 0.0042521672 0.00063136955 0.99999076 0.7597332
138 0.99999405 -0.0012628655 -0.0032106669 -0.0013648116 0.0012570732 0.99999758 -0.0018054699 -0.0092681918 0.0032129392 0.0018014231 0.99999322 0.74720376
139 0.99999598 -0.0018102802 -0.0021807099 0.0011693744 0.0018070056 0.99999724 -0.0015026564 -0.004878245 0.0021834242 0.0014987098 0.99999649 0.74786742
140 0.99999429 -0.0018414444 -0.0028352015 0.0010570432 0.0018399995 0.99999818 -0.0005121513 -0.00969826 0.0028361394 0.0005069316 0.99999585 0.75268803
141 0.99999399 -0.0015420843 -0.0031050543 -0.0018665085 0.0015392437 0.99999839 -0.00091700884 -0.0077954148 0.0031064634 0.00091222389 0.99999476 0.73940697
142 0.99997853 -0.00042323949 -0.0065393528 -0.0071830835 0.00040412316 0.99999564 -0.0029243202 -0.0014804527 0.006540562 0.0029216147 0.99997434 0.72187604
143 0.99997492 -0.00082640982 -0.0070339201 -0.0051080423 0.00081722914 0.99999881 -0.0013079764 0.0032482782 0.0070349927 0.0013021952 0.99997441 0.74406754
144 0.9999861 -0.0012695511 -0.0051176917 -0.0053575317 0.0012673437 0.9999991 -0.00043456078 0.0022502472 0.0051182388 0.00042806886 0.99998681 0.75285106
145 0.99999102 -0.0010331261 -0.0041096531 -0.0058842942 0.0010280899 0.99999872 -0.0012273918 0.0069468628 0.0041109159 0.0012231557 0.9999908 0.75628043
146 0.99999564 -0.00055826424 -0.0029009864 -0.0052513002 0.00055127662 0.99999695 -0.0024089481 -0.0010512861 0.0029023224 0.0024073383 0.99999289 0.78458829
147 0.99999583 8.7960225e-05 -0.0028860107 -0.0019457307 -9.4685655e-05 0.99999728 -0.002330301 -0.0016680784 0.0028857979 0.0023305645 0.99999312 0.75878214
148 0.99999942 -0.00070868316 -0.00081263652 0.00022152034 0.000707128 0.99999792 -0.0019124107 0.0099585763 0.00081399012 0.0019118349 0.99999784 0.76637408
149 0.99999788 -0.0013393633 -0.0015667585 0.00017148148 0.0013368289 0.9999978 -0.0016175299 0.0069108589 0.0015689216 0.001615432 0.99999746 0.76576059
150 0.9999833 0.00055557828 -0.0057520519 -0.0075181705 -0.00057637183 0.9999933 -0.0036139534 0.013260365 0.0057500056 0.0036172084 0.99997693 0.76503921
151 0.99997254 0.0012596533 -0.0073025764 -0.010977378 -0.0012783821 0.9999959 -0.0025605866 0.015552559 0.007299321 0.0025698518 0.99997006 0.78788467
152 0.99997647 -0.00048528361 -0.0068434535 -0.0093350241 0.00047660491 0.99999908 -0.0012697489 0.012639653 0.0068440634 0.0012664574 0.99997578 0.79751482
153 0.9999816 -0.0004544565 -0.0060499208 -0.004917067 0.00044615289 0.99999896 -0.001373794 0.010468526 0.0060505388 0.0013710695 0.99998076 0.78787516
154 0.99996785 -0.00046206225 -0.0080053867 -0.0084383096 0.00044541643 0.99999774 -0.0020809847 0.013003107 0.0080063301 0.0020773521 0.99996579 0.79739421
155 0.99998705 -0.00065225904 -0.0050474913 -0.0052295972 0.0006432995 0.99999822 -0.001776468 0.0091416916 0.005048641 0.0017731979 0.99998568 0.81316869
156 0.99998464 -0.0018166443 -0.0052354288 -0.00068259101 0.0018110396 0.99999778 -0.0010750681 0.0099122308 0.0052373702 0.00106557 0.99998572 0.80293969
157 0.99997875 -0.0010677818 -0.0064303856 -0.0052941612 0.0010568104 0.99999798 -0.0017093452 0.015926623 0.0064321978 0.0017025132 0.99997786 0.79738712
158 0.99998906 -0.001390008 -0.004465427 -0.0022235457 0.0013799295 0.9999965 -0.0022592908 0.0077194261 0.0044685518 0.0022531041 0.99998748 0.80455381
159 0.99997494 -0.001118451 -0.0069898825 -0.0060537874 0.001100283 0.99999601 -0.0026024833 0.0094053142 0.0069927654 0.0025947272 0.99997218 0.79713926
160 0.99996454 -0.00015996898 -0.0084197193 -0.0096237751 0.00013347832 0.99999504 -0.0031467317 0.019159241 0.0084201809 0.0031454963 0.9999596 0.82144444
161 0.99997878 0.00010289552 -0.0065137671 -0.0067879812 -0.00012130269 0.999996 -0.0028255551 0.014303438 0.0065134503 0.0028262852 0.99997479 0.8159523
162 0.99998061 -0.0011433404 -0.0061206928 -0.0045079069 0.0011334713 0.99999805 -0.001615647 0.016584419 0.0061225281 0.001608678 0.99997996 0.81753429
163 0.99998546 -0.00055360354 -0.0053635897 -0.0051101231 0.0005420419 0.99999753 -0.0021567933 0.0078065606 0.0053647704 0.0021538547 0.99998329 0.81746489
164 0.99997133 0.0007960842 -0.0075304522 -0.0058172785 -0.0008177805 0.99999552 -0.0028785007 -0.0088591808 0.0075281269 0.0028845764 0.9999675 0.82810602
165 0.9999495 0.00068232412 -0.010026489 -0.012140591 -0.0006940795 0.99999908 -0.0011689996 -0.0029706261 0.010025682 0.0011758998 0.99994905 0.82194443
166 0.99997324 -0.00067326919 -0.0072851921 -0.0086381752 0.00067399128 0.99999977 9.6662882e-05 -0.0032174556 0.0072851253 -0.00010157045 0.99997346 0.82251743
167 0.99998764 -0.00031517475 -0.0049619075 -0.0038884607 0.00030440244 0.9999976 -0.0021716071 -0.0039647605 0.00496258 0.0021700699 0.99998533 0.80270462
168 0.99998774 -7.8900372e-05 -0.0049503191 -0.0032624385 6.6096496e-05 0.99999665 -0.0025865851 -0.0035781089 0.0049505067 0.0025862262 0.9999844 0.80728143
169 0.99997893 0.00015130947 -0.0064894437 -0.0099261053 -0.00016752138 0.99999687 -0.0024977262 0.0017455398 0.0064890455 0.0024987607 0.99997582 0.78131646
170 0.99998634 -0.00067423344 -0.0051829603 -0.0040768789 0.00066539474 0.99999832 -0.0017068737 0.009098535 0.0051841025 0.0017034016 0.99998511 0.77260389
171 0.99998813 -0.0015653634 -0.0046150914 -0.0052192026 0.0015591894 0.99999789 -0.0013410821 0.014736678 0.0046171809 0.0013338704 0.99998845 0.77802316
172 0.99999827 -0.00088465863 -0.0016392049 -0.0010027402 0.00088262883 0.99999884 -0.0012385889 0.01030857 0.0016402988 0.0012371399 0.99999789 0.77083377
173 0.99999749 -0.0013787556 -0.0017672228 -0.0014034037 0.0013771898 0.99999866 -0.0008869362 -0.0026333185 0.0017684433 0.00088450017 0.99999805 0.77430998
174 0.99999538 -0.000737247 -0.002948951 -0.0010551737 0.00073276419 0.99999857 -0.0015209291 9.3857669e-05 0.0029500681 0.0015187612 0.9999945 0.76965053
175 0.99999295 0.00037895706 -0.0037354436 -0.0082919917 -0.00038717949 0.9999975 -0.0022007157 0.0006641086 0.0037346003 0.0022021465 0.9999906 0.75971675
176 0.99999322 -0.00011557156 -0.0036803115 -0.0058602168 0.00010873461 0.99999827 -0.0018578565 -0.0026160224 0.0036805198 0.0018574438 0.9999915 0.74193969
177 0.99999882 -7.792389e-05 -0.001536827 -0.0063662581 7.5508513e-05 0.99999876 -0.0015716598 0.0055427611 0.0015369476 0.0015715419 0.99999758 0.72848581
178 0.99999335 0.00060951201 -0.003594956 -0.007369201 -0.00061731591 0.99999745 -0.0021700835 0.0060346684 0.0035936242 0.0021722883 0.99999118 0.71935477
179 0.99999813 -0.00031616959 -0.0019078277 -0.0016052469 0.00031266942 0.99999827 -0.0018346546 0.0072707908 0.0019084044 0.0018340546 0.9999965 0.6999446
180 0.99998888 -0.00096620288 -0.0046168295 -0.0034080608 0.0009599716 0.99999863 -0.0013517134 0.013330357 0.0046181292 0.0013472663 0.99998843 0.70690214
181 0.99998707 -0.00075709284 -0.0050279941 -0.0033407436 0.00075314383 0.99999941 -0.00078725199 0.0095865382 0.0050285872 0.00078345501 0.99998705 0.71042939
182 0.99999767 -0.00093135264 -0.001947968 -0.0016226386 0.0009277264 0.99999784 -0.0018616265 0.0042314495 0.0019496976 0.001859815 0.99999637 0.692443
183 0.99999685 -0.0011406805 -0.0022375824 -0.00078970529 0.0011375615 0.99999838 -0.0013947239 0.0044758914 0.0022391698 0.0013921742 0.99999652 0.69674202
184 0.99999983 -0.00018621262 0.00054990421 -0.00020674766 0.00018769241 0.99999636 -0.0026921826 0.00024968336 -0.00054940088 0.0026922854 0.99999622 0.68530153
185 0.99999891 -0.00053279521 0.0013803028 0.0021138773 0.00053611791 0.99999696 -0.0024079758 0.0060033897 -0.0013790157 0.0024087132 0.99999615 0.66912352
186 0.99999797 -0.0017747504 0.00095307719 0.00063977765 0.0017760629 0.99999747 -0.0013779968 0.0057823121 -0.00095062918 0.0013796868 0.9999986 0.66279485
187 0.99999883 0.0011096478 -0.0010487105 -0.0049127268 -0.0011127599 0.99999497 -0.0029716279 0.0093491033 0.0010454077 0.0029727914 0.99999503 0.64873303
188 0.99999894 0.0014088632 -0.00037523059 -0.0078861102 -0.0014098705 0.99999537 -0.0026976695 0.011001872 0.00037142821 0.0026981956 0.99999629 0.64944051
189 0.99999861 -0.00023201098 -0.0016534926 -0.0052848154 0.00022896764 0.99999828 -0.0018405061 0.0092088516 0.0016539168 0.0018401249 0.99999694 0.60354271
190 0.99999789 -0.00059568576 -0.0019665702 -0.0036564055 0.00059300594 0.9999989 -0.001362988 0.0049970206 0.0019673799 0.001361819 0.99999714 0.61473687
191 0.99999961 -0.00077079711 -0.00042264773 -0.0001240257 0.00076978002 0.99999682 -0.0024013706 0.0023562298 0.00042449735 0.0024010443 0.99999703 0.59125309
192 0.99999862 -0.00041998567 0.0016051594 0.0015131124 0.00042523333 0.99999456 -0.0032703033 -0.0040312401 -0.0016037772 0.0032709814 0.99999336 0.57974222
193 0.99999787 -0.00053396283 0.0019927927 0.0053354288 0.00053868811 0.99999704 -0.0023714006 -0.0051335496 -0.0019915205 0.0023724691 0.9999952 0.58281421
194 0.99999811 -0.0012486422 0.001487351 0.0068651881 0.0012508835 0.99999808 -0.0015069248 -0.0064056044 -0.0014854665 0.0015087825 0.99999776 0.55509592
195 0.99999499 -0.0015719966 0.0027471175 0.0035426113 0.0015769436 0.99999714 -0.001799558 -0.0092482836 -0.0027442807 0.0018038811 0.99999461 0.55516278
196 0.99999925 -0.001142136 0.00044544828 0.002112612 0.0011432507 0.9999962 -0.0025103011 -0.0079230297 -0.00044257948 0.0025108085 0.99999675 0.55008018
197 0.99999999 -0.00012632997 -0.00010117046 -0.0029535878 0.00012604817 0.99999613 -0.0027806154 -0.0044515128 0.00010152134 0.0027806027 0.99999613 0.57241822
198 0.9999993 -0.00066761731 0.00097342441 0.0010947084 0.00067030621 0.99999595 -0.0027646044 -0.0049012564 -0.00097157477 0.002765255 0.9999957 0.55292293
199 0.99999661 -0.00096721515 0.0024172027 0.0037560453 0.00097374383 0.99999588 -0.0027012089 -0.0033426982 -0.0024145801 0.0027035535 0.99999343 0.5507889
200 0.99999475 -0.0017570767 0.0027221005 0.0064204133 0.0017610576 0.99999738 -0.0014607338 -0.0025579825 -0.0027195267 0.0014655199 0.99999523 0.5639681
201 0.99998928 -0.0019128792 0.0042158683 0.0074155334 0.0019242969 0.99999449 -0.0027058672 -0.0047767831 -0.0042106691 0.0027139508 0.99998745 0.54520328
202 0.999992 -0.0014123839 0.0037420735 0.0067730458 0.0014234843 0.99999459 -0.0029653786 -0.0061609567 -0.003737865 0.0029706817 0.9999886 0.55069381
203 0.99999929 -0.0011737323 -0.00018909315 0.0002594829 0.0011734678 0.99999834 -0.0013927039 -0.00055798812 0.0001907275 0.001392481 0.99999901 0.58067225
204 0.99999987 0.00021270268 -0.00046690549 -0.002794185 -0.00021409896 0.9999955 -0.0029925001 0.0027191436 0.00046626687 0.0029925996 0.99999541 0.57395658
205 0.99999995 0.00014764445 0.00027887183 -0.0044598162 -0.00014678413 0.99999524 -0.0030824967 0.0054112673 -0.00027932562 0.0030824556 0.99999521 0.57576796
206 0.99996098 0.0012331938 -0.0087477995 -0.01142608 -0.0012503372 0.99999731 -0.0019545356 0.0027053806 0.0087453656 0.001965397 0.99995983 0.59308018
207 0.99995879 -0.0005020923 -0.0090643736 -0.0094760659 0.00049439287 0.99999952 -0.00085163769 0.0054529972 0.0090647968 0.00084712123 0.99995856 0.59434266
208 0.99994354 -0.00053021842 -0.010613411 -0.011904285 0.00051552577 0.99999891 -0.001387035 0.0056170296 0.010614135 0.0013814852 0.99994271 0.60951751
209 0.9999368 -0.00030848843 -0.011238079 -0.01291562 0.00028492256 0.99999776 -0.0020985069 0.0054847592 0.011238701 0.0020951723 0.99993465 0.60292842
210 0.99994514 -0.00081664847 -0.010442887 -0.012942394 0.00079658503 0.99999783 -0.0019252687 0.0061077853 0.010444436 0.0019168444 0.99994362 0.60417638
211 0.99992219 -7.6683139e-05 -0.012474253 -0.016205914 6.7880772e-05 0.99999975 -0.00070606467 0.011733126 0.012474304 0.00070516297 0.99992194 0.63053214
212 0.99995452 -0.00070136924 -0.0095116796 -0.010628479 0.00068628032 0.9999985 -0.0015895291 0.0099437377 0.0095127802 0.0015829292 0.9999535 0.63699513
213 0.99989504 0.0014364234 -0.014416784 -0.0098007904 -0.0014086352 0.99999713 0.0019374545 0.0062608111 0.014419526 -0.0019169432 0.9998942 0.63391899
214 0.99992646 -0.0013675576 -0.012050161 -0.0095242375 0.0013728278 0.99999897 0.0004290944 0.006623139 0.012049562 -0.00044560564 0.9999273 0.64639657
215 0.99993311 -0.00023099182 -0.011564058 -0.011883957 0.00023197056 0.99999997 8.3295229e-05 0.007814301 0.011564038 -8.5972178e-05 0.99993313 0.67014028
216 0.99989788 -0.0015224043 -0.014209773 -0.009895295 0.0014933099 0.99999677 -0.0020578763 0.020893487 0.01421286 0.0020364466 0.99989692 0.6818442
217 0.99988582 -0.0013164821 -0.015053614 -0.009322214 0.0013128256 0.99999911 -0.00025277686 0.022282502 0.015053933 0.00023298523 0.99988666 0.70360085
218 0.99993057 -0.0015959468 -0.011674831 -0.0064765435 0.0015913563 0.99999865 -0.00040247218 0.012486994 0.011675457 0.00038386542 0.99993177 0.72957687
219 0.99992022 -0.0010300073 -0.012589669 -0.010214287 0.0010168219 0.99999893 -0.0010536754 0.014516133 0.01259074 0.0010407899 0.99992019 0.7257411
220 0.9999194 0.00029849977 -0.012692878 -0.013269035 -0.00033163038 0.99999654 -0.0026081485 0.01538627 0.012692056 0.0026121476 0.99991604 0.75326394
221 0.99993448 0.0013487608 -0.011367013 -0.010131059 -0.0013700712 0.99999732 -0.0018671788 0.014417116 0.011364464 0.0018826301 0.99993365 0.72692243
222 0.99995655 -0.002225498 -0.0090522381 -0.0042072389 0.0022256045 0.99999752 1.6872437e-06 0.032323802 0.0090522119 -2.1833872e-05 0.99995903 0.76972103
223 0.99996373 -0.0033596571 -0.0078262208 0.0030545392 0.0033526754 0.99999397 -0.00090503552 0.03025479 0.0078292142 0.00087876392 0.99996897 0.79936574
224 0.99997547 -0.0039455875 -0.0057868237 0.0074986785 0.0039404492 0.99999183 -0.00089907521 0.0083696941 0.0057903238 0.00087625047 0.99998285 0.79383961
225 0.99997206 -0.0027358724 -0.0069570562 0.0035657386 0.0027266983 0.9999954 -0.001327808 0.011245384 0.0069606569 0.0013088011 0.99997492 0.77544653
226 0.99996934 -0.0017125368 -0.007641319 -0.0024385195 0.0016955773 0.99999609 -0.0022253642 0.0052074826 0.0076451001 0.0022123395 0.99996833 0.77041576
227 0.99998407 -0.0017269413 -0.0053741358 -0.00033539337 0.0017162593 0.99999654 -0.0019916518 0.0089741916 0.0053775567 0.0019823966 0.99998358 0.76477877
228 0.99998675 -0.00030551799 -0.0051390441 -0.0044837713 0.00028934913 0.99999501 -0.0031467261 0.0091337904 0.0051399798 0.0031451974 0.99998184 0.77399245
229 0.99998416 0.00018592215 -0.0056255883 -0.0088893385 -0.0002010863 0.99999635 -0.002695121 0.0096920149 0.0056250666 0.0026962095 0.99998054 0.76347347
230 0.99997065 0.0013095355 -0.0075492476 -0.016912143 -0.0013249924 0.99999704 -0.0020428394 0.0015331918 0.00754655 0.0020527822 0.99996942 0.76367573
231 0.99998496 0.0009206518 -0.0054068253 -0.01073412 -0.00093218234 0.9999973 -0.0021304573 0.00335417 0.0054048492 0.0021354654 0.99998311 0.75450867
232 0.99997777 0.00071614888 -0.0066286507 -0.010900551 -0.00072674819 0.99999846 -0.0015967435 -0.0011717952 0.006627497 0.0016015254 0.99997676 0.76225978
233 0.99994226 0.00028863507 -0.010741944 -0.014907711 -0.00030445807 0.99999887 -0.0014714042 -0.005212511 0.010741507 0.0014745897 0.99994122 0.74134889
234 0.99998155 -0.00091301393 -0.0060059819 -0.004841535 0.00090994582 0.99999945 -0.00051355521 0.0033955312 0.0060064475 0.00050808061 0.99998183 0.7309772
235 0.99999006 -0.0011845167 -0.0042980543 -0.0032239305 0.0011816278 0.99999907 -0.00067461814 0.0015087931 0.0042988494 0.00066953273 0.99999054 0.74238318
236 0.99999221 -0.00085155946 -0.0038541779 -0.0043121795 0.00084814088 0.99999925 -0.00088852724 0.0012758013 0.0038549317 0.00088525144 0.99999218 0.75161997
237 0.99999661 0.00087479794 -0.0024508469 -0.008384615 -0.0008829715 0.99999405 -0.0033358994 -0.010138509 0.0024479141 0.0033380521 0.99999143 0.73662563
238 0.99997812 0.00041460909 -0.0066015037 -0.011041208 -0.00043052606 0.999997 -0.0024098734 -0.0048504643 0.0066004847 0.0024126628 0.99997531 0.69761755
239 0.99998179 -0.00011815388 -0.006033391 -0.0081271331 0.00011065968 0.99999922 -0.0012424386 -0.0022206067 0.0060335332 0.0012417484 0.99998103 0.67423644
240 0.99998951 -0.00099635596 -0.0044716614 -0.0028088762 0.0009950768 0.99999946 -0.00028827557 0.0020203896 0.0044719462 0.0002838229 0.99998996 0.68726929
241 0.99999837 -0.0013492042 -0.0012012812 0.0011052142 0.0013473316 0.99999788 -0.0015582752 0.0021169119 0.001203381 0.0015566541 0.99999806 0.67712675
242 0.99999961 -0.00058050064 -0.00066431847 -0.0011694091 0.000578796 0.99999655 -0.0025633177 0.0032413617 0.00066580418 0.0025629322 0.99999649 0.66875968
243 0.99996556 0.00064890836 -0.008274028 -0.0042327412 -0.00064631358 0.99999974 0.00031627523 -0.00022993953 0.0082742311 -0.00031091672 0.99996572 0.67835704
244 0.99997945 -0.0014434571 -0.0062461353 -0.0015098971 0.0014375478 0.99999852 -0.00095045929 0.004863442 0.006247498 0.00094146064 0.99998004 0.6335811
245 0.99998826 -0.0012106702 -0.0046925333 -0.0011630876 0.0012035401 0.99999812 -0.0015219847 0.0016991314 0.004694367 0.0015163191 0.99998783 0.62009652
246 0.99999054 -0.0013679485 -0.0041283686 -0.0043946396 0.0013587956 0.99999661 -0.0022190613 -0.0015631624 0.0041313902 0.0022134307 0.99998902 0.59805178
247 0.9999927 -0.0010085748 -0.0036859294 -0.0020676756 0.001000991 0.99999738 -0.0020587651 -0.00057503175 0.0036879961 0.0020550605 0.99999109 0.59327954
248 0.9999863 -0.0006659972 -0.0051917025 -0.0036288809 0.00066352814 0.99999967 -0.00047728639 -0.0014606348 0.0051920186 0.00047383501 0.99998641 0.59410021
249 0.99997121 -0.0015514198 -0.0074279935 -0.0020878863 0.0015379273 0.99999716 -0.0018218075 0.0052968528 0.0074307988 0.0018103314 0.99997075 0.59762561
250 0.999973 -0.0013806662 -0.0072173138 -0.0016362054 0.0013644316 0.99999653 -0.0022538385 0.0029624081 0.0072204005 0.0022439301 0.99997141 0.58907473
251 0.99995093 -0.0023381613 -0.0096261713 -0.010428465 0.0023310281 0.999997 -0.00075218237 0.0030823573 0.0096279011 0.00072970659 0.99995338 0.61610128
252 0.99994513 -0.00088323868 -0.010438251 -0.0057469372 0.00085859439 0.99999683 -0.0023652058 0.0068027114 0.010440307 0.0023561138 0.99994272 0.59642732
253 0.99996519 -0.00094901837 -0.0082897109 -0.0049644983 0.00092568556 0.9999956 -0.002818054 0.0040485639 0.0082923488 0.0028102823 0.99996167 0.58233419
254 0.99999114 -0.00034962346 -0.0041954848 -0.0073563203 0.00034233107 0.99999843 -0.0017387455 0.0024717664 0.0041960861 0.0017372939 0.99998969 0.58876989
255 0.99997808 -0.0021500573 -0.0062620244 -0.0088700739 0.0021462096 0.9999975 -0.00062109909 0.0026013223 0.0062633442 0.00060764586 0.9999802 0.57287056
256 0.99999048 0.0019068019 -0.0039258915 -0.014482357 -0.0019235185 0.99998908 -0.0042586916 0.0052046646 0.0039177282 0.0042662026 0.99998323 0.57390279
257 0.99998956 0.002830993 -0.0035859281 -0.01556689 -0.0028393549 0.99999326 -0.0023289161 0.0027569592 0.0035793108 0.0023390735 0.99999086 0.59743689
258 0.99998967 0.0010311131 -0.0044265679 -0.0099012689 -0.0010398495 0.99999752 -0.0019717922 7.9408854e-05 0.0044245237 0.0019763748 0.99998826 0.58439969
259 0.99999884 -8.8937705e-05 -0.0015184625 -0.0074999018 8.6458271e-05 0.99999866 -0.0016328454 0.0035160805 0.0015186057 0.0016327123 0.99999751 0.58893466
260 0.99999342 0.0003140659 -0.0036131221 -0.0081497208 -0.00032227825 0.99999737 -0.0022725635 0.0065202477 0.0036123988 0.002273713 0.99999089 0.60325931
