4 0.99988179 0.00046937201 -0.015368408 -0.20328792 -0.00056846842 0.99997907 -0.0064443192 -0.14652241 0.01536506 0.0064522932 0.99986103 4.713644
5 0.99983469 0.0010777989 -0.018150187 -0.232508 -0.0012096396 0.99997295 -0.0072544588 -0.17497065 0.018141875 0.007275214 0.99980885 6.0040631
6 0.99979064 0.0014076501 -0.020413106 -0.26214946 -0.0015709764 0.99996686 -0.007987223 -0.20093817 0.020401185 0.0080176185 0.99975962 7.3139662
7 0.99975025 0.0012523776 -0.022313177 -0.29263995 -0.0014554831 0.99995763 -0.0090885726 -0.22568835 0.022300848 0.0091187782 0.99970961 8.6362095
8 0.9997312 0.0018243333 -0.023112712 -0.32533462 -0.0020450188 0.99995251 -0.0095281915 -0.24950685 0.02309423 0.0095728953 0.99968736 9.958389
9 0.99970541 0.0025902834 -0.024132848 -0.35911683 -0.0028510894 0.99993783 -0.010778964 -0.27564329 0.024103425 0.010844593 0.99965055 11.285991
10 0.99965955 0.0032518354 -0.025888677 -0.39822438 -0.0035747416 0.99991627 -0.012436374 -0.30466061 0.025846066 0.012524684 0.99958737 12.624163
11 0.99956367 0.0046389451 -0.029171019 -0.44474195 -0.0050435666 0.99989188 -0.013812419 -0.34044705 0.029103787 0.013953517 0.9994789 13.966175
12 0.99947402 0.0048702388 -0.032062103 -0.49308897 -0.0053204769 0.99988822 -0.01397238 -0.37670681 0.031990467 0.014135615 0.99938811 15.298735
13 0.99937327 0.0042402354 -0.035143819 -0.54114321 -0.0047132279 0.99989928 -0.013386863 -0.40839184 0.035083513 0.013544112 0.9992925 16.642576
14 0.99920622 0.0037947425 -0.03965529 -0.59400473 -0.0043089691 0.99990763 -0.012889998 -0.44140228 0.039602709 0.013050638 0.99913017 17.986906
15 0.99894671 0.0026873109 -0.045806757 -0.65706112 -0.0032603127 0.99991731 -0.012438992 -0.47565538 0.045769537 0.012575233 0.99887277 19.338466
16 0.99864368 0.0036537404 -0.051937006 -0.73384183 -0.0043476575 0.9999027 -0.013254052 -0.51595952 0.05188352 0.013461878 0.9985623 20.686106
17 0.99839848 0.0044488306 -0.056397658 -0.82396239 -0.0051682674 0.99990704 -0.012617068 -0.55859665 0.056336279 0.012888339 0.99832856 22.031806
18 0.99818207 0.0047615374 -0.060082309 -0.91748125 -0.0054664867 0.99991807 -0.011574149 -0.60033403 0.06002227 0.011881546 0.99812622 23.378601
19 0.998072 0.0046480021 -0.061892454 -1.0070699 -0.005382966 0.9999169 -0.01171341 -0.64426826 0.061832861 0.01202399 0.99801398 24.71266
20 0.9979732 0.0036915341 -0.063528551 -1.0975727 -0.0044058268 0.9999286 -0.011107233 -0.68307956 0.063483006 0.011364616 0.99791811 26.063654
21 0.99788425 0.0025108429 -0.064967161 -1.1933982 -0.0031807644 0.99994281 -0.010210318 -0.72337225 0.064937803 0.010395359 0.99783506 27.426994
22 0.99770866 0.0025484159 -0.067608686 -1.2917763 -0.0032796654 0.99993729 -0.010707121 -0.76610092 0.067577154 0.01090432 0.99765436 28.800792
23 0.9974853 0.0010739291 -0.070865586 -1.3939645 -0.0018719131 0.99993557 -0.011195077 -0.80996763 0.070848991 0.011299578 0.99742295 30.171967
24 0.99715927 0.00012265565 -0.075321898 -1.5010685 -0.00099907483 0.99993223 -0.011598078 -0.85540111 0.075315364 0.011640382 0.99709172 31.535984
25 0.99681889 -0.00052394438 -0.079698366 -1.6132895 -0.00049515185 0.99991837 -0.012766613 -0.89966501 0.079698542 0.012765463 0.99673717 32.902121
26 0.99650681 -0.00071535197 -0.083508501 -1.7297205 -0.00045030394 0.99990274 -0.013938859 -0.94364617 0.083510342 0.013927771 0.99640947 34.257834
27 0.99615631 -0.00047346194 -0.087592221 -1.8593345 -0.00078839798 0.99989642 -0.014370916 -0.99025213 0.087589943 0.014384734 0.99605265 35.663496
28 0.99578542 -0.00030277225 -0.091713174 -1.9911252 -0.0011151878 0.99988064 -0.015409169 -1.0347931 0.091706884 0.015446501 0.99566613 37.060424
29 0.9955668 -0.0013421452 -0.094047563 -2.1252701 -0.00010800745 0.99988121 -0.015412566 -1.0816828 0.094057068 0.015354396 0.99544829 38.45914
30 0.99538544 -0.0018649011 -0.095939372 -2.2628808 0.00035712229 0.99987619 -0.015730724 -1.1301873 0.095956821 0.015623869 0.99526277 39.854359
31 0.99521538 -0.0025493794 -0.097672162 -2.401226 0.00096258577 0.99986684 -0.016289796 -1.179814 0.097700676 0.016117836 0.99508522 41.231596
32 0.99493191 -0.0027788894 -0.10051253 -2.5465204 0.0010395704 0.99984888 -0.017352737 -1.2309689 0.10054556 0.0171603 0.99478435 42.618621
33 0.99465943 -0.0034831229 -0.10315274 -2.6948017 0.0016950998 0.99984688 -0.017416333 -1.2836193 0.1031976 0.017148464 0.99451294 44.004509
34 0.99426476 -0.0031901269 -0.10689914 -2.8454456 0.001308785 0.9998431 -0.017664758 -1.3371496 0.10693871 0.017423537 0.99411283 45.397335
35 0.99393956 -0.0031086973 -0.10988403 -3.0007157 0.0011013068 0.99983148 -0.018324236 -1.3883736 0.10992247 0.018092165 0.99377539 46.811273
36 0.99364817 -0.0041550824 -0.11245471 -3.1584346 0.0021051934 0.99982956 -0.018341184 -1.4399627 0.11251174 0.017987943 0.99348746 48.206274
37 0.99300198 -0.0048851977 -0.11799666 -3.3265738 0.0026592481 0.99981566 -0.019014593 -1.4882427 0.11806778 0.018567744 0.99283182 49.646032
38 0.99244616 -0.0053568071 -0.12256395 -3.5033483 0.0030408642 0.99981342 -0.019075051 -1.5420212 0.12264325 0.018558259 0.99227719 51.079549
39 0.99194969 -0.0060075426 -0.12649001 -3.6861898 0.0035302646 0.99979772 -0.019799844 -1.5999776 0.12658336 0.019193904 0.99177016 52.506881
40 0.99158613 -0.0066068852 -0.12927995 -3.8776706 0.0040284013 0.99978791 -0.020196303 -1.6579539 0.12938595 0.019505581 0.99140234 53.927477
41 0.99124971 -0.008012669 -0.13175667 -4.0668203 0.0054118526 0.99978361 -0.020085797 -1.7143024 0.13188909 0.01919699 0.99107847 55.338976
42 0.99098848 -0.0090936215 -0.13363815 -4.2593814 0.0064857543 0.9997802 -0.019936784 -1.7703798 0.13379006 0.018890377 0.99082953 56.739303
43 0.99074096 -0.01034586 -0.13537108 -4.4534103 0.0076922818 0.99976816 -0.020110671 -1.8282814 0.13554774 0.018883151 0.99059075 58.124208
44 0.99038782 -0.010498575 -0.13791935 -4.6547592 0.0077298626 0.99975801 -0.020595169 -1.8878863 0.13810218 0.019331105 0.99022921 59.526338
45 0.99023836 -0.011107473 -0.13894109 -4.8589608 0.0084408313 0.99976897 -0.019767168 -1.9429905 0.13912854 0.018401428 0.99010324 60.93292
46 0.99028253 -0.012813217 -0.13847869 -5.0648033 0.010382805 0.99977937 -0.018258983 -1.9971023 0.13868208 0.016643753 0.99019698 62.340811
47 0.99026156 -0.01496478 -0.13841282 -5.2668538 0.012199525 0.99970911 -0.020805198 -2.0569612 0.13868389 0.018914015 0.99015596 63.754205
48 0.98986796 -0.015403643 -0.14115295 -5.4681327 0.012460513 0.99968663 -0.021710873 -2.115865 0.14144313 0.019732058 0.9897496 65.137981
49 0.98943473 -0.015667657 -0.14412995 -5.6766719 0.012582522 0.99967231 -0.022291961 -2.1765959 0.14443197 0.02024292 0.98930755 66.518405
50 0.98883004 -0.016124628 -0.14817274 -5.8868917 0.012868599 0.99965477 -0.022907076 -2.2359958 0.14849094 0.020744427 0.98869606 67.887693
51 0.98836287 -0.016769717 -0.15118738 -6.1025747 0.013423385 0.9996424 -0.023127222 -2.2944847 0.15152113 0.020828639 0.98823444 69.28856
52 0.98781849 -0.017292257 -0.15464677 -6.3242158 0.013911648 0.99964059 -0.022915828 -2.3553767 0.15498744 0.020485285 0.98770392 70.675667
53 0.98727084 -0.017706076 -0.15805946 -6.5476964 0.014237661 0.99963294 -0.023049235 -2.4130849 0.15840954 0.020505438 0.98716044 72.047141
54 0.98677577 -0.017977986 -0.16109122 -6.7791277 0.014386648 0.99962189 -0.023432639 -2.4743411 0.16145157 0.020805195 0.9866612 73.427005
55 0.98651739 -0.018484123 -0.16260927 -7.0167279 0.01476866 0.99960218 -0.024028334 -2.5352489 0.16298871 0.021302847 0.98639782 74.822648
56 0.98613117 -0.019141366 -0.16486035 -7.2564958 0.015194002 0.99956766 -0.025171678 -2.6008154 0.16527088 0.022317686 0.98599556 76.213169
57 0.98570067 -0.019673777 -0.16735335 -7.4931236 0.015553835 0.99954369 -0.025893558 -2.6672955 0.16778639 0.022920309 0.98555679 77.589451
58 0.98537482 -0.020882901 -0.16911646 -7.7347419 0.016881297 0.99954326 -0.025065318 -2.7310934 0.16956264 0.021843825 0.9852772 78.96258
59 0.98497461 -0.021541815 -0.17135043 -7.9770662 0.017592943 0.99954425 -0.024530984 -2.7933744 0.17180076 0.021147836 0.98490459 80.324611
60 0.98442259 -0.022032811 -0.17443257 -8.2193395 0.017969211 0.99952989 -0.024841437 -2.850629 0.17489787 0.021320054 0.98435562 81.681237
61 0.98390963 -0.022578722 -0.17723445 -8.4716249 0.018486965 0.99952384 -0.024704384 -2.9079843 0.17770783 0.021030353 0.98385845 83.040392
62 0.98360899 -0.023415282 -0.17878781 -8.7238742 0.019419007 0.99952165 -0.024069711 -2.9640806 0.17926587 0.0202033 0.98359309 84.395109
63 0.98320433 -0.023494718 -0.18098965 -8.9741833 0.019391299 0.99951398 -0.024408524 -3.0235142 0.18147514 0.02048894 0.98318196 85.725854
64 0.98301545 -0.023523993 -0.18200893 -9.2353319 0.019557693 0.99953118 -0.02355626 -3.0843884 0.18247772 0.01959649 0.98301457 87.0686
65 0.98258197 -0.022284068 -0.18448876 -9.5014743 0.018363239 0.99956831 -0.022933979 -3.1431538 0.18492016 0.019146701 0.98256691 88.411159
66 0.98163449 -0.022008127 -0.1894977 -9.7731835 0.018315833 0.99960716 -0.021214126 -3.1998978 0.18989013 0.017353707 0.98165186 89.760018
67 0.98087323 -0.021100702 -0.19350058 -10.052312 0.017460854 0.99963742 -0.020496923 -3.2552876 0.1938629 0.016726196 0.98088593 91.09649
68 0.97994405 -0.02174585 -0.19808276 -10.328504 0.018169159 0.99963773 -0.019856412 -3.3080715 0.19844277 0.015859174 0.97998405 92.421516
69 0.9792119 -0.022260615 -0.20161478 -10.609147 0.018496802 0.99961805 -0.020533329 -3.3617873 0.20199484 0.01637725 0.97924954 93.740931
70 0.978692 -0.022138733 -0.20413687 -10.895945 0.018284989 0.99961756 -0.020745365 -3.4148803 0.20451806 0.016570681 0.97872242 95.06365
71 0.9780203 -0.021971246 -0.20734892 -11.187874 0.018136917 0.99962787 -0.020375302 -3.4699392 0.20771941 0.016166787 0.97805474 96.387235
72 0.97751079 -0.021777741 -0.20975792 -11.481404 0.018085713 0.99964619 -0.019503699 -3.5230704 0.21010843 0.015271453 0.97755871 97.702512
73 0.97723219 -0.022084544 -0.21102022 -11.76629 0.018368208 0.99964003 -0.019555422 -3.5754684 0.21137611 0.015234122 0.97728596 98.995791
74 0.97686789 -0.022830262 -0.21262152 -12.053544 0.019146058 0.99962903 -0.019370676 -3.6245766 0.21298486 0.014851726 0.97694251 100.30276
75 0.97642612 -0.024336784 -0.21447556 -12.341974 0.020637281 0.99959739 -0.019471709 -3.6790658 0.21486307 0.014586491 0.97653514 101.60831
76 0.97633136 -0.026067875 -0.21470342 -12.62943 0.022077283 0.99953644 -0.020964026 -3.7369418 0.21515036 0.015727766 0.97645417 102.90442
77 0.97599163 -0.026725598 -0.21616218 -12.920578 0.022357637 0.99949393 -0.022627484 -3.8009601 0.2166575 0.017251358 0.97609514 104.19656
78 0.97560857 -0.02657092 -0.21790347 -13.213054 0.021693696 0.99945839 -0.024744778 -3.867056 0.21844292 0.019414084 0.97565649 105.48153
79 0.97530053 -0.026972337 -0.21922907 -13.512286 0.022158274 0.99945695 -0.024388705 -3.9306647 0.21976781 0.018928578 0.97536845 106.77966
80 0.9747379 -0.028258416 -0.22155696 -13.817163 0.023646575 0.99944552 -0.02344108 -3.9922096 0.2220965 0.017609844 0.97486555 108.09159
81 0.97359028 -0.029848644 -0.22634271 -14.12113 0.025166614 0.99940598 -0.023543689 -4.0507487 0.22691099 0.017225626 0.97376305 109.37866
82 0.97300878 -0.030689192 -0.22871836 -14.438053 0.025808076 0.99937146 -0.024302456 -4.1112285 0.2293204 0.01774372 0.97318914 110.67893
83 0.97235686 -0.031642596 -0.23134583 -14.752029 0.026486089 0.9993274 -0.025361958 -4.1717235 0.23199272 0.018533425 0.97254084 111.96726
84 0.97174744 -0.031832326 -0.23386668 -15.06527 0.026250275 0.99929223 -0.026943376 -4.2335202 0.2345588 0.02004309 0.97189518 113.23985
85 0.97122367 -0.031922412 -0.23602022 -15.381694 0.02614346 0.99927781 -0.027574803 -4.2938096 0.23673 0.020610914 0.97135673 114.52734
86 0.97032933 -0.033084237 -0.2395129 -15.695036 0.027092344 0.99923318 -0.028267251 -4.3564875 0.24026441 0.020939575 0.9704815 115.80716
87 0.96933672 -0.035172672 -0.24320611 -16.006442 0.029475125 0.99920004 -0.027027339 -4.4175964 0.24396216 0.01903006 0.96959791 117.07717
88 0.96848442 -0.036271786 -0.24641895 -16.339162 0.030823318 0.99918836 -0.025933245 -4.4824568 0.24715957 0.017520493 0.96881628 118.37279
89 0.96733186 -0.037161086 -0.25077508 -16.685165 0.031898921 0.99917795 -0.025017223 -4.5463938 0.25149857 0.0162005 0.96772197 119.68068
90 0.96584214 -0.037013738 -0.25647407 -17.036661 0.031557761 0.99918021 -0.025357643 -4.6083864 0.25720237 0.016397731 0.96621832 120.97925
91 0.96468571 -0.036363313 -0.26088159 -17.402495 0.030927948 0.99921113 -0.024911217 -4.6710957 0.26158161 0.015962961 0.96504924 122.28094
92 0.96365513 -0.035474139 -0.26478365 -17.773408 0.029890835 0.99923829 -0.025087126 -4.7330942 0.26547188 0.016260732 0.96398136 123.57271
93 0.96262679 -0.03419162 -0.26866448 -18.153674 0.028719861 0.99929277 -0.02427165 -4.7948948 0.26930434 0.015648532 0.96292787 124.8764
94 0.96164429 -0.032834032 -0.27232737 -18.540605 0.027473733 0.99934686 -0.023474057 -4.8578053 0.27292023 0.015091842 0.96191818 126.18301
95 0.96074828 -0.032071635 -0.27556155 -18.925331 0.026730598 0.99937533 -0.02311725 -4.9193909 0.27613079 0.014843932 0.96100533 127.47379
96 0.96017295 -0.031725061 -0.27759942 -19.314645 0.02701406 0.99941904 -0.020779802 -4.983126 0.27809736 0.012453116 0.96047206 128.75882
97 0.9593251 -0.031130747 -0.28058195 -19.707819 0.026521252 0.9994439 -0.020211324 -5.0436329 0.28105509 0.011947844 0.95961715 130.04564
98 0.95809734 -0.030508186 -0.28481354 -20.102218 0.026020834 0.99947066 -0.01952697 -5.1048614 0.28525848 0.011297651 0.95838393 131.32042
99 0.95695119 -0.030352253 -0.28865753 -20.504137 0.026036622 0.99948457 -0.018779459 -5.1648186 0.28907872 0.010455357 0.95724812 132.60366
100 0.95600045 -0.031438406 -0.29167582 -20.904325 0.027466167 0.99946593 -0.01770441 -5.2213753 0.29207661 0.0089142063 0.95635327 133.88875
101 0.95543235 -0.03163129 -0.29351063 -21.313263 0.027747162 0.99946371 -0.017388775 -5.2775977 0.29390322 0.0084697108 0.95579755 135.16741
102 0.95464766 -0.031231406 -0.29609535 -21.726554 0.027296912 0.99947568 -0.017413637 -5.3332204 0.29648392 0.0085413978 0.95499954 136.44611
103 0.95362525 -0.030752249 -0.29942143 -22.141119 0.026863987 0.99949292 -0.017094564 -5.3881044 0.29979527 0.0082581534 0.95396771 137.72094
104 0.95264222 -0.030394711 -0.30257059 -22.559809 0.026560216 0.99950635 -0.016780622 -5.4423099 0.30293124 0.0079495882 0.95297915 138.99122
105 0.95131013 -0.030837485 -0.3066889 -22.974507 0.026923594 0.99949318 -0.016985184 -5.4937891 0.30705722 0.0079010093 0.95165815 140.26167
106 0.95030247 -0.031401608 -0.30974047 -23.389072 0.027298974 0.99947285 -0.01757204 -5.5460318 0.31012895 0.0082431554 0.95065865 141.51847
107 0.94929518 -0.0319495 -0.31275854 -23.81712 0.02730494 0.99944235 -0.019220052 -5.6008528 0.31319817 0.0097056484 0.94963809 142.79991
108 0.94786725 -0.032518237 -0.31700196 -24.249788 0.027820994 0.99942592 -0.019334138 -5.6618102 0.31744866 0.0095068856 0.9482277 144.07164
109 0.94638748 -0.03388277 -0.32125177 -24.686468 0.029132537 0.9993837 -0.019583454 -5.7233517 0.32171729 0.0091746561 0.94679121 145.33814
110 0.94490124 -0.035464636 -0.32542882 -25.133999 0.03081184 0.99933609 -0.019441872 -5.7857633 0.32590224 0.0083435875 0.94536655 146.60804
111 0.94361948 -0.036452981 -0.32901893 -25.587519 0.031192122 0.99928736 -0.021255642 -5.8482535 0.32955926 0.0097944377 0.94408398 147.8882
112 0.94238772 -0.03612502 -0.33256633 -26.042819 0.030159338 0.99927849 -0.023084614 -5.9138345 0.33316028 0.011724676 0.9427972 149.15158
113 0.94136675 -0.036478625 -0.33540716 -26.501272 0.030081809 0.99925324 -0.024249243 -5.9774785 0.33604124 0.012737775 0.94176102 150.41329
114 0.94001355 -0.037535089 -0.33906585 -26.960078 0.030754208 0.99920541 -0.025351689 -6.0396481 0.33974797 0.013403228 0.9404209 151.683
115 0.93892353 -0.03835415 -0.34198183 -27.415916 0.031590736 0.99917994 -0.025327112 -6.102489 0.34267275 0.012976763 0.9393651 152.93448
116 0.93819162 -0.040227621 -0.34377061 -27.879392 0.033929687 0.99912831 -0.02431856 -6.1622999 0.34444919 0.011151439 0.93873862 154.20152
117 0.93668758 -0.041138436 -0.3477413 -28.346136 0.03497345 0.99910026 -0.023989747 -6.224156 0.34841529 0.010309184 0.93728347 155.4648
118 0.93564922 -0.042197453 -0.35039966 -28.820524 0.035762395 0.99905209 -0.024818507 -6.2860068 0.35111476 0.010690284 0.93627129 156.72386
119 0.93522247 -0.042082628 -0.35155084 -29.300908 0.035360956 0.99904866 -0.025521863 -6.3461138 0.35229039 0.011437444 0.93582074 157.98218
120 0.93363658 -0.041497952 -0.35580988 -29.791419 0.034488293 0.99906621 -0.026024204 -6.4089979 0.35655754 0.012025872 0.93419585 159.24627
121 0.93231249 -0.041080177 -0.35931302 -30.279967 0.033727252 0.99907405 -0.026711528 -6.4714069 0.3600776 0.012784849 0.93283464 160.49746
122 0.93178061 -0.041343794 -0.36065995 -30.766217 0.034104411 0.99906908 -0.026416788 -6.5346756 0.36141634 0.012314554 0.93232311 161.74151
123 0.93094349 -0.042192388 -0.36271757 -31.257763 0.034918151 0.99903636 -0.026590674 -6.5982958 0.36348993 0.012088987 0.93151958 163.00837
124 0.93021872 -0.0434107 -0.36442922 -31.750916 0.035942906 0.99898217 -0.027252896 -6.6654477 0.36524132 0.012252508 0.93083213 164.27726
125 0.92934436 -0.045085344 -0.36645105 -32.246497 0.036893218 0.99888864 -0.029331976 -6.7356638 0.3673662 0.013739947 0.92997478 165.55283
126 0.92813864 -0.046734237 -0.36928929 -32.741977 0.037770913 0.9987908 -0.031468776 -6.8034978 0.37031338 0.015258992 0.92878144 166.82954
127 0.92695317 -0.047788071 -0.37212113 -33.248955 0.038050277 0.99871505 -0.033472546 -6.8757009 0.37324252 0.016868169 0.92758033 168.10856
128 0.92573834 -0.048510461 -0.37504036 -33.757652 0.038442193 0.99867244 -0.034286039 -6.9454256 0.37620566 0.017322526 0.92637413 169.37236
129 0.92442225 -0.04845541 -0.37827978 -34.271482 0.038316449 0.99867718 -0.034288733 -7.0141992 0.37944082 0.017202929 0.92505595 170.62982
130 0.92381845 -0.047978455 -0.37981253 -34.798198 0.038257019 0.99871934 -0.033107045 -7.0838859 0.3809145 0.016054402 0.92447076 171.89625
131 0.92305496 -0.048653595 -0.38157879 -35.323165 0.039764612 0.99872337 -0.031150999 -7.1484351 0.38260723 0.01358075 0.92381116 173.15307
132 0.9220001 -0.050207421 -0.38392061 -35.846735 0.041163842 0.99864807 -0.03174218 -7.2169028 0.38499523 0.013462644 0.92282025 174.40447
133 0.92003822 -0.051311465 -0.3884544 -36.384122 0.040703008 0.99854061 -0.035495179 -7.2894649 0.38970876 0.016845657 0.92078396 175.68666
134 0.91884735 -0.052910765 -0.39104987 -36.926218 0.041400742 0.99842685 -0.037812484 -7.3617507 0.39243534 0.018554144 0.91959233 176.95866
135 0.91693344 -0.053847819 -0.3953903 -37.479571 0.041680001 0.99835751 -0.039306953 -7.4394201 0.39685743 0.019561989 0.91767168 178.24466
136 0.91410032 -0.053601683 -0.40192969 -38.047132 0.041189481 0.99837155 -0.039467296 -7.5180693 0.40339064 0.019521791 0.91481948 179.54047
137 0.91258769 -0.054635076 -0.40521441 -38.613612 0.042323534 0.9983312 -0.039287756 -7.6014297 0.40668463 0.018703416 0.91337702 180.82117
138 0.91061789 -0.055558009 -0.40949771 -39.188996 0.042884426 0.99827594 -0.040075676 -7.6845846 0.4110182 0.018932551 0.91143041 182.10539
139 0.90899187 -0.056568963 -0.41295731 -39.762003 0.04368105 0.99822056 -0.040591561 -7.7647567 0.41451865 0.018858989 0.90984527 183.37949
140 0.90730247 -0.057633294 -0.41651006 -40.348952 0.044823901 0.99817453 -0.040477411 -7.8498828 0.41808254 0.018055647 0.90822947 184.658
141 0.90536057 -0.058206347 -0.42063554 -40.937769 0.045071292 0.99813755 -0.041109625 -7.9343961 0.42224493 0.018260445 0.90629773 185.91999
142 0.90422959 -0.059038856 -0.42294594 -41.525707 0.045702221 0.99808794 -0.041614467 -8.0188633 0.42459407 0.018299462 0.90519876 187.17076
143 0.90280411 -0.06023286 -0.42581304 -42.117218 0.046686382 0.99801824 -0.042189491 -8.1056128 0.42751034 0.018209173 0.90382694 188.42724
144 0.90205497 -0.061419334 -0.42722886 -42.723259 0.047944307 0.99795654 -0.042238312 -8.1993216 0.42895004 0.017618086 0.90315627 189.70508
145 0.89983148 -0.061382388 -0.43189757 -43.336932 0.047180527 0.99793736 -0.043531743 -8.2995367 0.43367876 0.018794076 0.90087142 190.99006
146 0.89772785 -0.061372214 -0.4362547 -43.957366 0.046692627 0.99792634 -0.044303653 -8.4029291 0.43806902 0.019402744 0.89873181 192.26451
147 0.89615279 -0.06118621 -0.43950703 -44.585446 0.04624875 0.99793261 -0.044626744 -8.5069183 0.44132889 0.019665729 0.89712979 193.52876
148 0.8953841 -0.058991183 -0.44136988 -45.224432 0.044191345 0.99806476 -0.043747419 -8.6020959 0.44309639 0.019666012 0.89625813 194.79684
149 0.89425663 -0.056268506 -0.4440033 -45.876684 0.041700602 0.99822511 -0.042516791 -8.6933275 0.44560756 0.019505715 0.89501577 196.06925
150 0.89302703 -0.054481339 -0.44669287 -46.529853 0.040435302 0.99834365 -0.04092584 -8.781622 0.44818264 0.018485718 0.89375074 197.33945
151 0.89150271 -0.053477299 -0.44984786 -47.190106 0.040044934 0.9984235 -0.039330686 -8.8685106 0.45124193 0.017049283 0.89223866 198.62048
152 0.89017203 -0.054009857 -0.45241209 -47.842282 0.040728792 0.99840673 -0.039053273 -8.9564 0.45380049 0.016337932 0.89095341 199.88683
153 0.888254 -0.05499486 -0.45604868 -48.500895 0.041098117 0.99834034 -0.040342228 -9.0445694 0.45751036 0.017091402 0.8890399 201.16792
154 0.88601753 -0.056084744 -0.46024715 -49.161483 0.041243246 0.99825551 -0.042248314 -9.1331232 0.46181369 0.018450659 0.88678491 202.43495
155 0.88361269 -0.057220142 -0.46470903 -49.844383 0.041612271 0.99817404 -0.043783375 -9.2251955 0.46636573 0.019349946 0.88438022 203.72925
156 0.88141363 -0.05804494 -0.4687652 -50.542034 0.042067151 0.99812353 -0.044494474 -9.3230286 0.4704682 0.019498417 0.88220138 205.03742
157 0.87906947 -0.058668693 -0.47306962 -51.241841 0.042114498 0.99807528 -0.045520158 -9.4198319 0.47482965 0.020092289 0.87984822 206.33788
158 0.87756639 -0.059521238 -0.47574621 -51.965114 0.04260294 0.99801971 -0.046277741 -9.5204385 0.47755855 0.020343601 0.87836425 207.66655
159 0.87604476 -0.060414511 -0.47843043 -52.673737 0.043320179 0.99796929 -0.046697304 -9.6187515 0.48028002 0.020183235 0.87688285 208.95897
160 0.8739971 -0.061062927 -0.48207923 -53.379487 0.044051211 0.99794456 -0.046541696 -9.7175609 0.48393027 0.019441131 0.87489046 210.22978
161 0.87236276 -0.061397053 -0.48498828 -54.10444 0.044176298 0.99792363 -0.04687085 -9.8181916 0.48685895 0.019463395 0.87326361 211.52457
162 0.8707192 -0.061516254 -0.48791785 -54.825128 0.044220313 0.99792016 -0.046903048 -9.9179605 0.48978832 0.019263502 0.87162843 212.80273
163 0.86888418 -0.062151135 -0.49109828 -55.546362 0.044228151 0.99786602 -0.0480339 -10.019937 0.4930356 0.020015525 0.86977875 214.07229
164 0.86854635 -0.062211927 -0.49168783 -56.286259 0.044241234 0.99786195 -0.048106441 -10.121433 0.49362932 0.020029796 0.8694416 215.36369
165 0.86769992 -0.06312962 -0.49306339 -57.012512 0.045459414 0.99782399 -0.047756778 -10.218579 0.4950053 0.019024178 0.86868154 216.63561
166 0.86625032 -0.064028449 -0.49549041 -57.756911 0.046667735 0.99778765 -0.047348757 -10.317347 0.49742583 0.017892458 0.86732185 217.93172
167 0.86541895 -0.064557977 -0.49687254 -58.508501 0.047221621 0.99775963 -0.047390136 -10.417277 0.49881872 0.017549193 0.86652853 219.22637
168 0.86356684 -0.064807815 -0.50005226 -59.258927 0.047077462 0.99773689 -0.048008208 -10.521016 0.50203185 0.017917103 0.8646634 220.51326
169 0.86224835 -0.065275629 -0.50226176 -60.01119 0.04739057 0.99770757 -0.048308572 -10.623359 0.50426368 0.017851514 0.86336508 221.79438
170 0.86078953 -0.065902858 -0.50467634 -60.765768 0.048063101 0.99767566 -0.048303161 -10.725177 0.50668657 0.017322543 0.86195617 223.07404
171 0.85890253 -0.066671943 -0.50778076 -61.523861 0.048678907 0.99762896 -0.048649785 -10.827434 0.50982032 0.017067209 0.86011147 224.35923
172 0.85793666 -0.067972971 -0.50923901 -62.290749 0.04952984 0.99753504 -0.049705452 -10.93292 0.51136233 0.017421601 0.85918848 225.65204
173 0.85671044 -0.069425716 -0.51110401 -63.057626 0.050520076 0.99743002 -0.050804174 -11.040124 0.51331754 0.017703451 0.85801601 226.93855
174 0.85469479 -0.070641146 -0.51430209 -63.828678 0.051072708 0.9973344 -0.052111916 -11.151558 0.51661237 0.01827298 0.85602427 228.22081
175 0.85168865 -0.071436232 -0.51915634 -64.624335 0.051598604 0.99728287 -0.052577967 -11.267204 0.52150165 0.017992313 0.85306043 229.52711
176 0.84929528 -0.071942916 -0.52299307 -65.418776 0.051704514 0.99724348 -0.053217157 -11.381029 0.52537998 0.018155975 0.85067387 230.81552
177 0.84762065 -0.072599323 -0.52561257 -66.22473 0.051947025 0.99719076 -0.053963705 -11.497167 0.52805368 0.018436739 0.84901071 232.11211
178 0.84601318 -0.072766713 -0.528173 -67.040815 0.052145875 0.99718615 -0.053857089 -11.611962 0.53060575 0.018021762 0.84742702 233.41328
179 0.84523402 -0.073454107 -0.52932405 -67.851401 0.052786455 0.99714024 -0.054082444 -11.723833 0.53178284 0.01777118 0.84669416 234.7039
180 0.84368007 -0.074034896 -0.53171682 -68.661314 0.052928692 0.99709078 -0.054849928 -11.837326 0.5342307 0.018132713 0.84514411 235.98918
181 0.8400388 -0.074415893 -0.53739845 -69.481771 0.052623565 0.9970538 -0.055807404 -11.951964 0.53996807 0.018600561 0.84147982 237.2804
182 0.83699352 -0.07453038 -0.54211353 -70.31897 0.052421265 0.99704582 -0.056139431 -12.066942 0.54469607 0.018570061 0.83842778 238.57902
183 0.83421661 -0.074297635 -0.54640874 -71.169132 0.051941873 0.99706331 -0.056274124 -12.184216 0.54898509 0.018563314 0.83562586 239.88066
184 0.8322084 -0.074622369 -0.5494185 -72.022061 0.05228732 0.99704833 -0.056219733 -12.305061 0.55199199 0.018058911 0.83365371 241.16898
185 0.82999039 -0.075084606 -0.55270088 -72.874943 0.052190919 0.99700516 -0.057068442 -12.425559 0.55533053 0.018520289 0.83142335 242.44175
186 0.82757037 -0.075830786 -0.55621666 -73.732235 0.053119655 0.99696658 -0.056885218 -12.546408 0.55884302 0.017530482 0.82908803 243.72419
187 0.82481381 -0.077126206 -0.56011939 -74.608707 0.053537717 0.99685516 -0.058425059 -12.67391 0.56286396 0.01820228 0.82634898 245.02203
188 0.82361935 -0.077786032 -0.56178333 -75.485061 0.053923359 0.99680264 -0.058964014 -12.798087 0.56457362 0.018270657 0.82518034 246.30705
189 0.8226554 -0.078781742 -0.56305553 -76.360896 0.054575352 0.99672203 -0.059721976 -12.921323 0.5659148 0.018401651 0.82425822 247.58685
190 0.82220457 -0.079718163 -0.563582 -77.242842 0.05503943 0.99663882 -0.060677142 -13.048116 0.56652471 0.018869789 0.82382855 248.8626
191 0.82131255 -0.080808233 -0.56472625 -78.123747 0.056185934 0.99656207 -0.060886506 -13.177426 0.56770484 0.018277177 0.82302913 250.1361
192 0.81958545 -0.081484601 -0.56713311 -79.006415 0.05647392 0.99650422 -0.06156323 -13.308002 0.57016693 0.018428096 0.82132203 251.40847
193 0.81895389 -0.082394344 -0.56791347 -79.874705 0.057130321 0.99642849 -0.0621802 -13.433545 0.5710084 0.018477635 0.82073612 252.65824
194 0.8170443 -0.083216339 -0.57053805 -80.756688 0.057349753 0.996352 -0.06319557 -13.562451 0.57371557 0.018913362 0.81883608 253.91939
195 0.81426026 -0.083017911 -0.57453309 -81.645262 0.057309523 0.99638239 -0.062751334 -13.693761 0.57766408 0.018169698 0.81607222 255.17553
196 0.81159741 -0.083578858 -0.57820777 -82.538883 0.057299828 0.99632984 -0.063589111 -13.826949 0.5814003 0.018477551 0.81340769 256.42789
197 0.80913027 -0.084217804 -0.58156305 -83.440365 0.057176216 0.99626396 -0.064722399 -13.961895 0.58484103 0.019117275 0.8109225 257.67713
198 0.80551784 -0.083680628 -0.58663325 -84.353259 0.056148095 0.99630305 -0.065020133 -14.098102 0.58990536 0.019436535 0.8072383 258.93397
199 0.80316903 -0.083509588 -0.58986919 -85.271667 0.055459722 0.9963078 -0.065536094 -14.235363 0.5931641 0.019922578 0.80483491 260.18327
200 0.80165912 -0.083220588 -0.5919603 -86.199976 0.054909828 0.996327 -0.065707032 -14.373343 0.59525415 0.020170201 0.80328417 261.43073
201 0.79990818 -0.084326465 -0.5941683 -87.104491 0.055544426 0.99623178 -0.066611201 -14.50679 0.59754637 0.020280105 0.80157773 262.64374
202 0.79825416 -0.084935348 -0.59630218 -88.036998 0.055938598 0.99618301 -0.067009534 -14.642729 0.59971751 0.02013433 0.79995832 263.89146
203 0.79613381 -0.085609718 -0.59903417 -88.965814 0.056838009 0.99614465 -0.066822568 -14.777119 0.60244529 0.019151794 0.79793025 265.12859
204 0.79458477 -0.087037588 -0.60088227 -89.907789 0.057619615 0.99601471 -0.068078309 -14.919697 0.6044129 0.019471381 0.79643312 266.37476
205 0.79166492 -0.087878333 -0.6046024 -90.854959 0.057591109 0.9959288 -0.069347562 -15.064642 0.60823502 0.020080308 0.79350282 267.61252
206 0.78941281 -0.088372495 -0.60746829 -91.800889 0.058289277 0.99590309 -0.069133056 -15.206965 0.61108895 0.019165631 0.79132975 268.8474
207 0.78763027 -0.088976289 -0.6096899 -92.759012 0.058556926 0.99584898 -0.069684176 -15.352794 0.61335925 0.019183798 0.7895709 270.08683
208 0.78531765 -0.089189052 -0.61263489 -93.713876 0.058611354 0.99583456 -0.069844226 -15.493851 0.61631228 0.01894254 0.78727387 271.31501
209 0.78368099 -0.090336899 -0.61455948 -94.671707 0.05876613 0.99571321 -0.071426357 -15.637674 0.61837737 0.019860193 0.78563019 272.53667
210 0.78285799 -0.09075936 -0.61554538 -95.643029 0.058837375 0.99566937 -0.07197683 -15.781502 0.61941219 0.02013056 0.78480768 273.7715
211 0.78067469 -0.091513663 -0.61820085 -96.621684 0.059136536 0.99559894 -0.072702116 -15.929228 0.62213329 0.020198443 0.78265062 275.00952
212 0.77885 -0.092142929 -0.620405 -97.615257 0.059838161 0.99555425 -0.072740118 -16.077962 0.62434925 0.019529745 0.78090101 276.26015
213 0.77637617 -0.093493517 -0.62329689 -98.603746 0.060319982 0.99541914 -0.074176914 -16.229881 0.62737665 0.019991929 0.77845915 277.4963
214 0.77497347 -0.095090157 -0.62479916 -99.598489 0.060587323 0.99524096 -0.076319006 -16.386766 0.62908284 0.021290295 0.77704652 278.73234
215 0.77319681 -0.096095497 -0.62684317 -100.59858 0.060795622 0.99513197 -0.077564411 -16.544993 0.6312452 0.021863233 0.77527497 279.97113
216 0.7711606 -0.096665302 -0.62925921 -101.60387 0.06096451 0.99507591 -0.078148853 -16.700307 0.63371491 0.021902835 0.77325641 281.20895
217 0.76961363 -0.097160916 -0.63107418 -102.60615 0.061589576 0.99504223 -0.078087551 -16.852305 0.63553246 0.02122965 0.77178209 282.43292
218 0.76665972 -0.096971614 -0.63468842 -103.62984 0.060236778 0.99503193 -0.079265258 -17.007542 0.63922165 0.022537893 0.76869208 283.66985
219 0.7638008 -0.097268111 -0.63808092 -104.64788 0.060012717 0.99499957 -0.079839352 -17.167424 0.642656 0.022688388 0.76581871 284.89157
220 0.76145143 -0.098499536 -0.64069459 -105.67759 0.060501098 0.99487242 -0.08104614 -17.334764 0.64539232 0.02294997 0.76350628 286.11816
221 0.75846827 -0.099591235 -0.64405549 -106.71418 0.060447671 0.99474512 -0.082633027 -17.508185 0.64890052 0.023742872 0.76050259 287.33834
222 0.75606361 -0.10180184 -0.64653245 -107.76655 0.06115838 0.99449604 -0.085072144 -17.688213 0.6516344 0.024779073 0.75812822 288.56394
223 0.75474593 -0.10378229 -0.64775599 -108.81496 0.062215935 0.99428027 -0.086809638 -17.870956 0.65306024 0.025218474 0.75688582 289.77179
224 0.75084623 -0.10432952 -0.65218502 -109.87524 0.061825934 0.99421194 -0.087864467 -18.05125 0.65757692 0.025650753 0.75295048 290.98903
225 0.74780171 -0.10497659 -0.65557038 -110.93639 0.061826261 0.99414063 -0.088667389 -18.230083 0.66103709 0.025774157 0.7499103 292.20273
226 0.74558949 -0.1062867 -0.65787496 -111.99745 0.061823724 0.99397378 -0.090520351 -18.410417 0.6635315 0.026818739 0.74766737 293.40971
227 0.74437596 -0.10736763 -0.65907255 -113.07073 0.061982194 0.99383742 -0.091898703 -18.595043 0.66487784 0.02755642 0.7464435 294.62078
228 0.74387741 -0.10929807 -0.65931808 -114.13985 0.062831661 0.99360414 -0.093824159 -18.78505 0.66535591 0.028367619 0.74598698 295.82628
229 0.7440613 -0.1108861 -0.65884525 -115.21145 0.06390862 0.99342162 -0.095021893 -18.977719 0.66504765 0.02859622 0.74625309 297.03484
230 0.74435508 -0.11234827 -0.65826544 -116.28422 0.065090522 0.99325862 -0.095919398 -19.173449 0.66460414 0.028551246 0.74664982 298.24059
231 0.7444685 -0.11329632 -0.65797462 -117.35351 0.065567792 0.99313972 -0.096821245 -19.367561 0.66443016 0.02893842 0.74678975 299.45077
232 0.74504063 -0.11393709 -0.65721595 -118.43391 0.066468354 0.99308065 -0.096813069 -19.561556 0.66369897 0.028445605 0.74745857 300.67359
233 0.74607756 -0.11534385 -0.65579271 -119.50247 0.067938187 0.99292873 -0.097349458 -19.753248 0.66238403 0.028076874 0.74863802 301.88403
234 0.74626901 -0.1173747 -0.65521427 -120.56795 0.069552307 0.99269233 -0.098612364 -19.949122 0.66200072 0.028019684 0.74897913 303.08842
235 0.74507326 -0.11767025 -0.65652079 -121.64067 0.068670034 0.9926172 -0.099977502 -20.146208 0.66343815 0.029407255 0.74765288 304.30038
236 0.74456384 -0.11768892 -0.65709513 -122.71081 0.068394022 0.99260552 -0.10028221 -20.341016 0.66403829 0.029725125 0.74710733 305.50735
237 0.742721 -0.11812139 -0.65910004 -123.78039 0.068925893 0.99257552 -0.10021498 -20.537125 0.66604403 0.029002708 0.74534823 306.70593
238 0.74094123 -0.11895519 -0.66095065 -124.84189 0.068099402 0.99242283 -0.10227116 -20.730458 0.66810813 0.030766575 0.7434277 307.88916
239 0.7380932 -0.11838235 -0.66423193 -125.91683 0.067379957 0.9924983 -0.10201495 -20.927764 0.67132576 0.030540622 0.74053277 309.0845
240 0.73643462 -0.11947865 -0.66587455 -126.99441 0.067180969 0.99233137 -0.10375531 -21.13145 0.67316468 0.031674903 0.73881379 310.27967
241 0.73419277 -0.12068467 -0.66812887 -128.07374 0.06694355 0.99214753 -0.10564957 -21.337002 0.67563262 0.032840231 0.73650653 311.46354
242 0.73087514 -0.12126473 -0.67165199 -129.15579 0.066686264 0.9920687 -0.10654865 -21.545223 0.67924545 0.033083794 0.73316497 312.64535
243 0.72854227 -0.1216783 -0.67410723 -130.24853 0.065980483 0.99198637 -0.10774791 -21.755239 0.6818157 0.034020985 0.73073232 313.8272
244 0.72663312 -0.12257203 -0.67600327 -131.33167 0.066243494 0.99187153 -0.10864 -21.96495 0.68382455 0.034160598 0.72884623 314.98958
245 0.72421431 -0.12317291 -0.67848513 -132.41179 0.066210601 0.99179262 -0.10937795 -22.175819 0.68638888 0.034290166 0.72642569 316.14499
246 0.72270344 -0.12420347 -0.67990679 -133.49598 0.067187717 0.99168672 -0.10974172 -22.387013 0.68788476 0.033629328 0.72504028 317.29903
247 0.72206895 -0.12511836 -0.68041299 -134.58363 0.067842419 0.99157565 -0.11034094 -22.601704 0.68848656 0.033512902 0.72447425 318.45285
248 0.71968982 -0.12594299 -0.68277737 -135.67922 0.068333412 0.99148421 -0.11085843 -22.8169 0.69092475 0.033127172 0.72216714 319.60825
249 0.71705557 -0.12662015 -0.6854186 -136.77081 0.068691558 0.99141164 -0.11128531 -23.032218 0.69362287 0.032715277 0.7195949 320.75515
250 0.71540769 -0.12788321 -0.68690445 -137.86176 0.068615194 0.99121438 -0.11307517 -23.249236 0.69532992 0.033762762 0.71789705 321.891
251 0.7143182 -0.12886803 -0.68785358 -138.94727 0.068683809 0.99106366 -0.11434748 -23.467368 0.69644235 0.034436082 0.71678588 323.01675
252 0.71309665 -0.1296438 -0.68897436 -140.04372 0.068942849 0.99095727 -0.11511103 -23.688436 0.69766751 0.034585434 0.71558625 324.15399
253 0.71188272 -0.13037478 -0.69009087 -141.14086 0.068707183 0.990833 -0.11631538 -23.908706 0.69892934 0.035388706 0.71431451 325.28464
254 0.70940134 -0.13036037 -0.69264415 -142.25092 0.068103442 0.99082602 -0.11672917 -24.130701 0.70150664 0.035636375 0.71177122 326.42019
255 0.70732869 -0.13072386 -0.69469231 -143.36815 0.067632964 0.99075848 -0.11757297 -24.355432 0.70364182 0.036178635 0.70963307 327.55528
256 0.70594651 -0.13162021 -0.6959279 -144.4842 0.067866193 0.99063042 -0.11851384 -24.581584 0.7050061 0.03643445 0.70826458 328.68741
257 0.7059565 -0.13293806 -0.69566723 -145.60053 0.068717893 0.99044901 -0.11953492 -24.810558 0.70491359 0.036581662 0.70834907 329.82092
258 0.70623946 -0.13364242 -0.69524494 -146.74718 0.068740946 0.99032608 -0.12053595 -25.045076 0.70462785 0.037335444 0.708594 330.97885
259 0.70403248 -0.13307445 -0.69758832 -147.88472 0.068248551 0.99041835 -0.12005675 -25.278919 0.70688069 0.036914452 0.70636875 332.1199
260 0.70184712 -0.13044628 -0.70028166 -149.00129 0.066274265 0.99078314 -0.11813756 -25.50441 0.70923779 0.036503853 0.70402345 333.22596
261 0.70075806 -0.12963796 -0.70152131 -150.12805 0.065345136 0.99088073 -0.11783623 -25.727727 0.71039993 0.036733676 0.70283879 334.34107
262 0.69965579 -0.1301337 -0.702529 -151.26932 0.065905936 0.99083575 -0.11790211 -25.951404 0.71143382 0.036190057 0.70182049 335.475
263 0.69688788 -0.13039942 -0.70522569 -152.4121 0.064927342 0.99076465 -0.11903715 -26.178879 0.71423499 0.037167116 0.69891829 336.60165
264 0.69379702 -0.13020326 -0.70830277 -153.56247 0.063919681 0.99077235 -0.1195174 -26.407802 0.71732829 0.037646327 0.69571738 337.73088
265 0.69002998 -0.13025892 -0.71196295 -154.71808 0.063648432 0.99078187 -0.11958325 -26.639878 0.7209767 0.037200699 0.6919599 338.85404
266 0.68781057 -0.13118643 -0.7139375 -155.86514 0.06386246 0.99065601 -0.12050823 -26.869508 0.72307545 0.037293028 0.6897615 339.95746
267 0.68560645 -0.13167989 -0.71596383 -157.03041 0.063705618 0.99058374 -0.12118346 -27.103461 0.72517948 0.037473243 0.68753928 341.07448
268 0.68613847 -0.13200498 -0.71539408 -158.20004 0.063748309 0.99052612 -0.12163116 -27.336211 0.72467237 0.037850654 0.68805311 342.2002
