4 0.99997351 -0.0015940087 -0.0071015583 -0.0051586046 0.0015809529 0.99999705 -0.0018436728 -0.027099579 0.0071044762 0.0018323968 0.99997308 1.2812216
5 0.99999594 0.00062100267 -0.002781791 -0.009373086 -0.00062326304 0.99999948 -0.00081176496 -0.020135201 0.0027812854 0.00081349545 0.9999958 1.2908725
6 0.99999738 0.0003432726 -0.0022625523 -0.0058410495 -0.00034493759 0.99999967 -0.00073554153 -0.016468937 0.002262299 0.00073632004 0.99999717 1.3103794
7 0.99999819 -0.00013276049 -0.0018989631 -0.0034698885 0.00013066345 0.99999938 -0.0011043887 -0.014191033 0.0018991085 0.0011041386 0.99999759 1.3227458
8 0.99999951 0.00058194755 -0.0007991918 -0.003166106 -0.00058229997 0.99999973 -0.00044080456 -0.011801775 0.00079893506 0.00044126972 0.99999958 1.3227418
9 0.99999917 0.00079514301 -0.0010181535 -0.0030597316 -0.00079641847 0.9999989 -0.0012529268 -0.013487833 0.0010171562 0.0012537367 0.9999987 1.3282169
10 0.99999822 0.00070191463 -0.0017521098 -0.0067587704 -0.0007048277 0.99999837 -0.0016625396 -0.014604884 0.0017509399 0.0016637716 0.99999708 1.338961
11 0.99999361 0.0014236543 -0.0032791085 -0.011688061 -0.0014282119 0.99999802 -0.0013879625 -0.019126429 0.003277126 0.0013926368 0.99999366 1.3431081
12 0.99999579 0.00023651105 -0.0028916578 -0.0093604866 -0.00023701698 0.99999996 -0.00017462187 -0.01788622 0.0028916163 0.00017530651 0.9999958 1.3337773
13 0.99999503 -0.00064865329 -0.0030862694 -0.0048702871 0.00065041265 0.99999963 0.00056909137 -0.012919502 0.0030858991 -0.00057109589 0.99999508 1.3450021
14 0.99998969 -0.00046256592 -0.0045166806 -0.0055089525 0.00046471823 0.99999978 0.0004754864 -0.015023486 0.0045164597 -0.00047758048 0.99998969 1.3456795
15 0.9999804 -0.0011254216 -0.0061587205 -0.0093333088 0.0011280558 0.99999927 0.00042426173 -0.016850502 0.0061582386 -0.00043120079 0.99998094 1.3533262
16 0.99998067 0.0010060405 -0.0061353445 -0.014887537 -0.0010111844 0.99999914 -0.00083536996 -0.023560248 0.0061344988 0.00084155778 0.99998083 1.3501401
17 0.99998972 0.0007642358 -0.0044694992 -0.019993309 -0.00076148345 0.99999952 0.00061747648 -0.024846613 0.0044699689 -0.00061406668 0.99998982 1.3490108
18 0.99999314 0.00025542997 -0.0036955395 -0.017279958 -0.00025164798 0.99999944 0.0010238224 -0.024791594 0.0036957989 -0.0010228854 0.99999265 1.3503448
19 0.99999835 -0.00010477267 -0.001812829 -0.0091123701 0.00010450236 0.99999998 -0.00014920219 -0.028506529 0.0018128446 0.0001490125 0.99999835 1.3374511
20 0.99999816 -0.00099545791 -0.0016421345 -0.0065835704 0.00099644004 0.99999933 0.00059736866 -0.022984394 0.0016415387 -0.00059900385 0.99999847 1.354367
21 0.99999819 -0.0012398921 -0.0014449176 -0.0089047597 0.0012411798 0.99999883 0.0008905973 -0.025149707 0.0014438117 -0.00089238909 0.99999856 1.3670374
22 0.9999965 7.0561916e-05 -0.0026460909 -0.0088225804 -7.1899191e-05 0.99999987 -0.00050528613 -0.028692113 0.0026460549 0.00050547461 0.99999637 1.377652
23 0.99999363 -0.0014443922 -0.0032634751 -0.0091500266 0.0014427721 0.99999883 -0.00049874847 -0.029172645 0.0032641917 0.00049403685 0.99999455 1.3753375
24 0.99998959 -0.0009247294 -0.0044678179 -0.010110452 0.00092290001 0.99999949 -0.00041150405 -0.030132757 0.0044681961 0.00040737641 0.99998993 1.3686001
25 0.99999021 -0.0005600135 -0.0043895715 -0.0089668002 0.00055486896 0.99999916 -0.0011731196 -0.028372309 0.0043902248 0.0011706725 0.99998968 1.3711306
26 0.99999269 -9.8156688e-05 -0.0038235507 -0.007990516 9.3667168e-05 0.99999931 -0.001174337 -0.026610254 0.0038236633 0.0011739703 0.999992 1.3611311
27 0.99999156 0.00027920908 -0.0040990589 -0.011752906 -0.00028099066 0.99999987 -0.00043406289 -0.026930966 0.0040989372 0.00043521102 0.9999915 1.4120881
28 0.9999914 0.00026304619 -0.0041381495 -0.0088921382 -0.00026735927 0.99999942 -0.0010417543 -0.024379548 0.0041378731 0.0010428517 0.9999909 1.403598
29 0.99999671 -0.0010434398 -0.0023445246 -0.0052553881 0.0010434285 0.99999946 -6.0553432e-06 -0.025238181 0.0023445296 3.6089795e-06 0.99999725 1.4056798
30 0.99999807 -0.00049509189 -0.001900837 -0.0057650949 0.00049448748 0.99999983 -0.00031842904 -0.026891305 0.0019009943 0.00031748848 0.99999814 1.4025585
31 0.99999828 -0.00063392357 -0.0017420315 -0.0055693134 0.00063295143 0.99999964 -0.00055854602 -0.027844791 0.0017423849 0.00055744244 0.99999833 1.384766
32 0.99999591 -0.00012657979 -0.0028571999 -0.0091350395 0.00012355042 0.99999943 -0.0010604073 -0.028421767 0.0028573325 0.0010600499 0.99999536 1.3952336
33 0.99999623 -0.00070185651 -0.0026541808 -0.0082395918 0.00070169732 0.99999975 -6.0907235e-05 -0.028448148 0.0026542229 5.9044574e-05 0.99999648 1.3944777
34 0.99999285 0.0003198117 -0.0037681031 -0.0061939323 -0.0003207266 0.99999992 -0.00024219931 -0.029112584 0.0037680253 0.0002434061 0.99999287 1.4016548
35 0.99999547 0.00015244954 -0.0030047245 -0.0032418225 -0.00015442049 0.99999977 -0.00065573098 -0.026084846 0.0030046239 0.000656192 0.99999527 1.4231171
36 0.9999961 -0.0010515019 -0.0025867655 -0.0034778126 0.0010514688 0.99999945 -1.4162989e-05 -0.025851508 0.0025867789 1.1443031e-05 0.99999665 1.4045948
37 0.9999842 -0.0006602725 -0.0055819277 -0.0051831496 0.00065658701 0.99999957 -0.00066206075 -0.021674793 0.0055823624 0.00065838527 0.9999842 1.4501753
38 0.99998931 -0.00046943492 -0.0046009735 -0.0064282881 0.00046921704 0.99999989 -4.8433705e-05 -0.026287871 0.0046009957 4.6274332e-05 0.99998941 1.4451225
39 0.99999199 -0.00056791013 -0.0039607923 -0.0065838288 0.00056509024 0.99999959 -0.00071303531 -0.030477386 0.0039611956 0.00071079139 0.9999919 1.4398251
40 0.99999588 -0.00055509925 -0.0028154366 -0.010320182 0.00055401274 0.99999977 -0.00038667884 -0.02954737 0.0028156506 0.00038511746 0.99999596 1.4342735
41 0.99999585 -0.0014339003 -0.002497347 -0.0051571236 0.0014342058 0.99999896 0.00012052945 -0.027554802 0.0024971716 -0.00012411066 0.99999687 1.4249544
42 0.99999758 -0.0011119513 -0.0018970379 -0.0064916171 0.0011122554 0.99999937 0.00015927765 -0.027640231 0.0018968596 -0.00016138726 0.99999819 1.4143322
43 0.9999977 -0.0012419991 -0.0017503864 -0.0073694779 0.0012417164 0.99999922 -0.0001626016 -0.029963054 0.001750587 0.00016042774 0.99999845 1.3992888
44 0.99999667 -9.0659227e-05 -0.0025774078 -0.0098874948 8.9461409e-05 0.99999989 -0.00046484877 -0.0310314 0.0025774496 0.00046461665 0.99999657 1.4173927
45 0.99999921 -0.00073135117 -0.0010229172 -0.0084125944 0.00073220655 0.99999938 0.00083609247 -0.025756229 0.0010223051 -0.0008368408 0.99999913 1.4221376
46 0.99999801 -0.0019335483 0.00048365465 -0.008412094 0.0019328188 0.999997 0.0015044254 -0.025905714 -0.00048656208 -0.0015034875 0.99999875 1.4236271
47 0.99999835 -0.0018165399 3.3105898e-05 -0.0046959922 0.0018166183 0.99999511 -0.0025471792 -0.033732562 -2.8478683e-05 0.0025472352 0.99999676 1.4286116
48 0.99999608 -0.00032141404 -0.0027808529 -0.0081299615 0.00031898999 0.99999957 -0.00087209261 -0.029701795 0.002781132 0.00087120213 0.99999575 1.3992389
49 0.99999543 -0.00018925964 -0.0030165982 -0.011931469 0.00018762012 0.99999983 -0.00054377196 -0.030260966 0.0030167006 0.00054320351 0.9999953 1.3970291
50 0.99999154 -0.00037992982 -0.0040961389 -0.01097716 0.00037762291 0.99999977 -0.00056395055 -0.028368422 0.0040963522 0.00056239898 0.99999145 1.3862704
51 0.99999515 -0.00062553741 -0.0030523395 -0.006010393 0.00062498772 0.99999979 -0.00018103621 -0.025930733 0.0030524521 0.00017912765 0.99999533 1.4183303
52 0.99999372 -0.00056850875 -0.0034966807 -0.0097031712 0.00056941534 0.9999998 0.00025828167 -0.028261827 0.0034965332 -0.00026027112 0.99999385 1.4057047
53 0.99999394 -0.00040576171 -0.0034572086 -0.0089998013 0.00040546861 0.99999991 -8.5479235e-05 -0.025727859 0.003457243 8.4076928e-05 0.99999402 1.3904934
54 0.99999524 -0.00022112154 -0.0030777175 -0.010773798 0.0002200767 0.99999992 -0.00033981962 -0.028841308 0.0030777924 0.00033914067 0.99999521 1.4001396
55 0.99999871 -0.00041938086 -0.0015490685 -0.010005546 0.00041849266 0.99999975 -0.00057365846 -0.027576495 0.0015493087 0.00057300945 0.99999864 1.4167297
56 0.99999723 -0.00048348393 -0.002303173 -0.010864356 0.00048092873 0.99999927 -0.0011098491 -0.031486539 0.0023037079 0.0011087383 0.99999673 1.4121705
57 0.99999668 -0.00042579497 -0.0025419109 -0.0068966924 0.00042405849 0.99999968 -0.00068364121 -0.031206488 0.0025422012 0.00068256102 0.99999654 1.3976925
58 0.99999749 -0.0013724604 -0.001771929 -0.0087632794 0.0013739791 0.99999869 0.00085614147 -0.027542683 0.0017707517 -0.00085857392 0.99999806 1.3953844
59 0.99999716 -0.00076727426 -0.0022554574 -0.0088820638 0.00076856757 0.99999954 0.00057260237 -0.027440229 0.002255017 -0.00057433422 0.99999729 1.3845199
60 0.99999498 -0.00045428423 -0.0031356029 -0.0065708297 0.00045348522 0.99999986 -0.00025552592 -0.023319797 0.0031357186 0.00025410269 0.99999505 1.3790658
61 0.99999579 -0.00058818404 -0.0028427242 -0.011672638 0.00058872118 0.99999981 0.00018812127 -0.022792429 0.0028426131 -0.00018979405 0.99999594 1.3833242
62 0.99999831 -0.0009701133 -0.0015637882 -0.008483706 0.00097115241 0.99999931 0.00066386392 -0.021883971 0.0015631431 -0.00066538147 0.99999856 1.378943
63 0.99999748 -2.7077899e-05 -0.0022460336 -0.0088032434 2.6414485e-05 0.99999996 -0.00029540038 -0.026658717 0.0022460415 0.0002953403 0.99999743 1.3550945
64 0.99999947 -0.00019040668 -0.0010160151 -0.014267892 0.00019129304 0.9999996 0.00087236807 -0.027197534 0.0010158486 -0.00087256196 0.9999991 1.3689145
65 0.99999621 0.0011375143 -0.0025072225 -0.017784124 -0.0011358339 0.99999913 0.00067155158 -0.02616768 0.0025079842 -0.00066870124 0.99999663 1.3695807
66 0.9999872 -5.971274e-05 -0.0050593301 -0.018587437 6.8887154e-05 0.99999835 0.0018132105 -0.024838467 0.0050592135 -0.0018135358 0.99998556 1.3767724
67 0.99999145 0.00077215662 -0.0040616704 -0.021234069 -0.000768947 0.99999939 0.00079172513 -0.026032228 0.0040622792 -0.00078859516 0.99999144 1.3660203
68 0.99998883 -0.00080088746 -0.0046581897 -0.014957314 0.00080425863 0.99999942 0.00072188127 -0.024774279 0.0046576088 -0.0007256196 0.99998889 1.3542244
69 0.99999337 -0.00040198913 -0.003619246 -0.014161619 0.00039977845 0.99999973 -0.00061151437 -0.026668621 0.0036194909 0.00061006342 0.99999326 1.349663
70 0.99999666 0.00015841136 -0.0025800542 -0.014636142 -0.00015883616 0.99999997 -0.00016444461 -0.025025929 0.0025800281 0.00016485387 0.99999666 1.3541856
71 0.99999464 8.1503134e-05 -0.0032733894 -0.016018472 -8.00961e-05 0.9999999 0.00042996863 -0.026642241 0.0032734241 -0.00042970414 0.99999455 1.3561577
72 0.99999702 3.6057894e-06 -0.0024432812 -0.014832388 -1.3672868e-06 0.99999958 0.00091618809 -0.02539843 0.0024432835 -0.00091618201 0.9999966 1.3483589
73 0.99999912 -0.00030785817 -0.0012921568 -0.007698379 0.00030782176 0.99999995 -2.8379323e-05 -0.026424964 0.0012921655 2.7981544e-05 0.99999916 1.3250356
74 0.99999834 -0.0008097713 -0.0016340391 -0.0053546353 0.00081012337 0.99999965 0.00021481102 -0.022836209 0.0016338646 -0.00021613444 0.99999864 1.3388562
75 0.99999703 -0.0015287704 -0.0018998572 -0.004738093 0.0015286502 0.99999883 -6.4717205e-05 -0.028494267 0.001899954 6.1812796e-05 0.99999819 1.3378338
76 0.99999892 -0.0014463226 -0.00027067687 -0.0033872831 0.0014459184 0.99999785 -0.001487352 -0.031951272 0.00027282748 0.001486959 0.99999886 1.3284787
77 0.99999877 -0.00031529171 -0.001538204 -0.0076649396 0.00031278391 0.99999862 -0.0016303073 -0.036076502 0.0015387159 0.0016298242 0.99999749 1.32557
78 0.99999811 0.00061874028 -0.0018418579 -0.0085344693 -0.00062256601 0.99999765 -0.0020772532 -0.036078483 0.0018405682 0.0020783959 0.99999615 1.3189653
79 0.99999897 -0.00049771244 -0.0013484634 -0.0097458626 0.0004982327 0.9999998 0.00038551037 -0.030421302 0.0013482713 -0.00038618183 0.99999902 1.3333082
80 0.99999602 -0.0015443823 -0.0023599212 -0.01039111 0.0015467467 0.9999983 0.0010003807 -0.028455288 0.0023583722 -0.001004027 0.99999671 1.3479529
81 0.9999866 -0.0016363234 -0.0049121393 -0.011817424 0.0016364083 0.99999866 1.3269953e-05 -0.027251907 0.004912111 -2.1308041e-05 0.99998794 1.3234406
82 0.99999672 -0.00070165698 -0.0024622298 -0.015029135 0.00069994204 0.99999951 -0.00069729169 -0.028586151 0.0024627178 0.00069556599 0.99999673 1.3393143
83 0.99999599 -0.00074771249 -0.0027325677 -0.011624102 0.00074501047 0.99999923 -0.00098970439 -0.027961642 0.0027333056 0.00098766463 0.99999578 1.3270659
84 0.99999649 0.00016481491 -0.0026428368 -0.010987031 -0.00016881275 0.99999884 -0.001512555 -0.028257859 0.0026425844 0.0015129958 0.99999536 1.3116812
85 0.9999975 4.5268213e-05 -0.0022355721 -0.0070733919 -4.6549795e-05 0.99999983 -0.00057321941 -0.024368907 0.0022355458 0.00057332205 0.99999734 1.3269326
86 0.9999929 -0.001051754 -0.0036174662 -0.0029914356 0.0010495956 0.99999927 -0.00059849288 -0.026251662 0.0036180931 0.00059469175 0.99999328 1.318848
87 0.99998983 -0.0024861564 -0.003762337 0.0013154469 0.0024912233 0.999996 0.0013426464 -0.024166021 0.0037589839 -0.0013520056 0.99999202 1.3088308
88 0.99999362 -0.0014340333 -0.0032727597 -0.008347565 0.0014379389 0.99999826 0.0011913478 -0.028450116 0.0032710455 -0.0011960462 0.99999393 1.3389034
89 0.99998934 -0.0011878433 -0.0044610767 -0.013810759 0.0011925569 0.99999873 0.0010541111 -0.028420026 0.0044598189 -0.0010594199 0.99998949 1.3540302
90 0.99998257 0.00019221041 -0.0059018395 -0.015403341 -0.0001931151 0.99999997 -0.00015271996 -0.027842291 0.00590181 0.00015385703 0.99998257 1.3463453
91 0.99998954 0.00051735907 -0.0045435694 -0.020519372 -0.00051468346 0.99999969 0.00059002921 -0.027772307 0.0045438733 -0.00058768454 0.9999895 1.3531332
92 0.99999136 0.00093650544 -0.0040490473 -0.021827218 -0.00093671931 0.99999956 -5.0925366e-05 -0.027841366 0.0040489978 5.4717747e-05 0.9999918 1.3449369
93 0.99999144 0.0010750128 -0.0039950754 -0.022199857 -0.001071284 0.99999899 0.00093539379 -0.027064934 0.0039960769 -0.00093110592 0.99999158 1.3589698
94 0.9999922 0.0011584843 -0.0037750069 -0.022401226 -0.0011550701 0.99999892 0.00090646866 -0.029189749 0.0037760529 -0.0009021012 0.99999246 1.3636539
95 0.99999417 0.00066627749 -0.0033494569 -0.019380076 -0.00066477729 0.99999968 0.00044898803 -0.029432948 0.003349755 -0.00044675877 0.99999429 1.3478443
96 0.99999786 -0.00032603969 -0.0020426499 -0.020899983 0.00033092839 0.99999708 0.0023934299 -0.032134436 0.0020418636 -0.0023941008 0.99999505 1.3436744
97 0.99999515 0.00043080154 -0.0030861397 -0.021290194 -0.00042879095 0.9999997 0.00065212323 -0.031973474 0.0030864197 -0.00065079676 0.99999503 1.3463507
98 0.99999029 0.0004152077 -0.0043879218 -0.021695604 -0.00041169692 0.99999959 0.00080097174 -0.033685509 0.0043882526 -0.00079915747 0.99999005 1.335206
99 0.99999205 -9.0510133e-05 -0.0039874659 -0.020582923 9.39064e-05 0.99999963 0.0008515566 -0.033166103 0.0039873873 -0.00085192428 0.99999169 1.3454774
100 0.99999403 -0.0014853955 -0.0031190431 -0.012940267 0.0014890097 0.99999822 0.0011567502 -0.030944803 0.0031173193 -0.0011613876 0.99999447 1.3467315
101 0.99999813 -0.00031428459 -0.0019077276 -0.019023892 0.00031498756 0.99999988 0.00036819574 -0.031937861 0.0019076116 -0.00036879596 0.99999811 1.3431187
102 0.99999626 0.00040346337 -0.0027047511 -0.020599304 -0.0004033292 0.99999992 5.0151139e-05 -0.031689736 0.0027047712 -4.9060047e-05 0.99999634 1.3444553
103 0.9999939 0.00037391914 -0.0034724509 -0.019295987 -0.00037248386 0.99999984 0.00041397067 -0.031018895 0.0034726052 -0.00041267471 0.99999389 1.3411675
104 0.99999455 0.00024881207 -0.0032910455 -0.019904036 -0.00024748887 0.99999989 0.0004024623 -0.030812207 0.0032911452 -0.00040164561 0.9999945 1.3381012
105 0.99999053 -0.00043687142 -0.0043288858 -0.01156701 0.00043648683 0.9999999 -8.9787278e-05 -0.028749598 0.0043289246 8.7896927e-05 0.99999063 1.3370519
106 0.9999947 -0.00043214462 -0.0032256918 -0.0098780579 0.00043053283 0.99999978 -0.00050035301 -0.029502092 0.0032259074 0.00049896159 0.99999467 1.3240712
107 0.99999478 -6.7934049e-05 -0.003229572 -0.010859075 6.2893632e-05 0.99999878 -0.0015607834 -0.030787605 0.0032296741 0.0015605722 0.99999357 1.3517613
108 0.99998981 -0.00060260084 -0.0044731082 -0.014090844 0.00060264205 0.99999982 7.8637903e-06 -0.03475681 0.0044731026 -1.0559393e-05 0.99999 1.3441761
109 0.99998893 -0.0014000361 -0.0044911994 -0.013578049 0.0013994904 0.99999901 -0.00012463328 -0.03526574 0.0044913695 0.00011834651 0.99998991 1.3405476
110 0.99998873 -0.0017658145 -0.0044073266 -0.016808559 0.0017670214 0.9999984 0.00026995416 -0.035558707 0.0044068429 -0.00027773896 0.99999025 1.347317
111 0.99999242 -0.00046255382 -0.0038661763 -0.013249191 0.00045599975 0.99999846 -0.0016959445 -0.035683544 0.0038669549 0.0016941686 0.99999109 1.3590276
112 0.99999222 0.00094532093 -0.0038285163 -0.01531902 -0.00095187696 0.99999808 -0.0017109595 -0.036563206 0.0038268915 0.0017145905 0.99999121 1.3439282
113 0.99999533 3.5305635e-06 -0.0030575003 -0.013607465 -6.8122443e-06 0.99999942 -0.0010733117 -0.032243241 0.0030574947 0.0010733276 0.99999475 1.3434748
114 0.99999199 -0.00077234003 -0.0039276635 -0.007097533 0.00076847593 0.99999922 -0.00098522921 -0.029213255 0.0039284213 0.000982203 0.9999918 1.3511625
115 0.99999478 -0.00091560217 -0.0030990168 -0.0052396771 0.000915978 0.99999957 0.00011985742 -0.028907229 0.0030989057 -0.00012269542 0.99999519 1.3330681
116 0.99999542 -0.0023861656 -0.001862342 -0.0028797883 0.0023881577 0.99999658 0.0010682023 -0.025543597 0.0018597867 -0.0010726449 0.9999977 1.3502241
117 0.99999046 -0.0011455849 -0.0042153316 -0.0048574301 0.0011475847 0.99999923 0.00047203112 -0.028938831 0.0042147876 -0.00047686406 0.999991 1.3478479
118 0.99999551 -0.00086087175 -0.0028717015 -0.0078376418 0.00085878134 0.99999937 -0.00072908813 -0.029299542 0.0028723273 0.00072661869 0.99999561 1.3465522
119 0.99999914 0.00036965244 -0.0012604512 -0.0098066695 -0.0003704832 0.99999971 -0.00065892847 -0.026327219 0.0012602073 0.00065939487 0.99999899 1.3479459
120 0.99998926 0.00075472036 -0.004573343 -0.015633656 -0.00075628873 0.99999966 -0.00034121715 -0.027724416 0.0045730839 0.00034467225 0.99998948 1.3570048
121 0.99999264 0.00066093897 -0.0037797168 -0.012157025 -0.00066305147 0.99999962 -0.0005576785 -0.027030316 0.0037793468 0.00056018054 0.9999927 1.3443133
122 0.99999889 -0.00041528392 -0.0014300035 -0.0075175269 0.00041577519 0.99999985 0.0003432593 -0.027329887 0.0014298607 -0.00034385348 0.99999892 1.3368961
123 0.99999717 -0.00087334322 -0.0022135914 -0.002318678 0.00087312721 0.99999961 -9.8549441e-05 -0.027637839 0.0022136766 9.6616415e-05 0.99999755 1.3600832
124 0.99999768 -0.0010766333 -0.0018664534 -0.00021418273 0.0010755195 0.99999924 -0.000597676 -0.030940273 0.0018670955 0.0005956672 0.99999808 1.3626568
125 0.99999691 -0.0010178725 -0.0022686189 0.0023709949 0.0010133365 0.99999749 -0.0019996994 -0.033002098 0.0022706487 0.0019973943 0.99999543 1.3698651
126 0.99999455 -0.0009779533 -0.0031549241 0.0060424632 0.00097157417 0.99999748 -0.0020228586 -0.027877895 0.0031568945 0.0020197823 0.99999298 1.3708582
127 0.99999497 -0.00038506549 -0.00314881 0.00036486999 0.00037912384 0.99999815 -0.0018873305 -0.028906029 0.0031495309 0.0018861272 0.99999326 1.3774242
128 0.9999948 -0.00050165711 -0.0031871472 -0.0024851241 0.00049944991 0.99999963 -0.00069329072 -0.024007344 0.0031874939 0.00069169529 0.99999468 1.3639117
129 0.99999389 6.1523621e-06 -0.003494865 -0.0052521864 -5.6923982e-06 0.99999999 0.00013162128 -0.021973776 0.0034948658 -0.00013160058 0.99999388 1.3599444
130 0.99999873 6.7247437e-06 -0.0015936727 -0.0090425034 -4.7416917e-06 0.99999923 0.0012443287 -0.022286045 0.0015936799 -0.0012443196 0.99999796 1.3731543
131 0.99999714 -0.0015658025 -0.001808127 -0.0087032345 0.0015694682 0.99999671 0.0020276942 -0.019101932 0.0018049461 -0.0020305262 0.99999631 1.3634181
132 0.99999561 -0.0014824496 -0.0025642675 -0.007211878 0.0014811979 0.99999878 -0.00048994593 -0.025911786 0.0025649907 0.00048614559 0.99999659 1.3579723
133 0.99998686 0.00028009151 -0.0051186019 -0.0048211685 -0.00029825296 0.99999366 -0.0035477097 -0.028221445 0.0051175758 0.0035491897 0.99998061 1.391849
134 0.99999533 -0.00081023441 -0.0029466417 -0.0059804622 0.00080375091 0.99999726 -0.0022008195 -0.022936848 0.0029484168 0.0021984408 0.99999324 1.3843852
135 0.99998835 -0.00046836556 -0.0048037955 -0.0069894619 0.0004621347 0.99999905 -0.0012980984 -0.024408241 0.0048043989 0.0012958632 0.99998762 1.4019247
136 0.99997452 0.00021032118 -0.0071347841 -0.0094415731 -0.00020935434 0.99999997 0.00013625748 -0.022609521 0.0071348125 -0.00013476031 0.99997454 1.4166265
137 0.99999279 -0.0012764116 -0.0035770422 -0.0046307864 0.0012775899 0.99999913 0.00032715414 -0.02785869 0.0035766215 -0.00033172177 0.99999355 1.4025859
138 0.99998851 -0.00075140981 -0.0047339 -0.006335686 0.00074862984 0.99999955 -0.00058899388 -0.027560722 0.0047343404 0.00058544318 0.99998862 1.4093973
139 0.99999223 -0.00095320305 -0.0038240101 -0.0015500317 0.00095186085 0.99999948 -0.00035279886 -0.024076777 0.0038243444 0.00034915619 0.99999263 1.3991116
140 0.99999157 -0.001302479 -0.0038942204 -0.0072859075 0.0013035965 0.99999911 0.00028445055 -0.027660275 0.0038938464 -0.00028952465 0.99999238 1.4090821
141 0.99998942 -0.00043596804 -0.0045790254 -0.010405263 0.00043401193 0.99999981 -0.00042817406 -0.027637463 0.0045792112 0.00042618218 0.99998942 1.3948488
142 0.9999964 -0.00073948196 -0.0025785267 -0.0079706792 0.00073848005 0.99999965 -0.00038948912 -0.027248438 0.0025788139 0.00038758353 0.9999966 1.3843526
143 0.99999425 -0.0011211751 -0.0032012706 -0.0053346279 0.0011198049 0.99999928 -0.00042975794 -0.028668727 0.0032017501 0.00042617067 0.99999478 1.3911465
144 0.99999789 -0.0013267306 -0.0015672026 -0.0052201465 0.0013267703 0.99999912 2.4342457e-05 -0.03375101 0.001567169 -2.6421724e-05 0.99999877 1.4169623
145 0.99998606 0.00053684925 -0.0052535329 -0.007179335 -0.00054234267 0.99999931 -0.0010442936 -0.039680013 0.0052529686 0.0010471283 0.99998565 1.4269512
146 0.99998803 0.00027260082 -0.0048850041 -0.010462765 -0.00027525701 0.99999981 -0.00054307969 -0.04114336 0.0048848552 0.00054441782 0.99998792 1.4205777
147 0.99999335 0.00028248016 -0.003636586 -0.014872938 -0.0002830417 0.99999995 -0.00015390183 -0.04069708 0.0036365423 0.00015493011 0.99999338 1.4148299
148 0.99999603 0.0019733167 -0.0020134209 -0.01738943 -0.001971358 0.99999758 0.00097434649 -0.030945947 0.0020153388 -0.00097037345 0.9999975 1.4227209
149 0.99999311 0.0023739 -0.00285403 -0.024245201 -0.0023700283 0.99999627 0.0013591631 -0.027554544 0.0028572459 -0.0013523896 0.999995 1.4322881
150 0.99999513 0.0011486114 -0.0029025246 -0.02177395 -0.0011436373 0.99999788 0.0017147896 -0.026608845 0.002904488 -0.0017114618 0.99999432 1.4306077
151 0.99999408 0.00025607742 -0.0034306805 -0.019003791 -0.0002501213 0.99999846 0.0017364484 -0.027092516 0.0034311199 -0.00173558 0.99999261 1.4434047
152 0.99999561 -0.00079644009 -0.0028548696 -0.013503949 0.00079756293 0.99999961 0.00039219082 -0.0312839 0.0028545561 -0.00039446603 0.99999585 1.4267251
153 0.99999121 -0.00053760042 -0.004158035 -0.0085110721 0.0005329404 0.99999923 -0.0011217526 -0.031526961 0.0041586348 0.0011195268 0.99999073 1.4427996
154 0.99998823 -0.00034970645 -0.0048393255 -0.01072784 0.00034143194 0.99999848 -0.0017105692 -0.030422488 0.0048399164 0.0017088968 0.99998683 1.4312764
155 0.99998668 -0.00059403856 -0.005127132 -0.011132028 0.00058724457 0.99999895 -0.0013265082 -0.029730698 0.0051279146 0.0013234797 0.99998598 1.4659611
156 0.99998906 -0.00066166246 -0.0046298102 -0.010440816 0.00065926255 0.99999965 -0.00051986569 -0.032421804 0.0046301526 0.00051680775 0.99998915 1.4854039
157 0.99998774 -0.00027241637 -0.0049442114 -0.0090666573 0.00026836633 0.99999963 -0.00081979213 -0.030644488 0.0049444329 0.00081845522 0.99998744 1.4796199
158 0.99999503 -0.00063245565 -0.0030894437 -0.0091511616 0.00063051556 0.9999996 -0.00062890962 -0.031283366 0.0030898403 0.00062695855 0.99999503 1.5157687
159 0.99999488 -0.00086263897 -0.003080914 -0.0088442175 0.00086175233 0.99999959 -0.00028910161 -0.029647737 0.0030811621 0.00028644515 0.99999521 1.4768927
160 0.99999097 -0.0009255305 -0.0041466797 -0.012207079 0.00092692972 0.99999951 0.00033552074 -0.030322224 0.0041463671 -0.0003393614 0.99999135 1.4566138
161 0.99999437 -0.00028217336 -0.0033442799 -0.01145048 0.0002815647 0.99999994 -0.00018247091 -0.030983875 0.0033443312 0.00018152825 0.99999439 1.4869694
162 0.99999436 -0.00020145832 -0.0033531793 -0.010824031 0.00020184812 0.99999997 0.00011591003 -0.03043619 0.0033531559 -0.00011658621 0.99999437 1.4703743
163 0.99999304 -0.0001868659 -0.003725214 -0.010686329 0.00018325927 0.99999951 -0.00096848356 -0.03294089 0.0037253931 0.00096779415 0.99999259 1.4632691
164 0.99999977 -4.5964866e-05 -0.00068168381 -0.010669858 4.593591e-05 1 -4.2493747e-05 -0.029445964 0.00068168576 4.2462423e-05 0.99999977 1.4914664
165 0.99999795 -0.001295141 -0.001554461 -0.007222453 0.0012957942 0.99999907 0.00041926843 -0.026280471 0.0015539165 -0.00042128184 0.9999987 1.4676281
166 0.99999529 -0.0013417727 -0.0027604285 -0.0088235576 0.001343253 0.99999895 0.00053448354 -0.026901757 0.0027597085 -0.00053818898 0.99999605 1.4976595
167 0.99999853 -0.00063076061 -0.0015938169 -0.011738553 0.00063081402 0.9999998 3.3013139e-05 -0.028421558 0.0015937957 -3.4018492e-05 0.99999873 1.5000111
168 0.99999311 -3.3768317e-05 -0.0037113465 -0.012407106 3.2120171e-05 0.9999999 -0.0004441418 -0.032476457 0.0037113611 0.00044401953 0.99999301 1.4929078
169 0.99999659 -0.00043829686 -0.0025739854 -0.011283142 0.00043783562 0.99999989 -0.00017975443 -0.030405045 0.0025740639 0.00017862683 0.99999667 1.4888249
170 0.99999577 -0.00080907966 -0.0027921741 -0.010171131 0.00080946774 0.99999966 0.00013786092 -0.029485146 0.0027920616 -0.00014012051 0.99999609 1.48873
171 0.99999312 -0.00079363952 -0.0036235961 -0.0062850946 0.00079301717 0.99999967 -0.0001731825 -0.029795755 0.0036237323 0.00017030773 0.99999342 1.4953078
172 0.99999798 -0.00094135273 -0.0017744367 -0.0047176361 0.00093962956 0.99999909 -0.0009716928 -0.032041769 0.0017753498 0.00097002352 0.99999795 1.5065024
173 0.99999685 -0.0011074366 -0.0022540283 -0.0053686354 0.0011052081 0.9999989 -0.00098967119 -0.032399689 0.0022551218 0.0009871769 0.99999697 1.5012075
174 0.99999239 -0.00075375308 -0.003828299 -0.0079883134 0.00074947955 0.99999909 -0.0011176119 -0.034916035 0.0038291379 0.0011147342 0.99999205 1.4999539
175 0.99998339 -0.00082718369 -0.0057038588 -0.011102755 0.00082619291 0.99999964 -0.00017605695 -0.035261389 0.0057040024 0.00017134154 0.99998372 1.5334534
176 0.99998961 -0.00034821946 -0.0045452795 -0.010582022 0.00034637621 0.99999986 -0.00040631171 -0.033582843 0.0045454204 0.00040473311 0.99998959 1.5175145
177 0.99999499 -0.00041270102 -0.003137118 -0.0092935983 0.00041086389 0.99999974 -0.00058623218 -0.034294186 0.0031373592 0.00058494032 0.99999491 1.5306677
178 0.99999543 -0.00036125366 -0.0030010071 -0.010605195 0.00036204455 0.9999999 0.00026300309 -0.031236211 0.0030009118 -0.00026408838 0.99999546 1.5398463
179 0.9999988 -0.0007168982 -0.0013744152 -0.0067889225 0.00071668697 0.99999973 -0.00015417023 -0.029312557 0.0013745253 0.00015318502 0.99999904 1.5278626
180 0.99999579 -0.00030125645 -0.0028872561 -0.0070681222 0.00029947599 0.99999976 -0.00061707542 -0.030836365 0.0028874413 0.00061620816 0.99999564 1.5230828
181 0.99997687 -7.3458053e-05 -0.0068017273 -0.0084624079 6.9375238e-05 0.99999982 -0.00060049554 -0.030148645 0.0068017702 0.00060000978 0.99997669 1.5338032
182 0.99998417 -0.00011306311 -0.0056263306 -0.0081165474 0.00011285705 0.99999999 -3.6941205e-05 -0.028183911 0.0056263347 3.6305649e-05 0.99998417 1.5490897
183 0.99998683 0.00019204851 -0.0051283179 -0.0087294359 -0.00019136487 0.99999997 0.00013379612 -0.029393063 0.0051283435 -0.00013281298 0.99998684 1.5587996
184 0.9999934 -0.00054858655 -0.0035906461 -0.010532376 0.00054945628 0.99999982 0.00024123976 -0.033203528 0.0035905131 -0.00024321107 0.99999352 1.5494067
185 0.99999196 -0.00013225741 -0.0040071369 -0.0135181 0.00012968767 0.99999979 -0.00064154262 -0.033513504 0.0040072209 0.00064101779 0.99999177 1.5364112
186 0.99999047 -0.0011710059 -0.0042053845 -0.0056775037 0.0011727126 0.99999923 0.00040340501 -0.032366253 0.0042049089 -0.00040833287 0.99999108 1.5469681
187 0.99998803 -0.00070254027 -0.0048422781 -0.0068242779 0.00069631469 0.99999893 -0.0012872395 -0.037899941 0.0048431773 0.0012838524 0.99998745 1.5707877
188 0.99999775 -0.0005085582 -0.0020590744 -0.0061856903 0.00050767342 0.99999978 -0.00043019884 -0.032806257 0.0020592927 0.00042915253 0.99999779 1.5599924
189 0.99999842 -0.00075047745 -0.0016092896 -0.0054579225 0.00074939451 0.99999949 -0.00067342715 -0.031331441 0.0016097942 0.00067222009 0.99999848 1.5553619
190 0.9999996 -0.00050996647 -0.00072838796 -0.010488092 0.00050929739 0.99999945 -0.00091846505 -0.033420472 0.00072885594 0.00091809372 0.99999931 1.5557095
191 0.99999825 -0.0012362145 -0.0014052208 -0.0099341508 0.0012360294 0.99999923 -0.00013252731 -0.03462022 0.0014053836 0.00013079019 0.999999 1.5534521
192 0.99999544 -0.00047308278 -0.0029839358 -0.00995467 0.00047155971 0.99999976 -0.0005111051 -0.035545021 0.0029841768 0.00050969566 0.99999542 1.5536103
193 0.99999923 -0.00072164249 -0.0010084853 -0.0061460201 0.00072107595 0.99999958 -0.0005620222 -0.031320877 0.0010088904 0.00056129457 0.99999933 1.5266341
194 0.99999449 -0.00042874256 -0.0032923537 -0.0095396414 0.00042601008 0.99999956 -0.0008306027 -0.032472883 0.0032927084 0.00082919555 0.99999424 1.5439775
195 0.99998833 -0.00026278425 -0.0048243185 -0.012872584 0.00026627427 0.9999997 0.00072279447 -0.033129403 0.0048241271 -0.00072407063 0.9999881 1.5438296
196 0.99998947 -0.00028193329 -0.0045793583 -0.011828975 0.00027928887 0.99999979 -0.00057809537 -0.035764495 0.0045795204 0.00057681032 0.99998935 1.5437898
197 0.99999103 -0.0001504051 -0.0042329673 -0.013063324 0.00014661947 0.99999959 -0.0008946182 -0.036022659 0.0042331001 0.00089398954 0.99999064 1.5459681
198 0.99998012 0.00062359652 -0.0062741486 -0.011385397 -0.00062323266 0.9999998 5.9947691e-05 -0.034788548 0.0062741847 -5.6036245e-05 0.99998032 1.5589225
199 0.99999169 0.00042476162 -0.0040533489 -0.01053174 -0.0004259405 0.99999987 -0.00028998215 -0.035619049 0.0040532252 0.00029170623 0.99999174 1.5561756
200 0.99999652 0.00038006146 -0.0026088419 -0.013293522 -0.00038013208 0.99999993 -2.6573179e-05 -0.035094748 0.0026088316 2.7564791e-05 0.9999966 1.5606218
201 0.99999564 -0.00082634389 -0.0028354736 -0.010387535 0.00082421606 0.99999938 -0.00075151684 -0.033216284 0.0028360929 0.00074917652 0.9999957 1.518602
202 0.9999962 -0.00057686664 -0.0026967057 -0.0078997967 0.00057619527 0.9999998 -0.00024973157 -0.031487429 0.0026968493 0.00024817679 0.99999633 1.5632674
203 0.99999363 -0.0011297081 -0.0033866347 -0.0070247263 0.0011309928 0.99999929 0.00037746199 -0.030079547 0.0033862059 -0.00038128984 0.99999419 1.5525063
204 0.99999656 -0.0009516276 -0.0024446491 -0.0072918677 0.00094888851 0.99999892 -0.0011213579 -0.037519347 0.0024457136 0.0011190344 0.99999638 1.5681607
205 0.99998843 -0.00030495076 -0.0048001967 -0.01283822 0.00030016606 0.99999946 -0.00099746018 -0.037827054 0.0048004983 0.00099600779 0.99998798 1.5648005
206 0.99999315 -0.00094902949 -0.0035782116 -0.0059568563 0.00095054494 0.99999946 0.00042184632 -0.033819887 0.0035778093 -0.00042524468 0.99999351 1.5616645
207 0.9999958 -0.00046869515 -0.0028607098 -0.0074554337 0.00046759211 0.99999982 -0.00038624135 -0.036806039 0.0028608903 0.00038490208 0.99999583 1.5729054
208 0.99999296 -0.00031640034 -0.0037378416 -0.0070251209 0.00031662152 0.99999995 5.8582248e-05 -0.031949501 0.0037378229 -5.9765317e-05 0.99999301 1.5617353
209 0.99999652 -0.0003429761 -0.0026171664 -0.0077084757 0.00033922121 0.99999891 -0.0014350236 -0.034654534 0.0026176558 0.0014341308 0.99999555 1.5586253
210 0.99999912 -0.00016646263 -0.0013135964 -0.0060625776 0.00016583829 0.99999987 -0.00047538624 -0.030940844 0.0013136754 0.00047516798 0.99999902 1.5773345
211 0.99999387 -0.00055260825 -0.0034576412 -0.0079943178 0.00055079773 0.99999971 -0.00052455899 -0.033342406 0.00345793 0.00052265131 0.99999388 1.584647
212 0.99999563 -0.00090991461 -0.002811457 -0.0063972192 0.00091027958 0.99999958 0.00012853588 -0.031893659 0.0028113388 -0.00013109453 0.99999604 1.603845
213 0.99999224 -0.00077142536 -0.0038628986 -0.0071855841 0.00076675011 0.99999897 -0.0012116297 -0.036019613 0.0038638293 0.0012086585 0.9999918 1.5896247
214 0.99999752 -0.00043577671 -0.002181787 -0.0062928411 0.00043136949 0.99999787 -0.0020200689 -0.038452737 0.0021826626 0.0020191228 0.99999558 1.5938677
215 0.99999606 -0.00042528989 -0.0027739607 -0.0053361668 0.00042228754 0.99999932 -0.0010828293 -0.036001185 0.0027744194 0.0010816536 0.99999557 1.5995267
216 0.99999486 -0.0004189808 -0.00317782 -0.0053557743 0.00041773222 0.99999984 -0.00039355828 -0.030890959 0.0031779843 0.00039222878 0.99999487 1.6018597
217 0.99999696 -0.00081085786 -0.0023301944 -0.0065381606 0.00081133576 0.99999965 0.00020415304 -0.02755642 0.002330028 -0.00020604299 0.99999726 1.5890119
218 0.99998792 0.000976485 -0.0048178999 -0.011302024 -0.00098076613 0.99999913 -0.00088630548 -0.028744867 0.0048170303 0.00089102001 0.999988 1.6127847
219 0.99998999 -0.00013306154 -0.0044722039 -0.0091685375 0.00013168977 0.99999994 -0.00030702498 -0.032831933 0.0044722445 0.00030643296 0.99998995 1.5979388
220 0.99999338 -0.00078008697 -0.0035548396 -0.008262038 0.00077654023 0.9999992 -0.00099899182 -0.0385149 0.0035556161 0.00099622473 0.99999318 1.609747
221 0.9999894 -0.00032724468 -0.0045937287 -0.012302139 0.00032119951 0.99999908 -0.001316638 -0.042425512 0.0045941553 0.0013151486 0.99998858 1.6098069
222 0.99999312 -0.001019339 -0.0035668608 -0.013778592 0.0010113674 0.99999699 -0.0022359906 -0.045176276 0.0035691293 0.0022323678 0.99999114 1.6247337
223 0.99999756 -0.0012242153 -0.0018409283 -0.016765919 0.0012212073 0.99999792 -0.0016341584 -0.045078163 0.0018429251 0.0016319063 0.99999697 1.6090805
224 0.99998212 -0.00013496707 -0.0059784365 -0.016529014 0.00013085392 0.99999975 -0.00068838404 -0.038527533 0.0059785279 0.00068758943 0.99998189 1.6237668
225 0.99998938 -0.00040911127 -0.0045906819 -0.0097211828 0.00040671428 0.99999978 -0.00052306408 -0.035955068 0.0045908949 0.00052119143 0.99998933 1.6216368
226 0.99999444 -0.00029950557 -0.0033205889 -0.0067500104 0.00029400129 0.99999858 -0.0016579879 -0.036782733 0.0033210808 0.0016570025 0.99999311 1.616715
227 0.99999834 -0.00032488657 -0.0017901999 -0.0080591716 0.00032260328 0.99999913 -0.0012755803 -0.03695757 0.0017906128 0.0012750007 0.99999758 1.6282782
228 0.9999994 -0.00091208683 -0.00060564185 -0.0060900502 0.00091093475 0.99999778 -0.0018998078 -0.040828741 0.0006073733 0.001899255 0.99999801 1.621927
229 0.99999936 -0.0010406677 0.0004535303 -0.0051239238 0.0010412268 0.9999987 -0.0012342051 -0.040028191 -0.00045224531 0.0012346765 0.99999914 1.6261727
230 0.99999916 -0.0011282667 0.00063790028 -0.0088328577 0.0011288689 0.99999892 -0.00094454731 -0.041008076 -0.00063683389 0.00094526662 0.99999935 1.6251804
231 0.99999986 -0.00045611102 0.00025076551 -0.0042754528 0.00045634266 0.99999947 -0.00092444577 -0.038119232 -0.00025034373 0.00092456008 0.99999954 1.6260714
232 0.99999916 -0.00080834414 0.0010097302 -0.004564294 0.0008084036 0.99999967 -5.8480986e-05 -0.034871021 -0.0010096825 5.9297207e-05 0.99999949 1.6428571
233 0.99999752 -0.0013029175 0.001807516 -0.0054923453 0.0013041146 0.99999893 -0.00066128566 -0.034185666 -0.0018066525 0.00066364122 0.99999815 1.6255824
234 0.99999861 -0.0015691119 0.00057171011 -0.010470231 0.0015698604 0.99999791 -0.0013111184 -0.037777558 -0.00056965162 0.0013120141 0.99999898 1.6194513
235 0.99999786 0.0006927844 -0.0019479436 -0.011929995 -0.00069519863 0.99999899 -0.0012389702 -0.035775809 0.0019470833 0.0012403218 0.99999734 1.6300324
236 0.99999965 0.0001961783 -0.00081078851 -0.0099639957 -0.0001963818 0.99999995 -0.00025091891 -0.03195277 0.00081073925 0.00025107804 0.99999964 1.6244393
237 0.99999615 -0.00080377274 -0.0026562908 -0.013878472 0.00080444069 0.99999965 0.00025039928 -0.033153261 0.0026560886 -0.00025253514 0.99999644 1.6179524
238 0.99999594 0.00054501038 -0.0027953737 -0.013642525 -0.00055026134 0.99999809 -0.0018780225 -0.032194938 0.0027943448 0.0018795531 0.99999433 1.6009268
239 0.99999051 0.0002786233 -0.0043479089 -0.011282535 -0.00027621048 0.99999981 0.00055552637 -0.031163978 0.0043480628 -0.00055432016 0.99999039 1.6193148
240 0.99999691 -5.8951477e-05 -0.0024836736 -0.0067327297 5.5014094e-05 0.99999874 -0.0015853447 -0.038091 0.0024837639 0.0015852031 0.99999566 1.621603
241 0.99999441 -0.00011604875 -0.0033405794 -0.011716509 0.00011042543 0.99999858 -0.0016834726 -0.037520385 0.00334077 0.0016830943 0.999993 1.6146817
242 0.99998794 -0.00026659246 -0.0049045053 -0.0099089311 0.00026376781 0.9999998 -0.00057656698 -0.037188191 0.004904658 0.00057526637 0.99998781 1.6153558
243 0.99999373 0.00032882284 -0.0035268175 -0.0098988436 -0.00033225458 0.99999947 -0.00097249996 -0.036739166 0.0035264959 0.00097366566 0.99999331 1.6228108
244 0.99999613 -0.00056350641 -0.0027261694 -0.010418235 0.00056154988 0.99999958 -0.00071839667 -0.036689982 0.0027265731 0.00071686301 0.99999603 1.602138
245 0.99999379 -0.00035323878 -0.0035075142 -0.0087214956 0.00035145054 0.99999981 -0.0005104351 -0.037293779 0.0035076939 0.00050919921 0.99999372 1.5951864
246 0.99999726 -0.0012069543 -0.002004595 -0.0070464633 0.0012064892 0.99999925 -0.00023317619 -0.036344143 0.002004875 0.00023075703 0.99999796 1.5970396
247 0.9999994 -0.00074874114 -0.00079546063 -0.0067792376 0.00074830343 0.99999957 -0.00055040743 -0.039015632 0.0007958724 0.00054981185 0.99999953 1.5996202
248 0.99999408 -0.00086721606 -0.0033307679 -0.010211558 0.00086623953 0.99999958 -0.00029461698 -0.037584078 0.003331022 0.00029173 0.99999441 1.6062563
249 0.99999283 -0.00077688977 -0.0037072648 -0.0079014698 0.00077624331 0.99999968 -0.00017581347 -0.038011764 0.0037074002 0.00017293447 0.99999311 1.5974377
250 0.99999718 -0.00019267698 -0.0023660494 -0.0093239812 0.00018879244 0.99999863 -0.0016418962 -0.039857903 0.0023663626 0.0016414449 0.99999585 1.5892655
251 0.99999879 -0.00024671026 -0.0015389411 -0.0087834918 0.00024489863 0.99999928 -0.0011772727 -0.039389179 0.0015392304 0.0011768944 0.99999812 1.5784755
252 0.99999847 -0.00045743743 -0.0016885111 -0.0063732647 0.00045633436 0.99999968 -0.00065360484 -0.038633929 0.0016888095 0.00065283332 0.99999836 1.59463
253 0.99999844 3.0586163e-05 -0.0017664702 -0.0087359525 -3.25164e-05 0.9999994 -0.0010926903 -0.03693565 0.0017664358 0.001092746 0.99999784 1.5903372
254 0.99999342 0.00018288233 -0.0036236439 -0.011814912 -0.00018348911 0.99999997 -0.00016711665 -0.035049929 0.0036236132 0.00016778045 0.99999342 1.6030099
255 0.99999546 0.00011793736 -0.0030103567 -0.011599983 -0.00011988035 0.99999978 -0.00064526155 -0.03657717 0.0030102799 0.0006456195 0.99999526 1.6079922
256 0.99999809 -0.00046267258 -0.0019005297 -0.0080932624 0.00046111453 0.99999956 -0.00082015613 -0.037208676 0.0019009084 0.0008192782 0.99999786 1.6052973
257 0.99999963 -0.00083885383 0.00017428422 -0.0044751903 0.00083903512 0.9999991 -0.0010427436 -0.038598483 -0.00017340936 0.0010428895 0.99999944 1.6068494
258 0.99999992 2.5654635e-05 0.00040198572 -0.0093597583 -2.5237102e-05 0.99999946 -0.0010386477 -0.037484581 -0.00040201215 0.0010386375 0.99999938 1.6459445
259 0.99999491 0.00011082126 -0.0031900176 -0.015434056 -0.00010857391 0.99999975 0.00070466045 -0.036956107 0.0031900949 -0.00070431051 0.99999466 1.6275919
