4 0.99999888 0.00052873343 -0.0014020838 -0.19288087 -0.00053615504 0.99998581 -0.0052981175 -0.13535436 0.0013992628 0.0052988627 0.99998488 3.9922635
5 0.99999572 -0.00093346592 -0.0027745399 -0.195739 0.00091437192 0.99997594 -0.0068751383 -0.14483947 0.0027808908 0.0068725712 0.99997241 4.5743955
6 0.99999397 -0.001965789 -0.002862869 -0.19658022 0.0019412463 0.99996155 -0.0085504258 -0.15730404 0.0028795673 0.0085448159 0.99995924 5.14242
7 0.99998919 -0.0027173809 -0.0037729842 -0.19918696 0.0026792284 0.99994559 -0.010080503 -0.16946208 0.0038001714 0.010070284 0.99994197 5.7211204
8 0.99999015 -0.0035560834 -0.0026556857 -0.20330347 0.0035231905 0.99991827 -0.012289431 -0.17862762 0.0026991709 0.012279952 0.99992085 6.3167449
9 0.99998498 -0.0045099473 -0.0031161903 -0.20420036 0.0044663487 0.99989398 -0.013859038 -0.18875308 0.0031783634 0.013844911 0.999899 6.9065056
10 0.99997492 -0.0050687736 -0.0049476607 -0.20749328 0.0049929186 0.99987162 -0.015225259 -0.2055403 0.0050241987 0.015200172 0.99987174 7.5237631
11 0.99995933 -0.0052294372 -0.0073487994 -0.21688698 0.0051112735 0.99985881 -0.016007121 -0.22483454 0.0074314696 0.015968906 0.99984477 8.1523261
12 0.99993353 -0.0060284659 -0.0098281602 -0.22780672 0.0058527747 0.99982429 -0.01780809 -0.24172514 0.009933788 0.017749383 0.99979301 8.7781284
13 0.9999067 -0.005347464 -0.012569677 -0.23888163 0.0050966761 0.99978898 -0.019899865 -0.25626374 0.012673437 0.019833943 0.99972286 9.418615
14 0.99991091 -0.0051814869 -0.012301641 -0.25059944 0.0049158469 0.99975618 -0.021526763 -0.27284817 0.012410181 0.02146437 0.99969248 10.082661
15 0.99993034 -0.0056097803 -0.010385386 -0.25947271 0.0053716125 0.99972514 -0.022820529 -0.29298067 0.010510548 0.022763151 0.99968553 10.751318
16 0.99992442 -0.0057565445 -0.010863761 -0.26948828 0.0055045281 0.9997183 -0.023086913 -0.31231289 0.010993601 0.023025366 0.99967433 11.445435
17 0.99991638 -0.0058775723 -0.011519031 -0.27986221 0.0055974608 0.99969145 -0.024200468 -0.33561121 0.011657716 0.024133965 0.99964066 12.132792
18 0.99992004 -0.005590827 -0.011342692 -0.29050728 0.005295641 0.99965078 -0.025889523 -0.35767636 0.011483473 0.025827383 0.99960035 12.840533
19 0.99990593 -0.0057461354 -0.012454863 -0.30323025 0.0054029694 0.99960957 -0.027413447 -0.3762988 0.012607521 0.027343572 0.99954648 13.573062
20 0.99990475 -0.0063644388 -0.012247411 -0.31228879 0.0060160016 0.99958195 -0.0282794 -0.39699336 0.012422273 0.028203023 0.99952492 14.324845
21 0.99988329 -0.0076346442 -0.013233757 -0.31930805 0.007254552 0.99956645 -0.02853527 -0.42345224 0.013445875 0.028435932 0.99950508 15.093873
22 0.99986185 -0.008388771 -0.014349692 -0.32982358 0.0079568001 0.99952122 -0.029899853 -0.45378999 0.014593644 0.029781542 0.99944979 15.87588
23 0.99982667 -0.0093472169 -0.016101492 -0.34194154 0.0088283649 0.9994489 -0.031998949 -0.4911729 0.016391718 0.03185125 0.9993581 16.672837
24 0.99976738 -0.010366382 -0.018913553 -0.35687484 0.0097195777 0.99937541 -0.033975106 -0.52709244 0.019253937 0.033783367 0.9992436 17.46782
25 0.99969438 -0.011843968 -0.02169965 -0.37425159 0.011069829 0.99930998 -0.035454456 -0.56241559 0.022104596 0.035203406 0.99913558 18.287634
26 0.99957197 -0.012792059 -0.0263106 -0.3950257 0.011796245 0.99922092 -0.037661518 -0.58783245 0.026771868 0.037335028 0.99894402 19.104307
27 0.99943384 -0.013659162 -0.030747865 -0.41999795 0.012450377 0.99915511 -0.039166741 -0.61435123 0.031256868 0.03876174 0.99875939 19.955719
28 0.99932729 -0.015329651 -0.033316266 -0.44462021 0.013986044 0.99909398 -0.040194367 -0.64641387 0.033902243 0.039701361 0.99863619 20.810532
29 0.99932208 -0.01671916 -0.032800234 -0.46952504 0.015371011 0.99904369 -0.040932037 -0.67787433 0.033453213 0.040400112 0.99862331 21.682308
30 0.99932428 -0.017746536 -0.032187834 -0.49289153 0.016390707 0.99898701 -0.041907983 -0.7134886 0.032898946 0.04135208 0.99860275 22.573962
31 0.99940725 -0.019539914 -0.028343483 -0.51138882 0.018305711 0.99890006 -0.043169043 -0.75328073 0.029155823 0.042624603 0.99866555 23.480351
32 0.99944306 -0.02133075 -0.025662627 -0.52870083 0.0201934 0.99883662 -0.043790578 -0.79684449 0.026566855 0.04324797 0.99871097 24.416083
33 0.99945326 -0.022949726 -0.023801119 -0.54811321 0.021881706 0.99878295 -0.044201814 -0.84347413 0.024786569 0.043656834 0.99873895 25.363065
34 0.99951965 -0.022853849 -0.020932869 -0.56979513 0.021886774 0.99873283 -0.04531766 -0.89922565 0.021942025 0.044837734 0.99875318 26.326552
35 0.99951271 -0.02351175 -0.020531622 -0.58996754 0.02255754 0.99870819 -0.045531176 -0.95765704 0.021575615 0.045045841 0.9987518 27.295803
36 0.99955449 -0.023781809 -0.018034596 -0.61268095 0.022950254 0.99872365 -0.044992699 -1.0194455 0.019081584 0.044558752 0.99882441 28.271331
37 0.99956596 -0.023957328 -0.017144603 -0.62916672 0.023159404 0.99870419 -0.045316354 -1.0759114 0.018208044 0.044899622 0.99882545 29.243876
38 0.99952997 -0.02510272 -0.017598014 -0.6413924 0.024281699 0.99867327 -0.045410175 -1.1311069 0.018714583 0.044961517 0.99881331 30.220922
39 0.9994952 -0.026475103 -0.017562199 -0.65612284 0.025680978 0.99870146 -0.043998423 -1.1913607 0.018704255 0.043525194 0.99887712 31.210436
40 0.99941195 -0.028181763 -0.019533118 -0.672001 0.027312078 0.99868242 -0.043444857 -1.2520903 0.020731732 0.042885815 0.99886475 32.233993
41 0.99943815 -0.027362872 -0.019356187 -0.69843907 0.026473515 0.99864513 -0.04480004 -1.3197587 0.020555818 0.044262439 0.99880833 33.22319
42 0.99946101 -0.027251598 -0.018304187 -0.7265522 0.026397599 0.99862095 -0.045380072 -1.3954826 0.019515623 0.044872422 0.99880198 34.251551
43 0.99939936 -0.027785906 -0.02070898 -0.74783717 0.026781664 0.99852224 -0.047287052 -1.4605681 0.021992289 0.046704024 0.99866654 35.279245
44 0.99929875 -0.028950193 -0.023746548 -0.77132936 0.027791622 0.99847272 -0.047747724 -1.5260384 0.025092584 0.047054281 0.99857701 36.311871
45 0.99918551 -0.030930426 -0.025915888 -0.79662604 0.029660466 0.99840531 -0.048032051 -1.59301 0.02736021 0.047224247 0.99850943 37.366111
46 0.99908304 -0.032391263 -0.027998166 -0.82304428 0.031030379 0.99837743 -0.04774529 -1.659415 0.029499265 0.046832711 0.99846697 38.42312
47 0.99886205 -0.033810506 -0.033637322 -0.85257379 0.032123467 0.99825791 -0.049489461 -1.7298063 0.035251984 0.048352592 0.99820795 39.473544
48 0.99870181 -0.035012164 -0.036997934 -0.88635243 0.033102257 0.99814831 -0.051031154 -1.7951797 0.038716133 0.049740186 0.99801141 40.535475
49 0.99845522 -0.036477324 -0.041911635 -0.92646658 0.034287736 0.9980674 -0.051824713 -1.8614085 0.043721059 0.050307595 0.99777623 41.597258
50 0.99819985 -0.037897009 -0.0464854 -0.97247008 0.035425676 0.99797218 -0.052882325 -1.9306647 0.048395213 0.051140346 0.9975181 42.666032
51 0.99817256 -0.038619789 -0.046476466 -1.0229689 0.036131758 0.99792826 -0.053232311 -1.999994 0.048435995 0.05145575 0.9974999 43.743332
52 0.99814053 -0.039160409 -0.046711352 -1.0760845 0.0365848 0.99782829 -0.054774526 -2.0781377 0.048754896 0.052963744 0.99740543 44.806318
53 0.99809465 -0.03971946 -0.047217012 -1.1314568 0.037089098 0.99777869 -0.055335997 -2.15709 0.049310039 0.05347932 0.99735063 45.854927
54 0.9980695 -0.040313948 -0.047244733 -1.1837997 0.037639256 0.99770994 -0.056197443 -2.2339486 0.049402076 0.054310692 0.99730115 46.903221
55 0.9980833 -0.040107921 -0.047128426 -1.2415649 0.037393605 0.99766628 -0.057128739 -2.3119567 0.049309752 0.055256933 0.99725374 47.964821
56 0.99808996 -0.039926182 -0.047141596 -1.2999399 0.037151033 0.99760495 -0.058345141 -2.3879268 0.049358183 0.056482335 0.99718269 49.040396
57 0.99804615 -0.03996264 -0.048030005 -1.3598128 0.037138277 0.99760668 -0.058323589 -2.467453 0.050245814 0.056425876 0.99714155 50.118756
58 0.99809236 -0.040718161 -0.046407845 -1.4155958 0.037985979 0.9975757 -0.058307642 -2.5512903 0.048669514 0.056433558 0.9972193 51.202318
59 0.99803618 -0.042185535 -0.046305088 -1.4650688 0.039444637 0.99750255 -0.058589762 -2.6314792 0.04866108 0.056648209 0.99720754 52.27833
60 0.99810276 -0.042555157 -0.044496546 -1.5140199 0.039875527 0.99743352 -0.059466779 -2.707534 0.04691296 0.057579627 0.99723796 53.339637
61 0.99814242 -0.042833531 -0.043324456 -1.5611357 0.040209345 0.99740448 -0.059728467 -2.7793184 0.045770384 0.057875462 0.99727393 54.403732
62 0.99813637 -0.042154914 -0.044121994 -1.6163168 0.039420977 0.99735293 -0.061099143 -2.8574827 0.046580824 0.059245939 0.99715592 55.487763
63 0.99817329 -0.042277467 -0.043159012 -1.6657581 0.03957016 0.99730604 -0.06176453 -2.9337768 0.045653987 0.059943889 0.99715708 56.562748
64 0.99817497 -0.042360416 -0.043038771 -1.715124 0.039611702 0.997238 -0.062827254 -3.0112382 0.045581283 0.061007747 0.99709588 57.625368
65 0.99813893 -0.042738862 -0.043497927 -1.7630728 0.039915272 0.99716205 -0.063832577 -3.0900106 0.046102609 0.061977543 0.9970121 58.693269
66 0.99811202 -0.043337489 -0.043523041 -1.8129207 0.040526072 0.99715717 -0.063523313 -3.1680543 0.046152248 0.061639558 0.99703076 59.748137
67 0.99801087 -0.044616883 -0.04453804 -1.8565412 0.041725133 0.99708547 -0.063871456 -3.2501001 0.047257973 0.061886046 0.99696369 60.808368
68 0.99793399 -0.045490317 -0.045369376 -1.9038159 0.042518183 0.99701458 -0.064452494 -3.3385637 0.048165889 0.062390305 0.99688881 61.883171
69 0.9978707 -0.046597937 -0.045636564 -1.9522551 0.043566001 0.99691306 -0.065317277 -3.4306234 0.048539333 0.063189988 0.99682032 62.950211
70 0.9977656 -0.047952738 -0.046522552 -1.9975124 0.044794571 0.99676681 -0.066703489 -3.5225209 0.049570746 0.064470483 0.99668756 64.019829
71 0.9977031 -0.049236167 -0.046522342 -2.041896 0.046078182 0.99671025 -0.066674355 -3.6092566 0.04965208 0.06437754 0.99668952 65.081961
72 0.99762192 -0.049287553 -0.04817935 -2.0967864 0.045956297 0.99662887 -0.067962495 -3.6967282 0.051366631 0.065586724 0.99652378 66.150417
73 0.99763462 -0.049058355 -0.048150362 -2.1525966 0.045651404 0.99653876 -0.069472603 -3.7824332 0.051391908 0.067110135 0.99642104 67.229152
74 0.99742841 -0.049218145 -0.052097418 -2.2098795 0.045526371 0.99652002 -0.069822463 -3.870371 0.055352647 0.067271096 0.99619801 68.304273
75 0.99727423 -0.04946237 -0.054750171 -2.2762444 0.045596425 0.99652265 -0.069739185 -3.9599818 0.058009245 0.067052673 0.99606157 69.387207
76 0.99709142 -0.050116383 -0.057419966 -2.341244 0.046063389 0.9964929 -0.069857401 -4.0498721 0.060719583 0.06700925 0.99590295 70.45618
77 0.99682142 -0.050950765 -0.061246122 -2.4070816 0.046614654 0.99643929 -0.070255204 -4.1420231 0.064607592 0.067176919 0.99564698 71.521997
78 0.9968377 -0.052034892 -0.060058123 -2.4708882 0.047755173 0.9963595 -0.070619953 -4.2364371 0.063514177 0.067528538 0.99569355 72.59248
79 0.99665503 -0.052944089 -0.062255016 -2.5366671 0.048425145 0.99622961 -0.07198303 -4.3307129 0.06583136 0.068727534 0.99546097 73.664758
80 0.99647753 -0.053775694 -0.064348308 -2.6055225 0.049090455 0.99617406 -0.072300499 -4.428761 0.067990118 0.068886928 0.99530484 74.742995
81 0.99636203 -0.054354958 -0.065637293 -2.678543 0.049561582 0.99613104 -0.072571284 -4.5274613 0.069327947 0.069054177 0.99520096 75.810596
82 0.99623379 -0.054655084 -0.067313133 -2.7559615 0.049729922 0.99610675 -0.0727892 -4.6278571 0.071029359 0.069167577 0.9950731 76.874962
83 0.99614795 -0.054524867 -0.068675445 -2.8337295 0.049344165 0.99596197 -0.074999229 -4.726324 0.072487447 0.071321588 0.99481586 77.935349
84 0.99610216 -0.054614263 -0.069265978 -2.9143445 0.049331788 0.99590135 -0.075808032 -4.8258979 0.073122274 0.072095523 0.99471361 79.010575
85 0.99601967 -0.054546867 -0.070494374 -2.9978516 0.049136995 0.99587173 -0.07632196 -4.9262431 0.074366471 0.072554284 0.994588 80.077907
86 0.99596103 -0.054687802 -0.071210131 -3.0802974 0.04917334 0.99581654 -0.07701555 -5.0318392 0.07512403 0.073202839 0.99448354 81.143215
87 0.9959296 -0.054104121 -0.072090057 -3.1673231 0.04845336 0.99577892 -0.077952601 -5.1375377 0.076003309 0.07414229 0.99434713 82.19893
88 0.99582182 -0.05423892 -0.073464601 -3.2483256 0.048356061 0.99565192 -0.079617442 -5.2461161 0.077463528 0.075732319 0.99411459 83.238811
89 0.99577327 -0.054033693 -0.074269555 -3.3308517 0.047933244 0.99551169 -0.081601814 -5.3512374 0.078345451 0.077696916 0.99389384 84.278089
90 0.995642 -0.053631507 -0.07629341 -3.4187554 0.047299237 0.99546682 -0.082514056 -5.4515989 0.080372904 0.078545831 0.99366521 85.315765
91 0.99552256 -0.053635749 -0.077833395 -3.5099687 0.047106506 0.99539985 -0.083427266 -5.5535462 0.081950026 0.079387258 0.9934695 86.353574
92 0.99551521 -0.053083434 -0.078304739 -3.5977376 0.046451258 0.99536432 -0.08421485 -5.6517076 0.082412148 0.080199802 0.99336601 87.371747
93 0.99539432 -0.053900746 -0.079277111 -3.6818122 0.047216662 0.99535507 -0.083897901 -5.7555565 0.083431026 0.079768286 0.9933157 88.368092
94 0.99524115 -0.055438257 -0.080135228 -3.7630151 0.048739407 0.99533511 -0.08326151 -5.8622217 0.08437727 0.078959529 0.99330039 89.352623
95 0.99511647 -0.056519929 -0.080924133 -3.8420227 0.049655063 0.99518829 -0.084466766 -5.9663704 0.085308797 0.080035969 0.99313466 90.31926
96 0.99485955 -0.057717695 -0.08320552 -3.9211041 0.050497046 0.99497844 -0.086417274 -6.0706683 0.087775496 0.081771409 0.99277827 91.256812
97 0.99458838 -0.058917703 -0.085572624 -3.9992672 0.051320519 0.99476045 -0.088418571 -6.1703538 0.090333672 0.083548443 0.99240077 92.172336
98 0.99424154 -0.060355803 -0.088549053 -4.0767414 0.052379818 0.99458256 -0.089787941 -6.2688069 0.093488558 0.084632709 0.99201663 93.071257
99 0.99402995 -0.061731457 -0.089964896 -4.1556642 0.053518616 0.99441121 -0.091006 -6.3663716 0.095080025 0.085647884 0.99177821 93.953697
100 0.99385327 -0.062877787 -0.091115653 -4.2350004 0.054353529 0.99416332 -0.093193175 -6.464598 0.096443611 0.087667876 0.99147 94.815312
101 0.9938619 -0.063022941 -0.090921053 -4.3141929 0.054349838 0.99400176 -0.094902999 -6.5659322 0.096356743 0.089378921 0.99132567 95.63415
102 0.99361228 -0.063131243 -0.093536572 -4.3959242 0.054123928 0.99391942 -0.095889425 -6.6653553 0.099021424 0.090214335 0.99098735 96.433178
103 0.99341189 -0.063075882 -0.095677904 -4.4760672 0.05376572 0.99383635 -0.096946084 -6.7614522 0.10120313 0.091163192 0.99068007 97.215803
104 0.99335168 -0.062978326 -0.096364773 -4.5556541 0.053482647 0.993735 -0.098134294 -6.8571656 0.10194137 0.092328014 0.99049649 97.989199
105 0.99328495 -0.063005436 -0.097032665 -4.632414 0.053325545 0.99362654 -0.099311014 -6.9508057 0.10267135 0.093469807 0.99031398 98.736206
106 0.9931294 -0.063021743 -0.098601576 -4.7049787 0.053054983 0.99350842 -0.10062891 -7.0404417 0.10430329 0.094706217 0.99002593 99.443812
107 0.99296834 -0.062952026 -0.10025434 -4.776271 0.052674236 0.99338303 -0.10205669 -7.1264151 0.10601563 0.096058227 0.98971374 100.11955
108 0.99289283 -0.063163062 -0.10086757 -4.8430977 0.052683385 0.9932459 -0.10337809 -7.2071874 0.10671597 0.097329313 0.98951428 100.7543
109 0.99286191 -0.063385761 -0.10103206 -4.9074991 0.052725702 0.99308428 -0.10489801 -7.283845 0.10698238 0.098822243 0.98933752 101.36659
110 0.99278939 -0.063611313 -0.10160133 -4.9681957 0.052687193 0.99288326 -0.10680295 -7.3552061 0.10767212 0.10067974 0.98907538 101.94802
111 0.9928104 -0.064320349 -0.10094755 -5.0262392 0.053187244 0.99257973 -0.10934615 -7.4246406 0.10723166 0.10319086 0.9888644 102.50934
112 0.99274065 -0.064940869 -0.10123585 -5.0857202 0.053532193 0.99231031 -0.11159989 -7.4939952 0.10770476 0.10537035 0.98858311 103.07557
113 0.99278328 -0.066033684 -0.1001045 -5.1399545 0.054512949 0.99201292 -0.11374837 -7.5601554 0.10681617 0.10747047 0.98845344 103.61176
114 0.99311765 -0.066943877 -0.096103363 -5.1891295 0.055615093 0.99168272 -0.11607039 -7.6285154 0.10307424 0.10992674 0.9885806 104.14752
115 0.99384088 -0.06907286 -0.086655965 -5.2233669 0.058572059 0.99124176 -0.11835995 -7.6971645 0.094072463 0.11255533 0.98918222 104.64513
116 0.99474956 -0.071115076 -0.073593285 -5.2470986 0.06188946 0.99074218 -0.12082885 -7.7640258 0.081504717 0.11563979 0.98994152 105.10917
117 0.99546051 -0.073013205 -0.061052855 -5.2638358 0.065167947 0.99040443 -0.12186955 -7.829902 0.069365097 0.11733762 0.99066652 105.55947
118 0.99606095 -0.075470013 -0.04654958 -5.273722 0.0691485 0.98974148 -0.12502113 -7.8902544 0.055507391 0.12130982 0.99106138 105.99609
119 0.99666536 -0.07752363 -0.025460669 -5.262169 0.073657216 0.98902411 -0.12808553 -7.9516593 0.035110868 0.12578303 0.99143615 106.40967
120 0.99680832 -0.079820757 -0.0013485851 -5.2342265 0.078964842 0.98832148 -0.13032725 -8.0145432 0.011735654 0.12980478 0.99147001 106.81318
121 0.99629031 -0.082251039 0.025305843 -5.1923222 0.084899246 0.98749265 -0.13285469 -8.0797292 -0.014061895 0.13451028 0.99081231 107.21442
122 0.99470115 -0.084634093 0.058366884 -5.1329597 0.091797442 0.98677921 -0.13356645 -8.1409537 -0.046290948 0.13821662 0.98931952 107.6056
123 0.99188901 -0.087019103 0.092649245 -5.0583008 0.098983505 0.98608824 -0.13353736 -8.2001558 -0.079740021 0.14162498 0.98670345 107.98759
124 0.9874994 -0.088861801 0.13018646 -4.9684186 0.106272 0.98532866 -0.13354279 -8.2580522 -0.11640958 0.14570858 0.98245489 108.35962
125 0.98170687 -0.090945807 0.16727367 -4.8657283 0.11378076 0.98464153 -0.13241975 -8.3156578 -0.15266156 0.14902989 0.97697714 108.73327
126 0.97357956 -0.092667306 0.20869983 -4.7493724 0.1214951 0.98406523 -0.1298251 -8.3683205 -0.19334369 0.15175106 0.96932432 109.08948
127 0.96342898 -0.094072717 0.25090821 -4.6207509 0.12892631 0.98358167 -0.12627384 -8.4171948 -0.23490977 0.15400453 0.95973944 109.42638
128 0.95128587 -0.095236536 0.29323234 -4.4785342 0.13638063 0.98296753 -0.12318745 -8.4604348 -0.2765059 0.15717767 0.94807144 109.74693
129 0.93606131 -0.095929025 0.33850679 -4.3234128 0.14360491 0.98249331 -0.1186782 -8.4992361 -0.32119594 0.15970129 0.93344976 110.05718
130 0.91783119 -0.09660667 0.38503644 -4.1481596 0.15089003 0.98203763 -0.11328848 -8.5331297 -0.36717581 0.16207784 0.91592166 110.36597
131 0.89629571 -0.097304487 0.43264978 -3.9484308 0.15830419 0.98155443 -0.10719459 -8.567683 -0.41423875 0.16456831 0.89516664 110.67371
132 0.8730825 -0.098360443 0.47754808 -3.7319827 0.16550515 0.98107325 -0.10051522 -8.6006806 -0.45862288 0.16679472 0.87283696 110.97168
133 0.84876876 -0.09912898 0.51938911 -3.5086839 0.17206316 0.98058808 -0.094028037 -8.6311041 -0.49998582 0.16917577 0.84934889 111.24949
134 0.82301508 -0.099373287 0.55925945 -3.2830546 0.17807 0.9800838 -0.087902226 -8.6577963 -0.53938594 0.17193217 0.82431907 111.5045
135 0.79508488 -0.099106423 0.59834601 -3.0499427 0.18361879 0.97959316 -0.081739579 -8.6802558 -0.57803469 0.17485746 0.79705744 111.74507
136 0.76477663 -0.098196369 0.63676855 -2.8056143 0.18834434 0.97921971 -0.075200835 -8.6980085 -0.6161518 0.17744357 0.767379 111.98157
137 0.73003244 -0.097913351 0.67636204 -2.5354145 0.19323372 0.97887196 -0.066861012 -8.7099456 -0.65552519 0.17950664 0.73352838 112.20998
138 0.69312391 -0.097846539 0.71414655 -2.2340283 0.1984576 0.97835794 -0.058568894 -8.7190202 -0.69296012 0.1823233 0.6975416 112.43852
139 0.65431148 -0.097543688 0.74990781 -1.920087 0.20275936 0.97796633 -0.049703888 -8.7258145 -0.72853622 0.18457263 0.65967243 112.66213
140 0.6124029 -0.096313683 0.78465685 -1.5969417 0.20623973 0.97764372 -0.040962291 -8.7263453 -0.76316953 0.18691282 0.6185755 112.86339
141 0.56744683 -0.094781274 0.8179368 -1.2660678 0.20922668 0.97734675 -0.031898365 -8.7207386 -0.79638443 0.18923481 0.57442303 113.04244
142 0.52166696 -0.093787034 0.84797852 -0.91455569 0.21256541 0.97688257 -0.022723965 -8.70893 -0.82624414 0.19210523 0.52954319 113.20554
143 0.47624323 -0.092093691 0.87447764 -0.55505133 0.21393558 0.97675245 -0.013645443 -8.6996343 -0.85289143 0.19358041 0.48487382 113.37083
144 0.42952983 -0.090518854 0.89850457 -0.18047512 0.21478808 0.97665126 -0.0042877176 -8.689799 -0.87713742 0.19482975 0.43894318 113.51877
145 0.38305915 -0.089287431 0.91939842 0.20803447 0.21560287 0.97646832 0.005000763 -8.6761574 -0.89820984 0.19630933 0.39329571 113.64745
146 0.3361431 -0.087641635 0.93772425 0.609415 0.21557931 0.97638629 0.013977024 -8.655896 -0.91680598 0.19745564 0.3470992 113.75847
147 0.28409486 -0.085441242 0.95498163 1.0085851 0.21615097 0.97608836 0.023027482 -8.6269206 -0.93411385 0.19987819 0.29576987 113.83346
148 0.23627301 -0.084202603 0.9680315 1.4411813 0.21772342 0.97549522 0.031710816 -8.5980871 -0.94698014 0.2032707 0.24881605 113.89886
149 0.19636706 -0.0822294 0.97707641 1.8707881 0.21852034 0.97508656 0.038145007 -8.5727552 -0.95587062 0.20602063 0.20944365 113.95881
150 0.15931332 -0.078573495 0.98409627 2.3281767 0.21696608 0.97524294 0.042742422 -8.5474371 -0.96309127 0.20670605 0.17241696 114.02485
151 0.1244278 -0.075158964 0.98937802 2.8108339 0.21518861 0.97543906 0.047037172 -8.5225693 -0.96861313 0.20705012 0.13754508 114.07946
152 0.094122832 -0.072656338 0.99290581 3.3039878 0.21368395 0.97556382 0.051131089 -8.4950714 -0.97235789 0.20735541 0.10734831 114.1227
153 0.067897484 -0.071696595 0.99511283 3.8425702 0.21400991 0.97524426 0.055662994 -8.4645538 -0.97446883 0.20918461 0.081560406 114.14638
154 0.045738253 -0.071073039 0.99642192 4.3876429 0.2153291 0.97471859 0.059640836 -8.4343677 -0.97546973 0.21183074 0.059886014 114.15549
155 0.029479775 -0.069549865 0.9971428 4.9656253 0.21656264 0.97432617 0.061555913 -8.4038843 -0.97582343 0.2141292 0.043784815 114.16326
156 0.0187531 -0.066334198 0.99762122 5.5619063 0.21697688 0.97428745 0.060703989 -8.3734222 -0.97599649 0.21532233 0.032663894 114.17934
157 0.0049687794 -0.061732709 0.99808035 6.17468 0.21595379 0.97460691 0.059205752 -8.339387 -0.97639084 0.21524503 0.018174017 114.19268
158 -0.0045891541 -0.059493932 0.99821812 6.8259953 0.21646826 0.97450067 0.059075549 -8.299764 -0.97627877 0.21635362 0.0084064137 114.19046
159 -0.014475185 -0.05926293 0.99813746 7.4877807 0.21801223 0.9740382 0.060993729 -8.2592812 -0.97583858 0.21848904 -0.0011793396 114.17821
160 -0.022438307 -0.058580876 0.99803047 8.166153 0.21905266 0.97373612 0.062079754 -8.2190265 -0.9754549 0.22001417 -0.0090166923 114.16489
161 -0.027073018 -0.057107652 0.99800089 8.8676642 0.21984944 0.9735823 0.061674281 -8.1853418 -0.97515798 0.22107962 -0.013802724 114.151
162 -0.032264795 -0.054236747 0.9980067 9.5909629 0.21921173 0.97383008 0.060009815 -8.1505803 -0.97514358 0.22071095 -0.019531095 114.13727
163 -0.036792014 -0.052670172 0.99793397 10.314513 0.21909274 0.97388944 0.059478672 -8.1162948 -0.97501001 0.22082841 -0.024291699 114.12022
164 -0.038222653 -0.051276121 0.9979528 11.04425 0.21878587 0.97402213 0.058426263 -8.0759363 -0.97502388 0.22057116 -0.026011216 114.10419
165 -0.039134371 -0.049784387 0.997993 11.77942 0.21880463 0.97409233 0.057172115 -8.031905 -0.97498351 0.22060286 -0.027227433 114.08739
166 -0.037234715 -0.049293558 0.99809004 12.53858 0.21974578 0.97393136 0.05629824 -7.9892686 -0.97484623 0.2214223 -0.025432003 114.06945
167 -0.036823468 -0.048376783 0.99815015 13.310736 0.22015813 0.97389411 0.055323189 -7.9515028 -0.97476881 0.22178804 -0.025211614 114.05089
168 -0.03762101 -0.047518478 0.99816164 14.093339 0.22045809 0.97386309 0.054670852 -7.9216622 -0.97467056 0.22210956 -0.026161877 114.03107
169 -0.03879543 -0.045932692 0.99819092 14.877316 0.22032587 0.97396456 0.053381022 -7.897011 -0.97465441 0.2219982 -0.027665211 114.00977
170 -0.041159892 -0.044597734 0.99815676 15.653712 0.21997928 0.97408575 0.052593282 -7.8726235 -0.97463572 0.22173851 -0.030282684 113.98936
171 -0.041748308 -0.043541364 0.99817896 16.447151 0.22012382 0.97410104 0.051697629 -7.8470134 -0.97457805 0.22188124 -0.031082575 113.96388
172 -0.039879875 -0.042618363 0.99829519 17.25571 0.22109595 0.97394829 0.050411303 -7.8206592 -0.97443624 0.2227294 -0.029418185 113.9385
173 -0.038780284 -0.040892406 0.99841069 18.075139 0.22141837 0.9739725 0.048491815 -7.7935115 -0.97440741 0.22294697 -0.028716597 113.91465
174 -0.039130455 -0.039039941 0.99847118 18.893974 0.22179111 0.9739717 0.046774094 -7.7705089 -0.97430863 0.2232823 -0.02945324 113.89001
175 -0.040775153 -0.036661288 0.99849554 19.709175 0.22210169 0.97399228 0.044831489 -7.7477139 -0.97417043 0.22359553 -0.031572147 113.86195
176 -0.041926942 -0.035450122 0.99849158 20.526046 0.22233828 0.97398001 0.043915919 -7.7252022 -0.97406757 0.22384414 -0.032954081 113.83272
177 -0.042996317 -0.034349719 0.99848456 21.353741 0.22223251 0.97404155 0.043078516 -7.7047316 -0.97404509 0.22374792 -0.034246572 113.80603
178 -0.044319197 -0.033853786 0.99844366 22.211405 0.22288043 0.97390072 0.042914898 -7.681653 -0.97383773 0.22443548 -0.035617148 113.77327
179 -0.045830997 -0.032134164 0.99843223 23.064712 0.22310479 0.973907 0.041586 -7.6638032 -0.97371637 0.22466092 -0.037465839 113.73946
180 -0.049143981 -0.029745988 0.99834866 23.901813 0.22304988 0.97398601 0.039999788 -7.6489596 -0.97356737 0.22464727 -0.041230706 113.70422
181 -0.050728226 -0.027704414 0.99832816 24.728776 0.22313135 0.97403299 0.038368217 -7.6350557 -0.97346744 0.22470464 -0.043229237 113.66908
182 -0.051045566 -0.025788621 0.99836331 25.545041 0.22305918 0.9741188 0.036567211 -7.6213846 -0.97346739 0.22456067 -0.043972052 113.63268
183 -0.050297735 -0.023102397 0.99846704 26.349453 0.22302578 0.9742272 0.033776454 -7.603966 -0.97351397 0.22438275 -0.043848987 113.59675
184 -0.049983212 -0.020648158 0.9985366 27.165905 0.22340918 0.97422115 0.031328426 -7.5873813 -0.97344225 0.22464811 -0.04408171 113.56011
185 -0.048902498 -0.019315718 0.99861677 27.976947 0.22405628 0.97412006 0.02981398 -7.5741149 -0.97334841 0.22520431 -0.043309092 113.5222
186 -0.045910527 -0.019190224 0.99876122 28.805711 0.22579137 0.97374129 0.029088548 -7.5630484 -0.97309315 0.22684711 -0.040371985 113.48365
187 -0.043648593 -0.017572681 0.99889239 29.631526 0.22652079 0.97363129 0.027026561 -7.5606689 -0.97302772 0.22744954 -0.038517054 113.44793
188 -0.041163035 -0.015403043 0.99903371 30.447598 0.22673958 0.97365088 0.024354009 -7.5630939 -0.97308508 0.22752295 -0.036585942 113.41436
189 -0.038419077 -0.013615869 0.99916895 31.258905 0.22671497 0.97371295 0.0219864 -7.5656417 -0.97320301 0.22737124 -0.034322227 113.38572
190 -0.03821508 -0.012123435 0.999196 32.067231 0.22616186 0.97387471 0.020465955 -7.5694187 -0.97333973 0.22676211 -0.034474838 113.35924
191 -0.038574235 -0.01022302 0.99920345 32.875288 0.22574895 0.97400639 0.01868026 -7.5727608 -0.97342141 0.22628968 -0.035263712 113.33167
192 -0.038937612 -0.0082553648 0.99920755 33.669575 0.22547867 0.97410264 0.016834514 -7.5776846 -0.97346959 0.22595546 -0.036067818 113.30324
193 -0.040688135 -0.0064888112 0.99915083 34.459936 0.22484829 0.97427075 0.015483665 -7.5832272 -0.9735438 0.22528733 -0.038182258 113.27362
194 -0.042657886 -0.0050616157 0.99907692 35.241843 0.22424214 0.97442541 0.014511257 -7.587227 -0.97359929 0.22465414 -0.040431896 113.24191
195 -0.04416031 -0.0039362576 0.99901671 36.042369 0.22404229 0.97448251 0.013743104 -7.5932115 -0.97357831 0.22442886 -0.042151557 113.20595
196 -0.04629631 -0.0023729291 0.99892494 36.83521 0.22357872 0.97460342 0.012677163 -7.6004187 -0.97358565 0.22392524 -0.044590001 113.16971
197 -0.047736966 -0.00089354913 0.99885954 37.635419 0.22372573 0.97458353 0.011564014 -7.6093074 -0.9734823 0.22402259 -0.046323746 113.13065
198 -0.050544971 0.0011079986 0.99872117 38.42479 0.22401742 0.97453116 0.010256291 -7.6188861 -0.97327345 0.22424933 -0.049505856 113.08914
199 -0.052550365 0.0021074866 0.99861605 39.20931 0.22459094 0.97440423 0.0097623022 -7.6293836 -0.97303503 0.22479311 -0.051678614 113.04674
200 -0.055456295 0.0037823112 0.99845395 39.99445 0.22484399 0.97435505 0.0087973018 -7.6414997 -0.97281529 0.22498422 -0.054884546 113.00162
201 -0.057256059 0.0050117194 0.99834695 40.763686 0.22513926 0.97429357 0.0080209597 -7.6528614 -0.97264272 0.22522632 -0.056912539 112.95767
202 -0.059288302 0.0060512681 0.99822256 41.539957 0.22549467 0.97421562 0.0074872642 -7.66702 -0.97243861 0.22553775 -0.059124113 112.91154
203 -0.060933124 0.0076928486 0.99811221 42.285672 0.22545678 0.97423308 0.0062549662 -7.6777674 -0.97234572 0.22541227 -0.061097464 112.86566
204 -0.061986787 0.0094642033 0.9980321 43.016576 0.22574332 0.97417507 0.0047827243 -7.6833212 -0.97221263 0.22559553 -0.062522457 112.81973
205 -0.062793523 0.010317775 0.99797321 43.727659 0.22658653 0.97398203 0.0041873255 -7.6906115 -0.97196467 0.2263902 -0.063497626 112.77166
206 -0.063034384 0.010872289 0.99795214 44.433416 0.22691155 0.97390825 0.0037222401 -7.6995567 -0.97187325 0.22668147 -0.063856748 112.72504
207 -0.063043229 0.012133142 0.99793704 45.122727 0.22691803 0.97391066 0.0024941938 -7.7103724 -0.97187117 0.22660712 -0.064151695 112.68011
208 -0.063627803 0.012974911 0.99788935 45.817207 0.22716786 0.9738539 0.001822371 -7.7234413 -0.9717747 0.22680432 -0.064911661 112.63245
209 -0.063875276 0.01350856 0.99786646 46.516296 0.22802158 0.97365504 0.0014152835 -7.7351274 -0.9715585 0.22762547 -0.065272721 112.583
210 -0.064305731 0.014040904 0.99783147 47.211688 0.22897109 0.97343264 0.0010585743 -7.747137 -0.97130676 0.2285426 -0.065812252 112.53148
211 -0.063910452 0.015393117 0.99783692 47.911974 0.22914404 0.97339246 -0.00033957932 -7.7618186 -0.97129206 0.22862666 -0.065737186 112.48301
212 -0.062494371 0.016981854 0.99790084 48.600152 0.22927235 0.9733598 -0.0022058534 -7.7782806 -0.97135392 0.22865319 -0.064722972 112.43623
213 -0.06234297 0.018150874 0.99788973 49.294938 0.22906696 0.97340474 -0.0033945958 -7.7954968 -0.97141211 0.22837192 -0.064842701 112.38995
214 -0.061647135 0.019256368 0.99791224 49.984797 0.22902258 0.97341007 -0.0046354336 -7.8147567 -0.97146698 0.22825865 -0.064418078 112.34505
215 -0.062352706 0.020356343 0.99784656 50.679854 0.22851612 0.97352413 -0.0055808107 -7.8338051 -0.97154121 0.22767602 -0.065353609 112.29892
216 -0.065822903 0.021837576 0.99759234 51.382228 0.22831788 0.97356659 -0.0062468288 -7.8513927 -0.97135889 0.22735696 -0.069068881 112.25295
217 -0.069193632 0.023627095 0.99732342 52.040819 0.2282922 0.97356584 -0.0072255061 -7.8666765 -0.97113064 0.22718118 -0.072758431 112.20359
218 -0.072264299 0.024718597 0.99707917 52.72935 0.22842223 0.97353265 -0.0075797277 -7.8847944 -0.97087639 0.22720729 -0.075997924 112.14972
219 -0.077323096 0.026169454 0.99666258 53.419004 0.2288219 0.97343699 -0.0078071531 -7.9016209 -0.97039244 0.22745453 -0.081257297 112.09225
220 -0.086332383 0.028625052 0.99585508 54.106821 0.2281871 0.97358274 -0.0082029215 -7.9176899 -0.96978202 0.22653308 -0.090583576 112.02979
221 -0.095859456 0.030341111 0.99493235 54.826737 0.22781164 0.97367442 -0.0077437063 -7.9369345 -0.96897504 0.22591484 -0.10024795 111.95508
222 -0.10526994 0.031808403 0.99393484 55.539481 0.22787613 0.97366478 -0.0070248204 -7.9543854 -0.9679827 0.2257545 -0.109746 111.87339
223 -0.11300523 0.034024678 0.99301165 56.26065 0.22705928 0.97385183 -0.007528721 -7.9685569 -0.96730228 0.22462171 -0.11777596 111.78829
224 -0.11909046 0.035579976 0.9922457 56.991275 0.22673861 0.97392512 -0.0077096107 -7.9856125 -0.96664723 0.22406225 -0.12405253 111.69644
225 -0.12235893 0.036232711 0.99182432 57.739569 0.22697136 0.97387196 -0.0075759889 -8.0058807 -0.9661843 0.2241887 -0.1273857 111.5995
226 -0.12380189 0.038723274 0.99155111 58.476919 0.22623553 0.97402341 -0.0097917198 -8.0236562 -0.96617306 0.22311183 -0.1293465 111.50598
227 -0.12484274 0.040085252 0.99136647 59.228525 0.22573333 0.97412745 -0.010961616 -8.0484909 -0.96615659 0.22241595 -0.1306613 111.40759
228 -0.12369535 0.041289052 0.99146088 59.986273 0.22552249 0.97415863 -0.012432163 -8.0741646 -0.96635339 0.2220589 -0.12981049 111.31044
229 -0.12441553 0.042018015 0.99134014 60.731478 0.22624616 0.97398489 -0.012887983 -8.0933697 -0.96609174 0.22268341 -0.13068525 111.2097
230 -0.12129075 0.042730245 0.99169687 61.488136 0.2276249 0.97364661 -0.014112541 -8.1113913 -0.96616524 0.22402316 -0.12782079 111.10747
231 -0.11874525 0.043533319 0.99196997 62.23605 0.22847376 0.97342873 -0.01536983 -8.1301306 -0.96628107 0.22481399 -0.12553624 111.01138
232 -0.11692578 0.044395235 0.99214789 62.978002 0.2292952 0.97321663 -0.016525419 -8.1517884 -0.96630838 0.22556248 -0.12397372 110.91834
233 -0.11611829 0.044558589 0.9922354 63.740306 0.23038021 0.97295682 -0.016732146 -8.1746285 -0.96614766 0.22664847 -0.12324348 110.82487
234 -0.11946027 0.042882442 0.99191247 64.488205 0.23113781 0.97281709 -0.014219992 -8.2172745 -0.96555909 0.22756973 -0.12612473 110.72454
235 -0.12188069 0.04333287 0.99159839 65.233293 0.23111951 0.97282312 -0.014104715 -8.2564221 -0.96526094 0.22745862 -0.12858341 110.62728
236 -0.12272345 0.044447228 0.99144511 65.98451 0.23116948 0.9727979 -0.014996547 -8.2922165 -0.96514218 0.2273514 -0.12965995 110.52888
237 -0.12530039 0.046171443 0.9910439 66.723448 0.23105156 0.97280813 -0.016109382 -8.3259527 -0.96483926 0.2269637 -0.13256121 110.43083
238 -0.12781385 0.047753014 0.99064791 67.484877 0.2305619 0.9729065 -0.017150608 -8.3614398 -0.96462668 0.22621355 -0.13536094 110.32736
239 -0.12889112 0.048597347 0.99046726 68.251551 0.23039387 0.97293545 -0.017755616 -8.3960004 -0.96452348 0.22590902 -0.13659926 110.22333
240 -0.13083428 0.049086716 0.99018831 69.012739 0.23028973 0.97295922 -0.017804271 -8.4317169 -0.9642867 0.22570076 -0.13860058 110.11924
241 -0.13237538 0.049384246 0.98996867 69.785298 0.23034178 0.97294817 -0.017734634 -8.4690215 -0.96406392 0.22568349 -0.14016962 110.01342
242 -0.1327213 0.05003715 0.98988956 70.564776 0.23014737 0.97298323 -0.018325125 -8.5043325 -0.96406278 0.22538833 -0.1406515 109.90369
243 -0.13335321 0.050726198 0.98976956 71.336117 0.23050159 0.97289021 -0.018805281 -8.5376888 -0.96389094 0.22563569 -0.14143049 109.79482
244 -0.13263512 0.051349105 0.98983393 72.10803 0.23144509 0.97265361 -0.019444823 -8.5695234 -0.96376392 0.22651311 -0.14089251 109.68452
245 -0.13028569 0.051958442 0.99011412 72.877561 0.23274595 0.97232361 -0.020398611 -8.6048778 -0.96377112 0.22778738 -0.13877296 109.57632
246 -0.12872665 0.053233048 0.99025032 73.659219 0.23333576 0.97214895 -0.021927708 -8.6418124 -0.96383799 0.22823811 -0.13756264 109.468
247 -0.1272745 0.054823884 0.99035123 74.447466 0.23349298 0.97206706 -0.023804473 -8.6788944 -0.96399276 0.22821033 -0.13652033 109.35896
248 -0.12629788 0.055838383 0.99041957 75.235697 0.23355735 0.97202112 -0.025017971 -8.7173925 -0.9641056 0.22816003 -0.13580566 109.25099
249 -0.12756035 0.057406443 0.9901681 76.00602 0.23339066 0.97202765 -0.026287714 -8.7520288 -0.96397975 0.22774269 -0.1373903 109.14395
250 -0.13069761 0.058574131 0.98969046 76.797897 0.23372314 0.97193766 -0.026658182 -8.7766254 -0.96347882 0.22782938 -0.14072005 109.03186
251 -0.13567469 0.059842798 0.9889445 77.591094 0.23429858 0.97179901 -0.026661541 -8.8074386 -0.96265069 0.22809098 -0.1458696 108.91154
252 -0.13814102 0.060584842 0.98855781 78.398251 0.23553332 0.97150146 -0.026626111 -8.8328473 -0.9619984 0.22916012 -0.14847394 108.78675
253 -0.13850977 0.062364932 0.9883955 79.22485 0.23635047 0.97125965 -0.028162505 -8.8618405 -0.96174493 0.22970694 -0.14926891 108.65885
254 -0.14003137 0.064279579 0.98805838 80.034906 0.23709605 0.97103608 -0.029570021 -8.9002984 -0.96134098 0.23012398 -0.15121593 108.53349
255 -0.13735923 0.065494181 0.98835366 80.847668 0.23837708 0.97067159 -0.031193336 -8.9382436 -0.9614097 0.23131615 -0.148943 108.40713
256 -0.13555375 0.066319847 0.98854786 81.659918 0.23939096 0.97038666 -0.032275171 -8.9800665 -0.96141404 0.23227438 -0.14741591 108.28344
257 -0.13234614 0.067317258 0.98891501 82.491644 0.24032999 0.97010004 -0.033873212 -9.022121 -0.96162664 0.23318292 -0.14456734 108.15986
258 -0.1293465 0.069194035 0.98918233 83.328079 0.24120464 0.96979523 -0.036297725 -9.0661791 -0.96181579 0.23390036 -0.14212953 108.03821
259 -0.12537332 0.06982973 0.9896491 84.166247 0.24252116 0.96941416 -0.037678249 -9.111105 -0.96201082 0.23528698 -0.13847385 107.91705
260 -0.12212829 0.070785734 0.9899869 84.992808 0.24375081 0.96904461 -0.039218362 -9.1606854 -0.96211747 0.23652042 -0.13560183 107.79859
261 -0.12164115 0.072744949 0.98990485 85.803004 0.24454268 0.96876531 -0.041141663 -9.2138873 -0.96197823 0.23706944 -0.13563096 107.68484
262 -0.11976896 0.074502891 0.99000238 86.629851 0.24491776 0.96857823 -0.043260838 -9.2698504 -0.96211771 0.23728783 -0.13425268 107.57102
263 -0.11849975 0.076747991 0.98998362 87.469421 0.24458899 0.96854414 -0.045808923 -9.3272251 -0.96235848 0.23671072 -0.13354394 107.45801
264 -0.11646308 0.078145099 0.990116 88.322565 0.24447005 0.96848378 -0.047681812 -9.3855085 -0.96263729 0.23650052 -0.13189673 107.34427
265 -0.11124519 0.079993935 0.99056826 89.180543 0.2434469 0.96857887 -0.050878005 -9.4501081 -0.96351332 0.23549081 -0.12722401 107.2364
266 -0.10790585 0.081904894 0.99078147 90.039797 0.24193403 0.9688034 -0.053739036 -9.512656 -0.96427385 0.23390497 -0.12435513 107.13045
267 -0.10242697 0.084073213 0.99118132 90.901029 0.2404671 0.96896222 -0.057339106 -9.5772457 -0.96523784 0.23247341 -0.11946469 107.02737
268 -0.098919125 0.086084765 0.99136493 91.738025 0.23974839 0.96896571 -0.060217468 -9.6419847 -0.96578234 0.23172146 -0.11648791 106.93011
269 -0.098105412 0.087648744 0.99130875 92.571787 0.2398471 0.96883366 -0.061924961 -9.7088671 -0.96584083 0.23168733 -0.11607011 106.8314
270 -0.095168148 0.08867214 0.99150405 93.411906 0.24032835 0.96860868 -0.063556978 -9.7778244 -0.96601507 0.23223791 -0.11349111 106.73344
271 -0.092213571 0.089811291 0.99168069 94.249381 0.24097238 0.9683334 -0.065289513 -9.8502805 -0.96614118 0.23294705 -0.11093551 106.63799
272 -0.09017525 0.091824951 0.99168372 95.107582 0.24163174 0.96800627 -0.06766061 -9.9264528 -0.96616889 0.23352093 -0.10947802 106.5399
273 -0.087670588 0.094125531 0.99169262 95.96351 0.24183512 0.96775471 -0.070474053 -10.004906 -0.96634851 0.23364758 -0.10760647 106.44528
274 -0.085783013 0.096833647 0.99159696 96.792685 0.24166339 0.96756637 -0.073580668 -10.08384 -0.96656086 0.23332068 -0.10640189 106.35509
275 -0.083738376 0.098916958 0.9915661 97.62482 0.24112827 0.96750085 -0.076152817 -10.166807 -0.96687375 0.23271768 -0.10486861 106.26658
276 -0.081865793 0.10063819 0.99154927 98.458134 0.24088901 0.96738926 -0.078297408 -10.252859 -0.96709373 0.23244342 -0.10343871 106.17886
277 -0.082523059 0.10316504 0.99123505 99.29729 0.24014401 0.96737793 -0.080689401 -10.3414 -0.96722314 0.2313804 -0.10460544 106.09219
278 -0.083769907 0.10566521 0.99086703 100.11677 0.23949725 0.96735051 -0.082909846 -10.430641 -0.96727632 0.23036456 -0.10634138 106.00458
279 -0.083788485 0.10736486 0.99068274 100.94623 0.23894681 0.96733806 -0.084625598 -10.519016 -0.96741083 0.22962981 -0.10670627 105.91577
280 -0.083671056 0.10866447 0.99055095 101.76746 0.23898513 0.96721469 -0.085917576 -10.60859 -0.96741153 0.22953811 -0.10689706 105.82586
281 -0.083348718 0.11034842 0.99039195 102.57878 0.23917499 0.96701543 -0.087615509 -10.699536 -0.96739243 0.22957432 -0.10699207 105.73736
282 -0.082416925 0.11287579 0.99018509 103.39893 0.23944544 0.96670437 -0.090269148 -10.793393 -0.96740536 0.22965558 -0.10670038 105.64782
283 -0.08134297 0.11470794 0.99006334 104.20312 0.2400672 0.96636422 -0.092238407 -10.88698 -0.96734217 0.23017876 -0.10614454 105.55828
284 -0.081395723 0.11658692 0.9898395 105.00429 0.24053735 0.9660767 -0.094008371 -10.980851 -0.96722093 0.23044147 -0.10667801 105.46988
285 -0.083026044 0.11845891 0.98948177 105.79159 0.24083999 0.96586262 -0.095422716 -11.075118 -0.96700702 0.23038418 -0.10872138 105.38221
286 -0.08564834 0.12045114 0.98901764 106.58888 0.24107986 0.96567266 -0.096730614 -11.17209 -0.96671851 0.23014739 -0.11174659 105.29217
