4 0.99997526 -0.0015441839 0.0068628551 -0.00072970848 0.0015488036 0.99999858 -0.00066788345 -0.01925231 -0.006861814 0.00067849614 0.99997623 0.55973589
5 0.99999799 -0.0014599904 -0.0013716264 -0.0020384799 0.0014578258 0.99999769 -0.0015777902 -0.0064018535 0.0013739268 0.0015757874 0.99999781 0.58217751
6 0.99999947 -0.0010276815 -8.9897218e-05 0.00072699881 0.0010275294 0.99999807 -0.0016752553 -0.0085596938 9.1618673e-05 0.001675162 0.99999859 0.56809696
7 0.9999993 -0.00074722569 -0.0009131297 -0.00096392251 0.00074582952 0.99999855 -0.0015283767 -0.0072075556 0.00091427042 0.0015276946 0.99999842 0.57878836
8 0.99999904 -0.0008303695 0.0011112879 -0.0018775418 0.00083282621 0.99999721 -0.0022120568 -0.0031557446 -0.001109448 0.0022129802 0.99999694 0.59569805
9 0.99999944 -0.00094971597 -0.00046608901 0.00065930768 0.00094898403 0.99999832 -0.0015681097 -0.0028792139 0.00046757748 0.0015676665 0.99999866 0.5898409
10 0.99999816 -0.00055461029 -0.0018376316 -0.0014059768 0.00055211485 0.99999893 -0.0013581933 -0.0082247046 0.0018383828 0.0013571762 0.99999739 0.61743828
11 0.9999971 -0.00015686123 -0.0024051178 -0.0063317794 0.00015500969 0.99999969 -0.00077000057 -0.0096898849 0.0024052378 0.00076962552 0.99999681 0.62882274
12 0.99999659 -0.00078594106 -0.0024888498 -0.006354991 0.00078149073 0.9999981 -0.0017885763 -0.0068377269 0.0024902508 0.0017866252 0.9999953 0.62605583
13 0.99999596 0.00070145757 -0.0027542743 -0.0047968046 -0.00070717696 0.99999759 -0.0020761255 -0.0031010355 0.0027528113 0.0020780649 0.99999405 0.64072196
14 0.99999995 0.00018645749 0.00025933431 -0.0033854913 -0.0001860349 0.99999866 -0.00162859 -0.0033476182 -0.00025963762 0.0016285417 0.99999864 0.66433959
15 0.99999809 -0.00041228969 0.0019096385 -0.00067329576 0.00041477936 0.99999906 -0.0013035295 -0.0057293192 -0.0019090993 0.0013043191 0.99999733 0.66899371
16 0.99999987 -0.00014403469 -0.00047989117 -0.002823171 0.00014390806 0.99999995 -0.00026388154 -0.0034704361 0.00047992916 0.00026381245 0.99999985 0.69444386
17 0.99999978 -0.00010897899 -0.00066171966 -0.0029448551 0.00010824428 0.99999938 -0.0011102452 -0.0074053694 0.00066184024 0.0011101733 0.99999916 0.68778472
18 0.99999994 0.00030623513 0.00016640024 -0.0025170441 -0.00030595339 0.99999852 -0.0016905424 -0.0049151839 -0.0001669177 0.0016904914 0.99999856 0.70814298
19 0.99999936 -0.00013810311 -0.0011207711 -0.0044085943 0.00013640107 0.99999884 -0.0015185651 0.00037449921 0.0011209795 0.0015184112 0.99999822 0.73286258
20 0.99999979 -0.00060755891 0.00020248135 0.00030862627 0.00060773433 0.99999944 -0.00086739714 -7.7976148e-05 -0.00020195424 0.00086752002 0.9999996 0.75212298
21 0.99999871 -0.0012672844 -0.00098803731 0.0023753053 0.0012670379 0.99999917 -0.00025004491 -0.0047142235 0.00098835336 0.0002487927 0.99999948 0.76949691
22 0.99999909 -0.000736274 -0.0011264479 -0.0002196227 0.00073474515 0.99999881 -0.001357044 -0.0080072343 0.0011274457 0.0013562151 0.99999844 0.78262421
23 0.999998 -0.00092868428 -0.0017695979 -0.00078321972 0.00092499211 0.9999974 -0.0020861263 -0.013528724 0.0017715307 0.0020844853 0.99999626 0.7978111
24 0.9999955 -0.00098796618 -0.002830897 -0.0022166828 0.00098244111 0.99999761 -0.0019524296 -0.010438952 0.0028328192 0.0019496397 0.99999409 0.79586275
25 0.99999502 -0.0014505373 -0.002801907 -0.0019313997 0.0014464697 0.9999979 -0.001453194 -0.007424895 0.0028040091 0.0014491339 0.99999502 0.82072205
26 0.99998884 -0.00090166875 -0.0046382072 -0.0029968779 0.00089166853 0.99999727 -0.0021576707 0.0035964111 0.0046401401 0.0021535109 0.99998692 0.81731944
27 0.99998972 -0.00082931198 -0.004458064 -0.0024804997 0.00082283645 0.9999986 -0.0014541809 0.0056088132 0.0044592637 0.0014504977 0.99998901 0.85216855
28 0.99999532 -0.0016409344 -0.0025835924 0.001711285 0.0016383646 0.99999816 -0.00099645133 0.0014348326 0.0025852228 0.0009922138 0.99999617 0.85576595
29 0.99999894 -0.0013655893 0.00050493138 0.0042270807 0.0013659655 0.99999879 -0.00074542432 0.0035605266 -0.00050391283 0.00074611325 0.99999959 0.87268151
30 0.99999933 -0.00099570347 0.00059629587 0.005930621 0.00099629116 0.99999902 -0.00098608187 0.00083338633 -0.00059531344 0.00098667529 0.99999934 0.89265084
31 0.99999116 -0.0017517273 0.0038231493 0.010682247 0.0017568059 0.99999758 -0.0013254098 -0.0019424761 -0.0038208183 0.0013321146 0.99999181 0.90738598
32 0.99999487 -0.0017727608 0.0026692133 0.0091828229 0.0017745586 0.9999982 -0.0006712988 -0.0032923579 -0.0026680185 0.00067603202 0.99999621 0.93685459
33 0.99999699 -0.0016082959 0.001852911 0.0048151693 0.001609131 0.9999986 -0.00044925482 -0.0052062395 -0.0018521859 0.00045223504 0.99999818 0.94830202
34 0.99999595 0.00012399862 0.0028426175 0.00099152068 -0.0001206456 0.9999993 -0.001179692 -0.013123307 -0.0028427618 0.0011793443 0.99999526 0.96525194
35 0.99999971 -0.00065355785 0.00039635079 -0.00017425517 0.00065364606 0.99999976 -0.0002224773 -0.014437286 -0.00039620529 0.00022273631 0.9999999 0.97111338
36 0.99999681 -0.00028008817 0.0025095225 -0.0030485263 0.00027887857 0.99999984 0.00048234247 -0.017231103 -0.0025096572 -0.00048164108 0.99999673 0.97758952
37 0.9999996 -0.00016938259 0.00088218827 0.00078337789 0.00016968644 0.99999993 -0.00034436102 -0.012666406 -0.00088212988 0.00034451057 0.99999955 0.97424044
38 0.99999924 -0.001144484 -0.00045560783 0.0042914255 0.0011444461 0.99999934 -8.3382816e-05 -0.010962115 0.00045570296 8.2861334e-05 0.99999989 0.97860911
39 0.99999902 -0.0013979335 7.1271637e-05 0.002331781 0.0013978315 0.99999803 0.0014118493 -0.015313946 -7.3245168e-05 -0.0014117483 0.999999 0.99133592
40 0.99999661 -0.0017182469 -0.0019559388 0.0017151315 0.0017194322 0.99999834 0.00060448907 -0.015679859 0.0019548969 -0.00060785013 0.9999979 1.0253586
41 0.99999963 0.00084593062 0.0001386446 -0.0077629207 -0.00084574118 0.99999872 -0.001360803 -0.02441162 -0.00013979557 0.0013606852 0.99999906 0.99153005
42 0.99999946 0.00012311037 0.0010359221 -0.0089632145 -0.00012248025 0.99999981 -0.00060831331 -0.029334342 -0.0010359968 0.0006081861 0.99999928 1.031072
43 0.99999686 -0.0005008812 -0.002456479 -0.0029355078 0.0004963499 0.99999818 -0.0018448924 -0.018300595 0.0024573986 0.0018436673 0.99999528 1.0298063
44 0.99999468 -0.0011572105 -0.0030500505 -0.0025216628 0.0011560575 0.99999926 -0.00037977122 -0.016492893 0.0030504877 0.00037624317 0.99999528 1.0348322
45 0.99999568 -0.0019764529 -0.0021774164 -0.00068657385 0.0019759692 0.99999802 -0.00022427016 -0.016530451 0.0021778554 0.00021996669 0.9999976 1.0565385
46 0.99999677 -0.0014711873 -0.0020732385 0.00055365129 0.0014719133 0.99999886 0.00034870412 -0.015565541 0.0020727231 -0.00035175462 0.99999779 1.0593073
47 0.99998283 -0.0013768148 -0.0056957482 -0.00069993403 0.0013678883 0.99999783 -0.0015708117 -0.020126367 0.0056978985 0.0015629936 0.99998255 1.0530023
48 0.99999351 -0.0011548953 -0.0034132407 0.0015949516 0.0011500032 0.99999831 -0.0014348869 -0.01277033 0.0034148921 0.0014309524 0.99999315 1.0643995
49 0.99998674 -0.0014439687 -0.0049426953 -0.0011462702 0.0014408635 0.99999876 -0.00063174804 -0.011888448 0.0049436014 0.00062461792 0.99998759 1.0645352
50 0.9999884 -0.0013843477 -0.0046142484 -0.0015791265 0.0013802011 0.99999864 -0.00090171489 -0.013676741 0.0046154904 0.00089533584 0.99998895 1.071915
51 0.99999975 -0.00070777164 -4.3614406e-06 -0.00072771178 0.00070777007 0.99999969 -0.00035054576 -0.01218143 4.6095455e-06 0.00035054259 0.99999994 1.0806407
52 0.99999985 -0.00047020259 -0.00029475527 -0.0043552887 0.00046974967 0.99999871 -0.0015348102 -0.021233806 0.00029547656 0.0015346715 0.99999878 1.0669567
53 0.99999972 -0.00053468878 -0.00052793293 -0.0070328777 0.00053440193 0.99999971 -0.00054335173 -0.021074167 0.0005282233 0.00054306945 0.99999971 1.0528
54 0.99999984 -0.0005549103 -6.2058986e-05 -0.0034024197 0.00055485665 0.99999948 -0.00086107785 -0.018546785 6.2536775e-05 0.00086104328 0.99999963 1.0522411
55 0.99999997 0.00025073253 7.8686916e-05 -0.0081446324 -0.00025065874 0.99999953 -0.00093642698 -0.017844455 -7.8921672e-05 0.00093640723 0.99999956 1.0658475
56 0.99999997 0.00023952128 -6.2133021e-05 -0.0080675058 -0.00023959672 0.99999923 -0.0012169616 -0.014018539 6.1841485e-05 0.0012169764 0.99999926 1.0797134
57 0.99999961 -3.9110841e-05 -0.00088794232 -0.0094871905 3.915938e-05 1 5.4647897e-05 -0.016036947 0.00088794018 -5.4682646e-05 0.9999996 1.082784
58 0.9999984 -0.00075480911 0.0016234892 -0.0043430446 0.0007548824 0.99999971 -4.4529825e-05 -0.020266489 -0.0016234552 4.5755297e-05 0.99999868 1.0880338
59 0.99999893 -0.0014569064 9.1271659e-05 -5.5655085e-05 0.0014569325 0.9999989 -0.00028628381 -0.017256746 -9.085447e-05 0.00028641648 0.99999995 1.0799921
60 0.99999838 -0.00032629565 0.001771878 -0.00021055764 0.00032797824 0.9999995 -0.00094939767 -0.013678698 -0.0017715674 0.00094997726 0.99999798 1.0650666
61 0.99999929 -0.00026512524 0.001161118 3.0929507e-05 0.00026548399 0.99999992 -0.00030882343 -0.0083249848 -0.001161036 0.00030913146 0.99999928 1.067521
62 0.99999936 0.00073801129 -0.00085657092 -0.0086049847 -0.00073915852 0.99999883 -0.0013397872 -0.012858957 0.00085558114 0.0013404195 0.99999874 1.0881356
63 0.99999956 -9.1662038e-05 0.00093501066 -0.0022830604 9.2320445e-05 0.99999975 -0.00070415163 -0.010319483 -0.00093494588 0.00070423764 0.99999931 1.0787707
64 1 -3.6920812e-05 7.5174836e-05 -0.0038280024 3.7001124e-05 0.99999943 -0.0010686131 -0.011468092 -7.5135339e-05 0.0010686159 0.99999943 1.0665138
65 0.99999982 -0.00033655921 -0.00050195867 -0.0023053439 0.00033606305 0.99999946 -0.00098820784 -0.011373447 0.00050229098 0.00098803897 0.99999939 1.0718131
66 0.99999981 -0.00061328977 -1.1862911e-05 -0.004238025 0.00061329343 0.99999976 0.00031061636 -0.010313631 1.167241e-05 -0.00031062358 0.99999995 1.0588665
67 0.99999866 -0.0012685086 -0.0010302869 0.0020689064 0.0012681926 0.99999915 -0.00030729965 -0.014569953 0.0010306758 0.00030599264 0.99999942 1.0641936
68 0.99999927 -0.0008508245 -0.00085746537 -7.8842615e-05 0.00085035575 0.99999949 -0.00054688701 -0.019581235 0.00085793023 0.00054615746 0.99999948 1.0792954
69 0.99999938 -0.0010711303 -0.00030670418 -0.0008583495 0.001070868 0.99999906 -0.00085431958 -0.023008366 0.00030761898 0.00085399061 0.99999959 1.0718516
70 0.99999871 -0.0012961335 -0.00095093719 0.0027539539 0.00129485 0.99999825 -0.0013490371 -0.02191572 0.00095268406 0.0013478041 0.99999864 1.0742853
71 0.99999917 -0.0012877019 1.6123615e-06 0.0044810238 0.0012877018 0.99999917 2.9155915e-05 -0.015850822 -1.6499043e-06 -2.9153815e-05 1 1.0664639
72 0.99999852 5.0204935e-06 -0.0017207863 -0.0057438353 -7.1077927e-06 0.99999926 -0.0012129875 -0.015696647 0.001720779 0.0012129979 0.99999778 1.0733049
73 0.99999995 0.00030276486 -4.5757201e-05 -0.0042051104 -0.00030283375 0.99999881 -0.0015131837 -0.011914576 4.5299008e-05 0.0015131974 0.99999885 1.0834992
74 0.99999213 -0.00015199495 -0.0039651538 -0.0059093764 0.00015132214 0.99999997 -0.00016998146 -0.012671785 0.0039651795 0.00016938011 0.99999212 1.0801405
75 0.99999646 -0.00025556799 -0.0026496916 -0.010330636 0.00025611041 0.99999995 0.00020437418 -0.013182342 0.0026496392 -0.00020505207 0.99999647 1.0885318
76 0.9999962 -0.0006561063 -0.0026771097 -0.0069108169 0.00065611832 0.99999978 3.6133768e-06 -0.014685205 0.0026771068 -5.3698638e-06 0.99999642 1.0745901
77 0.99999225 -0.00082424288 -0.0038488936 -0.0051748397 0.00082339524 0.99999964 -0.0002218075 -0.017108632 0.003849075 0.00021863662 0.99999257 1.071669
78 0.99999875 -0.0010616834 0.0011702286 0.0011564783 0.0010621765 0.99999935 -0.00042085094 -0.01891508 -0.0011697811 0.00042209341 0.99999923 1.0763636
79 0.99999707 -0.00083637145 -0.0022698121 -0.0019681642 0.00083351409 0.99999886 -0.0012595054 -0.018100412 0.0022708629 0.0012576098 0.99999663 1.0782691
80 0.99999743 -0.00082102028 -0.0021119412 -0.0023912871 0.00082056554 0.99999964 -0.00021617519 -0.019928407 0.002112118 0.00021444165 0.99999775 1.0846873
81 0.99999899 -0.00056796488 -0.001304801 -0.005022211 0.00056769449 0.99999982 -0.00020758889 -0.020852168 0.0013049187 0.00020684795 0.99999913 1.074424
82 0.99999853 -0.0002923762 -0.0016894079 -0.0083222952 0.00029214886 0.99999995 -0.00013481192 -0.02230032 0.0016894473 0.00013431817 0.99999856 1.0716252
83 0.99999886 0.00027552576 -0.0014853567 -0.0070532146 -0.00027871117 0.99999766 -0.0021447602 -0.020488705 0.0014847623 0.0021451718 0.9999966 1.0675652
84 0.9999998 -3.5942747e-05 -0.00063558055 -0.0072775174 3.5446589e-05 0.99999969 -0.00078063173 -0.018089509 0.00063560841 0.00078060905 0.99999949 1.0826561
85 0.9999992 9.9217528e-05 -0.0012581455 -0.010085987 -9.9788529e-05 0.99999989 -0.00045378833 -0.018423347 0.0012581003 0.00045391352 0.99999911 1.0750811
86 0.99999971 -9.4855105e-05 -0.00075475692 -0.0080831349 9.4357527e-05 0.99999978 -0.00065926374 -0.023370307 0.00075481929 0.00065919233 0.9999995 1.0734144
87 0.99999935 0.00065004863 -0.0009326982 -0.01256223 -0.00065088341 0.99999939 -0.00089499554 -0.023215817 0.00093211584 0.00089560204 0.99999916 1.0642284
88 0.99999892 -1.9555738e-05 -0.0014672902 -0.0068993192 1.7207061e-05 0.99999872 -0.001600686 -0.026638335 0.0014673196 0.0016006591 0.99999764 1.0483063
89 0.99999952 0.00034977289 -0.00091464661 -0.0067582921 -0.00035155484 0.99999804 -0.0019488015 -0.021481042 0.00091396318 0.0019491221 0.99999768 1.0475945
90 0.99999774 0.00046484452 -0.0020769401 -0.011045593 -0.00046654131 0.99999956 -0.00081655582 -0.01453705 0.0020765597 0.00081752295 0.99999751 1.0460582
91 0.99999873 6.0235736e-05 -0.0015921974 -0.012226184 -6.1576185e-05 0.99999964 -0.00084185039 -0.015077744 0.0015921462 0.00084194736 0.99999838 1.0466056
92 0.99999968 0.00061475695 -0.00051481452 -0.0085605861 -0.00061515166 0.99999952 -0.00076689631 -0.012172265 0.00051434282 0.00076721275 0.99999957 1.0265446
93 0.99999918 -0.00084963808 -0.00095743496 -0.0064105201 0.00084998602 0.99999957 0.00036306203 -0.018997809 0.00095712608 -0.00036387554 0.99999948 1.0050649
94 0.99999838 -0.0015988483 -0.00082539338 -0.0037248706 0.0015994084 0.99999849 0.00067846718 -0.023258515 0.00082430737 -0.00067978622 0.99999943 0.99333658
95 0.99999914 -0.00099285262 -0.00085787896 -0.0021455275 0.00099184946 0.99999882 -0.0011689851 -0.022957569 0.00085903858 0.0011681332 0.99999895 0.97516415
96 0.99999657 -0.0010542894 -0.0023975012 -0.0038926207 0.0010498776 0.99999775 -0.0018407025 -0.024288439 0.0023994364 0.0018381791 0.99999543 0.94632521
97 0.99999635 -0.0010488666 -0.0024891305 -0.0024346154 0.0010441748 0.99999768 -0.0018854925 -0.019809923 0.0024911023 0.0018828865 0.99999512 0.92403036
98 0.9999944 -0.0013415009 -0.0030652998 -0.00090462527 0.0013377698 0.99999836 -0.0012189251 -0.018269153 0.00306693 0.0012148176 0.99999456 0.90742525
99 0.99999806 -0.0012818005 -0.0014937808 -0.0010807346 0.0012800889 0.99999852 -0.0011461831 -0.017589403 0.0014952478 0.0011442687 0.99999823 0.89114371
100 0.99999871 -0.00096069171 -0.0012902453 -0.0021971039 0.00095794171 0.99999727 -0.0021303108 -0.018984346 0.0012922884 0.0021290721 0.9999969 0.8706081
101 1 1.1976038e-05 8.6548533e-05 -0.0052418802 -1.1826747e-05 0.99999851 -0.0017247342 -0.023977497 -8.656906e-05 0.0017247332 0.99999851 0.82851274
102 0.99999639 -3.1615041e-05 -0.002685676 -0.0096415633 2.9343294e-05 0.99999964 -0.00084591047 -0.022259487 0.0026857018 0.00084582861 0.99999604 0.80896349
103 0.99999754 0.00014446893 -0.0022152717 -0.0073355426 -0.00014655772 0.99999954 -0.00094277053 -0.019849113 0.0022151345 0.00094309287 0.9999971 0.79228222
104 0.99999969 0.00020934783 -0.0007648078 -0.0059386165 -0.00021023057 0.99999931 -0.0011542967 -0.019598236 0.00076456562 0.0011544571 0.99999904 0.78308192
105 0.99999972 8.3664743e-05 -0.00074499048 -0.0051066548 -8.4517082e-05 0.99999934 -0.001144136 -0.019249485 0.00074489426 0.0011441986 0.99999907 0.7564949
106 0.99999862 0.00010444757 -0.0016582278 -0.0042065652 -0.00010649981 0.99999923 -0.0012375729 -0.018352996 0.0016580973 0.0012377478 0.99999786 0.71669447
107 0.99999845 0.00020360514 -0.0017497249 -0.0048818188 -0.00020595674 0.99999908 -0.00134391 -0.016925447 0.0017494496 0.0013442683 0.99999757 0.68468158
108 0.99999975 -8.2020467e-05 -0.00069966502 -0.0033184095 8.1115597e-05 0.99999916 -0.0012932208 -0.015058411 0.00069977051 0.0012931637 0.99999892 0.64315994
109 0.99999996 -7.0311364e-05 -0.0002622595 -0.0026411979 6.9913578e-05 0.99999885 -0.0015164652 -0.012478398 0.00026236582 0.0015164468 0.99999882 0.62028954
110 0.99999976 -3.5821572e-05 -0.00069368743 -0.0018225189 3.4516284e-05 0.99999823 -0.0018815871 -0.0095614525 0.0006937536 0.0018815627 0.99999799 0.58885425
111 0.99999978 -0.00044953701 0.0004923585 -0.00084557843 0.00045080975 0.99999655 -0.0025879304 -0.0087353181 -0.00049119343 0.0025881518 0.99999653 0.56849387
112 0.99999983 -0.00039667789 -0.00043626566 -0.0020235373 0.00039569642 0.9999974 -0.0022474948 -0.006583624 0.00043715606 0.0022473218 0.99999738 0.57351997
113 0.99999912 -0.0008746089 0.00099416142 0.00036796466 0.00087681331 0.99999715 -0.0022190936 -0.0056307579 -0.00099221775 0.0022199633 0.99999704 0.54294301
114 0.99999234 -0.00065925545 0.003859262 0.0046811261 0.00066911491 0.99999651 -0.0025540193 -0.0069886024 -0.0038575648 0.002556582 0.99998929 0.54227089
115 0.99995485 -0.0018679148 0.0093170538 0.013470487 0.0018944205 0.99999418 -0.0028368349 -0.011086124 -0.0093117006 0.0028543572 0.99995257 0.50318083
116 0.99991511 -0.0017687365 0.012909047 0.016152146 0.0018110142 0.99999303 -0.0032640887 -0.012405668 -0.012903183 0.0032871901 0.99991135 0.4689957
117 0.99992069 -0.0017706845 0.01246927 0.015975474 0.0017937523 0.9999967 -0.0018390372 -0.012003102 -0.012465973 0.0018612581 0.99992056 0.4549651
118 0.99989588 -0.0022133273 0.014259444 0.016511685 0.002272487 0.99998887 -0.0041339402 -0.0078197049 -0.014250136 0.0041659142 0.99988978 0.44050185
119 0.99978164 -0.0018468357 0.020814745 0.030218156 0.0019425493 0.99998763 -0.0045790755 -0.011475654 -0.020806031 0.0046185093 0.99977286 0.41702146
120 0.9997127 -0.0022000143 0.023867749 0.037384887 0.0022980812 0.99998903 -0.0040821117 -0.013605885 -0.023858506 0.0041357889 0.99970679 0.40739238
121 0.9996495 -0.0024327512 0.026362057 0.041331983 0.0025578011 0.99998563 -0.004710878 -0.015686412 -0.026350218 0.0047766558 0.99964136 0.40625879
122 0.99945559 -0.0024869024 0.032898959 0.048443664 0.0026074888 0.99999004 -0.00362296 -0.012723671 -0.032889621 0.0037067713 0.99945212 0.39722166
123 0.99941081 -0.0025935777 0.034224474 0.051145721 0.0027058423 0.99999111 -0.0032343361 -0.011939869 -0.034215781 0.0033250365 0.99940894 0.39018146
124 0.99929148 -0.0022285641 0.037570993 0.053756843 0.0023757558 0.99998968 -0.0038735033 -0.012223914 -0.037561973 0.0039600183 0.99928645 0.38314028
125 0.99929793 -0.0025176103 0.037380604 0.051788283 0.0026311022 0.99999208 -0.0029872333 -0.011441603 -0.037372787 0.0030834883 0.99929664 0.3881564
126 0.9991097 -0.0021709972 0.042131867 0.053856779 0.0022721547 0.99999465 -0.0023532357 -0.0093510629 -0.042126533 0.0024468708 0.99910929 0.3744393
127 0.999057 -0.001862723 0.04337785 0.05414674 0.0019457187 0.99999636 -0.0018711788 -0.0088886798 -0.043374206 0.0019538154 0.99905699 0.35975927
128 0.99903337 -0.0019458386 0.04391514 0.056140743 0.0020682747 0.9999941 -0.0027427504 -0.0065428299 -0.043909544 0.0028309277 0.9990315 0.34878715
129 0.99885941 -0.0014212252 0.047726897 0.056488557 0.001526889 0.99999646 -0.0021775396 -0.0041500335 -0.047723633 0.0022479296 0.99885805 0.34440065
130 0.99875022 -0.0014630945 0.04995855 0.059997865 0.0015633342 0.99999684 -0.001967441 -0.00079776411 -0.049955513 0.0020430841 0.99874935 0.35158815
131 0.99863317 -0.0016278275 0.052241263 0.065106384 0.0017335909 0.99999654 -0.0019792683 -0.0033488258 -0.05223786 0.0020671279 0.99863253 0.36268935
132 0.99871967 -0.001944889 0.050549348 0.065349865 0.0020226594 0.99999685 -0.0014873947 -0.0044149403 -0.050546296 0.0015877345 0.99872046 0.36391017
133 0.99882747 -0.0018432983 0.0483765 0.062511285 0.0019262812 0.99999675 -0.0016687925 -0.0054736259 -0.048373267 0.0017600226 0.99882778 0.35218011
134 0.99887415 -0.0016722881 0.047409278 0.059414056 0.0017776278 0.99999604 -0.0021798479 -0.0053993205 -0.047405445 0.0022616698 0.99887317 0.3362898
135 0.99884769 -0.0014455939 0.047970761 0.058094266 0.0015688285 0.99999557 -0.0025314031 -0.0038152107 -0.047966889 0.002603744 0.99884553 0.33065219
136 0.99880308 -0.00083986725 0.048904982 0.054297188 0.00096778939 0.99999617 -0.0025921079 -0.00025123977 -0.048902617 0.0026363351 0.99880007 0.33614757
137 0.99860934 -0.0011202153 0.052708065 0.063660683 0.0012129789 0.99999777 -0.0017279945 0.0023076625 -0.052706012 0.0017895253 0.99860847 0.34822736
138 0.99860455 -0.0018969403 0.052776479 0.068455339 0.0020075327 0.9999959 -0.002042553 0.00263165 -0.052772388 0.0021456532 0.99860426 0.37209251
139 0.99860472 -0.0014265041 0.052788142 0.061296192 0.0015199657 0.99999735 -0.0017304004 0.0034047113 -0.052785534 0.0018082221 0.99860423 0.38057819
140 0.99851605 -0.00096551992 0.054449739 0.064704336 0.001099239 0.99999645 -0.0024259314 0.0051073335 -0.054447204 0.0024821847 0.99851357 0.37512165
141 0.9984334 -0.00089486549 0.055945912 0.0671362 0.0010417682 0.99999609 -0.0025966897 0.0070810387 -0.05594337 0.0026509044 0.99843042 0.37015101
142 0.99850073 -0.0018188955 0.05470822 0.072048328 0.0019516713 0.99999528 -0.0023736514 0.0090877168 -0.054703644 0.0024768651 0.99849956 0.38082387
143 0.99861236 -0.00036316055 0.052661309 0.052943429 0.0004795665 0.99999747 -0.0021978452 0.007118072 -0.052660377 0.00222005 0.99861001 0.39217162
144 0.99861463 -0.00033719589 0.052618475 0.054323407 0.00044113968 0.99999797 -0.0019638223 0.0037473039 -0.052617706 0.0019843138 0.99861276 0.39915276
145 0.99869788 -0.00080815501 0.051008689 0.056935125 0.00089670747 0.99999813 -0.0017131659 0.0032266296 -0.051007209 0.0017566751 0.99869674 0.40550303
146 0.99872653 -0.00041687659 0.050449357 0.05839741 0.00051540587 0.99999799 -0.00194004 0.005741513 -0.050448446 0.0019635714 0.99872474 0.41279548
147 0.99849555 -0.0015455883 0.054811089 0.071674269 0.0017022143 0.9999946 -0.002810991 0.0081143583 -0.054806449 0.0029000622 0.99849279 0.40074511
148 0.99877253 -0.0029453026 0.049444537 0.068044668 0.0030491183 0.9999933 -0.0020243423 0.0042534472 -0.049438244 0.0021726197 0.99877482 0.43312722
149 0.99916392 -0.0022268934 0.040822822 0.05024191 0.0023304099 0.99999419 -0.0024883378 0.00072460738 -0.040817044 0.0025813912 0.9991633 0.43159442
150 0.99928623 9.6894962e-05 0.037775837 0.032228049 4.3762244e-05 0.99999307 -0.0037226256 0.0006810122 -0.037775936 0.0037216217 0.9992793 0.46169989
151 0.99937468 0.00025515927 0.035358079 0.029689889 -0.00013379309 0.99999409 -0.0034348115 -0.0023826836 -0.035358747 0.0034279329 0.9993688 0.48546057
152 0.99953266 4.2537367e-05 0.030568909 0.025403237 3.4635612e-05 0.99999681 -0.0025240239 -0.0012909741 -0.030568919 0.0025239031 0.99952947 0.49515558
153 0.99965383 -0.0017565812 0.026251205 0.034180983 0.0017857162 0.99999782 -0.0010864542 -0.0044477829 -0.026249239 0.0011329553 0.99965479 0.53886484
154 0.99975311 -0.0026487383 0.022061205 0.034599467 0.0026658978 0.99999617 -0.00074844027 -0.0077370078 -0.022059138 0.00080706841 0.99975634 0.54483146
155 0.99986701 -0.0022569111 0.016151579 0.025418398 0.0022829726 0.99999612 -0.0015953031 -0.0097198778 -0.016147916 0.0016319646 0.99986828 0.57819785
156 0.99994237 -0.0010778724 0.010681665 0.0084778612 0.0011125883 0.99999412 -0.0032446407 -0.0083466516 -0.010678105 0.003256338 0.99993769 0.59715672
157 0.9999044 0.00023105435 0.013825599 0.0058627575 -0.0001673296 0.99998936 -0.0046101645 -0.0046168166 -0.013826518 0.0046074103 0.99989379 0.61381762
158 0.99995418 -0.0010942399 0.0095095674 0.01395407 0.0011155684 0.99999687 -0.0022378302 -0.0020670055 -0.009507089 0.0022483362 0.99995228 0.65237067
159 0.99994984 -0.0021859344 0.0097739647 0.017689222 0.0021879921 0.99999759 -0.00019984573 -0.0025728278 -0.0097735043 0.00022122106 0.99995221 0.66289476
160 0.99996768 -0.0015640083 0.0078863081 0.011954347 0.0015691687 0.99999856 -0.0006482059 -0.00390292 -0.007885283 0.0006605599 0.99996869 0.67957981
161 0.9999889 -0.0011060508 0.0045804032 0.0051847947 0.001112685 0.99999834 -0.0014460861 -0.011350614 -0.0045787961 0.0014511666 0.99998846 0.70234587
162 0.99998632 0.00033625755 0.0052199783 0.0014572926 -0.00032118913 0.99999578 -0.0028872518 -0.01049996 -0.0052209271 0.0028855357 0.99998221 0.72418627
163 0.99998974 -0.00015206524 0.0045281869 0.00079334809 0.00015914884 0.99999876 -0.0015640167 -0.0096171091 -0.0045279435 0.0015647213 0.99998852 0.72449832
164 0.99999893 0.00022860156 0.0014452784 -0.0023769935 -0.00022657002 0.99999899 -0.0014056401 -0.0026705002 -0.0014455983 0.0014053111 0.99999797 0.73101942
165 0.99999958 -7.2572985e-05 0.00090991511 -0.0020911585 7.3930429e-05 0.99999888 -0.0014918911 0.0014863666 -0.00090980583 0.0014919577 0.99999847 0.73667398
166 0.99999774 -0.00085336547 -0.0019455212 -0.0028886152 0.00085247207 0.99999953 -0.0004599894 -0.00022026872 0.0019459128 0.00045832986 0.999998 0.76056239
167 0.99999983 -0.00039886475 -0.000431347 -0.0023602318 0.00039847478 0.99999951 -0.0009037971 -0.005390377 0.00043170728 0.00090362506 0.9999995 0.77327994
168 0.99999963 -0.00035184366 0.00078224742 -0.0029275916 0.00035250591 0.99999958 -0.00084661987 -0.013194218 -0.00078194921 0.00084689531 0.99999934 0.78330515
169 0.9999993 7.1249667e-05 0.0011797999 -0.0032984727 -6.9372075e-05 0.99999873 -0.0015914138 -0.017977578 -0.0011799118 0.0015913309 0.99999804 0.78444139
170 0.99999714 0.00022802089 0.0023788981 -0.0048492528 -0.00022481757 0.99999907 -0.0013467362 -0.016441606 -0.002379203 0.0013461975 0.99999626 0.77685748
171 0.99999981 -0.00017921943 0.00058166392 -0.0021917854 0.00017983057 0.99999943 -0.0010508 -0.01608876 -0.00058147526 0.0010509044 0.99999928 0.79409501
172 0.99999777 -0.0008987604 -0.0019100815 -0.0032190021 0.00089706404 0.9999992 -0.00088877542 -0.015165661 0.0019108788 0.00088705997 0.99999778 0.80923835
173 0.99999934 -0.00027548653 -0.0011126504 -0.0034399543 0.0002735746 0.99999849 -0.0017181404 -0.013793582 0.001113122 0.0017178349 0.9999979 0.8201023
174 0.99999986 -0.0003987697 0.00033511012 -0.0026503536 0.00039938556 0.99999823 -0.0018397189 -0.016574004 -0.0003343759 0.0018398525 0.99999825 0.81935669
175 0.99999859 -0.00039369334 0.0016326635 0.00049379436 0.00039755582 0.99999712 -0.0023661071 -0.015888584 -0.0016317273 0.0023667528 0.99999587 0.8158469
176 0.9999993 -0.00029429571 0.0011430513 0.00016532828 0.00029566805 0.99999924 -0.0012006078 -0.014556637 -0.0011426971 0.001200945 0.99999863 0.81757437
177 0.99999942 6.1265499e-05 0.0010730811 -0.0041503809 -6.0080083e-05 0.99999939 -0.0011046811 -0.015379073 -0.0010731481 0.001104616 0.99999881 0.82822444
178 0.99999889 -0.00072233179 0.0013004009 0.00016287707 0.00072293653 0.99999963 -0.00046462905 -0.014311116 -0.0013000648 0.00046556865 0.99999905 0.85848094
179 0.99999882 -0.00029435316 0.0015046463 -0.00091900285 0.00029692412 0.9999985 -0.0017087406 -0.019090786 -0.0015041411 0.0017091854 0.99999741 0.85394922
180 0.9999945 -7.8537839e-05 0.0033158525 -0.00073901994 8.64562e-05 0.99999715 -0.002387956 -0.020360465 -0.0033156555 0.0023882296 0.99999165 0.83772602
181 0.99999874 -0.00014570699 0.0015827904 -0.0033194516 0.00014893179 0.99999791 -0.0020374825 -0.018952678 -0.0015824902 0.0020377156 0.99999667 0.8276029
182 0.99999995 6.2113852e-05 0.0003194624 -0.002931503 -6.1499693e-05 0.99999815 -0.0019221268 -0.017475296 -0.0003195812 0.001922107 0.9999981 0.81699805
183 0.99999972 6.0261193e-05 -0.00074759878 -0.0021912218 -6.22747e-05 0.99999637 -0.0026935685 -0.011847268 0.00074743375 0.0026936143 0.99999609 0.80531217
184 0.99999987 -0.00038312275 -0.00032291291 -0.0017055163 0.00038233413 0.99999695 -0.0024387609 -0.010924214 0.00032384627 0.0024386372 0.99999697 0.81736678
185 0.9999992 -0.00063061313 -0.0010944475 -0.0006641258 0.00062918637 0.99999895 -0.0013034942 -0.012340262 0.0010952684 0.0013028045 0.99999855 0.81194261
186 0.99999399 -0.0016900204 -0.0030284302 -0.00053313615 0.0016898828 0.99999857 -4.7997933e-05 -0.013908202 0.003028507 4.2879952e-05 0.99999541 0.82961669
187 0.99999717 -0.00068532471 -0.0022766221 -0.0026117974 0.00068170675 0.9999985 -0.0015895742 -0.021634781 0.0022777081 0.0015880177 0.99999615 0.82630366
188 0.99999689 -0.00016168598 -0.002490583 -0.0035096582 0.00015629314 0.99999764 -0.0021653329 -0.024336037 0.0024909272 0.0021649369 0.99999455 0.81639477
189 0.99999623 8.8136808e-05 -0.002745185 -0.0061041695 -9.3057104e-05 0.99999839 -0.0017922607 -0.021493592 0.0027450226 0.0017925094 0.99999463 0.81150899
190 0.99999982 0.00057213458 -0.00019722562 -0.0061385077 -0.00057243284 0.99999869 -0.0015155437 -0.020705149 0.00019635826 0.0015156563 0.99999883 0.80848076
191 0.99999985 0.0004169947 0.00036370152 -0.0048058717 -0.00041629638 0.99999807 -0.0019180206 -0.01930187 -0.00036450062 0.0019178689 0.99999809 0.8082888
192 0.9999999 0.00027116201 0.00036590106 -0.0040683853 -0.0002704371 0.999998 -0.0019797712 -0.019351103 -0.00036643717 0.0019796721 0.99999797 0.79456551
193 0.99999827 0.00061952251 0.0017559641 -0.0031909568 -0.00061637372 0.9999982 -0.001793167 -0.018616383 -0.0017570719 0.0017920816 0.99999685 0.79070922
194 0.99999787 0.00059314829 0.001974485 -0.0018470112 -0.00059027846 0.99999877 -0.0014537237 -0.016113405 -0.0019753449 0.0014525551 0.99999699 0.78239178
195 0.99999885 0.00018412747 0.0015045774 -0.00047397275 -0.00018242057 0.99999934 -0.001134532 -0.017963408 -0.0015047853 0.0011342562 0.99999822 0.80115414
196 0.99999761 0.00044836817 0.0021392536 -0.0013464566 -0.00044497655 0.99999864 -0.0015856371 -0.018276918 -0.0021399616 0.0015846814 0.99999645 0.79349039
197 0.99999895 -0.0001677135 0.0014420999 -0.0010046536 0.00016983764 0.9999989 -0.0014729533 -0.019308586 -0.0014418513 0.0014731967 0.99999788 0.80097747
198 0.99999599 -0.00032798837 0.0028117621 0.00058154056 0.00033357665 0.99999797 -0.0019872262 -0.019339232 -0.0028111046 0.0019881562 0.99999407 0.79028315
199 0.9999978 -0.00060820203 0.0020093403 -0.00074429984 0.00061014956 0.99999934 -0.00096876374 -0.018867643 -0.0020087497 0.0009699876 0.99999751 0.78550713
200 0.99999572 -0.00028501525 0.002911272 -7.1807634e-05 0.00028985262 0.99999858 -0.0016613135 -0.020295242 -0.0029107943 0.0016621502 0.99999438 0.78626721
201 0.99999832 -0.00031752309 0.0018042414 -0.0024594305 0.00031971211 0.99999921 -0.0012131042 -0.018048595 -0.0018038548 0.001213679 0.99999764 0.77035906
202 0.99999785 -0.00037998301 0.0020380377 -0.0027634074 0.00038205976 0.99999941 -0.0010187041 -0.020294453 -0.0020376494 0.0010194806 0.9999974 0.77749962
203 0.99999864 2.8633392e-05 0.0016476298 -0.0020198723 -2.5920966e-05 0.99999864 -0.0016462572 -0.016305538 -0.0016476747 0.0016462123 0.99999729 0.74702222
204 0.99999939 -0.00029920057 0.0010585404 -0.0011287405 0.00030105921 0.99999841 -0.001756134 -0.010141057 -0.0010580133 0.0017564516 0.9999979 0.732295
205 0.99999929 -0.00086907606 0.00081731471 0.0010065077 0.00086973039 0.9999993 -0.00080057382 -0.011215593 -0.00081661838 0.0008012841 0.99999935 0.71265414
206 0.99999991 -0.00033464834 0.00024499513 -0.0010303489 0.00033477925 0.9999998 -0.00053450394 -0.011985098 -0.00024481621 0.00053458591 0.99999983 0.70724997
207 1 -6.671244e-06 8.9446169e-06 -0.0022341141 6.682536e-06 0.9999992 -0.0012630276 -0.013224808 -8.9361838e-06 0.0012630277 0.9999992 0.69072777
208 0.99999979 -0.00025759859 0.00058914701 -0.00043228965 0.00025808582 0.99999962 -0.00082708769 -0.015100996 -0.00058893373 0.00082723957 0.99999948 0.69607208
209 0.99999958 -0.00087710001 0.00025984849 0.00091919635 0.00087722431 0.9999995 -0.0004786308 -0.013525628 -0.00025942856 0.00047885855 0.99999985 0.70080186
210 0.99999942 -0.00097576621 0.00044508388 0.002893787 0.00097597565 0.99999941 -0.00047059551 -0.014025759 -0.00044462442 0.00047102963 0.99999979 0.69725462
211 0.99999991 -0.00017779968 -0.00039339877 -0.0013145514 0.00017727089 0.99999908 -0.0013437762 -0.015536402 0.00039363733 0.0013437063 0.99999902 0.70194126
212 0.99999899 -0.00013479113 -0.0014168293 -0.0023127118 0.00013254718 0.99999874 -0.0015837567 -0.01612694 0.001417041 0.0015835673 0.99999774 0.68977106
213 0.99999997 0.000210466 -0.00015555198 -0.002409477 -0.00021065013 0.99999928 -0.0011846392 -0.015541762 0.00015530254 0.0011846719 0.99999929 0.6963607
214 0.99999976 4.2323418e-05 -0.00069812212 -0.0038020843 -4.3098637e-05 0.99999938 -0.0011104569 -0.016480277 0.00069807469 0.0011104867 0.99999914 0.69138044
215 0.99999962 0.00052432365 0.00069637351 -0.0024060798 -0.00052353303 0.99999922 -0.0011350473 -0.015685071 -0.0006969681 0.0011346823 0.99999911 0.69666511
216 0.99999394 0.00022732462 0.0034731964 -0.0031450727 -0.00022211786 0.99999885 -0.0014994384 -0.013292134 -0.0034735333 0.0014986579 0.99999284 0.70396416
217 0.99999429 5.2783796e-05 0.0033781288 0.0011049605 -4.6711707e-05 0.99999838 -0.0017975249 -0.01171977 -0.0033782182 0.0017973569 0.99999268 0.66051033
218 0.99999524 -0.00010845546 0.0030820063 0.00053283347 0.00011180478 0.9999994 -0.0010865811 -0.013608367 -0.0030818867 0.0010869205 0.99999466 0.6907383
219 0.99998701 -0.00036673637 0.0050843576 0.0021207911 0.00037399454 0.99999891 -0.0014266716 -0.012392724 -0.0050838289 0.0014285546 0.99998606 0.69213511
220 0.99995903 0.00073763949 0.0090220306 0.0037436522 -0.00071486131 0.99999655 -0.0025276923 -0.011847823 -0.009023864 0.0025211392 0.99995611 0.69072141
221 0.99995422 0.00047232859 0.0095567846 0.0059080667 -0.00045544624 0.99999833 -0.0017686295 -0.015052659 -0.009557604 0.001764196 0.99995277 0.72385777
222 0.99995523 1.2511087e-05 0.0094627704 0.0068610389 1.4565764e-06 0.99999891 -0.0014760566 -0.013822039 -0.0094627786 0.0014760043 0.99995414 0.71745633
223 0.99996952 0.00090584383 0.0077552175 0.0032236871 -0.00088777674 0.99999688 -0.0023327946 -0.010069569 -0.0077573064 0.0023258386 0.99996721 0.72623339
224 0.99998122 0.00038204873 0.0061168254 0.0024133813 -0.00037219441 0.99999863 -0.0016120752 -0.012382781 -0.006117433 0.0016097683 0.99997999 0.73646534
225 0.99999452 -0.00021202102 0.003302482 -6.1139748e-07 0.0002141083 0.99999978 -0.0006316933 -0.014836617 -0.0033023474 0.00063239693 0.99999435 0.75467423
226 0.99999869 0.00077008396 0.0014250169 -0.0038968287 -0.00076636663 0.99999631 -0.0026073267 -0.011561399 -0.0014270195 0.0026062312 0.99999559 0.74336991
227 0.99999933 0.00052726802 0.0010285125 -0.0036090822 -0.00052578669 0.99999882 -0.001440004 -0.017036391 -0.0010292705 0.0014394623 0.99999843 0.75822491
228 0.9999993 0.0002017151 -0.0011657591 -0.0065343869 -0.00020316002 0.99999921 -0.0012394807 -0.016242255 0.0011655081 0.0012397167 0.99999855 0.76418032
229 0.99999944 -0.00073284929 0.0007574686 0.00084385321 0.00073333661 0.99999952 -0.00064327533 -0.010310876 -0.00075699681 0.00064383045 0.99999951 0.75215781
230 0.99999416 -0.0014594627 -0.0030887707 0.00053939592 0.001457802 0.99999879 -0.00053984259 -0.0085228677 0.0030895548 0.00053533662 0.99999508 0.76369719
231 0.99999639 -0.00091107771 -0.0025265607 -0.0021413759 0.00090931003 0.99999934 -0.00070069589 -0.007813339 0.0025271975 0.00069839594 0.99999656 0.75425103
232 0.99999801 -0.00087405851 -0.001794987 -0.0031429028 0.00087268495 0.99999933 -0.00076586014 -0.0097007779 0.0017956552 0.00076429215 0.9999981 0.74800691
233 0.99999907 -0.0011280744 -0.00076326644 -0.0040540255 0.0011280499 0.99999936 -3.2591818e-05 -0.009467947 0.00076330272 3.1730786e-05 0.99999971 0.76828334
234 0.99999396 -0.0007276289 0.0033999638 0.00026849513 0.00072159087 0.99999816 0.0017767974 -0.030908018 -0.0034012504 -0.0017743333 0.99999264 0.75517062
235 0.99999703 5.4866583e-05 0.0024381611 -0.004147199 -5.3743121e-05 0.99999989 -0.00046084592 -0.028265622 -0.0024381861 0.00046071352 0.99999692 0.75188583
236 0.99999964 -3.8153849e-05 0.00085170202 -0.0048464214 3.9106982e-05 0.99999937 -0.001119104 -0.024651939 -0.00085165879 0.0011191369 0.99999901 0.75806346
237 0.99999663 0.00016494552 0.0025921126 -0.003853656 -0.00016038368 0.99999844 -0.0017600022 -0.022266097 -0.0025923988 0.0017595806 0.99999509 0.74583511
238 0.9999967 0.00054833145 0.002510332 -0.0037725381 -0.0005441486 0.99999846 -0.0016666337 -0.022850296 -0.002511242 0.0016652622 0.99999546 0.76889776
239 0.9999994 0.00019251448 0.0010781163 -0.0056161096 -0.00019156862 0.9999996 -0.00087736833 -0.020544842 -0.0010782848 0.00087716127 0.99999903 0.77417749
240 0.99999808 0.00014327358 0.0019550604 -0.0059430141 -0.00014227087 0.99999986 -0.00051301009 -0.021272715 -0.0019551336 0.00051273095 0.99999796 0.76878447
241 0.99999879 -2.481392e-05 0.0015577858 -0.0076263769 2.5276865e-05 0.99999996 -0.00029716245 -0.022257277 -0.0015577783 0.00029720147 0.99999874 0.78031007
242 0.99999992 0.00020620281 0.00033901747 -0.0055320324 -0.0002059698 0.99999974 -0.0006871755 -0.020625812 -0.00033915908 0.00068710562 0.99999971 0.78766618
243 0.99999972 -0.00035133119 0.00065641685 -0.0050898141 0.00035175705 0.99999973 -0.00064876357 -0.018398119 -0.00065618874 0.00064899429 0.99999957 0.77946669
244 0.99999929 -0.00098334562 -0.00067455476 -0.0039562994 0.00098301009 0.99999939 -0.00049755198 -0.016703336 0.00067504361 0.00049688853 0.99999965 0.78021433
245 0.99999639 -0.0013852886 -0.0023006593 -0.0059692607 0.0013842954 0.99999895 -0.00043321152 -0.019381826 0.002301257 0.00043002516 0.99999726 0.77763979
246 0.99999861 -0.00064111716 -0.0015401056 -0.006046039 0.00063926316 0.99999907 -0.0012040044 -0.019970979 0.0015408761 0.0012030182 0.99999809 0.78971486
247 0.99999892 -0.00019711894 -0.0014555257 -0.0050163071 0.00019481738 0.99999873 -0.0015812283 -0.018977356 0.0014558355 0.0015809431 0.99999769 0.79637665
248 0.99999951 -9.1353477e-05 -0.00098097817 -0.0052332906 9.0359978e-05 0.99999948 -0.0010127601 -0.018847597 0.00098107018 0.001012671 0.99999901 0.79628073
249 0.99999918 0.00020584005 0.001262962 -0.002182779 -0.00020380681 0.99999868 -0.0016098098 -0.015075629 -0.0012632917 0.0016095511 0.99999791 0.77834586
250 0.9999949 -0.00025351284 0.0031842722 0.0013003574 0.00025716268 0.99999931 -0.0011458498 -0.0039775645 -0.0031839795 0.0011466628 0.99999427 0.80013824
251 0.99998711 -0.00045026516 0.0050581951 0.0050553202 0.00045644257 0.99999915 -0.0012201789 -0.010900149 -0.0050576414 0.001222472 0.99998646 0.80277245
252 0.99999598 -0.0011996 0.002567838 0.0046672905 0.0012011002 0.99999911 -0.00058273667 -0.0048536617 -0.0025671367 0.00058581856 0.99999653 0.81711455
253 0.99999957 -0.00082889728 0.00042531445 0.002027308 0.00082961267 0.99999824 -0.0016846193 -0.0073979716 -0.00042391732 0.0016849715 0.99999849 0.83690357
254 0.99999848 -0.00071912919 0.001586563 -0.00073199164 0.00072204075 0.99999806 -0.001835331 -0.015628122 -0.0015852401 0.0018364738 0.99999706 0.82045021
255 0.99999561 -0.0014025812 -0.0026112984 -0.0013348636 0.0013998845 0.99999849 -0.0010342602 -0.013680472 0.0026127451 0.0010306001 0.99999606 0.82328498
256 0.99999786 -0.0011025866 -0.0017527127 -0.0026197034 0.001101389 0.99999916 -0.00068414846 -0.016010847 0.0017534655 0.00068221657 0.99999823 0.82251801
257 0.99999439 -0.0010773044 -0.0031709839 -0.0039999684 0.0010745674 0.99999905 -0.00086471781 -0.014353552 0.0031719124 0.00086130552 0.9999946 0.8417767
258 0.9999951 -0.0010115499 -0.002962324 -0.0043069806 0.0010063226 0.99999794 -0.0017655688 -0.014800574 0.0029641038 0.0017625791 0.99999405 0.84624144
259 0.99999122 -0.0015078059 -0.0039094564 -0.0027187967 0.0015060523 0.99999876 -0.00045146242 -0.013911645 0.0039101323 0.00044557061 0.99999226 0.84795182
