4 0.99994866 0.0016979989 -0.0099898624 -0.21261764 -0.0017357606 0.99999137 -0.0037725436 -0.1537244 0.0099833697 0.0037896896 0.99994288 4.5161961
5 0.99994191 0.00093959416 -0.010737386 -0.22519046 -0.00099097072 0.99998808 -0.0047805022 -0.17484772 0.010732766 0.0047908645 0.99993082 5.5994455
6 0.99994895 -0.00020576084 -0.010102599 -0.23731017 0.00015449456 0.9999871 -0.0050750707 -0.20217621 0.010103512 0.0050732502 0.99993599 6.6837007
7 0.99994179 -0.0011110918 -0.010732412 -0.24587029 0.0010411296 0.99997818 -0.0065221522 -0.22671975 0.010739423 0.006510598 0.99992103 7.7962388
8 0.99993546 -0.0026545805 -0.0110473 -0.25435185 0.0025799946 0.99997381 -0.0067602833 -0.25550241 0.011064956 0.0067313443 0.99991602 8.9667735
9 0.99990199 -0.0039698027 -0.013425975 -0.26615386 0.0038662236 0.99996263 -0.007731992 -0.28949672 0.013456166 0.0076793255 0.99987987 10.188753
10 0.99984343 -0.0050040926 -0.016973022 -0.28404241 0.0048504826 0.99994701 -0.0090793597 -0.31904483 0.017017556 0.0089956099 0.99981462 11.40753
11 0.9997557 -0.0055799052 -0.021387357 -0.31067249 0.0053610198 0.9999328 -0.010278033 -0.35180194 0.021443268 0.010160863 0.99971833 12.616149
12 0.99963801 -0.0063682829 -0.026140152 -0.34165587 0.0060913221 0.99992461 -0.010661207 -0.38068207 0.026206072 0.010498119 0.99960133 13.812622
13 0.9995099 -0.0076955952 -0.030343617 -0.37648712 0.0073809135 0.99991795 -0.010469007 -0.41111742 0.03042169 0.010239912 0.9994846 15.02002
14 0.99936604 -0.0085363427 -0.034563769 -0.41507552 0.0081617148 0.99990656 -0.010965368 -0.44773241 0.03465414 0.010676316 0.99934223 16.199534
15 0.99924107 -0.0097625419 -0.037709168 -0.45632191 0.009365897 0.99989909 -0.010680897 -0.48800709 0.037809632 0.010319609 0.99923157 17.349195
16 0.99912286 -0.011326229 -0.0403143 -0.50206267 0.010967169 0.99989829 -0.0091165659 -0.52268716 0.040413452 0.0086664347 0.99914535 18.437956
17 0.99908293 -0.012665072 -0.040901129 -0.55054887 0.012257897 0.99987293 -0.010190608 -0.55458084 0.041024992 0.0096798999 0.99911113 19.551648
18 0.99902156 -0.013074917 -0.042248917 -0.60404136 0.012638725 0.9998642 -0.010575002 -0.58523911 0.042381443 0.010030681 0.99905105 20.668369
19 0.99892595 -0.014508653 -0.044005134 -0.65413928 0.01404642 0.99984306 -0.010795166 -0.62078176 0.044154847 0.010165456 0.99897288 21.802713
20 0.99886075 -0.015238909 -0.045221527 -0.71116851 0.014695416 0.99981603 -0.012326681 -0.66434451 0.045401048 0.011648088 0.99890083 23.031074
21 0.99878045 -0.016499345 -0.046533788 -0.76584638 0.015871314 0.99977834 -0.013833598 -0.70591855 0.046751714 0.013078174 0.99882082 24.226079
22 0.99868527 -0.017156484 -0.048305284 -0.82372385 0.016415771 0.99974215 -0.015689197 -0.75145509 0.048561995 0.0148756 0.99870929 25.39222
23 0.99857672 -0.017563834 -0.050359335 -0.88331116 0.016748038 0.99972232 -0.016575988 -0.79130178 0.050636485 0.015708974 0.99859349 26.524883
24 0.9984995 -0.018198889 -0.051648422 -0.94477846 0.017327393 0.99970068 -0.017271548 -0.83186091 0.05194728 0.016350698 0.99851586 27.66214
25 0.9983538 -0.019659562 -0.05388138 -1.0053761 0.018773212 0.9996808 -0.016907136 -0.87555194 0.054196563 0.015867775 0.9984041 28.779214
26 0.9981801 -0.020621846 -0.056667712 -1.0668406 0.019582316 0.99963074 -0.018838823 -0.92049773 0.057035273 0.017694851 0.99821524 29.907276
27 0.99803628 -0.021644823 -0.05878003 -1.1296547 0.02046969 0.99957984 -0.020521169 -0.96626075 0.059199505 0.019277661 0.99805991 31.018875
28 0.99789576 -0.022751485 -0.060715923 -1.1909961 0.021474801 0.99953607 -0.021597586 -1.0074907 0.061179127 0.020248276 0.9979213 32.130385
29 0.99768665 -0.024885225 -0.063261996 -1.2512454 0.023594762 0.99949965 -0.021064703 -1.0399277 0.063754536 0.019523319 0.99777452 33.250562
30 0.99748562 -0.026006211 -0.065925086 -1.317341 0.02467852 0.99947747 -0.020874493 -1.0768596 0.066433498 0.019195071 0.9976061 34.351431
31 0.99733722 -0.026683985 -0.067870781 -1.3917564 0.025246559 0.99944026 -0.021949286 -1.1247523 0.068418479 0.020177334 0.99745255 35.486649
32 0.99710924 -0.027036255 -0.071008459 -1.4698765 0.025467899 0.9994133 -0.022900301 -1.1698875 0.07158593 0.021025664 0.9972127 36.626066
33 0.99680094 -0.027514221 -0.075039095 -1.5514043 0.025732633 0.99936596 -0.024606687 -1.216457 0.075668544 0.022597013 0.99687684 37.781145
34 0.99638794 -0.029378654 -0.079674116 -1.6373448 0.027549612 0.99933325 -0.023959654 -1.2652885 0.080324888 0.021678117 0.99653287 38.986259
35 0.99596596 -0.031435281 -0.084045449 -1.720106 0.029551019 0.99928532 -0.02357065 -1.3056784 0.084726325 0.020991934 0.99618301 40.12506
36 0.99560608 -0.034421697 -0.087084395 -1.8042593 0.03264266 0.99922993 -0.021771509 -1.3506154 0.087766737 0.018833179 0.9959629 41.23286
37 0.99520581 -0.037358008 -0.090386822 -1.8928467 0.035454443 0.99911627 -0.022575476 -1.3977238 0.091150311 0.019262629 0.99565072 42.338747
38 0.99491522 -0.039122248 -0.092807143 -1.9939495 0.037028116 0.99902162 -0.024180633 -1.4494988 0.093662334 0.020621204 0.99539034 43.48988
39 0.99476472 -0.040259082 -0.093927465 -2.1008771 0.038016293 0.9989505 -0.025546973 -1.5041171 0.094857377 0.021842451 0.99525111 44.666394
40 0.99465049 -0.041868027 -0.094432359 -2.2112199 0.039607783 0.99888514 -0.025684509 -1.5584764 0.09540243 0.021806851 0.99519979 45.868364
41 0.99451177 -0.044292429 -0.094786703 -2.3195684 0.042072809 0.99879442 -0.025289695 -1.6132871 0.095792563 0.021162954 0.99517622 47.083588
42 0.99446068 -0.046334052 -0.094345714 -2.4287473 0.044065826 0.99869061 -0.025985816 -1.6695015 0.095426197 0.021684448 0.99520019 48.306978
43 0.9943882 -0.047876111 -0.094339734 -2.5403965 0.045509432 0.99859674 -0.027081767 -1.7274403 0.095503912 0.02263644 0.99517154 49.546574
44 0.99429422 -0.048669699 -0.094922424 -2.6606071 0.046190282 0.99853604 -0.028146335 -1.7886313 0.096153326 0.023601242 0.99508659 50.822088
45 0.99420152 -0.049332437 -0.095549237 -2.7858925 0.046772186 0.99848878 -0.028853253 -1.8501769 0.096828233 0.024216898 0.99500635 52.123326
46 0.99413437 -0.050418733 -0.095680805 -2.9049952 0.047820292 0.99842729 -0.029260232 -1.9054428 0.097005581 0.024513116 0.99498182 53.367566
47 0.99399731 -0.051748605 -0.096392076 -3.0213875 0.049071165 0.9983463 -0.029944592 -1.9559583 0.097782253 0.02503477 0.9948928 54.574558
48 0.99397686 -0.052881286 -0.095987344 -3.1317023 0.05017109 0.99827683 -0.030433804 -2.0020355 0.097431311 0.025434705 0.99491709 55.761206
49 0.99387309 -0.054417956 -0.096202792 -3.2433999 0.051707002 0.99819786 -0.030453273 -2.0487589 0.097686617 0.025292328 0.99489568 56.981547
50 0.99365643 -0.055959181 -0.097547311 -3.354997 0.05317272 0.99810599 -0.030936565 -2.095903 0.099093732 0.025553458 0.99474984 58.215421
51 0.99318722 -0.057780488 -0.10119569 -3.4728161 0.054960158 0.99802437 -0.030442096 -2.150036 0.10275471 0.024672968 0.99440058 59.487465
52 0.99267329 -0.05932155 -0.1052649 -3.6001644 0.056413785 0.9979448 -0.030391657 -2.2099648 0.10685143 0.024230592 0.9939796 60.757187
53 0.99227511 -0.061662641 -0.10764678 -3.7336316 0.05868472 0.99780688 -0.030618847 -2.2781403 0.10929873 0.024065096 0.99371749 62.048957
54 0.99189232 -0.064535884 -0.10947486 -3.8683998 0.061481317 0.99762498 -0.031055197 -2.3477755 0.11121902 0.024072751 0.99350422 63.357404
55 0.99161987 -0.066409149 -0.11081453 -4.0116505 0.063318056 0.99750595 -0.03118796 -2.4201182 0.11260931 0.023910038 0.99335152 64.674904
56 0.99126183 -0.067889558 -0.11309734 -4.1618794 0.064636675 0.99738958 -0.032188815 -2.4979464 0.11498738 0.024597305 0.99306227 66.02123
57 0.99072553 -0.06948913 -0.11676556 -4.3095922 0.066133382 0.99728538 -0.032376523 -2.5688733 0.11869839 0.024354144 0.99263153 67.319275
58 0.99015501 -0.07081363 -0.12074144 -4.4612699 0.067277909 0.99718448 -0.03311783 -2.6393895 0.12274667 0.024668551 0.9921313 68.596559
59 0.98962428 -0.070810643 -0.12501861 -4.6215248 0.06710966 0.99718049 -0.033576148 -2.7076351 0.12704365 0.024837812 0.991586 69.844124
60 0.98934311 -0.071426189 -0.12687996 -4.7818465 0.06756795 0.99711931 -0.034462076 -2.7717687 0.12897594 0.025521796 0.99131914 71.111489
61 0.98953204 -0.072289258 -0.12490237 -4.9339509 0.068248782 0.9970064 -0.036336354 -2.8319034 0.12715518 0.027431549 0.99150334 72.329795
62 0.98953002 -0.073594141 -0.12415411 -5.0840833 0.069434237 0.99688098 -0.037512549 -2.895279 0.12652756 0.028499244 0.99155351 73.558574
63 0.98927506 -0.075887536 -0.12480366 -5.2263927 0.071748852 0.99672372 -0.037335108 -2.9604797 0.12722802 0.027980169 0.99147866 74.778575
64 0.98920293 -0.077047055 -0.12466487 -5.3887406 0.072715258 0.9965923 -0.038939241 -3.0316645 0.12724019 0.02945377 0.99143442 76.106175
65 0.98878607 -0.077563162 -0.12761692 -5.5635154 0.072747194 0.99646641 -0.041982471 -3.1177231 0.13042226 0.032227906 0.9909345 77.5216
66 0.98842708 -0.078284831 -0.12993617 -5.7349179 0.072912032 0.99629486 -0.04561122 -3.2037227 0.13302539 0.035609451 0.99047262 78.908913
67 0.98838358 -0.07871257 -0.1300086 -5.9216945 0.073262639 0.99624243 -0.046190887 -3.2938981 0.13315587 0.036129537 0.99043625 80.318943
68 0.98784097 -0.080658937 -0.13290737 -6.0788577 0.075197732 0.99612464 -0.045617891 -3.3692926 0.13607178 0.035068885 0.990078 81.522035
69 0.98761562 -0.081726738 -0.13392587 -6.2406345 0.076201911 0.99603626 -0.045880585 -3.444873 0.13714468 0.035106971 0.9899286 82.726955
70 0.98727933 -0.083395321 -0.13536893 -6.4029974 0.07771362 0.99587966 -0.046736371 -3.5230327 0.13870875 0.03562184 0.98969226 83.947971
71 0.9868583 -0.084447063 -0.13776574 -6.5655173 0.07835214 0.9957164 -0.049089602 -3.6047303 0.14132107 0.037650237 0.9892475 85.147484
72 0.9864982 -0.085451365 -0.13971172 -6.7349749 0.079196735 0.99561724 -0.0497411 -3.6887656 0.14334983 0.03800479 0.98894199 86.371742
73 0.98619181 -0.086432615 -0.14126257 -6.9019946 0.079980274 0.99550402 -0.050743264 -3.7741654 0.14501332 0.038744368 0.98867073 87.58346
74 0.98596791 -0.088271521 -0.14168775 -7.0661709 0.081775263 0.99534269 -0.05104625 -3.8530149 0.14553378 0.038743408 0.98859429 88.803797
75 0.98590362 -0.089148658 -0.14158591 -7.2488642 0.082497977 0.99522429 -0.052179312 -3.9363327 0.14556143 0.039763218 0.98854972 90.131219
76 0.98569243 -0.089307938 -0.14294939 -7.442962 0.082390473 0.99515706 -0.053611704 -4.0288324 0.14704503 0.041066979 0.98827681 91.502747
77 0.98545526 -0.089779841 -0.1442828 -7.6433936 0.082834079 0.99512846 -0.053458877 -4.1255465 0.14837944 0.040729794 0.9880913 92.854491
78 0.98503457 -0.090731033 -0.14654278 -7.8460759 0.083718384 0.99506055 -0.053345307 -4.2282058 0.150659 0.040278643 0.9877648 94.196254
79 0.98457253 -0.091324451 -0.14925412 -8.0557479 0.084232091 0.99502595 -0.053181758 -4.3350384 0.1533685 0.039789308 0.98736756 95.519814
80 0.98403072 -0.091782135 -0.15251092 -8.2662182 0.08451018 0.99498465 -0.053512245 -4.4417769 0.15665748 0.039768963 0.98685189 96.824908
81 0.9834886 -0.093231457 -0.15510666 -8.4716227 0.085877337 0.99486978 -0.053471443 -4.5488911 0.15929613 0.039268404 0.98644946 98.117274
82 0.9831786 -0.094776219 -0.1561324 -8.6671464 0.087221978 0.9946937 -0.054559631 -4.6457765 0.16047485 0.040023681 0.98622803 99.35044
83 0.9825936 -0.09639527 -0.15880108 -8.8599175 0.088944195 0.9946044 -0.053394867 -4.7359511 0.16309125 0.038341016 0.98586561 100.56396
84 0.98193848 -0.097919459 -0.16189075 -9.0574839 0.090366325 0.99447611 -0.053396445 -4.8256757 0.16622502 0.037802548 0.98536288 101.78704
85 0.98147399 -0.099118739 -0.16396431 -9.260366 0.091540626 0.99438114 -0.053164387 -4.9126456 0.16831259 0.037170064 0.98503251 103.01041
86 0.98071856 -0.10028474 -0.16773216 -9.470843 0.092500695 0.99426815 -0.0536139 -5.0031551 0.17214738 0.037064802 0.98437354 104.26119
87 0.97988797 -0.1016178 -0.1717364 -9.6849532 0.093652913 0.99414577 -0.053882263 -5.0958101 0.1762064 0.036714963 0.98366819 105.51586
88 0.97912325 -0.10275924 -0.17538016 -9.9093961 0.094545007 0.99402278 -0.0545889 -5.1905909 0.17994137 0.036867939 0.98298609 106.78667
89 0.97868116 -0.10354986 -0.17737139 -10.136397 0.095137029 0.9939259 -0.055319363 -5.286427 0.18202232 0.037265427 0.98258789 108.06966
90 0.97801753 -0.10527287 -0.17999816 -10.355992 0.096740254 0.9937573 -0.055567365 -5.3853167 0.18472421 0.036932785 0.98209609 109.31126
91 0.97723082 -0.10725604 -0.18307394 -10.574392 0.098562598 0.99355568 -0.05596886 -5.4797492 0.18789713 0.036650249 0.98150457 110.52858
92 0.97619115 -0.10997584 -0.18696568 -10.784648 0.1012336 0.99330164 -0.055709933 -5.5647867 0.19184004 0.035456332 0.98078542 111.70008
93 0.97475157 -0.11248234 -0.19289145 -10.998722 0.1033614 0.99302378 -0.056746708 -5.6509646 0.19792878 0.03537641 0.97957772 112.87214
94 0.97373185 -0.11529534 -0.19634987 -11.260695 0.10604318 0.99272443 -0.057035347 -5.7583452 0.2014972 0.034715566 0.97887359 114.2462
95 0.97225135 -0.11781379 -0.202107 -11.509864 0.10847608 0.99248008 -0.056711688 -5.8579699 0.20726857 0.033214237 0.97771997 115.52021
96 0.9714449 -0.11898838 -0.20527198 -11.747083 0.1094196 0.99233724 -0.057394533 -5.953254 0.21052829 0.033294846 0.97702051 116.67713
97 0.97080947 -0.11959526 -0.20790853 -11.995202 0.10969088 0.99223836 -0.0585741 -6.0532991 0.21329998 0.034058618 0.97639281 117.85812
98 0.97040363 -0.11956167 -0.20981374 -12.258151 0.10922429 0.99219091 -0.06022651 -6.1585751 0.21537604 0.035527263 0.97588461 119.06877
99 0.96972919 -0.11934594 -0.21303016 -12.525913 0.10862658 0.99218607 -0.061376382 -6.2649384 0.21869055 0.03637773 0.97511584 120.28561
100 0.9687658 -0.11995795 -0.21703209 -12.793735 0.10892709 0.99210566 -0.062138823 -6.3693274 0.22277279 0.036557288 0.9741846 121.4932
101 0.96776183 -0.12172164 -0.22050145 -13.045663 0.11048507 0.99190171 -0.062642082 -6.4631312 0.22634065 0.036260493 0.97337294 122.63213
102 0.96650522 -0.1225665 -0.22548861 -13.298321 0.11113832 0.99182219 -0.062745536 -6.5456112 0.23133508 0.035583458 0.97222307 123.7374
103 0.96481406 -0.12368979 -0.23202299 -13.559226 0.11205428 0.99172029 -0.062727129 -6.6278117 0.23786059 0.034520844 0.97068555 124.83617
104 0.96326113 -0.12465602 -0.23788415 -13.825659 0.1123886 0.99156822 -0.064507756 -6.7080775 0.24391962 0.035402343 0.96914895 125.93302
105 0.96137253 -0.12565367 -0.24489595 -14.100739 0.11255787 0.99139627 -0.066814253 -6.7918554 0.25118436 0.036668418 0.96724435 127.04363
106 0.96041858 -0.12893628 -0.24692425 -14.432107 0.11552316 0.99096611 -0.068121675 -6.9106442 0.25347689 0.036899849 0.96663729 128.41539
107 0.95936251 -0.13181051 -0.24949865 -14.751002 0.11811556 0.99058878 -0.069156192 -7.0218322 0.25626605 0.036876183 0.96590251 129.72995
108 0.95836785 -0.13427384 -0.25199525 -15.077492 0.12014616 0.99023486 -0.070709344 -7.1431002 0.25902887 0.037489296 0.96514164 131.05777
109 0.95745284 -0.13679069 -0.25411094 -15.418918 0.12224698 0.98986665 -0.07224728 -7.2709397 0.26141867 0.038109065 0.96447279 132.41155
110 0.95653311 -0.13808277 -0.25686099 -15.734478 0.12310196 0.98966128 -0.073596505 -7.3861109 0.26436776 0.038777399 0.96364194 133.59646
111 0.95576042 -0.13906887 -0.25919466 -16.048303 0.12375456 0.98950651 -0.074576534 -7.4943969 0.26684605 0.039200774 0.96294147 134.7459
112 0.95450682 -0.139305 -0.2636491 -16.371078 0.12392306 0.98951481 -0.07418555 -7.603036 0.27121908 0.038138406 0.96176165 135.89012
113 0.95311651 -0.13946779 -0.2685473 -16.701547 0.12355983 0.98947292 -0.075341242 -7.712985 0.27622793 0.03862732 0.9603155 137.03774
114 0.95169459 -0.14009719 -0.27322189 -17.058662 0.12472056 0.98950657 -0.072948781 -7.8191167 0.28057474 0.035348569 0.95918095 138.2548
115 0.94940269 -0.14220474 -0.28002206 -17.450361 0.12764059 0.98937007 -0.069675908 -7.9312203 0.28695366 0.030408311 0.95746161 139.56098
116 0.94743792 -0.14564579 -0.2848661 -17.855325 0.13211925 0.98901762 -0.066246795 -8.03935 0.29138613 0.025128427 0.95627532 140.91765
117 0.94634394 -0.14898594 -0.28676879 -18.372027 0.13522016 0.98852446 -0.067341586 -8.1833405 0.29351088 0.024951379 0.95562994 142.64805
118 0.94455095 -0.15188804 -0.2911246 -18.765105 0.13851791 0.98814985 -0.066126056 -8.2900893 0.29771846 0.022133456 0.95439699 143.95209
119 0.94349924 -0.15278987 -0.29404836 -19.140194 0.13938939 0.98802674 -0.06613434 -8.3956848 0.30063227 0.021410476 0.95349967 145.18487
120 0.94299602 -0.15301851 -0.29553992 -19.512618 0.13919341 0.98796899 -0.067397727 -8.4932211 0.30229735 0.022418577 0.9529499 146.37875
121 0.94230926 -0.1537491 -0.29734573 -19.875715 0.13974416 0.98785459 -0.06793283 -8.5942485 0.30417893 0.022461402 0.95234997 147.53221
122 0.94214368 -0.15384887 -0.29781843 -20.244248 0.13897047 0.98777389 -0.070639508 -8.7007729 0.30504505 0.025164596 0.95200528 148.68825
123 0.94216565 -0.1537348 -0.29780783 -20.609158 0.13798532 0.9877152 -0.073339799 -8.8094692 0.30542417 0.028005128 0.95180438 149.83563
124 0.94232707 -0.15400481 -0.29715689 -20.971094 0.13738659 0.98758564 -0.076154528 -8.9292949 0.30519601 0.0309371 0.95178678 150.98795
125 0.94217721 -0.15391006 -0.29768069 -21.348901 0.13725187 0.98760015 -0.076209237 -9.0464474 0.30571884 0.030945372 0.95161871 152.18824
126 0.94213089 -0.15457811 -0.29748108 -21.730831 0.13800242 0.98750601 -0.076073665 -9.1657049 0.30552365 0.030618238 0.95169198 153.41534
127 0.94164167 -0.15527738 -0.29866353 -22.126812 0.13900178 0.98743849 -0.07512464 -9.2904694 0.30657699 0.029225727 0.95139697 154.66753
128 0.94081018 -0.15546471 -0.30117594 -22.527058 0.13910763 0.98742118 -0.075156311 -9.4165856 0.30907162 0.028811948 0.95060212 155.91978
129 0.93959477 -0.15570741 -0.3048227 -22.942772 0.13911713 0.9873896 -0.075552597 -9.5521573 0.31274283 0.028582764 0.94940757 157.20029
130 0.93860599 -0.1558349 -0.30778936 -23.35636 0.13887874 0.9873586 -0.076391551 -9.6838643 0.31580291 0.028956164 0.94838276 158.45821
131 0.93819701 -0.15774721 -0.308062 -23.760776 0.14070202 0.98705853 -0.076930999 -9.8100018 0.31621084 0.028831486 0.94825062 159.73454
132 0.93769364 -0.16032965 -0.30826135 -24.16496 0.14335691 0.98666336 -0.077098631 -9.9374598 0.31651134 0.0281035 0.94817222 161.01631
133 0.93751291 -0.16288789 -0.30746883 -24.581047 0.14591593 0.98625121 -0.077569846 -10.071198 0.31587667 0.027858129 0.94839109 162.33179
134 0.93650515 -0.16557514 -0.30910029 -24.965556 0.14855832 0.98582461 -0.077976021 -10.186728 0.31762953 0.027105523 0.94782729 163.55799
135 0.93551204 -0.16740016 -0.31111802 -25.346018 0.15019416 0.98552343 -0.078646501 -10.300338 0.31977951 0.026846637 0.94711146 164.74787
136 0.93406503 -0.16918692 -0.31448102 -25.722265 0.15173722 0.98523022 -0.07935496 -10.415546 0.32326199 0.026404214 0.94594096 165.91574
137 0.93278559 -0.1712906 -0.31712864 -26.091345 0.15368978 0.9848827 -0.079909306 -10.520533 0.32602219 0.025798814 0.94500992 167.0511
138 0.93091055 -0.17379819 -0.32124716 -26.462089 0.15577543 0.98445004 -0.081191829 -10.62906 0.33036274 0.025539915 0.94350833 168.17459
139 0.92832143 -0.17649034 -0.32721626 -26.836384 0.15776807 0.98397075 -0.083131106 -10.737476 0.33664304 0.025548107 0.94128559 169.28403
140 0.92599836 -0.17763064 -0.33312822 -27.256863 0.15864333 0.98379069 -0.083595154 -10.868446 0.34257747 0.024560403 0.93916839 170.47232
141 0.92410113 -0.17867689 -0.3378042 -27.704185 0.15932328 0.98361032 -0.084420533 -11.014723 0.34735166 0.024193036 0.9374227 171.71754
142 0.92280756 -0.1795974 -0.34083865 -28.160292 0.15975538 0.98343249 -0.085666467 -11.162545 0.35057724 0.024602854 0.93621049 172.97451
143 0.92149033 -0.18112568 -0.34358271 -28.606805 0.16065209 0.98313326 -0.087406418 -11.307625 0.3536191 0.025346888 0.93504591 174.20729
144 0.9201472 -0.18346348 -0.34593393 -29.023104 0.16272668 0.98270882 -0.088336762 -11.432033 0.35615886 0.024990141 0.93409108 175.37015
145 0.91935927 -0.18494076 -0.34723976 -29.439201 0.16402792 0.98243587 -0.088964011 -11.557156 0.35759383 0.024832871 0.93354688 176.50756
146 0.91880823 -0.18622876 -0.34800903 -29.847692 0.16458384 0.98215233 -0.091043687 -11.680968 0.3587528 0.026375024 0.93305979 177.61426
147 0.91793737 -0.18693571 -0.3499229 -30.272477 0.16461686 0.9819858 -0.092763987 -11.824523 0.36096019 0.027548317 0.93217414 178.75319
148 0.91738003 -0.18738047 -0.35114447 -30.7334 0.16472434 0.98188721 -0.093612946 -11.975252 0.36232546 0.028036604 0.93162975 179.97145
149 0.91648936 -0.18746813 -0.35341614 -31.201573 0.16448974 0.98186406 -0.094266004 -12.130251 0.36467844 0.028260459 0.93070445 181.1937
150 0.9161113 -0.18769059 -0.35427719 -31.682659 0.16463367 0.98182366 -0.094435364 -12.28659 0.36556232 0.028187346 0.93035985 182.43662
151 0.9153174 -0.18720146 -0.35658054 -32.172492 0.16429097 0.98194316 -0.093787534 -12.439857 0.36769895 0.027262394 0.92954507 183.69169
152 0.91410815 -0.18692069 -0.35981517 -32.665003 0.16384892 0.98200753 -0.093886777 -12.59497 0.37089055 0.026867339 0.92828775 184.95249
153 0.91319155 -0.18689818 -0.36214675 -33.169211 0.16367476 0.98201803 -0.094080576 -12.751315 0.37321809 0.026639302 0.92736099 186.23203
154 0.9121272 -0.18896898 -0.36375087 -33.674812 0.16496115 0.98158887 -0.096286486 -12.913433 0.37524893 0.027820759 0.92650636 187.55291
155 0.91107952 -0.19090126 -0.36536396 -34.166311 0.16630288 0.98119538 -0.097974313 -13.069991 0.37719681 0.028501308 0.92569435 188.83754
156 0.91026625 -0.19287793 -0.36635155 -34.632383 0.16819052 0.98082224 -0.098486849 -13.215599 0.37832166 0.028032393 0.92524954 190.04751
157 0.90965842 -0.19523522 -0.36661257 -35.070795 0.17056676 0.98037353 -0.098867173 -13.348802 0.37871957 0.027403436 0.92510558 191.19262
158 0.9075023 -0.19722311 -0.37086739 -35.513742 0.17288587 0.9800415 -0.098128078 -13.484136 0.38281852 0.024933723 0.92348692 192.34062
159 0.90545552 -0.19966452 -0.37454557 -35.979159 0.17443425 0.9795286 -0.10048085 -13.632781 0.38694052 0.02564736 0.92174782 193.5298
160 0.90414037 -0.20200714 -0.37646158 -36.428711 0.17637011 0.979049 -0.10176749 -13.777404 0.38913206 0.025615522 0.92082565 194.65706
161 0.90355279 -0.20402544 -0.37678373 -36.888977 0.17791802 0.97861339 -0.10325209 -13.928666 0.38979162 0.026257091 0.92052857 195.80382
162 0.90361428 -0.20542282 -0.37587591 -37.352543 0.17875521 0.97828362 -0.10491768 -14.081426 0.38926569 0.027615335 0.92071136 196.95376
163 0.90376292 -0.20683645 -0.37474162 -37.817102 0.1797469 0.97795465 -0.10628145 -14.23814 0.38846315 0.028694589 0.92101726 198.11486
164 0.90338632 -0.20825616 -0.37486335 -38.307507 0.18089121 0.97764328 -0.10720063 -14.403975 0.38880778 0.029034092 0.92086118 199.33956
165 0.9023905 -0.20949083 -0.37657003 -38.793316 0.18216626 0.97740539 -0.10721078 -14.572151 0.39052121 0.02814763 0.9201634 200.54419
166 0.90117871 -0.21080556 -0.37873204 -39.278608 0.1833018 0.97713673 -0.10772305 -14.738842 0.39278157 0.027655453 0.91921576 201.73096
167 0.9004091 -0.21141881 -0.38021776 -39.761723 0.1838255 0.9770143 -0.10794088 -14.901249 0.39429889 0.02729723 0.91857664 202.89963
168 0.89933621 -0.2120757 -0.38238499 -40.243807 0.18428881 0.97688067 -0.10835951 -15.056708 0.39652488 0.026982355 0.91762725 204.06387
169 0.89783087 -0.21336152 -0.38519682 -40.72726 0.18622822 0.97667216 -0.10691368 -15.208537 0.39902223 0.024255876 0.91662026 205.23802
170 0.89630914 -0.2154153 -0.38759023 -41.234099 0.18789379 0.97622682 -0.1080607 -15.368865 0.40165386 0.024029992 0.91547612 206.46874
171 0.89459081 -0.21730991 -0.39049161 -41.735849 0.18961829 0.97582806 -0.1086485 -15.522593 0.40466302 0.023151597 0.91417265 207.67391
172 0.89275255 -0.21952082 -0.39345076 -42.240416 0.19166015 0.97535581 -0.1093042 -15.681063 0.40774899 0.022172772 0.91282469 208.87645
173 0.89218599 -0.22136746 -0.39370117 -42.818644 0.19321897 0.97493427 -0.1103158 -15.869656 0.40825305 0.022351676 0.912595 210.2287
174 0.88993712 -0.22265607 -0.39804046 -43.345344 0.19440881 0.97467078 -0.11055345 -16.043297 0.41257376 0.021003046 0.91068192 211.44234
175 0.88753357 -0.22340956 -0.40295452 -43.876022 0.19477526 0.97451344 -0.11129306 -16.216712 0.41754848 0.020290753 0.90842795 212.64414
176 0.88476315 -0.22457976 -0.40836027 -44.391263 0.19537462 0.9742556 -0.11249338 -16.383926 0.42311097 0.019746768 0.90586255 213.80222
177 0.88247379 -0.22670972 -0.41211979 -44.865198 0.19657369 0.97375192 -0.11474309 -16.539516 0.42731576 0.020245865 0.90387562 214.86517
178 0.87949064 -0.22983067 -0.41674223 -45.697766 0.19918359 0.97304024 -0.11626945 -16.818006 0.4322292 0.019249673 0.90155818 216.69703
179 0.87882305 -0.23213398 -0.41687393 -46.201292 0.20063682 0.97246692 -0.11854509 -16.99271 0.43291441 0.020539893 0.90120088 217.8064
180 0.87662945 -0.23454445 -0.42013059 -46.652953 0.2027415 0.97190732 -0.11954927 -17.150629 0.43636757 0.019622507 0.89955439 218.78937
181 0.87480414 -0.23686773 -0.42262442 -47.080202 0.20465795 0.97135277 -0.12078455 -17.297895 0.43912732 0.019169371 0.8982202 219.71023
182 0.87324092 -0.23726312 -0.42562486 -47.507006 0.20573682 0.97130271 -0.11934571 -17.4495 0.44172687 0.016650853 0.89699494 220.60621
183 0.87202364 -0.23797918 -0.42771565 -47.929337 0.20673948 0.97115114 -0.11884541 -17.597419 0.44365924 0.015210297 0.89606636 221.49187
184 0.87031803 -0.23929778 -0.43044525 -48.391791 0.20785282 0.97083795 -0.11946075 -17.749983 0.44647923 0.014499589 0.8946764 222.46304
185 0.86914441 -0.23981103 -0.43252591 -48.830603 0.20812602 0.97071478 -0.11998483 -17.897679 0.44863293 0.014264251 0.89360216 223.37777
186 0.86860834 -0.24124528 -0.43280513 -49.258932 0.20874544 0.97033937 -0.12192961 -18.04014 0.44938276 0.015562973 0.89320363 224.27686
187 0.86751938 -0.24305663 -0.4339742 -49.666861 0.20965406 0.96986884 -0.12409513 -18.178515 0.45106016 0.016670478 0.89233773 225.13035
188 0.86809187 -0.24429667 -0.43212921 -50.062647 0.21016148 0.96952424 -0.12591621 -18.318994 0.44972061 0.018489927 0.89297777 225.95501
189 0.86790875 -0.24545578 -0.4318401 -50.450876 0.21063883 0.96920675 -0.12755211 -18.454094 0.4498507 0.019741298 0.89288545 226.75964
190 0.86681439 -0.24657931 -0.43339527 -50.832903 0.21099851 0.96890391 -0.12924716 -18.587325 0.451788 0.020587534 0.89188763 227.54875
191 0.86488137 -0.24777451 -0.43656388 -51.210574 0.21151991 0.96859681 -0.13068872 -18.720775 0.45523566 0.020688285 0.89013048 228.31952
192 0.86320123 -0.24884964 -0.43926928 -51.594865 0.21147069 0.96829442 -0.13298892 -18.860346 0.45843619 0.021903622 0.88845725 229.09332
193 0.86241816 -0.24910681 -0.44065942 -51.961468 0.21051043 0.96818 -0.13532494 -18.998856 0.46034795 0.023943279 0.8874155 229.82093
194 0.86261429 -0.2491285 -0.44026309 -52.313 0.21010345 0.96814847 -0.13618024 -19.133119 0.46016637 0.024970226 0.88748138 230.52335
195 0.8628887 -0.24947937 -0.43952604 -52.651587 0.21019226 0.9680398 -0.13681426 -19.261373 0.45961099 0.025670507 0.88774915 231.20657
196 0.86316982 -0.25019178 -0.43856806 -52.978542 0.21083082 0.96784846 -0.13718491 -19.385034 0.45878992 0.025950207 0.88816563 231.87319
197 0.86381887 -0.25095738 -0.43684935 -53.297802 0.2113491 0.96762595 -0.13795495 -19.502085 0.45732754 0.026840364 0.88889308 232.52536
198 0.86443763 -0.25169161 -0.43519986 -53.615329 0.21181074 0.96740882 -0.13876731 -19.618254 0.45594271 0.027775679 0.88957549 233.17829
199 0.86550696 -0.25232131 -0.43270275 -53.934159 0.21222798 0.96721156 -0.1395029 -19.736858 0.45371461 0.028909095 0.89067789 233.8375
200 0.86588011 -0.25271946 -0.43172272 -54.25546 0.21234426 0.96708243 -0.14021935 -19.856672 0.45294757 0.029739301 0.89104089 234.49854
201 0.86659454 -0.25327329 -0.4299611 -54.570864 0.21278227 0.96691553 -0.14070558 -19.974941 0.45137299 0.030446582 0.89181569 235.15329
202 0.86787348 -0.25364845 -0.42715114 -54.883155 0.21308871 0.96678431 -0.14114278 -20.095189 0.44876363 0.031472985 0.89309599 235.80697
203 0.86864514 -0.25426889 -0.4252093 -55.190601 0.21326328 0.96657207 -0.14232777 -20.211012 0.44718492 0.032950794 0.89383426 236.44701
204 0.86906385 -0.25468546 -0.42410299 -55.494718 0.21352784 0.96644144 -0.14281735 -20.330604 0.44624416 0.033559597 0.89428167 237.0852
205 0.87016394 -0.25475649 -0.42179836 -55.810625 0.21364803 0.9663983 -0.14292948 -20.458513 0.44403739 0.034255685 0.89535308 237.74735
206 0.87083748 -0.25491391 -0.42031059 -56.12519 0.21392713 0.96634879 -0.14284671 -20.584398 0.4425802 0.034480422 0.89606566 238.41286
207 0.87256929 -0.25501127 -0.41664385 -56.445712 0.21432629 0.96630048 -0.14257494 -20.717765 0.43896132 0.035108777 0.89781965 239.09983
208 0.87396231 -0.25558474 -0.41335981 -56.757599 0.21522321 0.9661374 -0.1423288 -20.847318 0.4357394 0.03542538 0.89937535 239.77815
209 0.87639545 -0.25653711 -0.40757789 -57.056048 0.21644577 0.96583846 -0.1425036 -20.972369 0.43021182 0.036670991 0.90198271 240.44174
210 0.8789068 -0.25721483 -0.40170061 -57.35028 0.21750054 0.96561473 -0.14241383 -21.09623 0.42451893 0.037798379 0.90462962 241.10785
211 0.87979692 -0.2581444 -0.39914765 -57.638508 0.21806634 0.96530527 -0.14364123 -21.2136 0.42237947 0.039334438 0.90556512 241.76229
212 0.8804879 -0.25854959 -0.39735774 -57.926494 0.21844125 0.96517075 -0.1439751 -21.334254 0.42074273 0.039969006 0.90629897 242.41713
213 0.8811864 -0.25881484 -0.39563293 -58.223445 0.21873283 0.96507799 -0.14415411 -21.46066 0.41912581 0.040488728 0.90702481 243.09739
214 0.88219448 -0.25917616 -0.393142 -58.520091 0.21927286 0.96496266 -0.14410573 -21.587658 0.41671608 0.040923903 0.90811494 243.77823
215 0.88302232 -0.25987407 -0.39081589 -58.820321 0.22020287 0.96476793 -0.14399139 -21.720732 0.41446622 0.041088829 0.90913654 244.47937
216 0.88395061 -0.26087712 -0.38803925 -59.113008 0.22105886 0.96444757 -0.14482349 -21.848804 0.41202461 0.042237292 0.91019313 245.16565
217 0.88464903 -0.26158222 -0.38596741 -59.392224 0.22172544 0.96422524 -0.14528423 -21.97303 0.41016324 0.042946752 0.91100027 245.82567
218 0.88524175 -0.2620871 -0.38426215 -59.68163 0.22230546 0.96407222 -0.14541327 -22.102737 0.40856736 0.043302317 0.91170029 246.51164
219 0.88541435 -0.26254279 -0.38355276 -59.965417 0.22257166 0.9639207 -0.14600935 -22.227296 0.40804811 0.043910793 0.91190371 247.18676
220 0.8858927 -0.26322994 -0.38197398 -60.255753 0.22314911 0.96370094 -0.14657745 -22.355968 0.40669222 0.044614732 0.91247507 247.87773
221 0.88688572 -0.26372272 -0.37932052 -60.54661 0.2234545 0.96350192 -0.14741819 -22.489329 0.40435354 0.045982205 0.91344603 248.5782
222 0.8878635 -0.26410344 -0.37675959 -60.827883 0.22382998 0.96335252 -0.14782437 -22.61739 0.40199319 0.046917763 0.91443972 249.25502
223 0.88861682 -0.26488733 -0.37442604 -61.105442 0.22442424 0.96307826 -0.14870781 -22.744019 0.39999235 0.048113978 0.91525459 249.93086
224 0.88902785 -0.26568257 -0.37288371 -61.392052 0.22524502 0.96284092 -0.14900344 -22.873034 0.39861527 0.048478 0.91583598 250.6338
225 0.88887999 -0.26653308 -0.37262916 -61.680519 0.22596354 0.96259517 -0.14950249 -23.001266 0.39853835 0.048689162 0.91585825 251.34291
226 0.88883122 -0.26782901 -0.3718154 -61.971823 0.22678489 0.96217616 -0.15094909 -23.131658 0.39818043 0.049846145 0.91595169 252.06355
227 0.88905333 -0.26783195 -0.37128186 -62.273123 0.22567161 0.96201981 -0.15359099 -23.268199 0.39831704 0.052762806 0.9157289 252.787
228 0.88883297 -0.2683581 -0.37142952 -62.567104 0.22589609 0.96184369 -0.15436213 -23.40072 0.39868142 0.053297671 0.91553934 253.49952
229 0.88818276 -0.2689283 -0.37257074 -62.873688 0.22615415 0.96167719 -0.15502022 -23.542407 0.39998206 0.053427863 0.91496427 254.24537
230 0.88890942 -0.26910207 -0.3707076 -63.177192 0.22605155 0.96154935 -0.15596004 -23.693415 0.39842278 0.05483532 0.91556112 254.98705
231 0.88946651 -0.27020531 -0.36856264 -63.47878 0.22643245 0.9611009 -0.15815626 -23.844626 0.39696051 0.057220151 0.91605022 255.74156
232 0.88971662 -0.27094336 -0.36741534 -63.776918 0.22656519 0.96078558 -0.15987265 -23.994618 0.39632376 0.058997826 0.91621314 256.48623
233 0.88939947 -0.27167098 -0.36764583 -64.073822 0.22692218 0.96054221 -0.16082591 -24.146583 0.39683103 0.059611474 0.91595382 257.22945
234 0.88904794 -0.27295186 -0.36754734 -64.381335 0.22787406 0.96014689 -0.16183743 -24.303035 0.39707322 0.060126726 0.91581517 258.00218
235 0.88792956 -0.27461779 -0.36900702 -64.694447 0.22913615 0.95967751 -0.16283637 -24.459007 0.39884546 0.060034369 0.9150508 258.79145
236 0.88669558 -0.27629669 -0.37071701 -65.012227 0.2299468 0.95913902 -0.16485384 -24.615814 0.40111768 0.060929978 0.91399778 259.58532
237 0.88555665 -0.27795392 -0.3721976 -65.338262 0.23071526 0.95859403 -0.16693696 -24.772499 0.40318714 0.06196046 0.91301743 260.39118
238 0.88351153 -0.27928431 -0.3760421 -65.661527 0.23121597 0.95821426 -0.16841793 -24.9239 0.40736534 0.061852234 0.91116824 261.18569
239 0.88271685 -0.28004959 -0.37733699 -65.994929 0.23129064 0.95793643 -0.16988941 -25.084193 0.40904227 0.062689729 0.91035939 261.99364
240 0.88173426 -0.28120522 -0.37877212 -66.331686 0.23202506 0.9575958 -0.17080585 -25.246238 0.41074205 0.062720737 0.9095916 262.81109
241 0.88121608 -0.28238509 -0.37910011 -66.65744 0.23259932 0.95718595 -0.17231541 -25.404321 0.41152856 0.063668673 0.90917014 263.59745
242 0.8810417 -0.28333999 -0.37879278 -66.987947 0.23307725 0.95683704 -0.17360261 -25.567162 0.41163149 0.064663152 0.90905335 264.38905
243 0.88031691 -0.28425222 -0.37979314 -67.314291 0.23350829 0.95653841 -0.17466578 -25.733684 0.41293582 0.065076386 0.90843209 265.17009
244 0.88025183 -0.2850351 -0.37935698 -67.621039 0.23418006 0.95628851 -0.17513418 -25.896079 0.41269407 0.065324334 0.90852415 265.90649
245 0.88106656 -0.28591199 -0.37679712 -67.915622 0.23522513 0.95598843 -0.17537172 -26.057732 0.41035452 0.065882001 0.90954303 266.6236
246 0.88152755 -0.28688703 -0.37497335 -68.196873 0.23615842 0.95564881 -0.17596744 -26.211026 0.40882557 0.066567031 0.91018145 267.31075
247 0.88191978 -0.28797454 -0.37321332 -68.472377 0.2371911 0.95527532 -0.17660528 -26.361288 0.40737926 0.067228803 0.91078111 267.98639
248 0.8822685 -0.28894131 -0.37163856 -68.75325 0.2380081 0.95492414 -0.17740352 -26.514766 0.4061458 0.068064546 0.91126977 268.67961
249 0.88218958 -0.28980539 -0.37115279 -69.041332 0.23867139 0.95462852 -0.17810205 -26.672813 0.40592793 0.068536211 0.9113315 269.3872
250 0.88101192 -0.29079574 -0.37316998 -69.33746 0.23895208 0.95429567 -0.17950394 -26.826069 0.40831344 0.068975362 0.91023202 270.1073
251 0.87947308 -0.2916254 -0.37614057 -69.64025 0.23889048 0.95401099 -0.18109213 -26.983169 0.41165326 0.069409242 0.90869343 270.84143
252 0.87780926 -0.29212705 -0.37962177 -69.952427 0.23810968 0.95377272 -0.18336128 -27.148701 0.41563764 0.070564606 0.90678872 271.59212
253 0.87623792 -0.29299122 -0.38257452 -70.272489 0.23768292 0.95341122 -0.18577906 -27.314589 0.41918243 0.071855218 0.90505398 272.34734
254 0.8751717 -0.29394162 -0.38428222 -70.589636 0.2376525 0.95303254 -0.18775051 -27.483558 0.4214211 0.072988296 0.90392298 273.08898
255 0.87415081 -0.29496478 -0.38581881 -70.905069 0.23785172 0.95265293 -0.18941738 -27.651907 0.42342283 0.073811682 0.90292012 273.82879
256 0.87342405 -0.29618018 -0.38653298 -71.226979 0.23833127 0.95220091 -0.19108015 -27.819531 0.42465116 0.074771096 0.90226408 274.5799
257 0.87327493 -0.29813019 -0.38536904 -71.556977 0.24051362 0.95163158 -0.19118192 -27.995161 0.42372641 0.074267864 0.90274028 275.35649
258 0.87253036 -0.30023413 -0.38542217 -71.873795 0.24226768 0.95095732 -0.19231884 -28.167945 0.42426067 0.074428681 0.90247606 276.1173
259 0.8715941 -0.30257537 -0.38570958 -72.190567 0.2436578 0.95011096 -0.19473064 -28.343871 0.42538756 0.075744916 0.90183587 276.87211
260 0.86968641 -0.30414231 -0.38877117 -72.506131 0.24339044 0.94944168 -0.19829667 -28.520201 0.42942591 0.077832728 0.89974177 277.60464
261 0.86806538 -0.30504465 -0.39167624 -72.813408 0.24253915 0.94897559 -0.20154422 -28.694073 0.43317113 0.079956732 0.89775803 278.30737
262 0.86573389 -0.30608495 -0.39600107 -73.123392 0.24199041 0.94856018 -0.20414262 -28.867849 0.43811578 0.080904717 0.89527023 279.00795
263 0.86304825 -0.30676302 -0.40130309 -73.444916 0.24076292 0.94823959 -0.20706251 -29.048327 0.44405055 0.082086029 0.89223359 279.71848
264 0.86187857 -0.30732375 -0.40338251 -73.760746 0.24041267 0.94799697 -0.20857488 -29.230005 0.44650537 0.082787945 0.8909427 280.4155
265 0.86019787 -0.30799718 -0.40644479 -74.061939 0.23963124 0.94766471 -0.21097027 -29.40417 0.45015158 0.084079302 0.88898482 281.07492
266 0.85778835 -0.30904365 -0.41072031 -74.338566 0.23926823 0.94728695 -0.21306839 -29.565174 0.45491737 0.084495256 0.88651595 281.67655
267 0.85615746 -0.30980262 -0.41354172 -74.597032 0.23890429 0.94698262 -0.21482237 -29.711283 0.45816931 0.08512488 0.88477931 282.22978
268 0.8549505 -0.31093286 -0.4151872 -74.844337 0.23915653 0.94655825 -0.21640616 -29.850591 0.4602866 0.085721816 0.88362198 282.7575
269 0.85371452 -0.31222107 -0.41676076 -75.086789 0.23923141 0.94601954 -0.2186672 -29.990413 0.46253629 0.086977087 0.88232361 283.27606
270 0.85252947 -0.31308862 -0.418532 -75.345626 0.23888012 0.94561454 -0.22079268 -30.14015 0.46489757 0.088253284 0.88095482 283.81789
271 0.8514612 -0.31364621 -0.4202855 -75.603302 0.23862728 0.94537927 -0.22206989 -30.292053 0.46698053 0.088792305 0.87979822 284.35466
272 0.84965755 -0.31435 -0.42339832 -75.872293 0.23863795 0.94518988 -0.2228632 -30.453635 0.47024881 0.088318484 0.87810347 284.90314
273 0.84744508 -0.31512957 -0.42723553 -76.694413 0.24398859 0.94592771 -0.21375296 -30.92852 0.47149375 0.076903291 0.87850971 286.63897
274 0.84336338 -0.31871143 -0.43262135 -77.772931 0.24611587 0.9448076 -0.21625346 -31.526909 0.47766634 0.07590526 0.87525599 288.92303
275 0.84072659 -0.32094222 -0.43609048 -78.779166 0.2470659 0.94405043 -0.2184656 -32.093068 0.48180619 0.075926747 0.87298208 290.99146
276 0.84025998 -0.32080313 -0.43709099 -79.30416 0.2466919 0.94409796 -0.21868273 -32.366229 0.48281076 0.07592353 0.87242718 291.99602
277 0.82593418 -0.3215728 -0.46305903 -79.573649 0.23932724 0.94367718 -0.2284641 -32.506278 0.51044603 0.07787366 0.85637628 292.47489
278 0.81180484 -0.32269919 -0.48666019 -79.859357 0.23314873 0.94323627 -0.23653119 -32.651928 0.53536391 0.078552956 0.84096059 292.96042
279 0.79214719 -0.32276895 -0.51799907 -80.133623 0.22463214 0.94332864 -0.24427743 -32.785948 0.56748847 0.077144431 0.81975933 293.37867
280 0.77158837 -0.32287637 -0.54808964 -80.446558 0.21495615 0.94326725 -0.25306269 -32.936439 0.59870291 0.077444981 0.79721822 293.80232
281 0.7505117 -0.32334509 -0.57635072 -80.775562 0.20613213 0.94315448 -0.26070895 -33.091215 0.62788666 0.076860701 0.77450021 294.21225
282 0.7251953 -0.32387355 -0.60761641 -81.105247 0.19473842 0.94291248 -0.27017213 -33.244971 0.66043064 0.077601297 0.74686625 294.58501
283 0.69763404 -0.32338954 -0.63931678 -81.44029 0.18210561 0.94306695 -0.27832043 -33.401695 0.69292438 0.077742625 0.71680659 294.9271
284 0.66929682 -0.32406692 -0.66859734 -81.794675 0.17013817 0.94280442 -0.28665802 -33.557727 0.72325284 0.078105363 0.68615208 295.25424
285 0.63707393 -0.32486329 -0.69899975 -82.168314 0.15743249 0.94257015 -0.29457852 -33.714353 0.75455398 0.077623017 0.65163084 295.56365
286 0.59947509 -0.32534377 -0.73128726 -82.567402 0.14266163 0.94246186 -0.3023463 -33.87513 0.78757676 0.076922435 0.61139642 295.85531
287 0.55973422 -0.32545532 -0.7620869 -82.983972 0.12596568 0.94237748 -0.30993114 -34.050083 0.81904219 0.077482263 0.56847707 296.12683
288 0.51695729 -0.32542927 -0.7917392 -83.440065 0.10810023 0.94233084 -0.31674425 -34.228159 0.84915802 0.078156051 0.52232373 296.38969
289 0.46823693 -0.32592881 -0.82129446 -83.905243 0.089508754 0.94219832 -0.32287844 -34.410552 0.87905757 0.077670559 0.47034548 296.61093
290 0.41906965 -0.32678632 -0.84710763 -84.353299 0.069705862 0.94181106 -0.32883585 -34.58203 0.9052743 0.078756748 0.41746331 296.79409
