4 0.99999843 -0.00038742912 -0.0017281876 -0.016102442 0.0003888806 0.99999957 0.00083962668 -0.035235674 0.0017278615 -0.00084029742 0.99999815 1.0838929
5 0.99999944 -0.00074836493 -0.00074585608 -0.00172103 0.00074761199 0.99999921 -0.0010092649 -0.017039309 0.00074661079 0.0010087067 0.99999921 1.083393
6 0.99999915 -0.0011422567 0.00063509799 -0.00045486441 0.0011424436 0.9999993 -0.00029394374 -0.022145029 -0.00063476179 0.00029466906 0.99999976 1.0844412
7 0.9999994 -0.00089076386 -0.00063015554 0.0026770739 0.00088985126 0.99999856 -0.0014470091 -0.018897276 0.00063144358 0.0014464475 0.99999875 1.1126781
8 0.99999876 -0.0015410327 -0.00031517212 0.0040598375 0.0015409578 0.99999878 -0.00023780874 -0.021151729 0.00031553821 0.00023732278 0.99999992 1.1707213
9 0.99999631 -0.0013046768 -0.0023814279 0.0016321908 0.0013023803 0.99999869 -0.00096561214 -0.025736526 0.0023826846 0.00096250706 0.9999967 1.2222372
10 0.99999317 -0.0010165367 -0.0035527871 -0.0016009547 0.0010118037 0.9999986 -0.0013337374 -0.020116601 0.003554138 0.0013301336 0.9999928 1.2191001
11 0.99999007 -0.00055596154 -0.0044210958 -0.0062170538 0.0005507612 0.99999916 -0.0011773866 -0.021749852 0.0044217467 0.00117494 0.99998953 1.2091445
12 0.99998838 -0.00078099723 -0.004756197 -0.0054743648 0.00077930415 0.99999963 -0.00035781672 -0.016548106 0.0047564747 0.00035410604 0.99998863 1.1970949
13 0.99999027 -0.0013336389 -0.0042038318 -0.0033628456 0.001334566 0.99999909 0.00021772857 -0.017535825 0.0042035375 -0.00022333674 0.99999114 1.2081526
14 0.99999073 -0.00082714338 -0.0042260785 -0.0029569445 0.00082518426 0.99999955 -0.00046530101 -0.024236915 0.0042264615 0.0004618094 0.99999096 1.1804599
15 0.99999429 -0.0012378442 -0.0031449178 -0.0017084352 0.0012388255 0.99999918 0.00031011356 -0.027644677 0.0031445313 -0.0003140078 0.99999501 1.1507722
16 0.99999532 -0.0016250139 -0.0025917632 -0.0048651656 0.0016291349 0.99999741 0.0015887159 -0.022994422 0.0025891748 -0.0015929308 0.99999538 1.0900206
17 0.99999898 -0.0012969892 -0.0005994767 -0.0037853176 0.0012963487 0.99999859 -0.0010675832 -0.021689532 0.0006008605 0.001066805 0.99999925 1.1149856
18 0.99999901 -0.0003951854 -0.0013537294 -0.0080057574 0.00039468775 0.99999985 -0.00036785652 -0.019167144 0.0013538746 0.00036732186 0.99999902 1.1182288
19 0.99999743 -0.0014268886 -0.0017605935 -0.0024229785 0.0014265422 0.99999896 -0.00019795585 -0.023504554 0.0017608742 0.00019544378 0.99999843 1.1357601
20 0.99999901 -0.00066438591 -0.0012397805 -0.0033417777 0.00066250818 0.99999863 -0.0015143594 -0.030241643 0.0012407849 0.0015135365 0.99999808 1.2300794
21 0.99999839 -0.0011946263 -0.001336543 -0.00097201499 0.0011926379 0.99999818 -0.0014875743 -0.026813628 0.0013383177 0.0014859779 0.999998 1.1966772
22 0.99999821 -0.00057287861 -0.0018040004 -0.0040105331 0.00056958192 0.99999817 -0.0018274173 -0.029320515 0.001805044 0.0018263866 0.9999967 1.1680889
23 0.99999779 -0.00036666976 -0.0020715312 -0.0051586931 0.00036490331 0.99999957 -0.00085304456 -0.021965062 0.0020718431 0.00085228676 0.99999749 1.1347049
24 0.99999897 -0.00060201951 -0.0013028324 -0.0044723821 0.00060114185 0.99999959 -0.00067394535 -0.021603118 0.0013032376 0.00067316147 0.99999892 1.1394256
25 0.99999641 -0.0014839122 -0.0022290998 -0.0032347946 0.0014848144 0.99999882 0.00040311318 -0.02431019 0.0022284989 -0.00040642153 0.99999743 1.1193012
26 0.99999563 -0.00086261802 -0.002828244 -0.0010700266 0.00085730484 0.99999787 -0.0018792893 -0.025823261 0.0028298591 0.0018768564 0.99999423 1.1303327
27 0.99999725 -0.00093183587 -0.0021502773 -0.00019546478 0.00092830834 0.99999822 -0.0016409138 -0.024781183 0.0021518026 0.0016389132 0.99999634 1.1140378
28 0.99999753 -0.0010479251 -0.0019623313 0.0037358446 0.0010458921 0.99999892 -0.0010367349 -0.01845755 0.0019634155 0.00103468 0.99999754 1.1138049
29 0.99999441 -0.0021743845 -0.0025382512 0.0077124439 0.0021758826 0.99999746 0.0005875913 -0.0083695823 0.0025369671 -0.00059311096 0.99999661 1.1222079
30 0.9999958 -0.0011398433 -0.0026631791 0.003371295 0.0011405214 0.99999932 0.00025309819 -0.013776033 0.0026628888 -0.00025613454 0.99999642 1.103378
31 0.99999786 -0.00061173253 -0.0019775283 6.3201918e-06 0.00060970332 0.99999929 -0.0010265784 -0.024141728 0.0019781549 0.0010253705 0.99999752 1.1384069
32 0.99999493 -0.00029397107 -0.0031697427 -0.0010943877 0.00029120968 0.99999958 -0.00087159678 -0.020035031 0.0031699976 0.00087066931 0.9999946 1.1428073
33 0.99999158 -0.00036530389 -0.0040864854 0.00020919259 0.00035875385 0.99999865 -0.0016034728 -0.020051696 0.0040870656 0.0016019933 0.99999036 1.1587152
34 0.99998742 -0.0019288418 -0.0046295712 0.0042671284 0.00193241 0.99999784 0.00076637862 -0.019203889 0.004628083 -0.00077531521 0.99998899 1.2090011
35 0.99998822 -0.0021056362 -0.004372929 0.0078990361 0.0021078845 0.99999765 0.00050958466 -0.013244581 0.0043718457 -0.00051879629 0.99999031 1.1424139
36 0.99999053 -0.0031589088 -0.0029921689 0.008718178 0.0031645688 0.99999321 0.0018887643 -0.01900455 0.0029861822 -0.0018982153 0.99999374 1.1117043
37 0.99999024 -0.0028894283 -0.0033415592 0.0073241342 0.0028871195 0.99999559 -0.00069555198 -0.023195482 0.0033435542 0.00068589771 0.99999418 1.1101623
38 0.99999556 -0.0016353031 -0.0024893615 0.0024724682 0.0016315266 0.99999752 -0.0015183359 -0.025778403 0.0024918383 0.0015142677 0.99999575 1.1564339
39 0.99999879 -0.0010193014 -0.0011782586 0.0017887945 0.0010177411 0.99999861 -0.0013240445 -0.026120434 0.0011796065 0.0013228438 0.99999843 1.1823357
40 0.99999858 -0.0016063834 -0.00051234742 0.002183987 0.001606323 0.9999987 -0.00011818608 -0.023606027 0.0005125366 0.00011736291 0.99999986 1.2080145
41 0.99999688 -0.002476455 -0.00033905937 0.0059955805 0.0024765935 0.99999685 0.00040869589 -0.023713048 0.00033804618 -0.00040953432 0.99999986 1.2210307
42 0.99999795 -0.0019848309 0.00041157717 0.006246855 0.0019851245 0.99999777 -0.00071430739 -0.02542027 -0.00041015847 0.00071512295 0.99999966 1.2292596
43 0.99999895 -0.0014468087 -4.5082025e-05 0.0047060971 0.0014467584 0.99999835 -0.0010954141 -0.025809736 4.6666805e-05 0.0010953477 0.9999994 1.2456856
44 0.99999955 -0.00069975452 -0.00063598047 -0.00050411548 0.00069909471 0.99999922 -0.0010371005 -0.026476825 0.00063670569 0.0010366554 0.99999926 1.2823531
45 0.9999996 -0.00060194193 -0.00066360482 -0.002294993 0.00060149249 0.99999959 -0.00067726946 -0.024647098 0.00066401222 0.00067687003 0.99999955 1.3084691
46 0.99999943 -0.0010541913 -0.00015221552 -0.00051939004 0.0010541303 0.99999936 -0.0004004683 -0.01917508 0.0001526376 0.00040030762 0.99999991 1.2510025
47 0.99999891 -0.0012753406 -0.00074846016 -0.0010403244 0.0012748545 0.99999898 -0.00064960391 -0.014980548 0.00074928786 0.00064864903 0.99999951 1.2135496
48 0.99999933 -0.0010901847 0.00038067089 0.0041195432 0.0010903783 0.99999928 -0.00050873969 -0.010584937 -0.000380116 0.00050915442 0.9999998 1.192601
49 0.99999878 -0.0015452481 -0.00021721267 0.0055303653 0.0015452462 0.99999881 -8.5862951e-06 -0.0096971514 0.00021722568 8.2506376e-06 0.99999998 1.2262816
50 0.99999791 -0.0015110231 -0.0013755179 0.0071820341 0.0015104564 0.99999877 -0.00041294387 -0.0097787416 0.0013761402 0.00041086535 0.99999897 1.2397483
51 0.99999159 -0.0019013447 -0.0036335483 0.0061014382 0.0019038594 0.99999795 0.00068876718 -0.014932237 0.0036322313 -0.00069567916 0.99999316 1.2785332
52 0.99999042 -0.0015803931 -0.0040819746 0.00069561464 0.001581529 0.99999871 0.00027507425 -0.021124397 0.0040815346 -0.00028152738 0.99999163 1.2773239
53 0.99999435 -0.0023494021 -0.0024052559 0.0016921279 0.0023491881 0.99999724 -9.1777497e-05 -0.028817544 0.0024054649 8.612658e-05 0.9999971 1.3001146
54 0.99999417 -0.0028608852 -0.0018628711 0.0051979472 0.0028602794 0.99999586 -0.00032780122 -0.029684409 0.0018638011 0.00032247098 0.99999821 1.3168665
55 0.99999731 -0.0018834928 -0.0013539563 -5.907532e-06 0.0018834273 0.99999823 -4.9666473e-05 -0.031210179 0.0013540474 4.7116262e-05 0.99999908 1.326871
56 0.99999624 -0.0013979791 -0.0023596229 -0.0022889828 0.0013959681 0.99999866 -0.00085367528 -0.035466821 0.0023608131 0.00085037811 0.99999685 1.3564508
57 0.99999185 -0.0016202892 -0.0036978256 -0.0017477292 0.0016204897 0.99999869 5.1220472e-05 -0.028785119 0.0036977378 -5.7212343e-05 0.99999316 1.3080285
58 0.99999099 -0.00128157 -0.004047413 -0.0033228658 0.001279657 0.99999907 -0.00047519683 -0.028677661 0.0040480182 0.00047001325 0.9999917 1.2878664
59 0.99999061 2.3465184e-05 -0.0043328267 -0.010134159 -2.4191581e-05 0.99999999 -0.00016759754 -0.025929679 0.0043328227 0.00016770078 0.9999906 1.2593576
60 0.99999799 -0.00052636837 -0.0019353935 -0.0019514473 0.00052490168 0.99999957 -0.0007582551 -0.021121638 0.0019357918 0.00075723768 0.99999784 1.2788987
61 0.99999809 -0.00061518892 0.0018536258 0.0025856037 0.00061890606 0.9999978 -0.0020054287 -0.018003946 -0.001852388 0.0020065721 0.99999627 1.2291019
62 0.9999991 -0.0011640204 0.00066653275 0.0033594062 0.0011648366 0.99999857 -0.001225389 -0.018625602 -0.00066510542 0.0012261643 0.99999903 1.2393927
63 0.99999704 -0.0023459789 -0.00063989458 0.0090171971 0.0023461217 0.99999722 0.00022255727 -0.019755059 0.00063937069 -0.00022405788 0.99999977 1.2298106
64 0.99999953 -0.00096902907 1.6578617e-05 0.0031937856 0.00096905451 0.99999823 -0.0016106483 -0.021484918 -1.5017823e-05 0.0016106636 0.9999987 1.3392069
65 0.99999485 -0.00016670738 -0.0032050792 0.00095347839 0.00015766877 0.99999601 -0.0028201367 -0.030609798 0.0032055366 0.0028196168 0.99999089 1.4284408
66 0.99999653 -0.00028502743 -0.0026174643 0.0051999139 0.000275994 0.99999401 -0.0034509241 -0.027691007 0.0026184322 0.0034501897 0.99999062 1.4002209
67 0.99999993 -0.00035742683 -0.00011869289 -0.0036201526 0.00035735874 0.99999977 -0.00057314355 -0.025009114 0.00011889772 0.0005731011 0.99999983 1.424978
68 0.99999373 -0.0020736183 -0.0028708209 -0.00066227938 0.0020758828 0.99999754 0.00078606834 -0.01927331 0.0028691838 -0.0007920229 0.99999557 1.2155015
69 0.99999889 -0.0010562818 -0.0010461949 -0.0015376384 0.0010560891 0.99999943 -0.00018476366 -0.019983539 0.0010463894 0.00018365858 0.99999944 1.217914
70 0.99999758 -0.00158924 -0.0015228195 0.0011479148 0.0015881104 0.99999846 -0.00074275438 -0.021714319 0.0015239975 0.00074033417 0.99999856 1.2340496
71 0.9999963 -0.00076969414 -0.0026108935 -0.00041855975 0.00076405674 0.99999738 -0.0021594956 -0.025078693 0.0026125488 0.0021574927 0.99999426 1.2129678
72 0.99999752 -0.00094876691 -0.0020146249 -0.00080141738 0.00094776971 0.99999943 -0.00049587711 -0.02327156 0.0020150942 0.00049396648 0.99999785 1.2385655
73 0.99999826 -0.0008709496 -0.0016481665 0.0021715494 0.00086950738 0.99999924 -0.00087555889 -0.024702325 0.0016489278 0.00087412428 0.99999826 1.2259016
74 0.99999823 -0.0018265568 -0.00045461866 0.00874938 0.0018264352 0.9999983 -0.00026783673 -0.017023693 0.0004551071 0.00026700592 0.99999986 1.2337041
75 0.99999974 -0.00072609414 1.2681507e-06 0.0062417249 0.00072609512 0.99999909 -0.0011385015 -0.015374276 -4.4149035e-07 0.0011385021 0.99999935 1.3424209
76 0.99999887 2.7196067e-05 -0.0015021563 0.00064879295 -2.9171186e-05 0.99999914 -0.0013148497 -0.020218037 0.0015021192 0.001314892 0.99999801 1.3881313
77 0.99999898 -0.00051708934 -0.0013290223 -0.0067649039 0.00051744005 0.99999983 0.00026355271 -0.022833417 0.0013288858 -0.00026424013 0.99999908 1.3697349
78 0.99999692 -0.0010099236 -0.0022661442 -0.0091479737 0.001010612 0.99999944 0.00030261802 -0.029312737 0.0022658373 -0.00030490728 0.99999739 1.3605161
79 0.99999609 -0.00066115693 -0.0027169222 -0.016071781 0.00066222638 0.9999997 0.00039274411 -0.03396997 0.0027166617 -0.0003945418 0.99999623 1.3437908
80 0.99999441 -0.00045722177 -0.0033134847 -0.016053725 0.00045705219 0.99999989 -5.1935194e-05 -0.035057619 0.0033135081 5.0420468e-05 0.99999451 1.325698
81 0.99999544 -0.0015143018 -0.0026138777 -0.0087177323 0.001514994 0.99999882 0.00026283481 -0.036328508 0.0026134766 -0.00026679362 0.99999655 1.3124321
82 0.99999835 -0.0014140634 -0.0011375249 -0.0041769695 0.001412931 0.99999851 -0.0009956693 -0.029734882 0.0011389311 0.00099406042 0.99999886 1.2519641
83 0.99999492 -0.001869631 -0.0025803607 -0.0026541753 0.0018732402 0.99999727 0.0013970061 -0.022856502 0.0025777418 -0.0014018327 0.9999957 1.2318252
84 0.99999386 -0.0015968882 -0.0031180241 -0.0026344061 0.0015977595 0.99999869 0.00027698475 -0.023301899 0.0031175777 -0.0002819649 0.9999951 1.2419563
85 0.99999702 -0.0012913368 -0.0020700481 -0.0037222643 0.0012922116 0.99999908 0.00042132886 -0.02037696 0.0020695021 -0.00042400255 0.99999777 1.2429514
86 0.9999919 -0.0011724596 -0.0038501087 -0.0043403206 0.0011720909 0.99999931 -9.8016727e-05 -0.022646913 0.0038502209 9.3503255e-05 0.99999258 1.2713854
87 0.99999075 -0.0013789029 -0.0040732851 -0.0025650906 0.0013793566 0.99999904 0.00010859609 -0.024148061 0.0040731314 -0.00011421359 0.9999917 1.2759408
88 0.99999233 -0.0011030445 -0.0037568433 -0.0048797906 0.00110171 0.99999933 -0.00035727284 -0.024760611 0.0037572348 0.00035313115 0.99999288 1.2937114
89 0.99999756 -0.0007117516 -0.0020903764 -0.00046118631 0.00071063228 0.9999996 -0.00053615977 -0.024635833 0.0020907572 0.00053467298 0.99999767 1.306199
90 0.99999484 -0.0017628672 -0.0026838837 0.0016789983 0.0017628928 0.99999845 7.1787163e-06 -0.029281164 0.0026838668 -1.1910079e-05 0.9999964 1.2644052
91 0.999993 -0.0020112673 -0.0031562663 0.0021338955 0.002010971 0.99999797 -9.7039971e-05 -0.025892153 0.003156455 9.0692131e-05 0.99999501 1.2400876
92 0.99998812 -0.0029072473 -0.0039127386 0.0062724394 0.0029098056 0.99999556 0.0006483147 -0.019002521 0.0039108364 -0.00065969231 0.99999214 1.1930866
93 0.99997816 -0.0024902807 -0.0061213258 0.0071452429 0.0024877502 0.99999682 -0.00042095939 -0.020500814 0.0061223546 0.00040572186 0.99998118 1.1943605
94 0.99998952 -0.0029037218 -0.0035403011 0.0055098629 0.0029040143 0.99999578 7.7475712e-05 -0.028554776 0.0035400612 -8.7755985e-05 0.99999373 1.4026279
95 0.99997929 -0.0027807183 -0.0058040282 0.0035201467 0.002786249 0.99999567 0.00094502598 -0.025943988 0.0058013752 -0.00096117788 0.99998271 1.3016976
96 0.99999392 -0.0011407774 -0.0032962024 -0.0011795064 0.0011397022 0.9999993 -0.00032806365 -0.028193715 0.0032965743 0.00032430497 0.99999451 1.1844902
97 0.99999592 -0.00043957407 -0.0028224819 -0.0033492227 0.00043709832 0.99999952 -0.00087770832 -0.030434299 0.0028228664 0.00087647104 0.99999563 1.2105254
98 0.99999765 0.00034066666 -0.002139251 -0.008588576 -0.00034372417 0.99999892 -0.001429039 -0.031778038 0.0021387619 0.001429771 0.99999669 1.2429124
99 0.9999941 0.00039197945 -0.0034123918 -0.0093765586 -0.00039465573 0.99999962 -0.00078364528 -0.030287878 0.0034120833 0.00078498738 0.99999387 1.2500787
100 0.99999116 -0.00056294393 -0.0041672695 -0.0069660337 0.00056164549 0.99999979 -0.00031274423 -0.027680388 0.0041674447 0.00031040094 0.99999127 1.2410008
101 0.99999192 -0.0017969415 -0.0035966336 -0.00055505961 0.0017965475 0.99999838 -0.00011278097 -0.021206379 0.0035968305 0.00010631853 0.99999353 1.1700314
102 0.99998652 -0.00097964754 -0.00509807 -0.0034566926 0.00098201924 0.99999941 0.0004627337 -0.010980457 0.0050976137 -0.00046773386 0.9999869 1.1367216
103 0.99997686 -0.0013428144 -0.0066691488 -0.007118558 0.0013479421 0.9999988 0.00076444254 -0.010451975 0.0066681143 -0.00077341448 0.99997747 1.1322367
104 0.99998038 -0.00073959391 -0.0062199574 -0.0051542643 0.00073280324 0.99999913 -0.0010939634 -0.0087819643 0.0062207611 0.0010893839 0.99998006 1.1315521
105 0.99997181 -0.00067150596 -0.0074779839 -0.0034902227 0.00066045318 0.99999869 -0.0014804138 -0.0094629152 0.0074789682 0.0014754332 0.99997094 1.1471873
106 0.99999252 -0.003146094 -0.0022495983 0.012626902 0.0031437076 0.99999449 -0.0010635687 -0.025828822 0.002252932 0.0010564886 0.9999969 1.4159185
107 0.99999219 -0.0028100544 -0.002778262 0.014090971 0.0028080632 0.9999958 -0.00072035237 -0.020559577 0.0027802745 0.00071254521 0.99999588 1.3570125
108 0.99999363 -0.0022479128 -0.002773576 0.012730083 0.0022444873 0.99999672 -0.001237515 -0.028126815 0.0027763487 0.0012312819 0.99999539 1.3723926
109 0.99999452 -0.002295767 -0.0023856381 0.0080981274 0.0022927565 0.99999657 -0.0012639104 -0.029994244 0.0023885316 0.0012584337 0.99999636 1.4016693
110 0.99999486 -0.0010874914 -0.0030151894 -0.0064569744 0.0010845077 0.99999892 -0.00099103321 -0.025682949 0.0030162639 0.00098775812 0.99999496 1.2313159
111 0.99999642 -0.0008503673 -0.0025380529 -0.0096379861 0.00084865711 0.99999941 -0.00067482049 -0.019260148 0.0025386253 0.00067266414 0.99999655 1.1962315
112 0.99998964 -0.0005081457 -0.0045238252 -0.016608924 0.00051249405 0.99999941 0.00096010508 -0.017756703 0.0045233347 -0.00096241356 0.99998931 1.1935842
113 0.99998642 -2.7969079e-05 -0.005210806 -0.017803243 2.5278641e-05 0.99999987 -0.00051638422 -0.018991779 0.0052108198 0.00051624548 0.99998629 1.1990223
114 0.99998887 -0.0015014169 -0.0044732073 -0.017300135 0.001514735 0.99999443 0.0029754052 -0.008196689 0.004468715 -0.0029821478 0.99998557 1.2726585
115 0.99997277 -0.0034088791 -0.0065458927 -0.020280483 0.0034359609 0.99998557 0.0041304373 -0.0098797379 0.0065317181 -0.0041528163 0.99997004 1.3680569
116 0.99997822 -0.0048270162 -0.0045016628 -0.0089722388 0.0048452368 0.99998008 0.0040454347 -0.0081382864 0.0044820457 -0.0040671582 0.99998168 1.4198986
117 0.99999234 -0.0032813263 -0.0021353763 -0.0043530915 0.0032795777 0.99999428 -0.00082186659 -0.023671682 0.002138061 0.00081485716 0.99999738 1.8114643
118 0.9999841 -0.0036241318 -0.0043196188 -0.0036704508 0.0036320204 0.99999175 0.0018197723 -0.014422911 0.0043129881 -0.0018354323 0.99998901 1.3660964
119 0.99999482 -0.0010841222 -0.0030299392 -0.0018956766 0.0010853877 0.99999932 0.0004160383 -0.020086991 0.0030294861 -0.0004193248 0.99999532 1.292742
120 0.99999847 7.9292629e-05 -0.0017486644 -0.0060595147 -8.1097569e-05 0.99999946 -0.0010321358 -0.01390427 0.0017485816 0.001032276 0.99999794 1.2543233
121 0.99999784 -0.00069191817 -0.0019587149 -0.0077734516 0.00069139886 0.99999973 -0.00026579278 -0.018392572 0.0019588983 0.00026443795 0.99999805 1.2133067
122 0.99999931 0.00071695939 -0.00092851347 -0.01051604 -0.00071937963 0.99999634 -0.0026088704 -0.022602616 0.00092663961 0.0026095365 0.99999617 1.2177722
123 0.99999944 0.00096581223 -0.00042655928 -0.0088991576 -0.00096694947 0.99999596 -0.0026739622 -0.02235291 0.00042397502 0.0026743732 0.99999633 1.2086716
124 0.99999978 0.00062321836 0.0002195288 -0.0055916328 -0.00062258339 0.99999566 -0.0028807165 -0.030440677 -0.00022132316 0.0028805792 0.99999583 1.2133582
125 0.99999984 9.3802391e-05 -0.00055240516 -0.0057905032 -9.3790562e-05 1 2.1439298e-05 -0.020380875 0.00055240717 -2.1387485e-05 0.99999985 1.2636029
126 0.9999997 -0.00074235395 0.00022907349 -0.0010656308 0.00074232982 0.99999972 0.00010543608 -0.021022751 -0.0002291517 -0.000105266 0.99999997 1.2905155
127 0.99999883 -0.0010935598 -0.0010731819 -0.0077096505 0.001094752 0.99999878 0.0011109152 -0.02365557 0.0010719658 -0.0011120888 0.99999881 1.3189908
128 0.99999654 -0.00030566348 -0.0026138719 -0.010508701 0.00030654177 0.9999999 0.00033561678 -0.025785088 0.0026137691 -0.00033641688 0.99999653 1.3203963
129 0.99999252 -0.00030355896 -0.0038552378 -0.014196495 0.00030410567 0.99999994 0.00014122411 -0.03234337 0.0038551947 -0.00014239545 0.99999256 1.3526528
130 0.9999948 -7.3236297e-06 -0.003224678 -0.013523417 6.047543e-06 0.99999992 -0.00039573488 -0.02969268 0.0032246806 0.00039571333 0.99999472 1.3302964
131 0.99999817 -0.0018759542 -0.00037254367 0.0059651346 0.0018757701 0.99999812 -0.00049396877 -0.024562954 0.00037346963 0.00049326906 0.99999981 1.3445658
132 0.9999963 -0.0027086324 -0.00023540833 0.0081718183 0.0027086004 0.99999632 -0.00013627604 -0.02509445 0.00023577658 0.00013563791 0.99999996 1.3497567
133 0.99999651 -0.0025355946 0.00074485677 0.0070309571 0.0025360312 0.99999661 -0.00058584302 -0.028273663 -0.00074336879 0.00058772995 0.99999955 1.3858793
134 0.99999446 -0.0028193079 -0.0017668653 0.00998572 0.0028190463 0.99999602 -0.00015055321 -0.017150903 0.0017672827 0.0001455715 0.99999843 1.2900972
135 0.99999586 -0.0018361215 -0.0022165943 0.0047606963 0.0018353583 0.99999826 -0.00034629158 -0.016751487 0.0022172263 0.0003422219 0.99999748 1.2542645
136 0.9999917 -0.0018570437 -0.0036268351 0.0041740544 0.0018564514 0.99999826 -0.00016666081 -0.019202899 0.0036271383 0.00015992638 0.99999341 1.2322233
137 0.99999347 -0.0022134079 -0.0028581357 0.0063439675 0.002213066 0.99999754 -0.00012279826 -0.011014952 0.0028584005 0.00011647221 0.99999591 1.1983844
138 0.99998665 -0.0024899491 -0.0045283539 0.0037768835 0.0024872734 0.99999673 -0.0005964116 -0.014396562 0.0045298241 0.00058514038 0.99998957 1.1879494
139 0.99997494 -0.0025781021 -0.0065931056 0.0011958317 0.0025720354 0.99999626 -0.00092846965 -0.013343109 0.0065954746 0.00091148868 0.99997783 1.1758146
140 0.99997931 -0.0014194762 -0.006274148 -0.01097524 0.0014228463 0.99999885 0.00053270265 -0.024301654 0.0062733846 -0.00054161878 0.99998018 1.2669903
141 0.99998657 -0.0011232963 -0.0050589217 -0.010839873 0.0011231878 0.99999937 -2.4277881e-05 -0.033864421 0.0050589458 1.8595436e-05 0.9999872 1.3307179
142 0.99999387 -0.00073662243 -0.0034237108 -0.0084285047 0.00073418662 0.99999948 -0.00071265425 -0.033494263 0.0034242339 0.00071013624 0.99999389 1.3448698
143 0.9999941 -0.0011972701 -0.0032184786 -0.0030394418 0.0011932621 0.99999851 -0.0012469506 -0.03215338 0.0032199667 0.0012431027 0.99999404 1.3187567
144 0.99999372 -0.0023486047 -0.0026537402 0.0076092053 0.0023472513 0.99999711 -0.00051298642 -0.017432193 0.0026549373 0.0005067542 0.99999635 1.2412374
145 0.99999781 -0.0014597407 -0.0014974433 0.0018644571 0.0014591575 0.99999886 -0.00039043241 -0.01819687 0.0014980116 0.00038824655 0.9999988 1.2174329
146 0.99999902 -0.00067918183 -0.0012225456 -0.00010916388 0.0006768424 0.99999794 -0.0019129727 -0.018608856 0.0012238423 0.0019121434 0.99999742 1.1860172
147 0.99999718 -0.00025603812 -0.0023593388 -0.0053267212 0.00025283805 0.99999905 -0.0013565392 -0.0318456 0.0023596839 0.0013559389 0.9999963 1.2235927
148 0.99999891 -0.00024824037 -0.001457578 -0.008167404 0.00024733644 0.99999978 -0.00062030788 -0.028289914 0.0014577317 0.00061994669 0.99999875 1.3108993
149 0.99999681 -3.1217714e-06 -0.0025268202 -0.012171121 2.511538e-06 0.99999997 -0.00024150562 -0.030197881 0.0025268209 0.0002414985 0.99999678 1.317595
150 0.99999953 -0.00023719188 -0.00094266976 -0.013360683 0.00023717822 0.99999997 -1.4606725e-05 -0.028189835 0.00094267319 1.4383138e-05 0.99999956 1.3415509
151 0.99999734 0.00012964054 -0.0023013285 -0.015167904 -0.00012723499 0.99999945 0.0010454058 -0.023166645 0.0023014628 -0.0010451102 0.99999681 1.3556776
152 0.99999408 0.00012231684 -0.003439327 -0.012694894 -0.00012068799 0.99999988 0.0004737973 -0.025740836 0.0034393845 -0.00047337941 0.99999397 1.3621333
153 0.99999686 -6.2285787e-05 -0.002506799 -0.011948008 6.2839006e-05 0.99999997 0.00022060921 -0.024907265 0.0025067852 -0.00022076604 0.99999683 1.3838824
154 0.99999654 -0.001520332 -0.0021448839 0.0047303238 0.0015162807 0.99999707 -0.0018892024 -0.029520286 0.0021477498 0.0018859436 0.99999592 1.423284
155 0.99999665 -0.001572023 -0.0020544733 0.0079207671 0.0015692009 0.99999782 -0.0013745193 -0.025057455 0.0020566296 0.0013712908 0.99999694 1.3840754
156 0.99999726 -0.0020398322 -0.0011527986 0.0075541513 0.0020394565 0.99999787 -0.0003270422 -0.019410534 0.0011534632 0.00032469022 0.99999928 1.3046191
157 0.99999691 -0.0024591756 -0.00035602372 0.011746861 0.0024590593 0.99999692 -0.00032672171 -0.01398832 0.00035682609 0.00032584521 0.99999988 1.2332483
158 0.99998659 -0.002800263 -0.0043573871 0.0087559918 0.0028068701 0.99999492 0.0015109231 -0.014739895 0.004353134 -0.0015231335 0.99998937 1.2377919
159 0.99998821 -0.0020310677 -0.0044104708 0.0071753735 0.0020239232 0.99999663 -0.0016237505 -0.024236215 0.0044137539 0.0016148049 0.99998896 1.2853862
160 0.99999486 -0.0022171143 -0.002316127 0.0039051726 0.0022150316 0.99999714 -0.00090139598 -0.02299184 0.0023181188 0.00089626105 0.99999691 1.2219587
161 0.99999841 -0.0016520061 -0.00066870647 0.0034182404 0.0016510713 0.99999766 -0.0013960263 -0.02574092 0.00067101115 0.00139492 0.9999988 1.2446321
162 0.99999951 -0.00079184633 0.0005951754 0.0022014024 0.00079292267 0.99999805 -0.001810391 -0.024719933 -0.00059374068 0.0018108621 0.99999818 1.2489879
163 0.99999918 -0.00091605701 0.0009002497 0.004181538 0.0009174595 0.99999836 -0.0015587178 -0.025815035 -0.00089882035 0.0015595425 0.99999838 1.2600986
164 0.99999921 -0.0012071674 -0.00033585949 0.0027325531 0.0012068721 0.99999889 -0.00087821247 -0.02560332 0.00033691926 0.00087780644 0.99999956 1.3293692
165 0.99999722 -0.0015030859 -0.001814929 -0.00092667524 0.0015036786 0.99999882 0.00032524336 -0.028268008 0.0018144379 -0.00032797153 0.9999983 1.3094347
166 0.99999607 -0.0014275401 -0.0024143754 -0.0048308897 0.0014273645 0.99999898 -7.4451777e-05 -0.027856147 0.0024144792 7.1005291e-05 0.99999708 1.2926369
167 0.99999842 -0.00071579198 -0.0016298663 -0.0061070748 0.00071592768 0.99999974 8.2672459e-05 -0.024530675 0.0016298067 -8.3839194e-05 0.99999867 1.2747335
168 0.99999684 -0.00074019201 -0.0024026848 -0.0035929443 0.00074025006 0.99999973 2.3271419e-05 -0.018183484 0.002402667 -2.5049933e-05 0.99999711 1.2695177
169 0.99999387 -0.0022759291 -0.0026616267 0.0028127397 0.0022812069 0.99999543 0.001981559 -0.014108836 0.0026571046 -0.0019876186 0.99999449 1.2787497
170 0.99999399 -0.0020170084 -0.0028190253 0.0061699852 0.0020152193 0.99999777 -0.00063735478 -0.018595808 0.0028203045 0.00063166999 0.99999582 1.3404757
171 0.99999251 -0.0021258917 -0.0032345193 0.0054548865 0.0021259671 0.99999774 1.9851275e-05 -0.013028516 0.0032344698 -2.6727608e-05 0.99999477 1.3143912
172 0.99999146 -0.0024635025 -0.0033170311 0.0051924919 0.0024634232 0.99999697 -2.8007568e-05 -0.017151196 0.00331709 1.9836077e-05 0.9999945 1.3135742
173 0.9999985 -0.0016564346 -0.00051109237 -0.0009814003 0.0016559553 0.99999819 -0.00093679293 -0.027028564 0.00051264318 0.00093594517 0.99999943 1.4824866
174 0.99998743 -0.0017511769 -0.0046983909 -0.0079912904 0.0017544195 0.99999823 0.00068612313 -0.025567748 0.004697181 -0.00069435745 0.99998873 1.3340826
175 0.99998467 -0.00099502676 -0.0054469204 -0.010152521 0.00099681681 0.99999945 0.0003259305 -0.025622787 0.0054465931 -0.00033135508 0.99998511 1.3248594
176 0.99998051 -0.0013159482 -0.0061027579 -0.0063094012 0.0013158867 0.99999913 -1.4090008e-05 -0.024343881 0.0061027712 6.0591953e-06 0.99998138 1.2782584
177 0.99998782 -0.0017717457 -0.0046065127 2.8447259e-05 0.0017653748 0.99999748 -0.0013867158 -0.024158085 0.004608958 0.0013785667 0.99998843 1.1739288
178 0.99998007 -0.0033197435 -0.0053695044 -0.0066807972 0.0033171854 0.99999438 -0.00048525291 -0.045341771 0.0053710851 0.0004674316 0.99998547 2.0308446
179 0.99999849 -0.0015822617 -0.00072353921 0.0018583674 0.0015806731 0.99999635 -0.002190901 -0.032913497 0.00072700315 0.002189754 0.99999734 1.2303165
180 0.99998942 -0.0026278046 -0.0037762925 -0.0030710514 0.0026268627 0.99999652 -0.00025437358 -0.028534034 0.0037769478 0.00024445109 0.99999284 1.0928635
181 0.99999269 -0.0023468171 -0.0030188067 -0.0025633188 0.0023448897 0.99999704 -0.00064183938 -0.024850668 0.003020304 0.00063475592 0.99999524 1.0254667
182 0.99999482 -0.0014620826 -0.0028683646 -0.010950592 0.0014680655 0.99999675 0.0020848376 -0.028990944 0.0028653071 -0.0020890377 0.99999371 1.003473
183 0.99999689 -0.0012928123 -0.0021330188 -0.0080060865 0.0012948763 0.99999869 0.00096654918 -0.028723058 0.0021317665 -0.00096930817 0.99999726 0.99184687
184 0.99999395 -0.0015299135 -0.0031241542 -0.0039448012 0.0015300174 0.99999883 3.0853257e-05 -0.023336733 0.0031241033 -3.563308e-05 0.99999512 1.0861584
185 0.99999695 -0.00057736329 -0.0023993953 -0.004195898 0.00057730143 0.99999983 -2.6472126e-05 -0.025118734 0.0023994102 2.5086871e-05 0.99999712 1.0249187
186 0.99999938 -0.00074204851 -0.00082623624 0.0014319865 0.00074053837 0.99999806 -0.001826546 -0.022745956 0.00082759002 0.001825933 0.99999799 1.0057867
187 0.99999759 -0.0011738821 -0.0018566305 0.00032759095 0.0011704795 0.99999764 -0.0018327389 -0.022577116 0.0018587776 0.0018305614 0.9999966 0.95576353
188 0.99999881 -0.00032732604 0.0015074703 -0.00083447678 0.00033064805 0.99999752 -0.0022039772 -0.02630116 -0.0015067451 0.002204473 0.99999644 0.92506613
189 0.99999986 -0.00051016746 -0.00013434676 -0.0035498123 0.00050994397 0.99999849 -0.0016583759 -0.021261519 0.00013519261 0.0016583072 0.99999862 0.90329781
190 0.99999746 -0.00065823311 -0.0021556576 -0.0046472874 0.00065547308 0.99999896 -0.0012808223 -0.019779695 0.0021564985 0.0012794061 0.99999686 0.88655331
191 0.99999205 -0.001055303 -0.0038446201 -0.0073059474 0.0010528054 0.99999923 -0.0006516004 -0.020306301 0.0038453048 0.00064754758 0.9999924 0.86836411
192 0.99999347 -0.00044054825 -0.0035881067 -0.0096274336 0.0004348373 0.99999864 -0.0015922577 -0.023961274 0.0035888033 0.001590687 0.9999923 0.87479067
193 0.9999974 0.00068886594 -0.0021715484 -0.012175095 -0.00069307654 0.99999788 -0.0019388321 -0.026952859 0.0021702082 0.0019403321 0.99999576 0.82591682
194 0.99999988 0.00044741139 0.00019208062 -0.0080745612 -0.00044723349 0.99999947 -0.00092523903 -0.025603325 -0.00019249448 0.00092515302 0.99999955 0.7964121
195 0.9999998 -3.2576876e-06 0.00062580084 -0.0046238206 3.752546e-06 0.99999969 -0.00079076072 -0.022757244 -0.00062579807 0.00079076291 0.99999949 0.77287419
196 0.99999942 -0.00052638827 0.00094013593 -0.0017316823 0.00052694037 0.99999969 -0.00058710555 -0.021027552 -0.0009398266 0.0005876006 0.99999939 0.75241682
197 0.99999859 -0.00029936411 0.0016549396 -0.0010434461 0.0003012781 0.99999929 -0.0011564049 -0.016487584 -0.0016545922 0.0011569018 0.99999796 0.73531255
198 0.99999874 -0.00025239072 0.0015652531 -0.00023638043 0.00025424052 0.99999927 -0.0011817028 -0.015197443 -0.0015649537 0.0011820993 0.99999808 0.73512046
199 0.99999686 -6.9337599e-05 0.002505428 -0.00016962979 7.2618617e-05 0.99999914 -0.0013094967 -0.01618153 -0.0025053351 0.0013096745 0.999996 0.74162687
200 0.99999963 4.6639885e-06 0.00086086522 -0.0035925522 -3.8636006e-06 0.99999957 -0.00092974758 -0.015704005 -0.00086086918 0.00092974391 0.9999992 0.7445161
201 0.99999841 -0.00019462805 0.0017730462 -0.0016452371 0.0001962105 0.99999958 -0.00089237262 -0.01519528 -0.0017728718 0.00089271909 0.99999803 0.73616606
202 0.99999573 0.00011025763 0.0029199603 -0.0011618997 -0.00010705935 0.99999939 -0.0010954481 -0.017272324 -0.0029200794 0.0010951308 0.99999514 0.73415541
203 0.99999844 7.9501419e-05 0.0017640705 -0.0042806159 -7.6652568e-05 0.99999869 -0.0016149392 -0.013848968 -0.0017641966 0.0016148015 0.99999714 0.719286
204 0.99999943 -0.00011746909 0.0010566629 -0.0042844223 0.00011825081 0.99999972 -0.00073976874 -0.017238244 -0.0010565757 0.00073989327 0.99999917 0.71677375
205 0.99999695 0.00023969046 0.0024570323 -0.0063753299 -0.00023807104 0.99999975 -0.00065936835 -0.020937527 -0.0024571897 0.00065878139 0.99999676 0.74439241
206 0.99999867 -4.7770827e-05 0.0016287005 -0.0051060222 4.821816e-05 0.99999996 -0.00027461842 -0.01871999 -0.0016286874 0.00027469658 0.99999864 0.7465433
207 0.99999187 0.00018298157 0.0040275576 -0.0036134484 -0.00018051975 0.9999998 -0.00061160005 -0.023486634 -0.0040276687 0.00061086802 0.9999917 0.76934143
208 0.99999344 -0.00039637504 0.0036011946 -0.0021567829 0.00039834024 0.99999977 -0.0005450086 -0.02183832 -0.0036009778 0.00054643952 0.99999337 0.75741887
209 0.99998102 -0.00035390677 0.0061516926 0.0014062399 0.00036347468 0.99999873 -0.0015542817 -0.021029066 -0.0061511346 0.0015564882 0.99997987 0.73798247
210 0.99998009 -0.00015735971 0.0063089903 0.0018953684 0.0001657158 0.99999911 -0.0013239719 -0.019721399 -0.0063087764 0.0013249911 0.99997922 0.73839265
211 0.99999716 -0.00023223174 0.0023739845 -0.0010303444 0.0002365206 0.99999834 -0.0018064909 -0.014460509 -0.002373561 0.0018070473 0.99999555 0.72452467
212 0.99999835 -0.00011778648 0.0018119186 -0.0030883555 0.00011915551 0.99999971 -0.00075547914 -0.016368457 -0.0018118291 0.00075569379 0.99999807 0.72528217
213 0.99999841 -3.5144569e-05 0.0017849651 -0.0028577788 3.619724e-05 0.99999983 -0.00058971471 -0.01803802 -0.001784944 0.00058977838 0.99999823 0.75271647
214 0.99999644 -0.00016122573 0.002662453 -0.0038214913 0.00016270091 0.99999983 -0.00055386 -0.018219925 -0.0026623632 0.00055429122 0.9999963 0.75320959
215 0.99999669 -0.00058966167 0.002502873 -0.0018675825 0.00059079159 0.99999972 -0.00045073345 -0.021905931 -0.0025026065 0.00045221063 0.99999677 0.7739176
216 0.99999622 -0.00048026287 0.0027065214 -0.0022094486 0.00048427232 0.99999879 -0.0014809424 -0.019299091 -0.0027058068 0.0014822475 0.99999524 0.75675577
217 0.9999978 -0.00038010181 0.0020621189 -0.0023293696 0.00038206304 0.99999948 -0.00095076303 -0.019090978 -0.0020617565 0.0009515488 0.99999742 0.72708324
218 0.99999838 -0.00033473235 0.0017670671 -0.0034246135 0.00033568779 0.9999998 -0.00054042704 -0.019903491 -0.0017668858 0.00054101935 0.99999829 0.7554592
219 0.99999981 -0.00018847772 0.00057857545 -0.0030767851 0.00018891265 0.9999997 -0.00075177733 -0.016471776 -0.00057843358 0.00075188649 0.99999955 0.74267266
220 0.9999988 -0.00037008217 0.0015045746 -0.0037583752 0.00037149223 0.99999949 -0.00093701028 -0.017463714 -0.0015042271 0.0009375681 0.99999843 0.76024232
221 0.99999673 7.5180258e-05 0.0025579542 -0.0025516047 -7.1432051e-05 0.99999892 -0.0014653743 -0.020706515 -0.0025580616 0.0014651868 0.99999565 0.76980962
222 0.99999667 7.2564658e-06 0.002582288 -0.0043979338 -4.6198669e-06 0.99999948 -0.0010210366 -0.018087551 -0.0025822941 0.0010210212 0.99999614 0.74381045
223 0.99999754 -0.00027650738 0.0022017106 -0.0030950008 0.00027965432 0.99999894 -0.0014291363 -0.016974787 -0.0022013131 0.0014297485 0.99999656 0.74130475
224 0.99999863 -0.00061432267 0.0015367446 -0.0024708242 0.00061534563 0.99999959 -0.00066528088 -0.01451131 -0.0015363353 0.0006662256 0.9999986 0.76986894
225 0.99999973 -0.00072730703 0.0001227726 -0.0026743376 0.00072737409 0.99999959 -0.00054705914 -0.012449445 -0.00012237467 0.00054714829 0.99999984 0.77610344
226 0.9999996 -0.00078550386 0.00043369005 -0.0011959616 0.00078619893 0.9999984 -0.0016048356 -0.012785103 -0.00043242876 0.0016051759 0.99999862 0.78804493
227 0.99999935 0.0011232847 -0.00021362704 -0.010708114 -0.0011238566 0.99999573 -0.0026959782 -0.014618979 0.00021059777 0.0026962165 0.99999634 0.79528133
228 0.99999988 -0.00029447346 -0.00038080108 -0.0074590816 0.00029420216 0.9999997 -0.00071230312 -0.011155883 0.00038101072 0.000712191 0.99999967 0.78198586
229 0.99999891 -0.00049252059 -0.0013922836 -0.0071527151 0.00049202347 0.99999982 -0.00035737273 -0.014253745 0.0013924593 0.0003566873 0.99999897 0.81860059
230 0.99999852 0.00037970538 0.0016809913 -0.0070597201 -0.0003773976 0.99999899 -0.0013729698 -0.023974441 -0.0016815109 0.0013723333 0.99999764 0.81509477
231 0.9999987 -0.00013188158 0.0016050822 -0.0016534707 0.00013615427 0.99999645 -0.002662163 -0.02286476 -0.0016047254 0.0026623781 0.99999517 0.82617907
232 0.99999976 -2.2202608e-05 0.00069651026 -0.0035396165 2.3560983e-05 0.9999981 -0.0019503111 -0.020988266 -0.00069646563 0.001950327 0.99999786 0.81576669
233 0.99999976 -0.00045931019 -0.00052382156 -0.0040346539 0.00045885502 0.99999952 -0.0008687196 -0.021713565 0.00052422031 0.00086847903 0.99999949 0.81432955
234 0.99999946 -0.0010244508 -0.00019695379 -0.0023635695 0.0010242521 0.99999897 -0.0010066369 -0.020673586 0.00019798484 0.0010064346 0.99999947 0.84599722
235 0.99999701 -0.0016247254 -0.0018288673 -0.00051214649 0.0016236184 0.9999985 -0.00060666103 -0.016834085 0.0018298502 0.00060368983 0.99999814 0.86315791
236 0.99999633 -0.0012569181 -0.0024006204 -0.0014658602 0.0012532479 0.99999804 -0.0015297515 -0.015557191 0.0024025385 0.0015267373 0.99999595 0.86922756
237 0.99999691 -0.0011814349 -0.0021850754 -0.0018809919 0.0011778337 0.99999795 -0.0016486454 -0.011099872 0.0021870186 0.0016460666 0.99999625 0.88324528
238 0.99998905 -0.0013093916 -0.0044917726 -0.00086210798 0.0013073132 0.99999904 -0.00046563147 -0.0060509777 0.004492378 0.00045975422 0.9999898 0.87099769
239 0.99999828 -0.00039920242 -0.0018137802 -0.0024969067 0.0003972106 0.99999932 -0.0010983888 -0.010507061 0.0018142174 0.0010976664 0.99999775 0.88854693
240 0.9999978 -0.0010861969 -0.0017928413 -0.00036814376 0.0010852588 0.99999927 -0.00052410742 -0.0096740425 0.0017934093 0.00052216057 0.99999826 0.89877493
241 0.99999939 -0.00074607393 -0.00081256032 -0.00091806408 0.00074495234 0.99999877 -0.0013797498 -0.010455267 0.00081358871 0.0013791436 0.99999872 0.86565162
242 0.99999987 -0.00051336691 -7.6646904e-05 -0.0033585059 0.0005132648 0.99999899 -0.0013263132 -0.012138938 7.7327711e-05 0.0013262737 0.99999912 0.87305394
243 0.99999879 -0.00070321862 -0.0013848824 -0.0048309193 0.00070214717 0.99999945 -0.00077401537 -0.016362816 0.001385426 0.00077304205 0.99999874 0.86253995
244 0.99999974 -0.00064515496 0.00031259323 -0.0038733159 0.00064533182 0.99999963 -0.00056602564 -0.020222128 -0.00031222795 0.00056622722 0.99999979 0.81382883
245 0.99999639 -0.00061200212 0.0026181837 -0.0012138454 0.00061433483 0.99999942 -0.00089025352 -0.023774743 -0.0026176373 0.00089185874 0.99999618 0.79157844
246 0.99999829 -0.00065786558 0.0017287145 -0.0018854987 0.00065967942 0.99999923 -0.0010488814 -0.020863617 -0.0017280231 0.00105002 0.99999796 0.75784925
247 0.99999834 -0.0007763145 0.0016460371 -0.0021312261 0.00077808387 0.99999912 -0.0010745588 -0.019583865 -0.0016452015 0.0010758378 0.99999807 0.74470271
248 0.99999884 -0.00059545258 0.0013985445 -0.0017079091 0.00059710748 0.99999912 -0.0011831798 -0.019125931 -0.0013978388 0.0011840135 0.99999832 0.76330071
249 0.99999975 -0.00064114028 0.00028740065 -0.0043959614 0.00064137094 0.99999947 -0.00080319801 -0.019521706 -0.00028688554 0.00080338214 0.99999964 0.77990954
250 0.99999642 -0.00077486033 -0.0025604464 -0.0055092052 0.00077273986 0.99999936 -0.00082904819 -0.011129622 0.0025610872 0.00082706666 0.99999638 0.79345594
251 0.99999324 -0.00062180743 -0.0036248581 -0.0045480917 0.00061906409 0.99999952 -0.00075788713 -0.01123319 0.0036253277 0.00075563799 0.99999314 0.80941504
252 0.99999037 -2.2495941e-05 -0.0043877745 -0.0050692404 1.687185e-05 0.99999918 -0.0012817968 -0.014775716 0.0043877997 0.0012817104 0.99998955 0.82955219
253 0.99999239 -0.00030822723 -0.0038886706 -0.0065569297 0.00030214009 0.99999873 -0.0015658429 -0.011428917 0.0038891483 0.0015646561 0.99999121 0.83674127
254 0.99999693 -0.00044781476 -0.0024390278 -0.0071752344 0.00044425332 0.99999883 -0.0014605342 -0.014885698 0.002439679 0.0014594462 0.99999596 0.82394498
255 0.99999746 -0.00063866297 -0.0021635459 -0.0042936489 0.00063604586 0.99999907 -0.0012101107 -0.013725349 0.0021643167 0.0012087315 0.99999693 0.82155772
256 0.99999887 -0.00076372244 -0.0012975644 -0.0032309116 0.00076187742 0.9999987 -0.0014218106 -0.0092944973 0.0012986486 0.0014208204 0.99999815 0.83414187
257 0.99999718 -0.0020525738 0.0011945761 -0.00030712162 0.0020530601 0.99999781 -0.00040603159 -0.011430233 -0.0011937401 0.00040848298 0.9999992 0.8618013
258 0.99999804 -0.0019313428 -0.00043179901 0.0041522304 0.001930873 0.99999755 -0.0010857108 -0.013469437 0.00043389483 0.001084875 0.99999932 0.84194527
259 0.99999796 -0.0016894157 -0.0011066884 0.0012221072 0.001686917 0.99999603 -0.0022548759 -0.016011977 0.0011104935 0.0022530044 0.99999685 0.83712367
