4 0.99992142 0.00090257887 -0.012503548 -0.19557999 -0.00099055291 0.99997478 -0.0070315124 -0.12795264 0.012496885 0.0070433445 0.999897 3.7794833
5 0.99978311 0.0016669618 -0.020759778 -0.21076851 -0.0018080357 0.99997538 -0.0067786235 -0.12362194 0.020747966 0.0068146869 0.99976141 4.0289203
6 0.99956188 0.0011013818 -0.029577829 -0.22274087 -0.0013618076 0.99996047 -0.0087860619 -0.11892709 0.02956698 0.008822491 0.99952376 4.2431243
7 0.99911542 0.0010164927 -0.04203985 -0.23635213 -0.0014794981 0.99993857 -0.01098384 -0.11214401 0.042026098 0.011036321 0.99905545 4.4717137
8 0.99852866 -4.84218e-06 -0.054226622 -0.2513959 -0.00074448505 0.99990452 -0.013798227 -0.1059184 0.054221506 0.013818295 0.99843321 4.6865517
9 0.99773138 -0.0020099927 -0.067290849 -0.267611 0.00086500785 0.99985442 -0.017040274 -0.10071532 0.067315298 0.016943407 0.99758777 4.8842321
10 0.99632159 -0.003884377 -0.085604949 -0.29309555 0.0021951004 0.99980117 -0.019818699 -0.098998297 0.085664903 0.019557885 0.99613192 5.1133782
11 0.99396022 -0.0048370916 -0.10963431 -0.33098773 0.0024232654 0.99975194 -0.022139623 -0.098633863 0.10971419 0.021740229 0.99372529 5.3613556
12 0.99056131 -0.0055760931 -0.13695695 -0.37961447 0.0022443762 0.99969806 -0.024469128 -0.099525316 0.13705203 0.023930786 0.99027463 5.6120965
13 0.98513285 -0.0058777361 -0.17169372 -0.44849958 0.001340912 0.99964717 -0.02652797 -0.10336666 0.17178904 0.025903345 0.98479304 5.8931283
14 0.9776512 -0.0061571755 -0.21014334 -0.53708851 8.2674654e-05 0.99958221 -0.028903015 -0.10980532 0.21023349 0.028239691 0.97724316 6.1863111
15 0.96818336 -0.0065831191 -0.25015526 -0.64335408 -0.0013422927 0.9995029 -0.031498166 -0.11861185 0.25023824 0.030831779 0.96769314 6.485719
16 0.95754363 -0.0073627109 -0.28819435 -0.76324414 -0.0026122022 0.99941118 -0.034211888 -0.12881363 0.28827652 0.033512194 0.95696049 6.7877542
17 0.94534188 -0.007959211 -0.32598372 -0.89721801 -0.004153536 0.99932703 -0.036444661 -0.14170709 0.32605438 0.035806646 0.94467254 7.0922417
18 0.93129782 -0.0083825235 -0.3641622 -1.0517125 -0.0060861977 0.99923752 -0.038565767 -0.15716908 0.36420778 0.038132574 0.93053662 7.403747
19 0.91399321 -0.0086964594 -0.40563627 -1.219843 -0.0084000286 0.99915037 -0.040348068 -0.17345219 0.40564247 0.040285212 0.91314352 7.7054089
20 0.89464783 -0.0092872177 -0.4466755 -1.4070303 -0.010813107 0.99904094 -0.042429534 -0.19106921 0.44664112 0.042789437 0.8936893 8.0041139
21 0.87626143 -0.010145731 -0.48172915 -1.6022381 -0.012896055 0.9989263 -0.044496276 -0.20892293 0.48166332 0.045202771 0.87518967 8.293321
22 0.85649677 -0.010994214 -0.51603528 -1.8045908 -0.014925424 0.99882749 -0.04605286 -0.22746811 0.51593649 0.047146167 0.85532834 8.5715833
23 0.8352885 -0.011816245 -0.54968492 -2.022126 -0.017240238 0.9987145 -0.047666631 -0.24576848 0.54954149 0.049292082 0.83401093 8.8475981
24 0.81059988 -0.012587844 -0.5854651 -2.2489504 -0.019822453 0.99860619 -0.0489156 -0.26443794 0.58526476 0.051256329 0.80922046 9.1097572
25 0.77814855 -0.012525883 -0.62795537 -2.5083568 -0.023826724 0.99849272 -0.04944258 -0.28293123 0.62762811 0.053435786 0.77667713 9.3699326
26 0.74032179 -0.013034307 -0.6721263 -2.7885097 -0.028129735 0.9983357 -0.050344213 -0.30410104 0.67166381 0.056177647 0.73872294 9.6134601
27 0.70045102 -0.013219092 -0.71357805 -3.1022053 -0.032821426 0.99817401 -0.050708897 -0.32646842 0.71294532 0.058939742 0.69873806 9.8554997
28 0.65711469 -0.013264518 -0.7536739 -3.4363839 -0.037045001 0.99806872 -0.049864689 -0.34856158 0.7528797 0.060686663 0.65535417 10.083442
29 0.61274844 -0.014291956 -0.79014878 -3.7945445 -0.040445459 0.99795904 -0.049415603 -0.3713192 0.78924228 0.062237257 0.61091974 10.304086
30 0.56355696 -0.01406679 -0.82595744 -4.158208 -0.044473827 0.99788828 -0.047339751 -0.39343398 0.82487908 0.063412128 0.56174122 10.494689
31 0.50974106 -0.01387553 -0.86021598 -4.5353871 -0.04877491 0.99779568 -0.044997442 -0.41443099 0.85894407 0.064893995 0.5079406 10.658475
32 0.45372007 -0.01414087 -0.89103206 -4.9134835 -0.053155304 0.99766431 -0.042900217 -0.43613523 0.88955745 0.066827763 0.45190861 10.793986
33 0.39699911 -0.014746312 -0.91770053 -5.2930257 -0.057391724 0.99751537 -0.040856614 -0.45382786 0.91602278 0.068888447 0.39516636 10.90306
34 0.33607857 -0.014539235 -0.94172173 -5.7003968 -0.060990295 0.99744618 -0.037165581 -0.47206265 0.93985701 0.069926434 0.3343335 10.991055
35 0.2709457 -0.014205951 -0.96248981 -6.137215 -0.064336218 0.99738804 -0.032832001 -0.48799706 0.96044213 0.070818636 0.26932401 11.059439
36 0.20680331 -0.0147463 -0.97827141 -6.5869588 -0.067155591 0.99731426 -0.029229817 -0.50065822 0.97607496 0.07174121 0.20525758 11.105458
37 0.1421906 -0.015244598 -0.9897219 -7.0998262 -0.067589444 0.99739811 -0.025073222 -0.50183647 0.98752889 0.070459923 0.14079025 11.141206
38 0.079719422 -0.014415515 -0.9967131 -7.5574547 -0.067533335 0.99751995 -0.019828657 -0.51568616 0.99452695 0.068892082 0.078548178 11.126159
39 0.020418075 -0.015234565 -0.99967546 -8.0372907 -0.069909322 0.99741475 -0.01662799 -0.52345045 0.99734427 0.070226138 0.019300248 11.098681
40 -0.038152848 -0.014921348 -0.99916051 -8.5623704 -0.071522616 0.9973648 -0.012163447 -0.53439914 0.99670892 0.070998496 -0.039119518 11.036952
41 -0.088618243 -0.016469972 -0.99592949 -9.0257212 -0.072242707 0.99733629 -0.010065049 -0.53839002 0.9934423 0.071056688 -0.089572016 10.959628
42 -0.13537682 -0.018109027 -0.99062868 -9.4860932 -0.073165084 0.99728586 -0.0082321666 -0.54410505 0.98808896 0.071364979 -0.13633433 10.867257
43 -0.17761034 -0.019895031 -0.98389977 -9.9563325 -0.073913045 0.99724135 -0.0068222668 -0.55284265 0.98132117 0.071511316 -0.17859086 10.754014
44 -0.21159759 -0.021330316 -0.97712409 -10.383724 -0.07382883 0.99725416 -0.0057820122 -0.55910775 0.9745643 0.070916462 -0.21259135 10.637789
45 -0.24080792 -0.024032968 -0.9702752 -10.841187 -0.073382601 0.99728274 -0.0064894509 -0.56556901 0.96779458 0.0696386 -0.24191716 10.502509
46 -0.26343981 -0.02711015 -0.96429483 -11.318581 -0.072476905 0.99733606 -0.008238796 -0.56668593 0.96194926 0.067718671 -0.26470285 10.355393
47 -0.28310793 -0.02828303 -0.95867094 -11.803464 -0.070695907 0.99746126 -0.0085500191 -0.56442373 0.95647885 0.065353527 -0.28438866 10.200139
48 -0.29725639 -0.029756562 -0.9543339 -12.326381 -0.069173368 0.99755886 -0.0095581805 -0.5625602 0.95228856 0.063173254 -0.29858908 10.032208
49 -0.30553823 -0.030146989 -0.95170245 -12.873242 -0.067447697 0.99767319 -0.0099495305 -0.55963542 0.94978788 0.06115017 -0.30686062 9.8587603
50 -0.30678443 -0.03713277 -0.9510544 -13.483756 -0.070113254 0.99740543 -0.01632585 -0.58126767 0.94919295 0.061672996 -0.30859192 9.6431301
51 -0.31221156 -0.039423877 -0.94919424 -14.118287 -0.070787474 0.99732647 -0.018139394 -0.59779033 0.94737157 0.061527728 -0.31416753 9.4218492
52 -0.31719247 -0.0402201 -0.94750793 -14.760372 -0.07063531 0.99732712 -0.018688612 -0.61309761 0.94572692 0.060999623 -0.31918558 9.197719
53 -0.32052746 -0.040382219 -0.94637806 -15.421657 -0.070080263 0.99736376 -0.018822407 -0.6305873 0.94464317 0.060289319 -0.32251244 8.9675808
54 -0.32415664 -0.040521106 -0.94513518 -16.099611 -0.068715405 0.99745159 -0.019196498 -0.65248484 0.94350436 0.058722669 -0.32611495 8.7331418
55 -0.32506082 -0.044156491 -0.94466167 -16.780507 -0.070284428 0.99727476 -0.022430719 -0.67368882 0.94307761 0.059103651 -0.32727843 8.4903124
56 -0.32526764 -0.045350362 -0.94453391 -17.484162 -0.070397017 0.99723892 -0.023638404 -0.70055317 0.9429979 0.058803556 -0.32756205 8.2457415
57 -0.3236828 -0.045635032 -0.94506449 -18.18549 -0.069851535 0.99726304 -0.024231564 -0.72646286 0.94358361 0.058170859 -0.32598454 8.0002081
58 -0.32198985 -0.045995048 -0.94562519 -18.885994 -0.069437199 0.99727642 -0.024863661 -0.7542851 0.94419321 0.057655712 -0.32430662 7.7585718
59 -0.3191167 -0.047070729 -0.94654576 -19.582702 -0.069330342 0.99724916 -0.026218252 -0.79108871 0.94517599 0.057257653 -0.32150226 7.5182863
60 -0.31682811 -0.047886179 -0.94727339 -20.284741 -0.069150705 0.99723306 -0.027283353 -0.82911589 0.94595874 0.056860484 -0.31926279 7.2773209
61 -0.31716653 -0.048586587 -0.94712446 -20.996228 -0.069347527 0.99720141 -0.027932864 -0.86723276 0.94583092 0.056821363 -0.31964824 7.0294559
62 -0.31674648 -0.049933035 -0.947195 -21.699113 -0.069810995 0.99713218 -0.029220434 -0.90559439 0.94593758 0.05686915 -0.31932395 6.7846186
63 -0.31568696 -0.050851922 -0.94749978 -22.424997 -0.069874635 0.99709753 -0.030233056 -0.94697479 0.946287 0.056662014 -0.31832392 6.5317484
64 -0.31609057 -0.051864103 -0.94731034 -23.154181 -0.070148168 0.99704914 -0.03118079 -0.98900861 0.94613202 0.056596126 -0.31879597 6.2794039
65 -0.31544514 -0.051714665 -0.94753362 -23.870723 -0.069181404 0.99711014 -0.031389154 -1.0277658 0.94641857 0.055650144 -0.31811121 6.0351047
66 -0.31406824 -0.052671651 -0.94793821 -24.574791 -0.068845212 0.99709478 -0.032593404 -1.0700536 0.94690089 0.055024448 -0.31678196 5.7957051
67 -0.31535734 -0.054086068 -0.94743045 -25.297331 -0.068601056 0.99706173 -0.034085143 -1.1072012 0.94649007 0.054245723 -0.31814107 5.5504975
68 -0.31758792 -0.055890096 -0.94658027 -26.025691 -0.068301694 0.9970167 -0.035952119 -1.1426621 0.94576562 0.053235072 -0.32045782 5.3015782
69 -0.3185184 -0.057438723 -0.94617484 -26.75822 -0.068235187 0.99696231 -0.037551283 -1.1810516 0.94545746 0.052601637 -0.32147015 5.0501044
70 -0.32033063 -0.059001459 -0.94546662 -27.493566 -0.068530123 0.99688678 -0.038991833 -1.2228891 0.94482365 0.05230266 -0.32337671 4.796353
71 -0.32170249 -0.058957485 -0.94500345 -28.256087 -0.067643272 0.99694035 -0.039170319 -1.271304 0.94442136 0.051321931 -0.32470624 4.5309952
72 -0.32143718 -0.06077695 -0.94497847 -29.044287 -0.067121155 0.99689034 -0.041284241 -1.3244918 0.94454894 0.050157751 -0.32451701 4.2573339
73 -0.32300351 -0.06352214 -0.94426356 -29.82916 -0.067813758 0.99673368 -0.04385489 -1.3875067 0.94396496 0.049868773 -0.32625612 3.9795054
74 -0.32463799 -0.066266186 -0.94351416 -30.577924 -0.068956113 0.99654634 -0.04626486 -1.4493762 0.94332128 0.050041733 -0.32808623 3.7123669
75 -0.32363667 -0.068452227 -0.94370207 -31.303413 -0.069860501 0.99638602 -0.048315483 -1.5051455 0.94359877 0.050290832 -0.32724913 3.4561803
76 -0.32152242 -0.069583635 -0.94434181 -32.027911 -0.070254948 0.99630053 -0.049492324 -1.5590205 0.944292 0.050431788 -0.32522152 3.2013314
77 -0.32086323 -0.070969716 -0.94446286 -32.772414 -0.070850104 0.99619322 -0.050786917 -1.6160588 0.94447174 0.050619633 -0.32466995 2.9383994
78 -0.32127622 -0.072175927 -0.94423103 -33.533571 -0.07164146 0.99608635 -0.051763558 -1.6762742 0.94427163 0.051015684 -0.32518962 2.6674904
79 -0.32395117 -0.073418729 -0.94322072 -34.311353 -0.072385169 0.99598533 -0.052664996 -1.7382794 0.9433005 0.051214299 -0.32796501 2.3892256
80 -0.3254989 -0.074896693 -0.94257146 -35.107708 -0.073120227 0.99586659 -0.05388086 -1.7998823 0.94271083 0.051382873 -0.32962991 2.1027035
81 -0.32853156 -0.075804651 -0.94144606 -35.913481 -0.073426314 0.99580717 -0.054558574 -1.8626473 0.94163443 0.051202696 -0.3327201 1.8097704
82 -0.33222658 -0.076561985 -0.94008711 -36.719834 -0.073285393 0.99578227 -0.055198834 -1.9268525 0.94034811 0.050556128 -0.33643618 1.51443
83 -0.33345414 -0.077938792 -0.93953919 -37.511229 -0.073076402 0.99571538 -0.056663123 -1.9945644 0.93992978 0.049763586 -0.33772087 1.2224968
84 -0.33301619 -0.079665081 -0.93954973 -38.283929 -0.072915894 0.99561653 -0.058574546 -2.0615105 0.9400975 0.049001832 -0.33736524 0.93752335
85 -0.33274782 -0.081645674 -0.93947479 -39.049408 -0.073250388 0.99547269 -0.060568025 -2.1322407 0.94016652 0.048663009 -0.33722191 0.65227273
86 -0.33331068 -0.083509651 -0.93911135 -39.818026 -0.073715523 0.99532861 -0.062345508 -2.2047626 0.93993076 0.048446656 -0.33790958 0.36649654
87 -0.33357176 -0.085231901 -0.9388639 -40.577739 -0.074346701 0.99518117 -0.063929632 -2.277407 0.93978842 0.048476309 -0.33830101 0.083586751
88 -0.33366326 -0.086630276 -0.93870338 -41.326995 -0.075056388 0.99504866 -0.065151338 -2.3498304 0.93969952 0.048717072 -0.3385133 -0.19655599
89 -0.33340008 -0.088307545 -0.9386406 -42.056394 -0.075655842 0.99489878 -0.066727782 -2.4213931 0.93974486 0.048766592 -0.33838028 -0.46695
90 -0.33281496 -0.089807851 -0.93870589 -42.776859 -0.076273452 0.99475673 -0.068127854 -2.4908684 0.93990232 0.048924365 -0.33791984 -0.73462145
91 -0.33264644 -0.090637536 -0.93868589 -43.498846 -0.076339349 0.99469207 -0.068992649 -2.5610023 0.93995663 0.048708506 -0.33779995 -1.0010535
92 -0.3332932 -0.091586499 -0.9383643 -44.218115 -0.076366294 0.9946229 -0.069953282 -2.6295119 0.93972531 0.048344447 -0.33849514 -1.2656574
93 -0.3355412 -0.092670979 -0.93745624 -44.951669 -0.076145312 0.99456128 -0.071061534 -2.6960733 0.93894292 0.047538821 -0.34077271 -1.534374
94 -0.33698264 -0.094132676 -0.93679333 -45.688881 -0.07594434 0.99446486 -0.072609093 -2.7665765 0.93844285 0.046676143 -0.3422662 -1.8060386
95 -0.33615724 -0.095152877 -0.93698679 -46.439696 -0.075138729 0.99442142 -0.074028398 -2.8373621 0.93880365 0.04551881 -0.34143159 -2.0824163
96 -0.33889288 -0.095792437 -0.93593559 -47.206967 -0.074272489 0.99442234 -0.074885197 -2.9146296 0.9378886 0.044136201 -0.34411736 -2.3674467
97 -0.34063063 -0.097634033 -0.9351141 -47.966425 -0.074525915 0.99426791 -0.076662918 -3.0002125 0.93723875 0.043576491 -0.34595434 -2.6563875
98 -0.34408317 -0.099614873 -0.93364 -48.707275 -0.075062133 0.99409199 -0.07840145 -3.0826335 0.9359339 0.043104386 -0.34952759 -2.9407794
99 -0.34647301 -0.10130521 -0.9325737 -49.430755 -0.075550016 0.99393551 -0.079902316 -3.1623018 0.93501255 0.042771958 -0.35202541 -3.2221274
100 -0.34717842 -0.10241409 -0.93219017 -50.151364 -0.075470313 0.99384617 -0.081080225 -3.2383221 0.93475729 0.042203375 -0.35277113 -3.4997302
101 -0.34780899 -0.10372168 -0.93181045 -50.857318 -0.075654045 0.99372573 -0.082374853 -3.3164171 0.93450799 0.041844512 -0.35347368 -3.7736519
102 -0.34584213 -0.10462025 -0.93244187 -51.594493 -0.0769918 0.99357735 -0.082923459 -3.3994585 0.9351285 0.043111948 -0.35167577 -4.0689721
103 -0.34709154 -0.10595514 -0.93182669 -52.346414 -0.078141011 0.99340976 -0.083851196 -3.4864177 0.9345701 0.043709834 -0.35308353 -4.365894
104 -0.34758226 -0.1080403 -0.93140425 -53.087816 -0.079608868 0.99315311 -0.085494485 -3.57359 0.93426378 0.044431667 -0.35380334 -4.659703
105 -0.35163255 -0.10974048 -0.92968359 -53.85973 -0.080871068 0.99295349 -0.08662118 -3.6657355 0.93263832 0.044725674 -0.35802956 -4.9685184
106 -0.35504709 -0.1105381 -0.92829031 -54.61532 -0.080635962 0.99290515 -0.087391074 -3.7531559 0.93136418 0.043825632 -0.36144139 -5.2664995
107 -0.35704186 -0.11201562 -0.92734762 -55.363815 -0.080479089 0.99278088 -0.088933819 -3.8400913 0.93061487 0.042878991 -0.36347922 -5.5637891
108 -0.35928071 -0.11377838 -0.9262677 -56.120607 -0.080185208 0.99263315 -0.090828166 -3.9314249 0.92977821 0.041640157 -0.36575724 -5.866499
109 -0.36068691 -0.11557874 -0.92549798 -56.861933 -0.080237126 0.99245862 -0.092670797 -4.0218846 0.92922913 0.040834151 -0.3672405 -6.1654368
110 -0.36167328 -0.11642161 -0.92500727 -57.591535 -0.080077124 0.99238509 -0.093592038 -4.1145403 0.92885947 0.040222179 -0.36824184 -6.4622532
111 -0.36194885 -0.11872782 -0.92460626 -58.273356 -0.080555094 0.9921295 -0.0958641 -4.2034404 0.92871079 0.03978384 -0.36866422 -6.7405494
112 -0.36273647 -0.1199357 -0.9241416 -58.915218 -0.080828749 0.9919953 -0.097015564 -4.2893809 0.92837966 0.039506122 -0.36952709 -7.0041371
113 -0.36176413 -0.12081152 -0.92440862 -59.55116 -0.08088829 0.99189604 -0.097976139 -4.3737013 0.9287538 0.039329575 -0.36860461 -7.2641442
114 -0.36028112 -0.12130814 -0.92492262 -60.18811 -0.080391285 0.99185746 -0.098772499 -4.4558944 0.92937322 0.038769847 -0.3670996 -7.5209576
115 -0.35955813 -0.12191838 -0.9251237 -60.830183 -0.080083682 0.99180157 -0.099580304 -4.5427692 0.92967972 0.038282401 -0.36637396 -7.7799397
116 -0.35661212 -0.12321378 -0.92609188 -61.525663 -0.080110152 0.99164695 -0.1010875 -4.6391304 0.93081146 0.038140329 -0.36350396 -8.0611702
117 -0.3522003 -0.12468309 -0.92758239 -62.220695 -0.080039503 0.99146832 -0.1028797 -4.7364583 0.93249582 0.038008968 -0.35917498 -8.3376258
118 -0.34869564 -0.12469972 -0.9289033 -62.892452 -0.07928014 0.99148147 -0.10333995 -4.8304094 0.93387677 0.037609389 -0.35561144 -8.5999924
119 -0.34317562 -0.12337287 -0.93113352 -63.547133 -0.077230185 0.99168566 -0.10293217 -4.9247685 0.93609071 0.0365878 -0.34985042 -8.8456975
120 -0.33659977 -0.12343076 -0.93352314 -64.130661 -0.074754641 0.99174561 -0.10417473 -5.0079498 0.93867575 0.034719995 -0.34304833 -9.0567355
121 -0.32643696 -0.12463701 -0.9369656 -64.678625 -0.072576479 0.99164695 -0.10662533 -5.0872851 0.94242845 0.033195212 -0.3327559 -9.248594
122 -0.31362892 -0.12676426 -0.94104608 -65.195535 -0.070024849 0.99143796 -0.11021467 -5.1611716 0.94696 0.031330099 -0.31982024 -9.419334
123 -0.29684035 -0.13032162 -0.94599265 -65.692554 -0.067779331 0.99102063 -0.11525647 -5.2283662 0.95251855 0.029905977 -0.30300799 -9.5741034
124 -0.27354612 -0.13258552 -0.95267707 -66.23517 -0.063896575 0.99077109 -0.11954023 -5.3036515 0.95973411 0.028173032 -0.27949332 -9.7207404
125 -0.24562748 -0.13438008 -0.96000476 -66.785542 -0.058745448 0.99058795 -0.12363041 -5.3812837 0.96758251 0.02602888 -0.25120982 -9.8495846
126 -0.21252015 -0.13459425 -0.96784275 -67.282968 -0.052101278 0.99062019 -0.12632136 -5.4575662 0.97576659 0.023580008 -0.21753926 -9.9343606
127 -0.17688999 -0.13606952 -0.97477947 -67.777795 -0.045921592 0.99045982 -0.12992511 -5.5353368 0.98315865 0.021780972 -0.18145094 -10.003095
128 -0.13952206 -0.13866903 -0.98046137 -68.250541 -0.040017596 0.99012674 -0.13434143 -5.607389 0.98940992 0.020492113 -0.14369371 -10.051886
129 -0.10139927 -0.1409703 -0.98480738 -68.694378 -0.031848292 0.98986214 -0.13841465 -5.6751538 0.99433579 0.017329285 -0.10486096 -10.065434
130 -0.058554584 -0.14255193 -0.9880538 -69.161318 -0.022097732 0.98969457 -0.14147908 -5.7450731 0.9980395 0.013549498 -0.061101222 -10.054871
131 -0.014195473 -0.14458718 -0.98939024 -69.593289 -0.011876717 0.98944451 -0.14442471 -5.8092248 0.9998286 0.0097005294 -0.015762852 -10.014915
132 0.034013508 -0.14754641 -0.9884701 -70.012299 -0.00075684257 0.98903829 -0.14765727 -5.872476 0.99942098 0.0057704572 0.033528989 -9.951106
133 0.084525318 -0.15037153 -0.98500958 -70.479134 0.011336699 0.9886284 -0.14995116 -5.9467542 0.99635674 0.0015079122 0.085268838 -9.861197
134 0.13460472 -0.15369329 -0.97890753 -70.927915 0.023103203 0.98811623 -0.15196229 -6.0178949 0.9906299 -0.0021610564 0.13655591 -9.7501129
135 0.18486963 -0.15657796 -0.97020955 -71.382211 0.035396416 0.98764662 -0.15264741 -6.0933044 0.98212531 -0.0061220706 0.18812814 -9.6139793
136 0.23287222 -0.15907219 -0.95940949 -71.844608 0.048077448 0.98720867 -0.15201178 -6.1723536 0.97131812 -0.010726639 0.23754123 -9.4475813
137 0.27789762 -0.16254409 -0.94675886 -72.260658 0.059413529 0.98660159 -0.15194511 -6.2435949 0.95877148 -0.0140251 0.28383152 -9.2720324
138 0.32496583 -0.16651275 -0.93095151 -72.69307 0.07033292 0.98590704 -0.15179125 -6.3215158 0.94310673 -0.016149567 0.33209739 -9.0722793
139 0.37209943 -0.17025077 -0.91244545 -73.09458 0.080580985 0.98524803 -0.15097351 -6.3961195 0.92468835 -0.017348595 0.38032916 -8.8677765
140 0.4212778 -0.17362394 -0.89015715 -73.446227 0.090136538 0.9846601 -0.14939839 -6.4647265 0.90244127 -0.017297459 0.43046526 -8.6561238
141 0.47051998 -0.17625377 -0.86460717 -73.861424 0.10102306 0.98416493 -0.14564928 -6.5451057 0.87658721 -0.018814365 0.48087491 -8.3764093
142 0.51525093 -0.17892178 -0.83815481 -74.232965 0.11126442 0.98365372 -0.14158241 -6.6189476 0.84978618 -0.020306334 0.52673607 -8.0960286
143 0.55980153 -0.18133087 -0.80854275 -74.691567 0.12112835 0.98318819 -0.13663413 -6.7077141 0.81972559 -0.021449457 0.5723545 -7.7308745
144 0.60544825 -0.18381772 -0.77436649 -75.16879 0.1307363 0.98271659 -0.13105766 -6.8002343 0.78507344 -0.021889177 0.61901563 -7.3152312
145 0.64622227 -0.18575195 -0.74019794 -75.59081 0.13812237 0.98237537 -0.12593981 -6.8797733 0.75054572 -0.02085278 0.66048928 -6.9110092
146 0.67971823 -0.18711678 -0.7092041 -75.995047 0.14377947 0.9821441 -0.12132773 -6.9544013 0.719243 -0.019500315 0.69448473 -6.4927051
147 0.71213055 -0.18857332 -0.67624713 -76.332372 0.14870423 0.9819104 -0.11721348 -7.0146925 0.68611736 -0.017089503 0.72728998 -6.1010529
148 0.739453 -0.18994061 -0.64585744 -76.659926 0.15361149 0.98166874 -0.11282719 -7.075209 0.65544846 -0.015780718 0.75507488 -5.683271
149 0.7621966 -0.19159254 -0.61834347 -76.98973 0.15861635 0.98135466 -0.10855357 -7.1377291 0.62761224 -0.015340221 0.77837481 -5.2316808
150 0.7817059 -0.19301394 -0.59302742 -77.316365 0.16236149 0.98109655 -0.105301 -7.2006141 0.60214165 -0.013970401 0.79826691 -4.7647676
151 0.79885283 -0.19423786 -0.56930291 -77.643136 0.16519514 0.98088255 -0.10285899 -7.2677956 0.57839835 -0.011876874 0.81566788 -4.2785549
152 0.81394143 -0.19548027 -0.54707113 -77.957785 0.16791643 0.98065669 -0.10058088 -7.3318046 0.55615049 -0.0099952838 0.83102137 -3.7824928
153 0.82779574 -0.19669814 -0.52541799 -78.260478 0.17081638 0.98042553 -0.097915964 -7.3908058 0.53439305 -0.008695581 0.84519125 -3.2778001
154 0.83842256 -0.19786253 -0.50783662 -78.574247 0.17420154 0.98018465 -0.094296695 -7.4564078 0.51643139 -0.0094054441 0.8562768 -2.7195856
155 0.84549082 -0.19926811 -0.4954165 -78.900392 0.17670301 0.97990114 -0.092573174 -7.5278266 0.50390602 -0.0092718185 0.8637086 -2.1309208
156 0.85094371 -0.20064988 -0.48542192 -79.224097 0.1787992 0.97962224 -0.091493674 -7.6027 0.49388825 -0.0089370818 0.86947934 -1.5352635
157 0.85591122 -0.20188268 -0.47608757 -79.550482 0.18043656 0.97937627 -0.09091066 -7.6827928 0.48462211 -0.0080921476 0.87468607 -0.92532924
158 0.86288857 -0.2033045 -0.46269925 -79.853666 0.182427 0.97909225 -0.089992984 -7.7575002 0.47132119 -0.0067549192 0.88193566 -0.33319039
159 0.8699615 -0.20498281 -0.44849643 -80.136964 0.18505881 0.97874642 -0.088366688 -7.8280101 0.45707788 -0.0061226005 0.88940549 0.25130606
160 0.87793354 -0.20689041 -0.43177433 -80.398723 0.18796626 0.97835064 -0.086594968 -7.8946739 0.44034231 -0.0051343796 0.89781517 0.82318444
161 0.88605593 -0.20898375 -0.41380031 -80.649619 0.19123778 0.97790938 -0.084388049 -7.9549083 0.42229489 -0.0043617218 0.9064479 1.4029608
162 0.89107475 -0.21115591 -0.40174491 -80.916891 0.1943856 0.97744204 -0.082591116 -8.0185663 0.41012192 -0.004498566 0.9120195 2.0400391
163 0.89343928 -0.21315003 -0.39539009 -81.199887 0.19681834 0.97700865 -0.081954968 -8.0834212 0.4037682 -0.0045982338 0.91484965 2.713008
164 0.89402758 -0.2143387 -0.39341277 -81.500705 0.19790696 0.97675044 -0.08240998 -8.15792 0.40192971 -0.0041823303 0.91566086 3.4196614
165 0.89468817 -0.21517034 -0.39145218 -81.796161 0.19831642 0.97657223 -0.083530039 -8.2355833 0.40025448 -0.0028980594 0.91639934 4.1163042
166 0.89583943 -0.21565797 -0.38854004 -82.088006 0.19861043 0.97646718 -0.084057935 -8.3146611 0.39752432 -0.0018656917 0.91758963 4.8091891
167 0.89690814 -0.21629146 -0.38571207 -82.380446 0.19917116 0.97632813 -0.084345825 -8.3965036 0.39482479 -0.0011722646 0.91875557 5.5084403
168 0.89799356 -0.21724699 -0.38263732 -82.668517 0.20010983 0.97611646 -0.084573616 -8.4776733 0.39187191 -0.00062292698 0.92001946 6.2087353
169 0.89934575 -0.2184221 -0.37877304 -82.94866 0.20129067 0.97585438 -0.084795512 -8.559694 0.38814851 1.700279e-05 0.92159673 6.8989188
170 0.90119226 -0.21982361 -0.37353727 -83.218374 0.20320285 0.97553957 -0.08385185 -8.6422943 0.38283297 -0.00033720085 0.92381741 7.5844057
171 0.90370617 -0.22091028 -0.36676124 -83.474701 0.20423338 0.97529339 -0.084211111 -8.7195251 0.37630288 0.0011972115 0.92649582 8.2429609
172 0.90612519 -0.22195189 -0.36010346 -83.726074 0.20516124 0.9750533 -0.084734421 -8.793866 0.36992699 0.0029007224 0.92905619 8.9010702
173 0.90850857 -0.22290901 -0.35344555 -83.974757 0.20596157 0.97482753 -0.085387962 -8.8677489 0.36358216 0.0047794954 0.93154976 9.5642916
174 0.91100421 -0.22418019 -0.34614243 -84.219363 0.20729335 0.97452788 -0.085585369 -8.9389033 0.35651196 0.0062156047 0.93426997 10.230798
175 0.91307417 -0.22488856 -0.34017745 -84.465053 0.20813437 0.97435751 -0.085484044 -9.0149289 0.3506788 0.0072506545 0.93646762 10.913687
176 0.91460874 -0.22513505 -0.33586467 -84.719442 0.20849185 0.97429456 -0.085330168 -9.0982385 0.3464419 0.0080186694 0.93803705 11.617865
177 0.91477006 -0.22565566 -0.33507502 -84.977798 0.20892191 0.97417108 -0.085687416 -9.1858783 0.34575621 0.0083797676 0.93828685 12.334042
178 0.91496345 -0.22571588 -0.33450595 -85.23879 0.20861254 0.97414625 -0.086717209 -9.2742867 0.34543113 0.0095609397 0.93839529 13.058542
179 0.91443851 -0.22567701 -0.33596445 -85.496144 0.20805561 0.97414413 -0.088068489 -9.3674007 0.3471528 0.010633929 0.93774818 13.771695
180 0.91408079 -0.22546124 -0.33708092 -85.74677 0.20739752 0.97418293 -0.089184531 -9.4563686 0.3484861 0.011612119 0.93724191 14.467158
181 0.91391652 -0.22562328 -0.33741774 -85.997567 0.20719844 0.97413447 -0.090171129 -9.5379053 0.34903492 0.012496455 0.93702628 15.166646
182 0.9142385 -0.22596267 -0.33631659 -86.245853 0.20728657 0.97404329 -0.090950186 -9.6197924 0.34813823 0.013436248 0.93734681 15.862333
183 0.91434737 -0.22631377 -0.3357841 -86.501071 0.20739323 0.97395094 -0.091693005 -9.707139 0.34778859 0.014199907 0.93746533 16.576169
184 0.91445146 -0.22710587 -0.33496486 -86.755886 0.20773611 0.97374617 -0.09308105 -9.794735 0.34730997 0.015533804 0.93762161 17.294838
185 0.91513847 -0.22814984 -0.33236914 -87.001036 0.20843584 0.97347684 -0.094325641 -9.8774496 0.34507401 0.017043379 0.93842061 17.98898
186 0.91525903 -0.22900805 -0.33144568 -87.243427 0.20911865 0.97326469 -0.095001148 -9.9616648 0.34434037 0.017639185 0.93867905 18.675665
187 0.91553262 -0.22969832 -0.33021011 -87.484918 0.20946499 0.97307948 -0.096128747 -10.042611 0.34340126 0.018841543 0.93899966 19.363637
188 0.91537152 -0.23032089 -0.33022306 -87.728262 0.21013073 0.97293709 -0.096117 -10.127184 0.34342398 0.018592751 0.93899631 20.056367
189 0.91511239 -0.23021128 -0.33101676 -87.982422 0.2096595 0.97294726 -0.097038679 -10.220325 0.34440122 0.019400487 0.93862198 20.772821
190 0.9148368 -0.23005276 -0.33188759 -88.235069 0.20915678 0.9729697 -0.097894744 -10.314545 0.34543749 0.020141173 0.93822549 21.490996
191 0.91496432 -0.23027711 -0.33138007 -88.48928 0.20933518 0.97291167 -0.098090003 -10.412041 0.34499139 0.020379344 0.93838447 22.216659
192 0.91409238 -0.23176134 -0.33274888 -88.747762 0.21053376 0.97255722 -0.099035214 -10.492774 0.34656983 0.020472459 0.93780063 22.961507
193 0.91285249 -0.23438564 -0.33431081 -89.030731 0.21243808 0.97190635 -0.10133162 -10.587626 0.34866944 0.021480466 0.93699947 23.759436
194 0.91108488 -0.23638169 -0.33770999 -89.321969 0.21366864 0.97140803 -0.10349947 -10.679741 0.35251954 0.022138764 0.93554243 24.569333
195 0.91072931 -0.23754891 -0.33785003 -89.610633 0.2135656 0.97104475 -0.10705983 -10.778579 0.35349941 0.025349378 0.9350911 25.369631
196 0.9101684 -0.238441 -0.33873201 -89.895322 0.21342662 0.97076179 -0.10986631 -10.890483 0.35502469 0.027702415 0.93444627 26.161279
197 0.90908128 -0.24032449 -0.34031658 -90.16673 0.21477333 0.97028153 -0.11147267 -10.989442 0.35699247 0.028246792 0.93367997 26.92886
198 0.90935298 -0.24212427 -0.33830904 -90.443814 0.21657306 0.96982533 -0.11195944 -11.088271 0.35520875 0.028542026 0.93435105 27.709655
199 0.90663689 -0.24395526 -0.3442316 -90.715435 0.21730398 0.96934883 -0.11463776 -11.181238 0.36164695 0.029131921 0.93185976 28.473119
200 0.9058052 -0.24496968 -0.34569755 -91.008098 0.21768821 0.96906338 -0.11630987 -11.280563 0.3634952 0.030099799 0.93110957 29.279267
201 0.90603985 -0.2456377 -0.34460689 -91.315407 0.21724104 0.96878929 -0.11938858 -11.401319 0.36317777 0.033308042 0.9311242 30.12329
202 0.90537926 -0.2453261 -0.34655952 -91.627391 0.21581956 0.96878546 -0.12196982 -11.523002 0.36566416 0.035634623 0.93006434 30.966356
203 0.90602328 -0.24587097 -0.34448409 -91.944108 0.21634329 0.96862203 -0.12233941 -11.653016 0.36375456 0.036315525 0.93078655 31.828202
204 0.90587541 -0.24710975 -0.34398623 -92.258775 0.2176263 0.96831452 -0.12249805 -11.778879 0.36335729 0.036107517 0.9309498 32.68761
205 0.90503741 -0.2481829 -0.34541647 -92.570276 0.21780043 0.96797764 -0.1248289 -11.906503 0.36533578 0.037742968 0.93011022 33.528632
206 0.90521945 -0.24906296 -0.34430421 -92.884724 0.21784895 0.9676541 -0.12722959 -12.035226 0.36485552 0.04016438 0.93019733 34.377724
207 0.90566688 -0.24982287 -0.34257269 -93.180703 0.21796566 0.96736468 -0.12921503 -12.160808 0.36367355 0.042356688 0.93056287 35.182689
208 0.90668674 -0.2503363 -0.33948623 -93.463658 0.21810088 0.96713871 -0.13067026 -12.290645 0.36104175 0.044434746 0.93149031 35.962659
209 0.90789761 -0.25038416 -0.33619891 -93.74843 0.21778393 0.96702029 -0.13206783 -12.418639 0.35817882 0.046685345 0.93248496 36.748393
210 0.90857538 -0.25048226 -0.33428943 -94.025895 0.21739079 0.96689307 -0.13363763 -12.546941 0.35669596 0.048748412 0.93294768 37.521772
211 0.90856234 -0.25107386 -0.3338808 -94.305431 0.21738672 0.96665507 -0.135355 -12.677287 0.35673164 0.0503972 0.93284643 38.305934
212 0.90698154 -0.25222616 -0.33729284 -94.592843 0.21754198 0.96629973 -0.13762377 -12.812206 0.36063826 0.05144686 0.9312857 39.106525
213 0.90453204 -0.25330885 -0.34301082 -94.882644 0.21733765 0.96597106 -0.14022926 -12.949988 0.3668598 0.052292693 0.92880523 39.898603
214 0.90263947 -0.25444128 -0.34713344 -95.17108 0.21687553 0.96555082 -0.1437936 -13.086968 0.37176197 0.054509026 0.92672628 40.670319
215 0.90115196 -0.2547063 -0.35078462 -95.450064 0.21573049 0.96536239 -0.14675082 -13.224333 0.3760126 0.056569846 0.92488603 41.40288
216 0.89982807 -0.25476514 -0.35412452 -95.725031 0.21476053 0.96527493 -0.14873538 -13.357049 0.37972007 0.057784294 0.92329488 42.10918
217 0.89590676 -0.25557572 -0.36336227 -96.006547 0.21457573 0.96515226 -0.1497944 -13.476352 0.38898369 0.056233082 0.91952668 42.821886
218 0.89358071 -0.25510498 -0.36937105 -96.320901 0.21279212 0.96522668 -0.15184515 -13.613432 0.39526321 0.057086643 0.91679218 43.593905
219 0.89092803 -0.2550009 -0.37579489 -96.658926 0.21069003 0.96512249 -0.15539714 -13.759272 0.40231447 0.059271425 0.91358073 44.412829
220 0.88876865 -0.25498689 -0.38088315 -96.989355 0.20843802 0.96492511 -0.15960295 -13.909223 0.40822033 0.062459561 0.91074407 45.197265
221 0.88788509 -0.25466585 -0.38315189 -97.305231 0.20680187 0.96486409 -0.16208101 -14.058934 0.41096596 0.064672776 0.90935373 45.942053
222 0.88702689 -0.25413032 -0.38548812 -97.61806 0.2050831 0.96487583 -0.1641814 -14.210474 0.4136716 0.066576209 0.90798855 46.670765
223 0.88651949 -0.25357233 -0.38701972 -97.922149 0.20371747 0.96492759 -0.1655715 -14.357612 0.41543032 0.067939675 0.90708414 47.376241
224 0.88650266 -0.25410187 -0.38671084 -98.239464 0.20386792 0.96472624 -0.16655672 -14.50599 0.41539243 0.068815031 0.90703551 48.117558
225 0.88677475 -0.25433265 -0.38593452 -98.554791 0.20347429 0.96454044 -0.16810691 -14.657101 0.41500449 0.070545204 0.90708017 48.860911
226 0.88578737 -0.25506828 -0.38771241 -98.878243 0.20344993 0.96428868 -0.16957433 -14.811333 0.41711968 0.071326733 0.90604827 49.615471
227 0.88528137 -0.25586664 -0.38834156 -99.206388 0.20365272 0.96401142 -0.17090214 -14.973051 0.41809381 0.072209655 0.90552919 50.378246
228 0.88391645 -0.25597672 -0.39136637 -99.522014 0.20264105 0.96389178 -0.17276931 -15.133047 0.4214597 0.073406735 0.9038711 51.098048
229 0.88210021 -0.25607676 -0.39537819 -99.833898 0.20145839 0.96378118 -0.17475792 -15.289701 0.42580946 0.074501736 0.90174031 51.799907
230 0.88093495 -0.25632628 -0.39780705 -100.14365 0.20062103 0.96361415 -0.17663226 -15.443439 0.42860795 0.075793067 0.90030574 52.492456
231 0.87961618 -0.25669054 -0.40048139 -100.47745 0.20022175 0.96348534 -0.17778422 -15.605301 0.43149343 0.076196785 0.89889224 53.234624
232 0.87774014 -0.25741515 -0.40411593 -100.81561 0.19961988 0.96320427 -0.17997061 -15.766693 0.43557331 0.07729785 0.89682815 53.983291
233 0.87469481 -0.25905473 -0.40963355 -101.15861 0.19977231 0.96274072 -0.18226715 -15.928462 0.44158802 0.077594686 0.89385618 54.735478
234 0.87186919 -0.26050163 -0.41470835 -101.50434 0.19946923 0.962264 -0.18509458 -16.096785 0.44727631 0.0786567 0.89093031 55.480225
235 0.87017707 -0.26167604 -0.4175135 -101.83854 0.19923609 0.96183081 -0.18758052 -16.263785 0.45066263 0.080044504 0.88909834 56.19017
236 0.86903974 -0.26243496 -0.41940176 -102.16547 0.19871226 0.96148658 -0.18988677 -16.43239 0.45308204 0.08167887 0.887719 56.883106
237 0.86807419 -0.26243834 -0.42139449 -102.49772 0.19805256 0.96144491 -0.19078486 -16.605934 0.45521681 0.082157146 0.88658201 57.575593
238 0.86730087 -0.26296163 -0.4226587 -102.82611 0.19782542 0.96122992 -0.19209927 -16.771926 0.45678689 0.082995224 0.88569596 58.263927
239 0.86587873 -0.26371634 -0.42509731 -103.15904 0.19774049 0.96098875 -0.19338902 -16.939626 0.45951353 0.08339248 0.88424703 58.954354
240 0.8625135 -0.26502736 -0.43108116 -103.50067 0.19744855 0.96061629 -0.19552596 -17.10875 0.46592327 0.083527425 0.8808737 59.653173
241 0.85743545 -0.26673733 -0.44006323 -103.85212 0.1967991 0.96013533 -0.19852013 -17.278606 0.47547294 0.083614144 0.87574765 60.353872
242 0.8516234 -0.26801013 -0.45045328 -104.22318 0.19548501 0.95978893 -0.2014716 -17.459328 0.48633645 0.083521062 0.86977059 61.065093
243 0.84441725 -0.26945485 -0.46298337 -104.61095 0.19363681 0.95937632 -0.20518737 -17.644304 0.49946396 0.083613117 0.8622902 61.778206
244 0.83804855 -0.27205112 -0.47293004 -105.00806 0.19320248 0.95862265 -0.20908231 -17.831714 0.51024247 0.083849862 0.85593318 62.489713
245 0.83158927 -0.27485398 -0.48261225 -105.39898 0.19291226 0.95780192 -0.21307354 -18.017083 0.52081099 0.084087844 0.84952042 63.172938
246 0.8286526 -0.27543916 -0.48730702 -105.79269 0.19465691 0.95802014 -0.21049011 -18.201101 0.52482711 0.079565489 0.84748194 63.857461
247 0.82509083 -0.27693413 -0.492476 -106.19468 0.19433081 0.95755749 -0.21288302 -18.385282 0.53052861 0.079944563 0.84388865 64.54386
248 0.81962449 -0.27845573 -0.50067765 -106.60537 0.19286125 0.95703398 -0.2165421 -18.570321 0.53946286 0.080921884 0.83811172 65.227368
249 0.8147544 -0.2799974 -0.50771718 -107.04466 0.19142598 0.95646743 -0.22028648 -18.769735 0.54729454 0.082289109 0.83288474 65.942958
250 0.80759062 -0.28180193 -0.51805895 -107.49243 0.18976353 0.95590069 -0.22415096 -18.971628 0.55837902 0.082713511 0.82545208 66.654006
251 0.80041825 -0.2836135 -0.52810416 -107.96579 0.18825781 0.95535204 -0.22773112 -19.185779 0.56911296 0.082860404 0.81807358 67.388464
252 0.79715154 -0.28450344 -0.53254785 -108.44108 0.18595353 0.95483544 -0.23175536 -19.407162 0.57443071 0.085714983 0.81405288 68.10695
253 0.79409822 -0.28558349 -0.53651664 -108.87375 0.18486265 0.9544005 -0.23440452 -19.609184 0.57899375 0.086958317 0.81068137 68.757434
254 0.78840757 -0.28687709 -0.54416454 -109.2899 0.18455765 0.95415859 -0.2356265 -19.802689 0.58681506 0.085339976 0.80521113 69.367919
255 0.7797656 -0.28828941 -0.55574709 -109.70016 0.18255952 0.95379733 -0.23862661 -19.992718 0.59886356 0.08461589 0.79636825 69.94954
256 0.77282171 -0.28986761 -0.56455591 -110.12284 0.18098203 0.95331693 -0.24172779 -20.19128 0.60826971 0.084637999 0.78920477 70.5357
257 0.76659923 -0.29113836 -0.57233214 -110.56103 0.1823814 0.95332147 -0.24065574 -20.396574 0.61568058 0.080103761 0.78391365 71.151342
258 0.76105487 -0.2926602 -0.57891753 -111.00314 0.18101414 0.95280652 -0.24370803 -20.604818 0.62291997 0.080682917 0.7781136 71.748991
259 0.7520545 -0.29449 -0.58965217 -111.44138 0.17755673 0.9520788 -0.24903724 -20.794744 0.63473424 0.082592858 0.76830375 72.347116
260 0.74582309 -0.29442449 -0.59754678 -111.95556 0.17736707 0.95241213 -0.24789523 -21.015197 0.64209716 0.07890086 0.76255209 73.001357
261 0.74414394 -0.29568705 -0.599015 -112.42763 0.17716355 0.95194802 -0.24981598 -21.210027 0.64409843 0.079775415 0.76077124 73.608944
262 0.74084494 -0.29650191 -0.60269013 -112.95458 0.17589815 0.9516217 -0.25194439 -21.435951 0.64823493 0.080639642 0.75715818 74.269432
263 0.73869995 -0.29852255 -0.60432332 -113.45585 0.17632813 0.95094005 -0.25420741 -21.643084 0.65056182 0.081223789 0.75509722 74.896221
264 0.73514913 -0.30053183 -0.60764824 -113.95161 0.17682379 0.95034123 -0.25609543 -21.853273 0.65443794 0.080821661 0.75178364 75.514539
265 0.73267656 -0.30215832 -0.60982408 -114.44305 0.17675604 0.94977493 -0.25823412 -22.069079 0.65722315 0.081411994 0.74928607 76.120769
266 0.73272914 -0.30413913 -0.60877533 -114.93159 0.1784621 0.94914221 -0.25938453 -22.284847 0.65670328 0.081415275 0.74974139 76.723928
267 0.73215094 -0.30573891 -0.60866964 -115.41253 0.17995661 0.94867474 -0.26006123 -22.502698 0.65694029 0.080869944 0.74959276 77.315377
268 0.73168304 -0.30774277 -0.60822226 -115.89185 0.18089501 0.94795593 -0.26202391 -22.715407 0.6572038 0.081694067 0.74927234 77.906285
269 0.73017698 -0.30828348 -0.60975641 -116.39475 0.18048931 0.94775313 -0.26303535 -22.945674 0.65898793 0.082007838 0.74766932 78.519878
270 0.72720628 -0.30912776 -0.61287117 -116.90108 0.17943785 0.94741738 -0.26495728 -23.174871 0.66255038 0.082706299 0.74443701 79.129037
271 0.72331862 -0.30983905 -0.617098 -117.40654 0.17835247 0.94718399 -0.26651994 -23.406204 0.66708356 0.08271788 0.7403763 79.732506
272 0.71788895 -0.31131409 -0.62267086 -117.90178 0.17771132 0.94675674 -0.2684592 -23.635097 0.6730929 0.082068229 0.73499017 80.313173
273 0.71374554 -0.31203552 -0.62705752 -118.40989 0.17665189 0.94653401 -0.26993973 -23.870784 0.67776199 0.081897377 0.73070603 80.901815
274 0.71020219 -0.312777 -0.63070073 -118.91529 0.17562349 0.94627475 -0.27151514 -24.110005 0.6817398 0.082064773 0.72697731 81.478988
275 0.70660775 -0.31362772 -0.63430525 -119.40077 0.17499537 0.94601875 -0.27280969 -24.340922 0.68562527 0.081768951 0.72334751 82.030011
276 0.70153012 -0.31514161 -0.63917233 -119.88278 0.17439827 0.94555569 -0.27479022 -24.567746 0.6909708 0.081303056 0.71829587 82.569184
277 0.69761909 -0.3162284 -0.64290529 -120.37026 0.17336689 0.94516468 -0.27678083 -24.798103 0.69517726 0.081629087 0.71418839 83.108701
278 0.69428538 -0.31735122 -0.64595357 -120.81246 0.1722639 0.94471989 -0.27897934 -25.007185 0.69877955 0.082416787 0.71057329 83.598114
279 0.69163706 -0.31836562 -0.64829123 -121.26197 0.17200986 0.94438631 -0.28026253 -25.216215 0.70146325 0.082327456 0.70793453 84.089703
280 0.68869538 -0.31926251 -0.65097629 -121.73786 0.17123112 0.94405624 -0.28184695 -25.435247 0.70454132 0.08263929 0.70483478 84.601842
281 0.68783812 -0.32042996 -0.65130897 -122.21925 0.17207024 0.94369191 -0.28255513 -25.657908 0.70517406 0.082281291 0.70424366 85.123455
282 0.68742283 -0.32172927 -0.65110686 -122.71782 0.1729452 0.94325034 -0.2834938 -25.889806 0.70536495 0.082274296 0.70405328 85.663239
283 0.68887462 -0.32245273 -0.64921183 -123.26968 0.17581655 0.94319392 -0.2819109 -26.141656 0.70323552 0.080059067 0.70643481 86.269921
284 0.69183009 -0.32593645 -0.64431092 -123.70188 0.181327 0.94215196 -0.28190457 -26.354602 0.6989217 0.078199091 0.71091008 86.772394
285 0.68998994 -0.3293431 -0.64455179 -124.11785 0.18321066 0.94095566 -0.28466873 -26.547348 0.70024827 0.078329791 0.70958904 87.237406
286 0.68900705 -0.33198956 -0.64424547 -124.53708 0.18493577 0.94002419 -0.28662392 -26.737248 0.70076241 0.078341857 0.70907996 87.700327
287 0.68849568 -0.33438613 -0.64355234 -124.96962 0.1869625 0.93920632 -0.28798699 -26.932963 0.70072721 0.077957638 0.70915709 88.187618
