4 0.99999036 -0.0011559301 -0.0042352625 -0.0052006374 0.0011456676 0.9999964 -0.0024247372 -0.012842136 0.0042380501 0.0024198617 0.99998809 0.34695326
5 0.99996562 0.00076146476 -0.0082575262 -0.012074434 -0.00075947186 0.99999968 0.00024447558 0.006073754 0.0082577098 -0.00023819581 0.99996588 0.24957087
6 0.99996099 -0.00052377252 -0.0088174395 -0.0075339501 0.0005059472 0.99999782 -0.0020237079 0.0061345109 0.0088184802 0.0020191678 0.99995908 0.21436964
7 0.99992228 -1.9365806e-05 -0.012467414 -0.0068558336 -8.2570407e-06 0.99999755 -0.0022155482 0.0087845435 0.012467426 0.002215479 0.99991982 0.22882354
8 0.99992519 -0.00090346548 -0.012197979 -0.0060108651 0.00086896391 0.99999561 -0.0028334696 0.0085809603 0.012200486 0.0028226581 0.99992159 0.21519924
9 0.99991266 -0.0018327146 -0.013088432 -0.0054765854 0.001790277 0.99999311 -0.0032533562 0.0079342679 0.013094304 0.0032296401 0.99990905 0.19817817
10 0.99982977 -0.0016941838 -0.018372956 -0.01000021 0.0016436375 0.99999482 -0.0027658769 0.005650515 0.018377547 0.0027352075 0.99982738 0.23027906
11 0.999708 -0.00076236774 -0.024152226 -0.016509036 0.00070764542 0.99999716 -0.0022741915 0.0053614628 0.024153891 0.0022564362 0.99970571 0.25025476
12 0.99962053 -0.00049433353 -0.027541855 -0.020825363 0.00043192699 0.99999733 -0.0022717831 0.0047951461 0.027542904 0.0022590249 0.99961807 0.25451853
13 0.99938153 -2.8566701e-05 -0.035164779 -0.029727559 -4.1637588e-05 0.99999801 -0.0019957038 0.0032692355 0.035164765 0.0019959337 0.99937954 0.28782705
14 0.99923223 0.0001259865 -0.039178159 -0.036914897 -0.00021797841 0.99999723 -0.0023437776 0.0016787363 0.039177755 0.0023505182 0.99922949 0.30410538
15 0.99915397 0.00012851311 -0.041125647 -0.040945801 -0.00023635476 0.99999655 -0.0026173968 0.00030663496 0.041125169 0.0026249026 0.99915055 0.31517995
16 0.99921914 -8.3922082e-05 -0.039510898 -0.040481113 -2.6447464e-05 0.9999961 -0.002792864 -9.5180844e-05 0.039510978 0.0027917282 0.99921524 0.32258985
17 0.99921079 9.0481465e-05 -0.039721462 -0.040475513 -0.00018456899 0.99999719 -0.0023650217 -0.0016954117 0.039721136 0.0023704865 0.99920799 0.33043424
18 0.99917167 0.00035857612 -0.040691985 -0.0444182 -0.00045343622 0.9999972 -0.0023219686 -0.0030679668 0.040691039 0.0023384964 0.99916904 0.34519671
19 0.99898918 0.00049217029 -0.044948567 -0.046612881 -0.00058699842 0.99999763 -0.0020965282 -0.0033581854 0.044947429 0.0021207938 0.9989871 0.34256224
20 0.99896952 0.00047679004 -0.045383556 -0.049772442 -0.00059115238 0.99999668 -0.0025065191 -0.0039407959 0.045382211 0.0025307648 0.99896649 0.34940137
21 0.99921552 0.00031106696 -0.03960102 -0.045277361 -0.00041161102 0.99999671 -0.0025307979 -0.0036486418 0.039600102 0.0025451127 0.99921237 0.34641346
22 0.99921529 0.00019384419 -0.039607542 -0.043045968 -0.00027742104 0.99999775 -0.0021046394 -0.0038940293 0.039607045 0.0021139758 0.9992131 0.3418367
23 0.99920778 0.00040477549 -0.039795148 -0.043638877 -0.00049458439 0.99999735 -0.0022469613 -0.0028742399 0.039794133 0.0022648632 0.99920533 0.34918191
24 0.99905383 0.00043679491 -0.043488641 -0.045074658 -0.00052629361 0.99999777 -0.0020465509 -0.0030428781 0.04348765 0.0020675023 0.99905183 0.3442155
25 0.99856811 0.0013280348 -0.053478628 -0.057636715 -0.0014188076 0.99999762 -0.001659437 -0.0018665074 0.053476297 0.0017329367 0.99856762 0.36331729
26 0.99830574 0.0013289815 -0.05817118 -0.064651406 -0.001469629 0.9999961 -0.0023751062 -0.0046156553 0.058167797 0.0024565722 0.9983038 0.36611246
27 0.99834207 0.001722947 -0.057533782 -0.069037206 -0.0018450966 0.99999616 -0.0020700387 -0.004644129 0.057529994 0.0021727622 0.99834141 0.39076942
28 0.99825468 0.0012170971 -0.059043232 -0.070839992 -0.0012892726 0.99999847 -0.0011843387 -0.0042004002 0.0590417 0.0012583945 0.99825472 0.39885495
29 0.99834892 0.00049632927 -0.057438597 -0.068391609 -0.00059866941 0.99999826 -0.0017645373 -0.0045727289 0.057437622 0.0017960106 0.99834748 0.4156707
30 0.99814699 0.0010680902 -0.06083944 -0.071507266 -0.0010991677 0.99999928 -0.00047734654 -0.0050095304 0.060838886 0.00054333476 0.99814745 0.4048846
31 0.99796246 0.0013342647 -0.063789821 -0.076524843 -0.0013748498 0.99999888 -0.00059234176 -0.0052609876 0.063788959 0.00067883626 0.99796318 0.40453303
32 0.99795264 0.0015321525 -0.063938872 -0.075276212 -0.0016067918 0.99999809 -0.0011159484 -0.0076162556 0.06393704 0.0012164002 0.99795319 0.39505271
33 0.99803219 0.0015663133 -0.062684151 -0.074237308 -0.0016558222 0.99999768 -0.0013760133 -0.0049950348 0.06268185 0.0014770994 0.99803247 0.38823506
34 0.99785383 0.0010369998 -0.065472527 -0.08007406 -0.0010493732 0.99999944 -0.00015459631 -0.0061204194 0.06547233 0.00022296964 0.99785436 0.40936239
35 0.99766138 0.00095409858 -0.068343645 -0.081562835 -0.00095095147 0.99999954 7.8582179e-05 -0.0047609178 0.068343689 -1.3406916e-05 0.99766184 0.43481622
36 0.99781671 0.00074442048 -0.066039824 -0.076842686 -0.00079371024 0.99999943 -0.00072013041 -0.0029800199 0.06603925 0.00077097464 0.99781673 0.44568358
37 0.99784691 -0.0013593139 -0.065572099 -0.071091247 0.0013418296 0.99999905 -0.00031068134 0.0089523825 0.065572459 0.00022202583 0.99784779 0.50909538
38 0.99802419 -0.0014386356 -0.062814414 -0.078993468 0.0015013945 0.99999842 0.00095192563 -0.007897487 0.062812945 -0.001044354 0.99802477 0.45115375
39 0.99823488 0.0012685653 -0.059375983 -0.065055664 -0.0013211445 0.99999877 -0.00084628171 -0.002720976 0.059374837 0.00092323218 0.99823533 0.47625443
40 0.99828322 0.00078019426 -0.05856623 -0.071520098 -0.00076143872 0.99999965 0.00034256077 -0.0072559677 0.058566477 -0.00029737808 0.99828347 0.52389998
41 0.99872103 0.00011912426 -0.050559821 -0.059106047 -0.00019710661 0.9999988 -0.0015373947 -0.0025564436 0.050559577 0.0015453941 0.99871985 0.46603524
42 0.99889206 0.0004551623 -0.047057827 -0.05055481 -0.00053019833 0.99999861 -0.0015820798 -0.0046810549 0.047057041 0.0016052769 0.99889091 0.46682944
43 0.99908498 0.00038963415 -0.042767318 -0.047596192 -0.0004641063 0.99999839 -0.0017314182 -0.0082799492 0.042766575 0.0017496825 0.99908356 0.48134348
44 0.9993996 -0.0003297685 -0.034645727 -0.037681738 0.0002769667 0.99999879 -0.0015288378 -0.0060562456 0.034646189 0.0015183242 0.99939849 0.44130943
45 0.99955036 -0.00067559433 -0.029976869 -0.034563568 0.00058798546 0.99999553 -0.0029312679 -0.0062792455 0.029978715 0.002912324 0.99954629 0.47579501
46 0.9997264 -0.0011209991 -0.023363625 -0.027336402 0.0010400858 0.99999342 -0.003475082 0.00011432373 0.023367367 0.0034498311 0.99972099 0.49880098
47 0.99979003 -0.0019752407 -0.020395754 -0.021772352 0.0019390111 0.99999651 -0.0017959556 0.0048878704 0.02039923 0.0017560309 0.99979037 0.50864778
48 0.99988997 -0.0016751169 -0.014738979 -0.012712389 0.0016449841 0.99999653 -0.0020563141 0.0056735829 0.014742372 0.0020318425 0.99988926 0.54904658
49 0.99996109 -0.0018184118 -0.008632041 -0.0028168148 0.001809922 0.99999787 -0.00099123788 0.0082330789 0.0086338251 0.00097557599 0.99996225 0.57364997
50 0.99999549 0.0026490574 -0.0014123037 -0.01680864 -0.0026581657 0.99997543 -0.0064868893 -0.016362593 0.0013950849 0.0064906142 0.99997796 0.64741124
51 0.99998339 0.00057052492 -0.0057358497 -0.014215536 -0.00058327688 0.99999736 -0.0022217768 -0.006564942 0.005734567 0.0022250855 0.99998108 0.67202908
52 0.99998623 -0.00025176776 -0.005241561 -0.010784926 0.00024693319 0.99999954 -0.00092297878 -0.0037431252 0.005241791 0.00092167176 0.99998584 0.68015481
53 0.9999937 -0.00062291897 -0.0034952387 -0.0066578433 0.00062158818 0.99999973 -0.00038181805 -0.0048843341 0.0034954756 0.00037964304 0.99999382 0.7003567
54 0.99999183 -0.0014415642 -0.0037752492 -0.0026237336 0.0014391561 0.99999876 -0.00064048883 -0.0085966955 0.0037761678 0.00063505042 0.99999267 0.71762249
55 0.99999827 0.0015500436 -0.001029001 -0.0069364809 -0.0015534455 0.9999933 -0.0033134883 -0.0078188527 0.0010238581 0.0033150811 0.99999398 0.72313667
56 0.99999997 0.00010758611 -0.00022411725 -3.073096e-05 -0.00010786098 0.99999924 -0.0012267984 -0.010175261 0.00022398509 0.0012268225 0.99999922 0.74536085
57 0.99999842 -0.00050573545 0.001701921 -0.0015941593 0.00050654402 0.99999976 -0.00047469673 -0.0084708994 -0.0017016805 0.00047555808 0.99999844 0.7434682
58 0.9999983 -0.00037048823 0.001808899 0.00068027764 0.00037140621 0.9999998 -0.00050717329 -0.0098347833 -0.0018087107 0.00050784426 0.99999824 0.74146487
59 0.99999538 -2.7593159e-05 0.0030383309 1.2496292e-05 3.1077863e-05 0.99999934 -0.0011468725 -0.018512086 -0.0030382973 0.0011469617 0.99999473 0.73766612
60 0.99999706 -0.00011405544 0.0024227346 -0.0010858598 0.00011623546 0.99999959 -0.00089969512 -0.018674184 -0.0024226309 0.00089997408 0.99999666 0.74298031
61 0.99999992 0.00018709123 -0.00036689153 -0.006415121 -0.0001873395 0.99999975 -0.00067676216 -0.018034728 0.00036676482 0.00067683084 0.9999997 0.75414683
62 0.9999998 0.000477048 0.0004183868 -0.0059831016 -0.00047651961 0.99999909 -0.0012621123 -0.018015519 -0.00041898851 0.0012619127 0.99999912 0.74505242
63 0.99999938 9.7534987e-05 0.0011131997 -0.0063893159 -9.6491236e-05 0.99999956 -0.00093762878 -0.019396635 -0.0011132907 0.00093752078 0.99999894 0.76951064
64 0.99999987 0.00026056466 -0.00044027726 -0.005659584 -0.00026099663 0.99999948 -0.00098136409 -0.01912979 0.00044002132 0.00098147887 0.99999942 0.77249933
65 0.99999928 -0.00094653913 0.00073306651 -0.0019281472 0.00094665477 0.99999954 -0.00015741426 -0.015306366 -0.00073291717 0.00015810811 0.99999972 0.75787843
66 0.99999888 -0.00028923132 0.0014689638 -0.0015521918 0.00029085595 0.99999935 -0.0011058737 -0.01907765 -0.001468643 0.0011062997 0.99999831 0.7446106
67 0.99999905 -0.00029087573 -0.0013437099 -0.0027028794 0.00028874056 0.9999987 -0.0015889333 -0.012474665 0.0013441703 0.0015885438 0.99999783 0.76381179
68 0.99999721 -0.00038456954 -0.002332817 -0.0034733034 0.00037982682 0.99999786 -0.0020331469 -0.009465335 0.0023335939 0.0020322552 0.99999521 0.7704708
69 0.99999952 -0.00010354088 -0.00097696402 -0.0025709391 0.00010190833 0.9999986 -0.0016709445 -0.010721171 0.00097713567 0.0016708441 0.99999813 0.77536437
70 0.99999811 0.00022024398 -0.0019298581 -0.0028353332 -0.00022328778 0.99999873 -0.0015771422 -0.012820788 0.0019295083 0.0015775702 0.99999689 0.77890999
71 0.99999858 -0.00094437336 -0.0013923014 -0.0031394746 0.00094399164 0.99999952 -0.00027479479 -0.017153269 0.0013925602 0.00027348008 0.99999899 0.80863695
72 0.99999982 -0.00051076742 0.00031367048 -0.0012878523 0.00051142479 0.99999767 -0.0020992162 -0.020599579 -0.00031259754 0.0020993763 0.99999775 0.83579476
73 0.99999836 0.00061996713 -0.0016999255 -0.0059059205 -0.00062454425 0.99999618 -0.0026933344 -0.029052037 0.0016982492 0.0026943917 0.99999493 0.83444918
74 0.9999978 0.0010623089 -0.0018061925 -0.0061202539 -0.0010668967 0.9999962 -0.0025409671 -0.027426147 0.0018034864 0.0025428886 0.99999514 0.79689991
75 0.99999905 0.00095570712 0.00099205424 -0.0022993953 -0.00095373231 0.99999757 -0.0019891994 -0.020321341 -0.00099395292 0.0019882513 0.99999753 0.77114071
76 0.99999745 0.00050514353 0.0022025093 -0.0022372764 -0.00050288289 0.99999935 -0.0010268258 -0.016903331 -0.0022030266 0.0010257156 0.99999705 0.76971234
77 0.99999959 0.00063057512 0.00065071452 -0.0049030345 -0.00062975905 0.99999902 -0.0012535641 -0.018282253 -0.00065150435 0.0012531538 0.999999 0.7913994
78 0.99999958 0.00076866002 -0.00049600065 -0.0073725504 -0.0007691635 0.99999919 -0.0010156817 -0.019680361 0.00049521953 0.0010160628 0.99999936 0.80989824
79 0.99999567 0.00059406726 -0.0028807304 -0.0084325748 -0.00059727395 0.9999992 -0.0011124182 -0.0198213 0.0028800672 0.001114134 0.99999523 0.82810424
80 0.99999836 0.0006463989 -0.0016928196 -0.0078373097 -0.00064867426 0.99999889 -0.0013439178 -0.017562259 0.001691949 0.0013450136 0.99999766 0.84835205
81 0.99999478 0.00013002879 -0.0032299251 -0.0092836506 -0.00013299445 0.99999957 -0.00091798433 -0.017207636 0.0032298044 0.00091840909 0.99999436 0.85943981
82 0.99999234 -0.00035819405 -0.0038986341 -0.0084760208 0.0003545675 0.9999995 -0.00093086338 -0.017932929 0.0038989656 0.00092947392 0.99999197 0.86090646
83 0.99999914 -0.00028295216 -0.0012827717 -0.0066338808 0.0002809445 0.99999874 -0.0015650116 -0.021594445 0.0012832129 0.0015646499 0.99999795 0.84593535
84 0.99999988 -0.00013313385 0.00047746138 -0.0053031126 0.0001340335 0.99999821 -0.001884714 -0.020617291 -0.00047720961 0.0018847777 0.99999811 0.82601635
85 0.99999991 0.00035153195 0.00025513893 -0.0080891811 -0.00035102515 0.99999797 -0.0019836882 -0.023416 -0.00025583574 0.0019835984 0.999998 0.81958228
86 0.99999971 0.00042737974 -0.00063725434 -0.0076090192 -0.00042854693 0.99999823 -0.0018325725 -0.023346029 0.00063647001 0.0018328451 0.99999812 0.82285979
87 0.99999976 0.00061278519 -0.00033361788 -0.0073400798 -0.00061332367 0.99999851 -0.0016163524 -0.022567678 0.0003326269 0.0016165567 0.99999864 0.81358243
88 0.99999974 0.00070257691 -0.00016222265 -0.0079599405 -0.0007027775 0.99999898 -0.0012397908 -0.021794169 0.00016135144 0.0012399045 0.99999922 0.80285181
89 0.99999978 0.00061742601 0.00022237217 -0.0053444339 -0.00061707667 0.99999858 -0.0015675968 -0.021193151 -0.00022333973 0.0015674593 0.99999875 0.7808833
90 0.99999963 0.00065921565 0.00056038473 -0.0060833576 -0.00065845037 0.99999885 -0.0013647103 -0.018551838 -0.00056128372 0.0013643408 0.99999891 0.77146912
91 0.99999998 7.8176818e-05 0.0001719906 -0.0047827551 -7.8029534e-05 0.99999963 -0.00085619155 -0.017961034 -0.00017205747 0.00085617812 0.99999962 0.77254408
92 0.99999976 -2.1250985e-05 -0.00068708593 -0.004223907 2.0551153e-05 0.99999948 -0.0010185432 -0.015841632 0.00068710722 0.0010185289 0.99999925 0.76927775
93 0.99999714 -0.00039091079 -0.0023583097 -0.0029483072 0.00038785619 0.99999909 -0.0012955673 -0.012010852 0.002358814 0.0012946489 0.99999638 0.78395617
94 0.99999882 -0.00031220462 -0.0015068994 -0.0023442182 0.00030968564 0.99999855 -0.0016715737 -0.0147162 0.0015074191 0.0016711051 0.99999747 0.7886897
95 0.99999927 -0.00073900171 0.00095621682 -0.00097737604 0.00074029636 0.99999881 -0.0013542817 -0.012617888 -0.00095521486 0.0013549886 0.99999863 0.80309275
96 0.99999546 -0.0010830751 -0.0028103975 -0.0038580652 0.0010800595 0.99999884 -0.0010742969 -0.016802623 0.0028115577 0.0010712566 0.99999547 0.82196153
97 0.99999825 0.00011062762 -0.0018692471 -0.007262892 -0.00011423073 0.99999814 -0.001927576 -0.025107896 0.0018690304 0.0019277861 0.9999964 0.81664257
98 0.99999304 0.00024537083 -0.0037215503 -0.008044708 -0.00025292012 0.99999791 -0.0020281977 -0.022009276 0.0037210449 0.0020291249 0.99999102 0.79748375
99 0.9999966 0.00028222913 -0.0025920249 -0.0084059125 -0.00028665138 0.9999985 -0.0017058853 -0.019255587 0.0025915396 0.0017066226 0.99999519 0.78005482
100 0.99999972 -0.00014068376 -0.00074115922 -0.0041469652 0.00013976353 0.99999922 -0.0012415156 -0.01443146 0.00074133331 0.0012414116 0.99999895 0.77581899
101 0.99999975 0.00012760721 -0.00069083039 -0.0050644255 -0.00012854333 0.99999907 -0.0013551989 -0.016875126 0.00069065681 0.0013552874 0.99999884 0.76104729
102 0.99999698 0.0015081859 0.001941273 -0.01330084 -0.0015074035 0.99999878 -0.00040444006 -0.018416907 -0.0019418806 0.00040151256 0.99999803 0.79813533
103 0.9999984 0.0010336622 -0.0014577644 -0.010919122 -0.0010351888 0.99999892 -0.0010468299 -0.020535435 0.0014566808 0.0010483373 0.99999839 0.81275388
104 0.99999876 0.0014184 -0.00069092647 -0.010438898 -0.0014195788 0.99999753 -0.0017086817 -0.020884801 0.00068850117 0.0017096604 0.9999983 0.80190715
105 0.99998968 0.0008815248 -0.0044567842 -0.012875942 -0.0008881851 0.99999849 -0.0014926592 -0.021837977 0.0044554617 0.0014966023 0.99998895 0.83610179
106 0.99999333 -0.00055503397 -0.0036096599 -0.0051490073 0.00055117504 0.99999928 -0.0010699643 -0.017213024 0.0036102511 0.0010679676 0.99999291 0.81671751
107 0.99999772 -0.00034705702 -0.0021082569 -0.0041236858 0.00034341986 0.99999845 -0.0017253114 -0.016610236 0.0021088524 0.0017245835 0.99999629 0.80987126
108 0.9999971 -0.0005116093 -0.0023530896 -0.0041494781 0.00050666969 0.99999767 -0.0020993197 -0.01888162 0.0023541582 0.0020981214 0.99999503 0.81996089
109 0.99999886 -8.8579707e-05 -0.0015078979 -0.0043483877 8.559641e-05 0.99999804 -0.0019783972 -0.017894276 0.0015080702 0.0019782658 0.99999691 0.80422108
110 0.99999943 -0.00025874957 -0.0010335457 -0.0052182173 0.00025770373 0.99999945 -0.0010118976 -0.019750753 0.001033807 0.0010116307 0.99999895 0.79283437
111 0.99999984 0.00044740527 -0.0003554252 -0.0047826868 -0.00044822813 0.99999721 -0.0023184357 -0.020038049 0.00035438693 0.0023185946 0.99999725 0.7414905
112 0.9999996 0.00019008266 -0.00087678163 -0.0055525731 -0.0001911627 0.99999922 -0.0012318982 -0.019543708 0.00087654678 0.0012320653 0.99999886 0.69888383
113 0.99999946 0.00016181281 0.0010309111 -0.0038906142 -0.00016090108 0.9999996 -0.00088441727 -0.01764525 -0.0010310538 0.00088425092 0.99999908 0.69196023
114 0.99999858 -0.00033707121 0.0016481448 -0.0014423348 0.00033817357 0.99999972 -0.00066861786 -0.014676547 -0.001647919 0.00066917427 0.99999842 0.69151748
115 0.99999964 -0.00022866866 0.00081178078 -0.0023804195 0.00022927646 0.99999969 -0.00074870177 -0.018319397 -0.00081160932 0.00074888763 0.99999939 0.69752081
116 0.99999502 0.00034607192 0.0031369951 -0.0036719477 -0.00034209897 0.99999914 -0.0012669314 -0.021545647 -0.0031374308 0.0012658519 0.99999428 0.75603613
117 0.99998885 0.00041601293 0.0047045763 -0.0016739616 -0.00040929669 0.9999989 -0.0014284692 -0.021421352 -0.0047051654 0.0014265277 0.99998791 0.75399561
118 0.99999262 -0.0003678018 0.0038250422 -0.00054302823 0.00036840189 0.99999992 -0.00015618075 -0.019365086 -0.0038249844 0.00015758875 0.99999267 0.72701109
119 0.99998021 -0.0014328926 0.0061254301 0.0063068627 0.0014274115 0.99999858 0.00089908516 -0.021157599 -0.0061267097 -0.00089032386 0.99998084 0.70526199
120 0.99997197 -0.0017331994 0.0072833951 0.0091257478 0.00173826 0.99999825 -0.0006885406 -0.01821966 -0.007282189 0.00070118174 0.99997324 0.62573573
121 0.99993895 -0.0010178783 0.011003179 0.010282312 0.0010360742 0.99999811 -0.0016481149 -0.017706118 -0.011001481 0.0016594144 0.9999381 0.5856186
122 0.99990445 -0.0010481553 0.013783462 0.013190672 0.0010843863 0.99999598 -0.0026213741 -0.014511009 -0.013780659 0.0026360702 0.99990157 0.54901981
123 0.9998411 -0.00020367388 0.017824966 0.014024448 0.00027225004 0.99999257 -0.003844855 -0.0084639058 -0.01782405 0.0038490969 0.99983373 0.52462241
124 0.99969512 -0.00096172992 0.024672725 0.026498733 0.001027939 0.9999959 -0.0026709484 -0.0082799776 -0.024670055 0.0026954961 0.99969201 0.56642019
125 0.99956621 -0.0015552207 0.029410453 0.031856254 0.0016230937 0.99999607 -0.0022840547 -0.0075744357 -0.029406785 0.0023307998 0.99956481 0.56961771
126 0.99939639 -0.0023187738 0.034662351 0.04463481 0.0023456921 0.99999698 -0.00073593794 -0.010926981 -0.03466054 0.00081680092 0.99939881 0.50825846
127 0.99931883 -0.0014335581 0.03687574 0.042143639 0.001500412 0.99999728 -0.0017853417 -0.01206102 -0.03687308 0.0018394544 0.99931826 0.50369167
128 0.99926485 -0.00079203032 0.038329237 0.038963842 0.00089919204 0.99999574 -0.0027786636 -0.0081012603 -0.038326873 0.0028110862 0.9992613 0.47903697
129 0.99922783 -0.0027976672 0.039190881 0.051231961 0.0029031394 0.99999232 -0.002634591 -0.0058268106 -0.039183209 0.0027463332 0.99922827 0.44621626
130 0.99902777 -0.003592666 0.04393866 0.060077961 0.0036760633 0.99999159 -0.0018173853 -0.0032027759 -0.043931761 0.0019771397 0.99903258 0.46841582
131 0.9989623 -0.0037167245 0.04539284 0.066588983 0.0038164488 0.99999049 -0.0021104507 -0.0013708894 -0.045384564 0.0022815001 0.99896698 0.43344568
132 0.99877604 -0.0038825672 0.049308733 0.070497265 0.0040281437 0.99998782 -0.0028533168 -0.0013811934 -0.049297054 0.0030484472 0.99877951 0.42269317
133 0.99864646 -0.0043558598 0.051829342 0.074034506 0.0044904573 0.99998684 -0.0024807712 -0.004065253 -0.051817854 0.0027101508 0.99865288 0.47543524
134 0.9986604 -0.0039421811 0.051593206 0.07193956 0.0040935475 0.99998762 -0.0028285029 -0.0026803718 -0.051581417 0.0030359131 0.99866418 0.46219275
135 0.99862499 -0.0043230405 0.052243968 0.07196549 0.0044401246 0.99998788 -0.0021252464 -0.0049852819 -0.052234148 0.0023542939 0.99863209 0.47476313
136 0.99870907 -0.0049988726 0.050548959 0.075142394 0.0050743933 0.99998619 -0.0013657851 -0.0066901071 -0.050541434 0.0016205272 0.99872065 0.49199302
137 0.99884339 -0.004041551 0.047911794 0.07020228 0.0041633718 0.99998835 -0.0024430836 -0.0060311012 -0.047901362 0.0026397326 0.99884858 0.45169192
138 0.99870998 -0.0031810263 0.050677913 0.066722059 0.0033421289 0.99998963 -0.003094528 -0.0093926036 -0.050667543 0.0032599081 0.99871025 0.47792517
139 0.99866708 -0.0023918892 0.051559071 0.057143732 0.0025527448 0.99999208 -0.0030542037 -0.0099983104 -0.051551357 0.0031817498 0.99866528 0.45302569
140 0.99849762 -0.0012552466 0.054780659 0.059336895 0.0014278894 0.99999414 -0.003112503 -0.0113987 -0.054776431 0.0031860476 0.99849356 0.41171407
141 0.99839413 -0.002521441 0.056593335 0.07026742 0.0026171121 0.99999527 -0.0016164493 -0.011896339 -0.056588991 0.0017619646 0.998396 0.50200665
142 0.99858798 -0.0026148384 0.053058526 0.063500932 0.0026994303 0.9999952 -0.0015227102 -0.012462248 -0.053054289 0.0016637879 0.99859024 0.46682033
143 0.99850715 -0.0022644917 0.054574129 0.064131469 0.0023420469 0.99999634 -0.001357186 -0.012676641 -0.054570856 0.0014829751 0.9985088 0.58928676
144 0.99831165 -0.0018097166 0.058056717 0.062356374 0.0019125271 0.9999967 -0.0017153472 -0.013344766 -0.058053421 0.0018234862 0.99831181 0.63639219
145 0.99854538 -0.00040203763 0.053916242 0.051434008 0.0005192086 0.99999753 -0.0021592142 -0.0094376087 -0.053915241 0.0021840672 0.99854313 0.58744228
146 0.99893308 0.00010115527 0.046181091 0.042421747 -1.1794607e-05 0.99999813 -0.0019352738 -0.0069477872 -0.0461812 0.0019326643 0.99893121 0.58489942
147 0.99891394 0.00071032483 0.046587942 0.043739002 -0.00058210447 0.99999601 -0.0027657311 -0.00373287 -0.04658972 0.0027356083 0.99891036 0.51854331
148 0.99914441 -0.00011164399 0.041357396 0.044387065 0.00019032658 0.99999818 -0.0018985709 -0.004793479 -0.041357109 0.0019048179 0.99914261 0.53244955
149 0.99934141 -0.00098104994 0.036273673 0.042515446 0.0010324546 0.99999849 -0.0013984288 -0.0058571715 -0.036272246 0.0014349587 0.99934092 0.56104516
150 0.99947831 -0.00026461336 0.032296247 0.034105809 0.00032820069 0.99999802 -0.0019635914 -0.0062942128 -0.032295664 0.0019731667 0.99947641 0.5722326
151 0.9995671 0.00026911101 0.02941992 0.02642282 -0.00019781091 0.99999704 -0.002426415 -0.0096328905 -0.029420486 0.002419545 0.9995642 0.5889858
152 0.99963498 5.8501167e-05 0.027016698 0.024989262 2.720954e-06 0.99999743 -0.0022660422 -0.0075601942 -0.027016761 0.0022652886 0.99963241 0.59033647
153 0.99966313 -0.0003072662 0.025952454 0.024403297 0.00035308762 0.99999839 -0.0017610268 -0.0037339674 -0.025951871 0.001769597 0.99966163 0.59093969
154 0.99977649 -0.0013843689 0.021096057 0.027363556 0.0013848078 0.99999904 -6.194395e-06 -0.007454118 -0.021096028 3.5406994e-05 0.99977745 0.64308137
155 0.99989345 -0.001158851 0.014551566 0.018116836 0.0011711689 0.99999896 -0.00083800753 -0.011008405 -0.01455058 0.00085496058 0.99989377 0.67642286
156 0.99993276 -0.0010488759 0.011548985 0.013235006 0.0010603484 0.99999895 -0.00098730324 -0.014387193 -0.011547937 0.0009994828 0.99993282 0.68177469
157 0.99994339 -0.00067572062 0.010618795 0.0091833325 0.0006900766 0.99999885 -0.001348335 -0.018422569 -0.010617871 0.0013555864 0.99994271 0.69608799
158 0.99988522 -0.0006201477 0.0151381 0.013985449 0.00064841993 0.99999805 -0.0018627839 -0.016750792 -0.015136915 0.0018723859 0.99988368 0.66906935
159 0.99987009 -0.0012132553 0.016072825 0.018167732 0.0012350424 0.99999833 -0.0013456624 -0.015388128 -0.016071166 0.0013653382 0.99986992 0.65291573
160 0.99982396 -0.0012810931 0.018719339 0.021336437 0.0013139898 0.99999761 -0.0017451682 -0.015092282 -0.018717059 0.0017694579 0.99982325 0.6319205
161 0.99979881 -0.0015805187 0.019996175 0.023707958 0.0016129097 0.99999741 -0.0016038348 -0.0099991729 -0.019993589 0.0016357641 0.99979877 0.63407859
162 0.99990836 -0.0020718153 0.013378259 0.020043033 0.0020825223 0.99999752 -0.00078644692 -0.0091749282 -0.013376596 0.00081423538 0.9999102 0.69344771
163 0.99997406 -0.0019020265 0.0069469848 0.011221815 0.0019071627 0.99999791 -0.00073279092 -0.0066630694 -0.0069455765 0.00074602094 0.9999756 0.73280963
164 0.99999754 -0.0009449038 0.0020045998 0.0018995074 0.00094664884 0.99999917 -0.00086974695 -0.011916133 -0.0020037764 0.00087164247 0.99999761 0.77152748
165 0.99999829 -0.000262587 0.0018279705 0.0004853273 0.00026536079 0.99999881 -0.0015173365 -0.015443462 -0.0018275699 0.001517819 0.99999718 0.76052518
166 0.99999557 -4.3902184e-05 0.0029771882 0.00053752327 4.7312987e-05 0.99999934 -0.0011455851 -0.016436826 -0.0029771359 0.0011457209 0.99999491 0.75580809
167 0.99999563 -0.00031946866 0.0029397185 -0.0002644978 0.00032209557 0.99999955 -0.00089316352 -0.018154156 -0.0029394319 0.00089410649 0.99999528 0.76212989
168 0.99999461 -0.00068228747 0.0032114169 0.0019539865 0.00068514544 0.99999937 -0.00088892383 -0.017761894 -0.0032108084 0.00089111933 0.99999445 0.76135883
169 0.99999146 -0.00085691755 0.0040437761 0.0024842219 0.00086119871 0.99999907 -0.0010570814 -0.019631539 -0.0040428665 0.0010605549 0.99999127 0.74911219
170 0.99998234 -0.0014612928 0.0057606745 0.0068772207 0.0014625999 0.99999891 -0.00022269356 -0.021682483 -0.0057603427 0.00023111519 0.99998338 0.74090747
171 0.99997499 -0.00044190286 0.0070588867 0.0054235653 0.0004549082 0.9999982 -0.0018409079 -0.01921715 -0.0070580605 0.001844073 0.99997339 0.71060836
172 0.99997632 -0.0003493061 0.006873277 0.0052978283 0.00036290994 0.99999798 -0.0019780883 -0.016185298 -0.0068725722 0.0019805358 0.99997442 0.70819003
173 0.99997671 -0.00021858213 0.0068212565 0.0048480968 0.00023296449 0.99999775 -0.0021077393 -0.014920385 -0.0068207804 0.0021092793 0.99997451 0.71198201
174 0.99997101 -0.00069444399 0.0075833043 0.005448605 0.00070816902 0.99999812 -0.0018073666 -0.011652888 -0.0075820349 0.0018126845 0.99996961 0.71341466
175 0.99998049 -0.00031164241 0.006238619 0.0038737136 0.00031928963 0.9999992 -0.0012248283 -0.014765667 -0.0062382323 0.0012267963 0.99997979 0.72955268
176 0.99998978 3.1163647e-05 0.0045202802 -0.0026749164 -2.750889e-05 0.99999967 -0.00080858429 -0.018858438 -0.004520304 0.00080845168 0.99998946 0.75309987
177 0.99999966 -0.00037680344 0.00073427605 -0.0064531643 0.00037718814 0.99999979 -0.00052383943 -0.021479239 -0.00073407851 0.00052411622 0.99999959 0.76605114
178 0.99999988 0.00034813154 0.00034291689 -0.0067181146 -0.0003477436 0.9999993 -0.0011307004 -0.021159299 -0.00034331028 0.001130581 0.9999993 0.77481683
179 0.99999823 0.00040575929 -0.0018399009 -0.0085492125 -0.0004075874 0.99999942 -0.0009933243 -0.02579935 0.0018394967 0.00099407246 0.99999781 0.7633799
180 0.99999883 0.00054496483 -0.0014288955 -0.0062599537 -0.00054616633 0.9999995 -0.00084060803 -0.022711612 0.0014284367 0.00084138746 0.99999863 0.74420638
181 0.99999982 0.00015000923 -0.00058763972 -0.00239726 -0.00015053084 0.99999959 -0.0008876911 -0.014764138 0.00058750632 0.0008877794 0.99999943 0.74740055
182 0.99999954 -1.0415816e-06 0.00095681372 -0.0010606815 2.0015968e-06 0.9999995 -0.0010033456 -0.015056254 -0.00095681219 0.0010033471 0.99999904 0.74303663
183 0.99999993 -7.4277844e-05 0.00037411013 -0.0029224003 7.4592924e-05 0.99999964 -0.00084226827 -0.017818292 -0.00037404744 0.00084229611 0.99999958 0.76289094
184 0.99999982 -0.00030280533 0.00051555235 -0.0012109339 0.00030359642 0.99999878 -0.0015350747 -0.017441126 -0.00051508689 0.001535231 0.99999869 0.76732175
185 0.99999702 -0.00048632358 0.0023926148 -0.00027886481 0.00049060461 0.99999828 -0.0017890067 -0.014085263 -0.0023917407 0.0017901752 0.99999554 0.74065828
186 0.99999949 -0.00062399783 0.00079347703 -0.0024168736 0.00062468325 0.99999943 -0.00086387389 -0.014976767 -0.00079293753 0.00086436912 0.99999931 0.73290655
187 0.99999946 -0.00025648477 0.001005457 -0.0010571021 0.00025786691 0.99999902 -0.0013747514 -0.011343235 -0.0010051034 0.00137501 0.99999855 0.73351649
188 0.99999977 -0.00068524363 -1.0544113e-05 -0.0026208038 0.00068524378 0.99999977 1.4342082e-05 -0.013348248 1.0534283e-05 -1.4349304e-05 1 0.73895801
189 0.99999938 0.00037986649 -0.0010487589 -0.0061746999 -0.00038062264 0.99999967 -0.00072088961 -0.018761887 0.0010484847 0.00072128835 0.99999919 0.76562909
190 0.9999993 0.00040485615 -0.0011129366 -0.0036142125 -0.00040556873 0.99999971 -0.00064012478 -0.01957557 0.0011126772 0.0006405757 0.99999918 0.76686872
191 0.99999988 -0.0001351104 0.00047837111 -0.0022823929 0.00013525561 0.99999994 -0.00030353377 -0.021762926 -0.00047833007 0.00030359843 0.99999984 0.77474976
192 0.99999766 -0.0014000845 -0.0016516967 0.0035638696 0.0013990683 0.99999883 -0.00061629994 -0.0038438643 0.0016525577 0.00061398766 0.99999845 0.79252813
193 0.99999521 -0.002186538 -0.0021888785 -0.0020912416 0.0021824072 0.99999584 -0.0018877878 -0.010332574 0.0021929971 0.0018830017 0.99999582 0.85185001
194 0.99999027 -0.0016984413 -0.0040715092 -0.0030395442 0.0016929918 0.99999767 -0.0013415308 -0.0038683598 0.0040737782 0.0013346247 0.99999081 0.86557129
195 0.99999945 -9.2455005e-06 -0.0010474287 -0.0019953127 5.6470583e-06 0.9999941 -0.0034354519 -0.010058805 0.0010474542 0.0034354441 0.99999355 0.85642768
196 0.99999867 -4.1084493e-05 -0.001630559 -0.003326311 3.6955746e-05 0.99999679 -0.0025320545 -0.020969023 0.0016306578 0.0025319909 0.99999546 0.84842602
197 0.99999657 -0.0016235309 -0.0020571244 0.0043627228 0.0016210588 0.99999796 -0.0012027945 -0.010086674 0.0020590729 0.0011994556 0.99999716 0.8200694
198 0.99999675 -0.0016287274 0.0019600436 0.0056209118 0.001630564 0.99999823 -0.00093580842 -0.0072469291 -0.001958516 0.00093900136 0.99999764 0.83432563
199 0.99997532 -0.0015586763 -0.0068506755 0.0040551978 0.0015502536 0.99999804 -0.0012346094 -0.002604956 0.0068525864 0.0012239586 0.99997577 0.81564463
200 0.99999787 -0.00063171427 -0.0019637438 0.0046182996 0.00062919139 0.99999898 -0.0012850848 -0.0013988675 0.0019645536 0.0012838465 0.99999725 0.86334758
201 0.99999982 0.00050142191 0.00032304293 0.0021489728 -0.00050036933 0.99999459 -0.0032502003 -0.016334363 -0.00032467091 0.0032500381 0.99999467 0.90615828
202 0.99999568 0.0011264487 -0.0027148227 -0.002921445 -0.0011320331 0.99999724 -0.0020563514 -0.013169253 0.0027124989 0.0020594158 0.9999942 0.90703888
203 0.99999783 -0.0002796024 0.0020633639 0.00033783274 0.00028133915 0.99999961 -0.00084146609 -0.017545548 -0.0020631278 0.00084204477 0.99999752 0.92719173
204 0.99999909 -0.0012645543 0.00047613664 0.00028866715 0.001264683 0.99999916 -0.0002701481 -0.013336201 -0.00047579463 0.00027075002 0.99999985 0.92372146
205 0.99999768 -0.00045119846 -0.0021079389 -0.0043643524 0.0004471221 0.99999803 -0.0019338844 -0.01623757 0.0021088073 0.0019329374 0.99999591 0.90573455
206 0.99999987 1.7671762e-05 0.00051558848 -0.0024190173 -1.6332945e-05 0.99999663 -0.0025965653 -0.014512864 -0.00051563263 0.0025965565 0.9999965 0.91443368
207 0.99999919 4.8940982e-05 0.0012682541 -0.001587957 -4.5975959e-05 0.99999727 -0.0023378017 -0.015471823 -0.001268365 0.0023377415 0.99999646 0.86666054
208 0.99999601 0.00024148168 0.002815399 -0.00090879665 -0.00023545845 0.99999768 -0.0021395227 -0.021873771 -0.0028159091 0.0021388512 0.99999375 0.83952163
209 0.99999512 0.00074333696 0.0030348701 -0.002431652 -0.00073687324 0.99999746 -0.0021303807 -0.017585527 -0.003036446 0.002128134 0.99999313 0.84530477
210 0.99999859 0.00062217777 0.0015574693 -0.0028438534 -0.00061910204 0.99999786 -0.0019745282 -0.018492305 -0.0015586944 0.0019735612 0.99999684 0.83139198
211 1 -1.1366116e-06 -3.8187308e-05 -0.0026082485 1.0691022e-06 0.99999844 -0.0017678051 -0.017785335 3.8189258e-05 0.0017678051 0.99999844 0.84244738
212 0.99999111 -0.00074973565 -0.0041500155 -0.0048646399 0.00074386862 0.99999872 -0.0014150992 -0.017911576 0.0041510712 0.0014119995 0.99999039 0.86105242
213 0.99997763 -0.00074843591 -0.0066474538 -0.0071635638 0.00074045433 0.999999 -0.0012030773 -0.019292602 0.0066483476 0.0011981283 0.99997718 0.85436083
214 0.99998609 -0.0003025662 -0.0052663961 -0.0075592993 0.00028936396 0.99999681 -0.0025074648 -0.018900179 0.005267138 0.002505906 0.99998299 0.83491926
215 0.9999892 0.00048604673 -0.0046211802 -0.0092751892 -0.00049541651 0.99999782 -0.0020266429 -0.021717056 0.0046201851 0.0020289104 0.99998727 0.79548065
216 0.99999178 0.00038476116 -0.0040361792 -0.01083973 -0.00038942642 0.99999926 -0.0011551374 -0.018128041 0.0040357318 0.0011566997 0.99999119 0.76917751
217 0.99994939 -0.0013447567 -0.0099706816 -0.0083091348 0.0013559253 0.99999846 0.00111347 -0.0022560773 0.0099691689 -0.0011269331 0.99994967 0.77547412
218 0.99997599 0.00076973077 -0.0068870241 -0.01074278 -0.00077386301 0.99999952 -0.00059735859 -0.0085491176 0.006886561 0.00060267386 0.99997611 0.84465001
219 0.99996941 0.00093439578 -0.0077654206 -0.0093958081 -0.00094974419 0.9999976 -0.0019730543 -0.0077872087 0.0077635584 0.0019803691 0.9999679 0.89778528
220 0.99997769 0.001253531 -0.0065606292 -0.0103911 -0.001272774 0.9999949 -0.0029297422 -0.013967093 0.0065569232 0.0029380271 0.99997419 0.8641213
221 0.9999945 0.0011760858 -0.0031004721 -0.0079085289 -0.0011819786 0.9999975 -0.0018994803 -0.017395804 0.0030982304 0.0019031345 0.99999339 0.82251763
222 0.99999449 0.0012601687 -0.0030697118 -0.0096191361 -0.0012648389 0.99999805 -0.0015199262 -0.019421172 0.0030677904 0.0015238005 0.99999413 0.80708021
223 0.99999739 0.0010695903 -0.0020177851 -0.0080749815 -0.0010716345 0.99999891 -0.001012257 -0.017724153 0.0020167002 0.0010144167 0.99999745 0.78194413
224 0.99999999 -0.00014681953 5.2921241e-05 -0.0035680644 0.00014687409 0.99999946 -0.0010322955 -0.012346849 -5.2769652e-05 0.0010323033 0.99999947 0.81981118
225 0.99999981 0.00047624303 0.00039072308 -0.0015614749 -0.00047558218 0.99999846 -0.0016897024 -0.014501539 -0.00039152719 0.0016895163 0.9999985 0.82135707
226 0.99999728 -0.00037922619 -0.0023034105 -0.0050653707 0.00037684064 0.99999939 -0.0010360083 -0.013267394 0.0023038019 0.0010351375 0.99999681 0.83520524
227 0.99999938 -0.00039530767 -0.0010439538 -0.0054001379 0.00039409984 0.99999925 -0.0011569357 -0.017837531 0.0010444104 0.0011565236 0.99999879 0.84575974
228 0.99999289 0.00037868075 -0.003751301 -0.011056322 -0.00038298127 0.99999927 -0.0011457551 -0.021503185 0.0037508644 0.0011471837 0.99999231 0.80171589
229 0.99998819 0.00035065813 -0.0048471301 -0.011618455 -0.00035573361 0.99999939 -0.0010462885 -0.019641559 0.0048467602 0.0010480004 0.99998771 0.78351593
230 0.99999505 0.00029610584 -0.0031309523 -0.0093080101 -0.00030015025 0.99999912 -0.0012913594 -0.017253839 0.0031305672 0.0012922928 0.99999426 0.77383514
231 0.99999489 -0.00017368778 -0.0031928648 -0.0084332135 0.00017199107 0.99999984 -0.00053167474 -0.014158755 0.0031929567 0.00053112288 0.99999476 0.82955783
232 0.99998974 -0.00021855788 -0.004525405 -0.0067162585 0.00021253709 0.99999909 -0.0013308802 -0.011650951 0.0045256918 0.0013299047 0.99998887 0.83708883
233 0.99997726 -0.0014023665 -0.0065959774 -0.0057251016 0.0013956587 0.9999985 -0.0010214463 -0.0093814033 0.0065974 0.0010122173 0.99997772 0.84230811
234 0.99997978 -0.00089185989 -0.0062957787 -0.0071687631 0.00088158597 0.99999828 -0.0016344615 -0.014697462 0.0062972255 0.0016288782 0.99997885 0.83800178
235 0.99999281 -0.00048960691 -0.0037609887 -0.0071407987 0.00048281912 0.99999825 -0.0018054834 -0.01779887 0.0037618661 0.0018036545 0.9999913 0.80201436
236 0.99999629 7.5735022e-06 -0.002724223 -0.0058001773 -1.2571161e-05 0.99999832 -0.001834514 -0.021153901 0.0027242045 0.0018345414 0.99999461 0.78421419
237 0.99999704 0.00020548181 -0.0024253785 -0.0094727804 -0.00020653357 0.99999988 -0.00043340513 -0.023103298 0.0024252892 0.00043390476 0.99999696 0.78703565
238 0.99999844 -0.0001153318 -0.0017610976 -0.0046020846 0.00011356245 0.99999949 -0.0010047568 -0.016858158 0.0017612126 0.0010045552 0.99999794 0.78031549
239 0.99999527 -0.00052080703 -0.0030319979 -0.0065424089 0.00051863007 0.99999961 -0.00071873711 -0.016349975 0.003032371 0.00071716123 0.99999515 0.78443603
240 0.99997375 -0.0011468242 -0.0071539477 -0.008142203 0.0011414386 0.99999906 -0.00075684952 -0.014154548 0.007154809 0.00074866386 0.99997412 0.79586555
241 0.9999413 -0.0015294334 -0.010726693 -0.010191149 0.0015196096 0.99999842 -0.00092391971 -0.011496584 0.010728089 0.00090756509 0.99994204 0.80193952
242 0.99992324 -0.0012037691 -0.012331571 -0.015562806 0.0011969276 0.99999913 -0.00056216436 -0.015073184 0.012332237 0.00054736121 0.99992381 0.82201859
243 0.99988616 -0.0012662526 -0.015035286 -0.019577182 0.0012538706 0.99999887 -0.00083292553 -0.014053018 0.015036324 0.00081397841 0.99988662 0.83218216
244 0.99992154 -0.0022200224 -0.012328444 -0.016250695 0.0022006084 0.99999632 -0.0015880687 -0.013299687 0.012331924 0.001560814 0.99992274 0.83583955
245 0.99992325 -0.0023860753 -0.012157341 -0.014806669 0.0023652175 0.99999571 -0.001729743 -0.014062928 0.012161416 0.0017008555 0.9999246 0.80842646
246 0.9999861 -0.0027998259 -0.0044674136 -0.0063976974 0.002815889 0.99998958 0.0035933853 -0.010479512 0.0044573062 -0.0036059151 0.99998356 0.81073516
247 0.99997735 -0.0011299168 -0.0066349397 -0.008725635 0.0011222799 0.9999987 -0.001154622 -0.011109827 0.0066362357 0.0011471496 0.99997732 0.81637395
248 0.99994407 -0.00083869929 -0.010543001 -0.012190095 0.00082088072 0.99999823 -0.0016942988 -0.0088102989 0.010544403 0.0016855495 0.99994299 0.81844812
249 0.99995644 -0.00063528386 -0.0093116844 -0.012480148 0.00061625499 0.99999772 -0.0020462737 -0.010616179 0.0093129631 0.0020404462 0.99995455 0.86287073
250 0.99991153 -0.0013464683 -0.013233614 -0.014314859 0.0013278945 0.99999812 -0.0014122147 -0.0092190721 0.013235491 0.0013945169 0.99991143 0.86403445
251 0.99991554 -0.0014851018 -0.012911804 -0.012816125 0.0014697057 0.9999982 -0.0012018128 -0.010561777 0.012913566 0.0011827347 0.99991592 0.89949202
252 0.99997787 0.00081500734 -0.0066026389 -0.013205538 -0.00083428482 0.9999954 -0.0029174347 -0.017167264 0.0066002307 0.0029228787 0.99997395 0.88919169
253 0.99998433 -0.00022763612 -0.0055930405 -0.0088139278 0.00021819051 0.99999855 -0.001689367 -0.014044444 0.0055934169 0.0016881201 0.99998293 0.80676706
254 0.99995318 -0.0020089749 -0.0094663242 -0.012772692 0.0020141973 0.99999782 0.00054217481 -0.012747454 0.0094652144 -0.00056121646 0.99995505 0.76354169
255 0.99988808 -0.0016050631 -0.014874599 -0.01721955 0.0016008602 0.99999868 -0.00029446003 -0.013988605 0.014875052 0.00027061492 0.99988932 0.73635172
256 0.99993041 -0.001305084 -0.011724915 -0.014807899 0.0012931594 0.99999864 -0.0010245548 -0.017936641 0.011726236 0.0010093213 0.99993074 0.74908352
257 0.9999522 -0.0037392874 -0.0090340468 -0.001319316 0.0037649765 0.99998891 0.0028282492 -0.016586569 0.009023371 -0.002862127 0.99995519 0.7828737
258 0.99995749 -0.00090398077 -0.009176011 -0.008937502 0.00089064636 0.99999854 -0.0014571647 -0.021935162 0.0091773149 0.0014489302 0.99995684 0.77165308
259 0.99988373 -0.00033456213 -0.015245063 0.0046793645 0.0002930127 0.99999624 -0.002727587 -0.004448775 0.015245918 0.0027228028 0.99988007 0.76540116
260 0.99995346 -0.002234985 -0.0093851823 -0.010567218 0.0022626404 0.99999313 0.002937118 -0.0044315738 0.0093785534 -0.0029582166 0.99995164 0.86074612
