4 0.99999569 0.0012895097 0.0026403288 -0.19233696 -0.0012750314 0.99998418 -0.0054779179 -0.14433131 -0.0026473503 0.0054745272 0.99998141 4.1926045
5 0.99996812 0.0014514758 0.0078524015 -0.19322967 -0.0013930497 0.99997134 -0.0074409138 -0.15879104 -0.0078629757 0.007429737 0.99994138 4.942389
6 0.99992601 0.0015579043 0.012064345 -0.18931948 -0.001442142 0.99995289 -0.0095981745 -0.16945811 -0.012078728 0.0095800648 0.99988105 5.6897475
7 0.99991475 0.00048047494 0.013048342 -0.1794934 -0.00033761922 0.99994 -0.010948195 -0.17570524 -0.013052818 0.010942855 0.99985483 6.4536791
8 0.99992308 -0.00060304329 0.012388823 -0.16690609 0.0007379679 0.99994043 -0.01088916 -0.18578743 -0.012381517 0.010897464 0.99986386 7.2276967
9 0.99989448 -0.0017603889 0.014420139 -0.15462224 0.001930495 0.99992861 -0.01179102 -0.20396765 -0.014398351 0.011817612 0.9998264 7.9761798
10 0.99988586 -0.0036408852 0.014663515 -0.13895802 0.0038253544 0.99991365 -0.012571821 -0.22225913 -0.014616474 0.012626478 0.99981334 8.7396005
11 0.99988755 -0.0050302466 0.01412762 -0.12616769 0.0052330188 0.99988329 -0.014352798 -0.23816387 -0.014053771 0.014425112 0.99979708 9.4758888
12 0.99990656 -0.0074487161 0.011462469 -0.11815055 0.0076292602 0.99984624 -0.015788632 -0.24675338 -0.0113431 0.015874605 0.99980954 10.182742
13 0.99992774 -0.0088492853 0.0081373413 -0.10784329 0.0089932525 0.99980059 -0.017829159 -0.25991134 -0.0079779422 0.01790105 0.99980783 10.825163
14 0.99993087 -0.0098167543 0.0064732688 -0.10027044 0.0099468089 0.99974293 -0.020374669 -0.27539033 -0.0062715907 0.020437647 0.99977136 11.415452
15 0.99991815 -0.011022369 0.0064964542 -0.09228921 0.011171917 0.99966254 -0.023451819 -0.29253945 -0.0062357663 0.023522475 0.99970376 11.976625
16 0.99989437 -0.012603711 0.0072394232 -0.087033715 0.012786725 0.99958491 -0.025816407 -0.31226208 -0.0069110347 0.025906246 0.99964038 12.573941
17 0.99989287 -0.014075095 0.0040181958 -0.084797656 0.014176867 0.99954733 -0.026535542 -0.33678113 -0.003642886 0.026589662 0.99963969 13.228343
18 0.99990036 -0.0139087 0.0024130759 -0.091261763 0.013971696 0.9994984 -0.028420366 -0.36010589 -0.0020165747 0.028451246 0.99959304 13.869157
19 0.9999028 -0.01382886 -0.0017750844 -0.097749025 0.013772429 0.99949561 -0.02861518 -0.37860248 0.0021699045 0.028587949 0.99958882 14.389505
20 0.99989855 -0.013902897 -0.0031007953 -0.10203147 0.013809181 0.99950027 -0.02843433 -0.39736643 0.0034945652 0.028388623 0.99959075 14.877402
21 0.99987909 -0.015324287 0.0026418216 -0.095964632 0.015397927 0.99941404 -0.03056899 -0.41081624 -0.0021718251 0.030605969 0.99952906 15.300349
22 0.99987754 -0.014630821 0.0055547809 -0.087242406 0.014787025 0.99946402 -0.02920631 -0.42378313 -0.0051244905 0.029284869 0.99955787 15.702983
23 0.99977846 -0.015972732 0.013707753 -0.061647483 0.016403744 0.99935552 -0.03192883 -0.44360985 -0.013188926 0.032146612 0.99939604 16.13452
24 0.99969853 -0.017633989 0.017085093 -0.042940438 0.018209129 0.99925205 -0.034113983 -0.46207026 -0.016470747 0.0344148 0.9992718 16.562204
25 0.99968528 -0.019458812 0.01583355 -0.02696457 0.019947411 0.99931068 -0.031309116 -0.55562598 -0.015213396 0.031615097 0.99938423 18.25935
26 0.99953258 -0.025306183 0.017153281 0.029858012 0.025727333 0.99936149 -0.024793046 -0.6625318 -0.016514909 0.025222763 0.99954533 20.533958
27 0.99960515 -0.026534442 0.0092449035 0.077282203 0.026759983 0.99932439 -0.025192462 -0.77469292 -0.0085701885 0.025429905 0.99963977 23.113487
28 0.99961618 -0.027636604 0.0019297073 0.10301822 0.027678081 0.99926525 -0.026511849 -0.89077718 -0.0011955916 0.026555081 0.99964653 25.699026
29 0.9995861 -0.02854384 -0.0035896552 0.11119351 0.028434414 0.99921644 -0.027531532 -1.008056 0.004372698 0.027418064 0.99961439 28.282006
30 0.9995288 -0.029371959 -0.0089147214 0.10510453 0.029105803 0.99916578 -0.028645684 -1.1281539 0.0097486638 0.028372714 0.99954977 30.862335
31 0.9993296 -0.033561828 -0.014627584 0.088874679 0.033142109 0.99905698 -0.02804892 -1.2489175 0.015555162 0.027545324 0.99949942 33.207812
32 0.99929384 -0.035187398 -0.013178539 0.078223052 0.034788184 0.99896255 -0.029386797 -1.2514709 0.01419891 0.028907585 0.99948113 33.838307
33 0.99933601 -0.036435332 -0.00014269241 0.074856509 0.036423811 0.99910435 -0.021535952 -1.279229 0.00092723435 0.021516452 0.99976796 34.504218
34 0.99923951 -0.03762503 0.010235195 0.083457107 0.03773885 0.99922526 -0.011164453 -1.295777 -0.0098072014 0.011542225 0.99988519 34.956738
35 0.99899613 -0.037843914 0.02397019 0.088624666 0.03787581 0.99928206 -0.00087793137 -1.3342242 -0.023919754 0.0017849402 0.99971218 36.349891
36 0.99854806 -0.043251036 0.03211126 0.11181466 0.04307988 0.99905359 0.0060032558 -1.3514871 -0.032340513 -0.0046111898 0.99946617 37.165261
37 0.99831542 -0.049328331 0.030545798 0.20235954 0.048954915 0.99871826 0.012854746 -1.3881595 -0.031140746 -0.011337723 0.9994506 39.101304
38 0.99810624 -0.052970387 0.03127436 0.27211231 0.052409308 0.99845438 0.018496229 -1.407061 -0.03220577 -0.016822132 0.99933958 40.905532
39 0.99806785 -0.055178077 0.028564765 0.27630064 0.054690354 0.99834852 0.017583452 -1.4036999 -0.029487809 -0.01598726 0.99943718 41.217305
40 0.99774207 -0.057138679 0.035297929 0.30306203 0.056703826 0.99830376 0.013200928 -1.4111286 -0.035992335 -0.011169592 0.99928954 41.776054
41 0.99712588 -0.059126904 0.047370874 0.33232587 0.058841557 0.99823992 0.0073968788 -1.4254734 -0.047724847 -0.0045882429 0.99884988 42.288189
42 0.9972023 -0.058626813 0.046373319 0.47207867 0.058299389 0.99826394 0.0083830198 -1.4564801 -0.046784277 -0.0056560299 0.9988889 44.906617
43 0.99767863 -0.056546057 0.037945917 0.59106445 0.056432976 0.99839819 0.0040453921 -1.4908509 -0.038113881 -0.0018946001 0.9992715 47.484202
44 0.99783299 -0.057765325 0.031503873 0.69549237 0.057654972 0.99832686 0.0044008117 -1.5281933 -0.031705373 -0.00257492 0.99949384 50.078293
45 0.99788359 -0.059995336 0.025078001 0.7915105 0.059977582 0.99819865 0.0014601518 -1.5710919 -0.025120426 4.7056329e-05 0.99968433 52.682032
46 0.99786039 -0.063054684 0.017284631 0.86435496 0.06304462 0.99801007 0.0011270451 -1.6191084 -0.017321299 -3.4930686e-05 0.99984987 55.161448
47 0.99760085 -0.063767755 0.026948724 0.88109323 0.063553637 0.99794024 0.0087293891 -1.6599768 -0.027449866 -0.0069957559 0.9995986 56.569458
48 0.99779777 -0.063596403 0.018844456 0.87853866 0.063492828 0.99796398 0.0060451222 -1.6517538 -0.019190535 -0.0048353212 0.99980405 56.813847
49 0.99797368 -0.062991002 0.0089818844 0.87331224 0.062960994 0.99800954 0.0035856953 -1.6451505 -0.0091898716 -0.0030129209 0.99995313 57.064824
50 0.9979848 -0.063234118 -0.0052709672 0.86340004 0.063235477 0.99799862 9.1457926e-05 -1.638677 0.0052546345 -0.00042458575 0.999986 57.308841
51 0.99764227 -0.063594929 -0.025799122 0.8465123 0.063526744 0.99797415 -0.0034547703 -1.6340008 0.02596656 0.0018076905 0.99966107 57.570412
52 0.99653085 -0.063463617 -0.053839051 0.8131954 0.063182152 0.99797804 -0.0069156633 -1.6341425 0.054169078 0.0034900043 0.99852558 57.870342
53 0.99437784 -0.063606789 -0.084657511 0.76555533 0.062889555 0.99795859 -0.011114927 -1.6367763 0.085191667 0.0057283629 0.99634801 58.179203
54 0.99093635 -0.063238214 -0.11851616 0.69689482 0.061867001 0.99796839 -0.015217149 -1.6448162 0.11923767 0.0077469856 0.99283541 58.530469
55 0.98521956 -0.063328376 -0.1591601 0.6030773 0.061089448 0.99795285 -0.018925687 -1.6558024 0.16003279 0.0089229534 0.98707126 58.920161
56 0.97571345 -0.063675192 -0.20959182 0.47651738 0.060411874 0.99793233 -0.021941956 -1.6707763 0.21055559 0.0087472263 0.97754264 59.337384
57 0.96221229 -0.0622534 -0.26508872 0.32125067 0.057555641 0.99801759 -0.025460318 -1.6901317 0.26614817 0.0092408788 0.96388773 59.733331
58 0.94570693 -0.061524425 -0.3191444 0.1370619 0.055034723 0.9980538 -0.029322047 -1.709909 0.32032727 0.010166039 0.94725228 60.153133
59 0.92610398 -0.060028362 -0.3724621 -0.060453351 0.05161189 0.99813706 -0.032536346 -1.7329393 0.37372129 0.010908566 0.92747679 60.524915
60 0.90378932 -0.059296187 -0.42385001 -0.27327817 0.04833726 0.99816135 -0.036570633 -1.7562505 0.42523915 0.012564399 0.9049937 60.869926
61 0.87804361 -0.058394892 -0.4750047 -0.50517285 0.044860118 0.99820052 -0.039790494 -1.7792852 0.47647345 0.013629021 0.8790831 61.20418
62 0.85034889 -0.058119461 -0.52299991 -0.743298 0.041395215 0.99819017 -0.04362123 -1.8024139 0.52458856 0.015443569 0.85121568 61.509415
63 0.81943598 -0.057677064 -0.57026137 -1.0050908 0.037672429 0.99819245 -0.04682531 -1.826637 0.57193129 0.016887211 0.82012756 61.807074
64 0.78715232 -0.057767258 -0.61404737 -1.2764151 0.034120463 0.998158 -0.050163636 -1.8528441 0.61581405 0.01853484 0.78767335 62.085269
65 0.7507876 -0.057425054 -0.65804281 -1.5789043 0.030451918 0.99816374 -0.052362374 -1.8814764 0.65984132 0.019274353 0.75115759 62.361962
66 0.70885338 -0.058119031 -0.70295737 -1.9608631 0.029173616 0.99816254 -0.053107664 -1.9040709 0.70475222 0.017137737 0.70924636 62.695028
67 0.66347228 -0.057898274 -0.74595732 -2.3274685 0.027009864 0.99820498 -0.053453526 -1.9357958 0.74771311 0.015316726 0.66384509 62.957881
68 0.62080186 -0.059267982 -0.78172397 -2.7346765 0.023539526 0.99809783 -0.056979016 -1.9642219 0.78361394 0.016971265 0.62101607 63.234543
69 0.57480171 -0.058570597 -0.8161939 -3.2165923 0.02083682 0.99815932 -0.056954294 -2.0017558 0.81802732 0.015730538 0.57496405 63.526446
70 0.52163658 -0.059888256 -0.85106327 -3.6895037 0.019468368 0.99810907 -0.058303067 -2.0230266 0.85294555 0.013844198 0.52181607 63.773653
71 0.46681426 -0.060649128 -0.88227328 -4.2112233 0.015804966 0.99805842 -0.060245948 -2.05194 0.88421405 0.014179367 0.46686641 64.007278
72 0.40843351 -0.059279144 -0.91086116 -4.7689983 0.012006161 0.99815154 -0.059576423 -2.0888123 0.91270902 0.01339706 0.40839021 64.211082
73 0.35446523 -0.059339254 -0.93318447 -5.3409151 0.0087800506 0.99815161 -0.060135322 -2.1252573 0.93502788 0.013122473 0.35433101 64.395719
74 0.29803661 -0.056695982 -0.95286922 -5.9314079 0.0072761203 0.99834047 -0.057125723 -2.1697002 0.95452661 0.010092364 0.2979545 64.540258
75 0.24519883 -0.056345224 -0.96783406 -6.5327109 0.0050828749 0.99837062 -0.056835261 -2.2075578 0.96945939 0.0090165589 0.24508568 64.670742
76 0.19031154 -0.053968624 -0.98023921 -7.1583951 0.0033723405 0.99851786 -0.054320251 -2.251651 0.98171785 0.0070320698 0.19021146 64.765263
77 0.13540002 -0.054575642 -0.98928678 -7.7724029 0.0010903108 0.99848938 -0.054934092 -2.2912601 0.99079031 0.0063594462 0.13525497 64.82187
78 0.085639701 -0.054669187 -0.99482517 -8.4094084 -0.0017362547 0.99848375 -0.055019705 -2.336196 0.99632456 0.0064391402 0.085414921 64.858638
79 0.037980463 -0.055112032 -0.99775756 -9.0483867 -0.0046612715 0.99845734 -0.05532812 -2.3801404 0.99926751 0.0067522057 0.037664976 64.860043
80 -0.0030177092 -0.057177043 -0.9983595 -9.7153769 -0.0083749077 0.99833046 -0.057150066 -2.424693 0.99996027 0.0081887055 -0.0034915234 64.834261
81 -0.035119102 -0.059122083 -0.99763282 -10.415455 -0.01146517 0.99820673 -0.058752493 -2.4727238 0.99931726 0.0093746946 -0.035733966 64.790752
82 -0.062602317 -0.059059028 -0.99628961 -11.113802 -0.013242433 0.99820889 -0.058340706 -2.5167468 0.99795059 0.009541034 -0.063272268 64.73695
83 -0.08167827 -0.059134284 -0.99490291 -11.834656 -0.014524043 0.99820289 -0.058138049 -2.56828 0.99655281 0.0097013968 -0.082390346 64.668612
84 -0.095944319 -0.05962038 -0.99359957 -12.562525 -0.014753208 0.9981801 -0.058470627 -2.619042 0.99527726 0.0090488557 -0.096649293 64.593164
85 -0.10677136 -0.060945307 -0.992414 -13.324086 -0.014345709 0.99811018 -0.059751696 -2.6698368 0.99418 0.0078571117 -0.10744388 64.506824
86 -0.1156297 -0.061225355 -0.99140367 -14.124411 -0.01262204 0.9981085 -0.060167282 -2.7170183 0.99321209 0.0055564116 -0.11618377 64.416004
87 -0.11929548 -0.06132622 -0.99096301 -14.959764 -0.0093681233 0.99811567 -0.060641099 -2.7646307 0.9928145 0.0020492541 -0.11964519 64.326933
88 -0.1205193 -0.061089203 -0.99082956 -15.86064 -0.0073247053 0.9981323 -0.060648512 -2.815943 0.99268386 -5.1781901e-05 -0.12074166 64.22181
89 -0.12284448 -0.061636418 -0.99051007 -16.773743 -0.0059840825 0.99809736 -0.061366398 -2.8680713 0.99240779 -0.0016112293 -0.12297958 64.11331
90 -0.12497361 -0.061896542 -0.99022746 -17.705129 -0.0051864436 0.99807923 -0.06173277 -2.9311192 0.99214641 -0.0025792083 -0.12505458 63.997246
91 -0.12822638 -0.063483339 -0.989711 -18.728029 -0.0064144136 0.99798135 -0.063182779 -3.0071541 0.99172408 -0.0017532833 -0.12837474 63.859045
92 -0.13174055 -0.063717131 -0.98923433 -19.666855 -0.0058003868 0.99796453 -0.063506986 -3.0509652 0.99126716 -0.0026285033 -0.13184197 63.732708
93 -0.13818548 -0.065399409 -0.98824476 -20.5815 -0.0056149859 0.99785314 -0.065250127 -3.0906461 0.99039035 -0.0034676397 -0.13825602 63.603036
94 -0.14612539 -0.067039852 -0.98699191 -21.481764 -0.0053504102 0.99774012 -0.066977772 -3.1280834 0.9892515 -0.0045063413 -0.14615384 63.469267
95 -0.1496029 -0.068367403 -0.98637968 -22.360387 -0.0045549146 0.99764364 -0.068457287 -3.1720961 0.98873557 -0.0057485326 -0.14956177 63.335738
96 -0.15349655 -0.067681453 -0.9858286 -23.272745 -0.0034054031 0.99768189 -0.067965001 -3.2341106 0.98814321 -0.0070752488 -0.1533712 63.194186
97 -0.15714536 -0.066704137 -0.9853202 -24.219582 -0.0030765933 0.99774456 -0.067054565 -3.3134964 0.98757059 -0.0075058837 -0.15699614 63.037124
98 -0.1625341 -0.062462401 -0.98472388 -25.245095 -0.0014955795 0.99800872 -0.063058224 -3.406881 0.98670169 -0.0087763778 -0.16230385 62.869809
99 -0.16824562 -0.061597574 -0.98381866 -26.263471 -0.00055500594 0.99805145 -0.062393786 -3.4998757 0.98574485 -0.009951455 -0.16795195 62.695112
100 -0.17360593 -0.061631617 -0.9828848 -27.401658 -0.00029284087 0.99804301 -0.062530386 -3.5955008 0.98481506 -0.010567816 -0.17328422 62.497322
101 -0.17916499 -0.065842979 -0.98161327 -28.643778 -0.0015365227 0.99777545 -0.06664663 -3.695573 0.98381774 -0.010432471 -0.17886758 62.27798
102 -0.18505102 -0.066251804 -0.98049315 -29.938375 -0.0022195562 0.99775057 -0.066998983 -3.8043188 0.98272631 -0.01022197 -0.1847818 62.04197
103 -0.19051689 -0.06740949 -0.97936678 -31.182608 -0.0021984712 0.99766641 -0.068241378 -3.9023107 0.98168135 -0.010848025 -0.19022049 61.808459
104 -0.19636203 -0.068379235 -0.97814428 -32.380744 -0.003286299 0.9976057 -0.069080003 -4.0001289 0.98052586 -0.010350214 -0.19611657 61.570916
105 -0.20287136 -0.066026648 -0.97697682 -33.47042 -0.0014022077 0.99774265 -0.067138885 -4.088515 0.97920429 -0.012250631 -0.20250597 61.351927
106 -0.20371935 -0.067188048 -0.97672115 -34.698613 -0.00079789268 0.99765343 -0.068461546 -4.1937493 0.9790289 -0.013167622 -0.20329489 61.094242
107 -0.20761717 -0.067763362 -0.97586026 -35.980501 -0.0025556323 0.99763192 -0.068731459 -4.3120504 0.97820672 -0.01177589 -0.20729867 60.82049
108 -0.20923479 -0.070150431 -0.97534595 -37.143584 -0.0031720215 0.99746692 -0.071060978 -4.4224134 0.97786019 -0.011774609 -0.20892728 60.574734
109 -0.21389486 -0.07211336 -0.97419128 -38.292918 -0.0046986369 0.99733585 -0.072794969 -4.5306217 0.97684529 -0.010993098 -0.21366383 60.323259
110 -0.22124279 -0.072227766 -0.97254038 -39.273837 -0.0053717748 0.99732868 -0.072846699 -4.6195363 0.97520386 -0.010892538 -0.22103975 60.09672
111 -0.22724515 -0.072294727 -0.97115041 -40.262244 -0.0055295198 0.99732034 -0.072948993 -4.7131333 0.97382178 -0.011207309 -0.22703595 59.862699
112 -0.23160067 -0.072314849 -0.97011942 -41.28699 -0.0053678936 0.99731306 -0.073060423 -4.813291 0.97279603 -0.011713344 -0.23136653 59.615299
113 -0.23432719 -0.073011336 -0.96941225 -42.367891 -0.0044536191 0.99724598 -0.074031102 -4.9146762 0.97214749 -0.013030106 -0.23400699 59.358511
114 -0.23621018 -0.073009796 -0.96895528 -43.406272 -0.0039685445 0.99723746 -0.074173385 -5.0140655 0.97169378 -0.013675165 -0.23584736 59.108177
115 -0.23884092 -0.072888389 -0.96831932 -44.464715 -0.0039411866 0.99724351 -0.074093488 -5.1208537 0.97105061 -0.013880228 -0.2384698 58.84397
116 -0.24182472 -0.07806376 -0.96717468 -45.648664 -0.0066364626 0.99686826 -0.078801095 -5.2287013 0.97029716 -0.012637433 -0.24158543 58.550682
117 -0.24531793 -0.079749142 -0.96615692 -46.813301 -0.0085401924 0.99674977 -0.080105907 -5.3442736 0.96940496 -0.011400248 -0.24520164 58.257534
118 -0.24961241 -0.080745119 -0.96497351 -47.979084 -0.0093309479 0.99667173 -0.080983836 -5.465103 0.96830077 -0.011210452 -0.24953504 57.963436
119 -0.25511275 -0.081128048 -0.96350181 -49.101445 -0.0094120429 0.99663496 -0.081425811 -5.5785479 0.9668654 -0.011704241 -0.25501784 57.672945
120 -0.25831908 -0.081553141 -0.96261121 -50.161892 -0.0096101515 0.99659802 -0.081853621 -5.6877271 0.96601175 -0.011893511 -0.25822399 57.385631
121 -0.26190927 -0.082118514 -0.96159248 -51.22308 -0.01040617 0.99655574 -0.082269991 -5.795634 0.9650363 -0.011540778 -0.2618617 57.089676
122 -0.26397938 -0.082867699 -0.96096193 -52.272518 -0.011384666 0.99650074 -0.082804951 -5.9002181 0.96446103 -0.010918568 -0.26399904 56.794885
123 -0.26457941 -0.083784635 -0.96071738 -53.350266 -0.011707371 0.99642436 -0.083674475 -5.9992209 0.96429274 -0.010891068 -0.26461424 56.500675
124 -0.26528864 -0.083893107 -0.96051231 -54.412112 -0.011813552 0.99641541 -0.083766114 -6.0909756 0.96409656 -0.010875136 -0.26532874 56.207723
125 -0.26531499 -0.084251894 -0.96047362 -55.503408 -0.011244758 0.99637737 -0.08429516 -6.1913702 0.96409612 -0.011564475 -0.26530121 55.909269
126 -0.2630035 -0.085327143 -0.96101428 -56.617851 -0.009865945 0.99626721 -0.085757162 -6.2995001 0.96474433 -0.013073118 -0.26286357 55.605438
127 -0.26129208 -0.085431203 -0.96147177 -57.702742 -0.009337458 0.99625275 -0.085984081 -6.4174943 0.96521452 -0.013489256 -0.26111064 55.300052
128 -0.2604138 -0.083773462 -0.96185585 -58.783114 -0.0086312407 0.9963908 -0.084444475 -6.5368079 0.96545842 -0.013688496 -0.26019695 54.996194
129 -0.25799565 -0.083886371 -0.96249744 -59.836601 -0.0087881051 0.99638605 -0.084484294 -6.652943 0.96610601 -0.01333805 -0.25780044 54.698113
130 -0.25676821 -0.085831696 -0.96265415 -60.885819 -0.0099020934 0.99623 -0.08618419 -6.765597 0.96642219 -0.012597068 -0.25665008 54.404903
131 -0.25389192 -0.08714988 -0.9632984 -61.975116 -0.010196253 0.99611832 -0.08743173 -6.8857425 0.96717875 -0.012376174 -0.25379497 54.106991
132 -0.25308849 -0.087827704 -0.96344824 -63.070657 -0.0092867947 0.99604533 -0.088359696 -7.0087402 0.96739846 -0.013415475 -0.25290322 53.814407
133 -0.25047269 -0.087617017 -0.96415077 -64.115029 -0.0075199056 0.99604231 -0.088561591 -7.119584 0.96809436 -0.014931935 -0.25014024 53.548267
134 -0.24771302 -0.088347465 -0.96479686 -65.151679 -0.0058289939 0.99595143 -0.089703718 -7.2284879 0.96881582 -0.016596983 -0.24722509 53.288842
135 -0.24696231 -0.088488907 -0.96497634 -66.18534 -0.0050458376 0.99592576 -0.090035627 -7.335125 0.96901185 -0.01736629 -0.2464026 53.02677
136 -0.24255061 -0.087871171 -0.96615106 -67.231055 -0.0032564959 0.99595768 -0.089764537 -7.4447082 0.97013319 -0.018626174 -0.24185627 52.769391
137 -0.23949176 -0.088682764 -0.96683973 -68.360035 -0.0011860691 0.99584565 -0.091049518 -7.5674985 0.97089757 -0.020658869 -0.23860199 52.498482
138 -0.23947593 -0.088796317 -0.96683323 -69.599061 0.0011169879 0.99578312 -0.091731812 -7.7007119 0.97090156 -0.023047499 -0.23836688 52.207126
139 -0.23826698 -0.089766423 -0.96704232 -70.834754 0.0035270632 0.99563278 -0.093289378 -7.8356391 0.97119319 -0.025638595 -0.23690978 51.922526
140 -0.23971893 -0.09111058 -0.96655766 -72.05754 0.0043520714 0.99547578 -0.094915858 -7.9792599 0.97083248 -0.026959654 -0.23823785 51.628587
141 -0.24203159 -0.092813119 -0.96581905 -73.284889 0.005176254 0.99527665 -0.096941085 -8.124412 0.97025446 -0.028462127 -0.24040795 51.330906
142 -0.24457837 -0.093700352 -0.96509153 -74.48684 0.0054969097 0.99516988 -0.098013701 -8.2736771 0.96961385 -0.02927705 -0.24288194 51.028951
143 -0.24863243 -0.094084349 -0.96401767 -75.7095 0.0056770666 0.9951126 -0.098583281 -8.4245093 0.96858118 -0.02998379 -0.24688311 50.716053
144 -0.2525694 -0.093641136 -0.96303689 -76.933973 0.0063230333 0.99512492 -0.098419524 -8.5788979 0.96755802 -0.030947071 -0.25074598 50.394795
145 -0.25492802 -0.093526686 -0.96242635 -78.149239 0.0066989834 0.99511668 -0.098477899 -8.7387846 0.96693673 -0.03155205 -0.25305657 50.067553
146 -0.25578944 -0.094046708 -0.96214707 -79.352698 0.0069196727 0.99505314 -0.099102781 -8.8960121 0.96670765 -0.032007185 -0.25387329 49.74237
147 -0.25618889 -0.096203344 -0.96182752 -80.538465 0.0065152192 0.99484062 -0.10124073 -9.0534627 0.96660468 -0.032203265 -0.25424031 49.422442
148 -0.25736332 -0.097550783 -0.96137816 -81.737791 0.007292791 0.99466694 -0.10288088 -9.2059949 0.96628709 -0.033488892 -0.25527934 49.104456
149 -0.258859 -0.09875147 -0.96085388 -82.905086 0.007296041 0.99453187 -0.10417831 -9.3482475 0.96588746 -0.033977919 -0.25672301 48.790836
150 -0.25813962 -0.097946385 -0.96112978 -84.044761 0.0081480361 0.99459141 -0.10354477 -9.4853519 0.96607316 -0.034560325 -0.25594536 48.481532
151 -0.2589384 -0.096940664 -0.96101687 -85.179999 0.0089557603 0.99466708 -0.10274812 -9.6239193 0.96585222 -0.035212068 -0.2566893 48.172228
152 -0.26069797 -0.096281485 -0.96060733 -86.328995 0.0097925686 0.99469961 -0.10235614 -9.7676918 0.96537064 -0.036090848 -0.2583733 47.857428
153 -0.26025876 -0.09694105 -0.96066009 -87.459767 0.010379066 0.99460868 -0.10317869 -9.9140098 0.96548302 -0.036823909 -0.25784944 47.54895
154 -0.26131343 -0.098211363 -0.96024467 -88.615996 0.01125254 0.99443279 -0.10477021 -10.068295 0.96518831 -0.038183051 -0.25875349 47.233748
155 -0.25993851 -0.099810631 -0.96045292 -89.764509 0.011898404 0.99423704 -0.10654169 -10.220791 0.96555176 -0.039122142 -0.25725288 46.922076
156 -0.25955643 -0.10202384 -0.9603237 -90.883145 0.012724852 0.99395632 -0.10903621 -10.365269 0.965644 -0.040521024 -0.2566895 46.625774
157 -0.26126411 -0.10315808 -0.95973928 -92.014782 0.013481095 0.99378607 -0.1104875 -10.512734 0.96517311 -0.041804751 -0.25824993 46.326392
158 -0.26445965 -0.10104551 -0.95908858 -93.013643 0.014747161 0.99395586 -0.10878537 -10.641801 0.96428389 -0.042913169 -0.26137106 46.057816
159 -0.26623731 -0.1012265 -0.95857754 -94.022358 0.015479962 0.99389317 -0.10925529 -10.77294 0.9637831 -0.043926574 -0.26304444 45.782244
160 -0.26418929 -0.10164991 -0.95909922 -95.053396 0.016483515 0.99380937 -0.10986913 -10.913549 0.96432988 -0.04483557 -0.26087822 45.500934
161 -0.26341425 -0.10215759 -0.95925845 -96.092483 0.016322691 0.99376269 -0.11031441 -11.050672 0.96454461 -0.044716062 -0.26010374 45.210844
162 -0.26125285 -0.10322565 -0.95973508 -97.174871 0.016074946 0.99366236 -0.11125057 -11.195024 0.96513644 -0.044492214 -0.25793776 44.910648
163 -0.25857263 -0.10425545 -0.96034942 -98.285333 0.01624308 0.99354914 -0.11223304 -11.345514 0.96585515 -0.04461942 -0.25521116 44.608574
164 -0.2551418 -0.10680601 -0.96098655 -99.374257 0.015491683 0.99330122 -0.11451057 -11.496928 0.96677943 -0.044103728 -0.25177804 44.309906
165 -0.24960039 -0.10905652 -0.9621883 -100.48269 0.016136547 0.9930316 -0.11673834 -11.65706 0.96821437 -0.044664326 -0.24610125 44.022424
166 -0.24620396 -0.11015801 -0.9629376 -101.65152 0.017837635 0.99283682 -0.11813914 -11.830713 0.96905378 -0.046262849 -0.24247538 43.727697
167 -0.24533435 -0.11144609 -0.96301134 -102.79794 0.019042134 0.99262454 -0.11972425 -12.002566 0.96925139 -0.047710257 -0.2414027 43.435057
168 -0.24362783 -0.1142398 -0.96311721 -103.92648 0.018952134 0.99228828 -0.122494 -12.175713 0.96968351 -0.048096069 -0.23958393 43.139537
169 -0.23965077 -0.11633504 -0.96386393 -105.06185 0.017208842 0.99212981 -0.12402537 -12.352362 0.97070653 -0.046309752 -0.23576266 42.833668
170 -0.23707812 -0.11840245 -0.96424833 -106.19879 0.015235634 0.99196999 -0.12555242 -12.52562 0.97137101 -0.044456661 -0.23337042 42.534056
171 -0.23545779 -0.11835119 -0.96465156 -107.31649 0.015056277 0.99199442 -0.12538085 -12.696951 0.97176784 -0.044045954 -0.23179086 42.247334
172 -0.23475715 -0.12075359 -0.96452458 -108.43089 0.013893469 0.99173587 -0.12754186 -12.84869 0.97195466 -0.043341952 -0.23113938 41.971861
173 -0.23674951 -0.1195789 -0.96418388 -109.53235 0.014789008 0.99183849 -0.12664 -12.995596 0.97145806 -0.044241277 -0.2330488 41.708624
174 -0.23839491 -0.119746 -0.96375763 -110.63448 0.014935828 0.99179989 -0.12692474 -13.146489 0.97105334 -0.044652726 -0.23465152 41.439924
175 -0.2395351 -0.11887241 -0.96358305 -111.79496 0.015879097 0.99186389 -0.12630863 -13.299168 0.97075774 -0.045556174 -0.2356986 41.161712
176 -0.24092972 -0.11848027 -0.9632836 -112.97924 0.016786175 0.99186355 -0.12619394 -13.478008 0.97039729 -0.046573713 -0.23698055 40.86955
177 -0.24272147 -0.1180713 -0.96288393 -114.13381 0.017539869 0.9918692 -0.12604696 -13.653948 0.96993734 -0.047483156 -0.23867697 40.578228
178 -0.2437185 -0.11896557 -0.96252194 -115.29499 0.018102104 0.99171731 -0.12715765 -13.833612 0.96967696 -0.04841434 -0.23954631 40.284933
179 -0.24281112 -0.12154138 -0.96242946 -116.42217 0.017541955 0.99140769 -0.12962658 -14.005068 0.96991487 -0.048357665 -0.23859271 39.998868
180 -0.24064356 -0.12443377 -0.96260424 -117.5486 0.016773397 0.99106694 -0.1323063 -14.15899 0.97046851 -0.047984796 -0.23640667 39.722939
181 -0.24167305 -0.12098361 -0.96278612 -118.75735 0.019202411 0.99140651 -0.12940012 -14.319751 0.97016762 -0.049760332 -0.23727304 39.428989
182 -0.24130896 -0.11957807 -0.963053 -119.98937 0.019866348 0.99156279 -0.12809585 -14.476842 0.97024488 -0.050043019 -0.23689738 39.125168
183 -0.24263619 -0.11894793 -0.96279753 -121.30504 0.020067491 0.99162693 -0.12756687 -14.65463 0.96990968 -0.050273267 -0.23821757 38.806098
184 -0.24153954 -0.12135311 -0.96277312 -122.54186 0.02057845 0.99128602 -0.13010973 -14.829601 0.97017266 -0.051239018 -0.23693749 38.505902
185 -0.24090074 -0.12451003 -0.96253005 -123.7743 0.016498643 0.99106827 -0.13233091 -14.955249 0.97040942 -0.047759048 -0.2366948 38.21457
186 -0.24353734 -0.1253098 -0.96176246 -124.98569 0.01269998 0.99112155 -0.13235094 -15.102084 0.96980827 -0.044446756 -0.23978365 37.919574
187 -0.24460056 -0.12564546 -0.9614488 -126.14624 0.01123754 0.99113481 -0.13238385 -15.250546 0.96955871 -0.04318548 -0.24102016 37.628448
188 -0.24724365 -0.1259483 -0.96073285 -127.26993 0.010761594 0.99109801 -0.13269854 -15.39429 0.96889348 -0.043147885 -0.24368727 37.34332
189 -0.24633344 -0.12734509 -0.96078253 -128.40069 0.010737877 0.99091078 -0.13409145 -15.57719 0.96912555 -0.043347969 -0.24272702 37.049917
190 -0.24555281 -0.1260126 -0.96115797 -129.54919 0.011880158 0.99104931 -0.1329666 -15.764623 0.96931031 -0.044069025 -0.24185787 36.754288
191 -0.246997 -0.12544859 -0.96086167 -130.72769 0.012959075 0.99106837 -0.13272356 -15.957089 0.96892949 -0.045234196 -0.24316519 36.453622
192 -0.25043788 -0.1262641 -0.95986366 -131.97914 0.013508663 0.99090653 -0.13387214 -16.157563 0.96803832 -0.046493125 -0.24645485 36.134084
193 -0.25371271 -0.12709483 -0.95889351 -133.17091 0.014429803 0.99072258 -0.13513152 -16.348023 0.96717188 -0.048121225 -0.24952493 35.826161
194 -0.25622761 -0.12724539 -0.95820459 -134.32347 0.015116356 0.99064888 -0.13559602 -16.506645 0.96649817 -0.049228001 -0.25190808 35.534267
195 -0.25784278 -0.12661866 -0.95785428 -135.46816 0.016471147 0.99065566 -0.1353885 -16.662183 0.96604638 -0.050685901 -0.25334783 35.246857
196 -0.26096133 -0.12574434 -0.95712463 -136.61027 0.01839423 0.99065243 -0.13516434 -16.816773 0.96517389 -0.052878231 -0.25620898 34.961835
197 -0.26468887 -0.12370346 -0.9563667 -137.7787 0.020672086 0.99078241 -0.13387635 -16.974861 0.96411217 -0.05520567 -0.25969185 34.6666
198 -0.26838195 -0.12307248 -0.95541839 -138.91979 0.021601985 0.99078684 -0.13369659 -17.147394 0.96307024 -0.056520679 -0.26325067 34.355959
199 -0.27186683 -0.12258527 -0.9544953 -140.04065 0.021747215 0.99081767 -0.13344434 -17.316451 0.96208902 -0.0570367 -0.26670455 34.040027
200 -0.27399181 -0.12322055 -0.95380564 -141.16245 0.021932096 0.99069973 -0.13428709 -17.491368 0.96148182 -0.057712514 -0.2687411 33.717139
201 -0.2765958 -0.12316901 -0.95306042 -142.27549 0.022846196 0.99062918 -0.1346546 -17.669293 0.96071464 -0.059018697 -0.2711899 33.396142
202 -0.27766302 -0.12450948 -0.95257579 -143.42211 0.02273566 0.9904362 -0.13608529 -17.849986 0.96040936 -0.059443286 -0.27217668 33.06781
203 -0.27875709 -0.12601626 -0.95205798 -144.59077 0.023179884 0.99018192 -0.13784936 -18.042575 0.96008176 -0.060495073 -0.27309916 32.730449
204 -0.28294978 -0.12667689 -0.95073256 -145.77331 0.023877837 0.99000227 -0.13901558 -18.238276 0.95883736 -0.06203586 -0.27709613 32.390455
205 -0.28618649 -0.12799214 -0.94958692 -146.9515 0.024069656 0.98976508 -0.14066176 -18.425145 0.95787147 -0.063111718 -0.28017664 32.045864
206 -0.29058877 -0.12770486 -0.94828774 -148.09504 0.024519497 0.98973437 -0.14080007 -18.614325 0.95653373 -0.06416645 -0.28447441 31.70156
207 -0.2954647 -0.12706184 -0.94686636 -149.23067 0.025669633 0.98970235 -0.14082016 -18.802024 0.95500863 -0.065913091 -0.28916045 31.359276
208 -0.2996325 -0.12630928 -0.94565656 -150.36446 0.027122155 0.98966909 -0.14078163 -18.990163 0.953669 -0.067830989 -0.29311122 31.013464
209 -0.30266374 -0.12782538 -0.94448681 -151.49455 0.027777301 0.9893617 -0.1428 -19.185528 0.95269244 -0.069455671 -0.29589324 30.661481
210 -0.30372559 -0.12909168 -0.94397358 -152.63171 0.027763206 0.98915847 -0.14420374 -19.38638 0.95235486 -0.070006093 -0.29684871 30.295308
211 -0.30503869 -0.1296668 -0.94347121 -153.78321 0.027941888 0.98904231 -0.14496394 -19.592137 0.95192986 -0.07058197 -0.29807301 29.921552
212 -0.30509742 -0.12951537 -0.94347302 -154.93983 0.02836464 0.98903347 -0.14494216 -19.800241 0.95189854 -0.070982746 -0.29807788 29.544515
213 -0.30442158 -0.13310565 -0.9431916 -156.05524 0.026140263 0.98864819 -0.14795755 -19.994091 0.95217856 -0.069696741 -0.29748639 29.178875
214 -0.3040556 -0.13336487 -0.94327303 -157.15054 0.025784473 0.98863768 -0.14809015 -20.182336 0.95230519 -0.06934943 -0.29716205 28.825201
215 -0.30285692 -0.13427459 -0.94352956 -158.23627 0.024294545 0.98861559 -0.14848896 -20.364245 0.95272623 -0.067893524 -0.29614691 28.467837
216 -0.30136251 -0.13495231 -0.94391129 -159.32933 0.023572946 0.98857661 -0.14886431 -20.549168 0.95321811 -0.067112884 -0.29473868 28.109233
217 -0.30037033 -0.13452636 -0.94428827 -160.4222 0.024302704 0.9886032 -0.1485701 -20.740401 0.9535129 -0.067574802 -0.29367769 27.760404
218 -0.30145065 -0.13507669 -0.94386535 -161.51935 0.025052965 0.98845053 -0.14945867 -20.940196 0.95315249 -0.068701033 -0.29458495 27.413425
219 -0.30393916 -0.13476849 -0.94311105 -162.62454 0.026970894 0.98832986 -0.14992214 -21.144836 0.95230949 -0.071003752 -0.29675729 27.068463
220 -0.30723312 -0.13272423 -0.94233332 -163.73171 0.029229327 0.98844299 -0.14874838 -21.357857 0.95118519 -0.073244191 -0.29980296 26.719165
221 -0.31085641 -0.13225718 -0.94121004 -164.82782 0.03066229 0.98836024 -0.14900957 -21.570499 0.94996207 -0.075180229 -0.30318278 26.369513
222 -0.31560974 -0.13389319 -0.93939508 -165.94276 0.030643157 0.98804007 -0.15112184 -21.788269 0.94839406 -0.076481549 -0.30773213 26.003966
223 -0.31922049 -0.13627828 -0.93783075 -166.99307 0.030507883 0.9876158 -0.15389698 -21.995943 0.94718919 -0.077738293 -0.3111096 25.657885
224 -0.32082426 -0.13772942 -0.93707119 -168.04854 0.031352916 0.98728398 -0.1558439 -22.195834 0.94661957 -0.07937841 -0.3124264 25.308981
225 -0.32240748 -0.13836846 -0.93643344 -169.11019 0.032081741 0.98709335 -0.15689954 -22.39753 0.94605708 -0.080627994 -0.31380715 24.954149
226 -0.32438915 -0.14037211 -0.93545035 -170.19117 0.031446824 0.98678091 -0.15897961 -22.585185 0.94540076 -0.080988194 -0.31568673 24.594335
227 -0.32480666 -0.14092305 -0.93522261 -171.29187 0.030767197 0.98673915 -0.15937134 -22.782802 0.94527976 -0.080539044 -0.31616361 24.214501
228 -0.32635814 -0.14070356 -0.9347154 -172.31847 0.031044188 0.98673027 -0.15937256 -22.972847 0.94473617 -0.081030007 -0.3176594 23.862433
229 -0.32642055 -0.1411772 -0.93462219 -173.31137 0.031705969 0.98659134 -0.16010072 -23.160366 0.94469263 -0.081893258 -0.3175675 23.522412
230 -0.32444241 -0.14145188 -0.93526921 -174.32222 0.032913854 0.9864685 -0.16061309 -23.357514 0.94533254 -0.082893003 -0.31539646 23.174822
231 -0.32510699 -0.1400558 -0.93524854 -175.32285 0.034145463 0.98658885 -0.15961364 -23.555592 0.9450605 -0.083825995 -0.31596463 22.832809
232 -0.3268701 -0.14014139 -0.93462096 -176.31556 0.035027962 0.98646836 -0.16016615 -23.750925 0.94441982 -0.085091385 -0.31753811 22.4921
233 -0.32920222 -0.13969626 -0.93386876 -177.32013 0.035841546 0.98643459 -0.16019418 -23.948705 0.94357888 -0.086207571 -0.31972949 22.146291
234 -0.3312065 -0.14058172 -0.93302682 -178.21425 0.036239946 0.98621363 -0.16146001 -24.124535 0.94286199 -0.087289437 -0.32154566 21.838331
235 -0.33206859 -0.14105889 -0.9326483 -179.10261 0.037073239 0.98603918 -0.16233392 -24.296917 0.94252631 -0.088482278 -0.32220309 21.531703
236 -0.33353164 -0.14105386 -0.93212685 -179.97949 0.037596513 0.98596664 -0.16265385 -24.468224 0.94198883 -0.089294916 -0.32354791 21.226309
237 -0.33484025 -0.14231497 -0.93146576 -180.81209 0.037480988 0.9857347 -0.16408005 -24.630484 0.94152907 -0.089852853 -0.32472952 20.932651
238 -0.33772345 -0.1437387 -0.93020539 -181.67253 0.035694308 0.98560416 -0.16525841 -24.801904 0.94056824 -0.089014669 -0.32773095 20.621973
239 -0.34249574 -0.14397453 -0.92842232 -182.53328 0.034741 0.98557199 -0.16565296 -24.96874 0.93887675 -0.088989745 -0.33255236 20.308888
240 -0.34869182 -0.14351813 -0.92618387 -183.39901 0.033925059 0.9856259 -0.16550124 -25.129145 0.93662315 -0.089129763 -0.3388108 19.987387
241 -0.35447567 -0.14383709 -0.92393609 -184.2412 0.033776802 0.98548346 -0.16637745 -25.27955 0.93445489 -0.090184355 -0.34447152 19.675812
242 -0.35626239 -0.14427892 -0.92317967 -185.04251 0.035196059 0.98523351 -0.16755943 -25.428807 0.93372274 -0.092187399 -0.34592356 19.381719
243 -0.3591817 -0.14490549 -0.92194952 -185.81952 0.03641302 0.98494444 -0.16899271 -25.566224 0.93255693 -0.094270046 -0.34849753 19.095301
244 -0.36262056 -0.14557533 -0.92049669 -186.57998 0.037977102 0.98459555 -0.17067318 -25.699334 0.93116266 -0.096847394 -0.35150602 18.810412
245 -0.36508577 -0.14590316 -0.91946977 -187.34449 0.039554932 0.98432006 -0.17189945 -25.841077 0.93013311 -0.099127598 -0.35359002 18.520848
246 -0.36667173 -0.1470609 -0.91865387 -188.12828 0.040388802 0.98398073 -0.17363942 -25.98409 0.92947319 -0.10077199 -0.35485827 18.219239
247 -0.36775728 -0.14820409 -0.91803602 -188.94074 0.040852045 0.98369062 -0.17516808 -26.139559 0.92902396 -0.10192298 -0.35570491 17.903526
248 -0.36841139 -0.14899913 -0.91764498 -189.75059 0.04174037 0.98342637 -0.17643784 -26.299995 0.92872526 -0.10330454 -0.35608616 17.590787
249 -0.36948044 -0.14976765 -0.91708989 -190.56184 0.042461463 0.98317422 -0.17766674 -26.455818 0.92826777 -0.10458535 -0.35690425 17.275609
250 -0.370249 -0.15102968 -0.91657281 -191.38562 0.042568676 0.98289959 -0.17915436 -26.616747 0.92795658 -0.10534901 -0.35748843 16.95384
251 -0.3708765 -0.15167359 -0.91621272 -192.20819 0.043378826 0.98266675 -0.1802341 -26.77894 0.92766843 -0.10658882 -0.35786855 16.635276
252 -0.37063059 -0.15103453 -0.91641778 -193.04263 0.045322206 0.98257292 -0.18026739 -26.942586 0.92767381 -0.10834667 -0.35732632 16.313686
253 -0.37169408 -0.15124553 -0.91595213 -193.86383 0.047207713 0.98228389 -0.18135541 -27.096621 0.92715412 -0.11064873 -0.35796911 15.998437
254 -0.37301623 -0.15194741 -0.91529825 -194.63811 0.048794597 0.98192121 -0.18289291 -27.24355 0.92654077 -0.11288362 -0.3588583 15.701282
255 -0.37235243 -0.15450653 -0.9151401 -195.4519 0.048620454 0.98144378 -0.18548353 -27.390068 0.92681689 -0.11355976 -0.35793076 15.38298
256 -0.37383866 -0.15564072 -0.91434164 -196.2915 0.049056958 0.98112173 -0.18706562 -27.545261 0.92619539 -0.11478717 -0.35914594 15.057718
257 -0.37577169 -0.15456144 -0.91373213 -197.15795 0.050645049 0.98109473 -0.18678384 -27.712491 0.92532726 -0.11646407 -0.36083981 14.721221
258 -0.37660702 -0.15347132 -0.91357195 -198.02955 0.053071638 0.98098727 -0.18667447 -27.882615 0.92485154 -0.11878767 -0.36130169 14.383258
259 -0.37647034 -0.1539899 -0.91354102 -198.94914 0.054391927 0.98071392 -0.18772773 -28.071459 0.92483049 -0.12036317 -0.36083386 14.023764
260 -0.37699102 -0.15299281 -0.91349383 -199.87427 0.056486026 0.98062991 -0.18754812 -28.26585 0.92449279 -0.12230358 -0.36104667 13.664385
261 -0.37886007 -0.15101265 -0.91304996 -200.7847 0.058843714 0.98066965 -0.18661307 -28.454499 0.92358123 -0.12442748 -0.36265039 13.311684
262 -0.37845178 -0.15333858 -0.9128316 -201.70846 0.058862117 0.98019996 -0.1890589 -28.645986 0.92374744 -0.12528087 -0.36193255 12.94923
263 -0.37837063 -0.15425305 -0.91271117 -202.60414 0.059831054 0.97988005 -0.19040832 -28.826404 0.92371843 -0.12665337 -0.36152867 12.601326
264 -0.37857527 -0.15429407 -0.91261937 -203.51114 0.06081058 0.97973069 -0.19086601 -29.011955 0.92357061 -0.12775405 -0.36151906 12.246078
265 -0.37809128 -0.15551119 -0.91261342 -204.43867 0.061558816 0.97938528 -0.19239277 -29.202028 0.92371929 -0.12892142 -0.36072391 11.886382
266 -0.37826866 -0.15811144 -0.91209298 -205.38062 0.061664232 0.97881281 -0.19525109 -29.394514 0.92363963 -0.13010087 -0.36050435 11.521528
267 -0.37782459 -0.15772574 -0.91234378 -206.30831 0.063253948 0.97868372 -0.19538962 -29.593188 0.92371389 -0.13153234 -0.35979396 11.162833
268 -0.37779738 -0.15549547 -0.91273781 -207.20639 0.065850939 0.97878794 -0.19400468 -29.789477 0.92354351 -0.13339909 -0.35954396 10.818347
269 -0.37969461 -0.15401314 -0.91220171 -208.08261 0.067825365 0.97875664 -0.19348167 -29.986569 0.9226221 -0.13533435 -0.36118258 10.47954
270 -0.37905319 -0.15265362 -0.91269686 -208.9537 0.069939795 0.97875247 -0.19274857 -30.190114 0.92272798 -0.13689578 -0.36032264 10.143634
271 -0.37926951 -0.15479487 -0.91224624 -209.89094 0.07056071 0.97819763 -0.19532172 -30.406658 0.92259181 -0.1384483 -0.36007806 9.7852015
272 -0.37880852 -0.15638554 -0.91216647 -210.80585 0.071456625 0.97773512 -0.19730172 -30.621612 0.92271224 -0.1399199 -0.35919957 9.434871
273 -0.37731357 -0.15951236 -0.91224464 -211.7234 0.072476448 0.97694693 -0.20080299 -30.834272 0.92324507 -0.14188193 -0.35705441 9.0894441
274 -0.37681882 -0.15871574 -0.91258802 -212.64717 0.073609019 0.97696428 -0.20030602 -31.047239 0.92335752 -0.14265377 -0.35645558 8.7357288
275 -0.37533786 -0.1570175 -0.91349165 -213.58918 0.075744232 0.97705469 -0.19906516 -31.265152 0.92378792 -0.1439084 -0.35483241 8.3806658
276 -0.37348151 -0.15745473 -0.91417699 -214.58027 0.077116596 0.97680802 -0.1997476 -31.499401 0.92442653 -0.14510024 -0.35267733 8.0041677
277 -0.37145347 -0.15815622 -0.91488192 -215.59557 0.078587477 0.97649257 -0.20071438 -31.733236 0.92511953 -0.1464543 -0.35029242 7.619335
278 -0.36937556 -0.16035643 -0.91534011 -216.66632 0.078545009 0.97608688 -0.20269451 -31.988665 0.92595475 -0.14676578 -0.34794741 7.2075408
279 -0.36647713 -0.16076668 -0.91643254 -217.74079 0.079186033 0.97599616 -0.20288185 -32.242966 0.92705119 -0.1469202 -0.34494976 6.7934826
280 -0.36373725 -0.16148203 -0.91739783 -218.8063 0.079613582 0.97586612 -0.20333955 -32.497737 0.92809305 -0.14699948 -0.34210266 6.3863589
281 -0.35938662 -0.16299427 -0.91884391 -219.88041 0.080070231 0.97561096 -0.20438201 -32.75154 0.92974719 -0.14702419 -0.3375705 5.9836071
282 -0.35386923 -0.1641582 -0.92077612 -220.95803 0.081408159 0.97533449 -0.20517148 -33.008354 0.93174519 -0.14756255 -0.33177702 5.5906802
