4 0.99994023 -0.00078198186 0.010905473 0.0014867604 0.00079118155 0.99999933 -0.00083929559 -0.027299807 -0.010904809 0.00084787363 0.99994018 0.7601048
5 0.99998639 0.0001568056 0.0052146591 -0.0028592094 -0.00014660501 0.99999808 -0.001956463 -0.01035593 -0.0052149558 0.0019556718 0.99998449 0.74984756
6 0.99999111 8.9542791e-05 0.0042152882 -0.0019515444 -8.0473965e-05 0.99999768 -0.0021515336 -0.0051084075 -0.0042154711 0.0021511752 0.9999888 0.74742501
7 0.99999892 -0.0010937918 0.00098618831 0.0006070406 0.0010951214 0.99999849 -0.0013486751 0.0010869851 -0.00098471165 0.0013497536 0.9999986 0.76401939
8 0.9999992 -0.0010828335 -0.00065960028 0.002486524 0.0010828725 0.99999941 5.8813478e-05 -0.0016055724 0.0006595362 -5.9527693e-05 0.99999978 0.77418003
9 0.99999725 -0.0011686582 0.0020309575 0.0030021364 0.0011704949 0.99999891 -0.00090343939 -0.010029981 -0.0020298994 0.00090581413 0.99999753 0.74873149
10 0.99999818 -0.0018919731 0.00024203092 0.0046352478 0.0018921617 0.9999979 -0.00078132867 -0.0092959363 -0.00024055216 0.00078178521 0.99999967 0.76372984
11 0.99999885 -0.0014156086 -0.00054240883 0.001966089 0.0014146416 0.99999742 -0.0017790768 -0.0066532056 0.0005449259 0.0017783074 0.99999827 0.7365385
12 0.99999345 -0.0024387622 -0.0026725399 -0.0019626635 0.0024349679 0.99999602 -0.0014220802 0.0015676035 0.0026759974 0.0014155634 0.99999542 0.70694679
13 0.99999341 -0.0014237728 -0.0033403655 0.0029188652 0.0014170454 0.99999696 -0.0020154725 -0.0030345419 0.0033432249 0.0020107258 0.99999239 0.64262391
14 0.99999809 -0.00098815444 -0.0016865536 0.0027238077 0.00098388412 0.99999631 -0.0025309302 -0.0049761134 0.0016890483 0.002529266 0.99999537 0.5905138
15 0.99999925 -0.0012256775 -7.0001149e-06 0.0042906443 0.0012256501 0.99999451 -0.003077968 -0.0057539917 1.0772673e-05 0.0030779571 0.99999526 0.56144619
16 0.99999847 -0.0015969442 0.00071688644 0.0013100013 0.0015986417 0.99999591 -0.0023734697 -0.005723553 -0.00071309321 0.0023746121 0.99999693 0.59763577
17 0.99999369 -0.0014764324 -0.0032300777 -0.0026002925 0.0014742489 0.99999868 -0.00067825524 -0.0075839517 0.0032310748 0.00067348903 0.99999455 0.65481619
18 0.99999866 0.00015890174 -0.0016314989 -0.0091284968 -0.00016194054 0.99999825 -0.001862619 -0.0061842011 0.0016312001 0.0018628807 0.99999693 0.64117547
19 0.99999122 7.9517458e-05 -0.0041904564 -0.0077943652 -8.0090514e-05 0.99999999 -0.0001365849 -0.0035925391 0.0041904455 0.00013691932 0.99999121 0.5206462
20 0.99999912 -7.439795e-05 -0.0013230871 -0.0034817622 7.4661504e-05 0.99999998 0.00019914745 -0.0047472823 0.0013230722 -0.00019924606 0.9999991 0.48824129
21 0.99998268 -0.001414688 0.0057123408 0.007358508 0.0014273617 0.99999653 -0.0022151834 -0.00152054 -0.0057091871 0.0022232986 0.99998123 0.42313802
22 0.99999545 0.00069702038 0.0029335269 0.0076470561 -0.00070088954 0.99999889 0.0013181239 -0.00076993863 -0.0029326049 -0.001320174 0.99999483 0.4028641
23 0.99996617 -0.0013580155 0.0081125447 0.023087206 0.0013811363 0.999995 -0.0028450847 -0.0075530728 -0.0081086404 0.002856193 0.99996305 0.43206694
24 0.99999298 -0.0016925011 0.0033423862 0.012759384 0.0016999989 0.99999604 -0.002241684 -0.0049987149 -0.0033385789 0.0022473503 0.9999919 0.4282719
25 0.9999977 -0.0017770926 -0.0012019434 -0.013685787 0.0017804867 0.99999441 0.0028287085 -0.035360513 0.0011969098 -0.002830842 0.99999528 1.6993751
26 0.99998244 -0.0057472681 0.0014468429 0.020067695 0.0057377618 0.99996247 0.0064909908 -0.03602588 -0.001484094 -0.0064825752 0.99997789 2.277454
27 0.9999679 -0.0012320599 -0.0079165159 0.0019157073 0.0012305417 0.99999922 -0.00019664775 -0.048226748 0.0079167521 0.00018689984 0.99996864 2.5819518
28 0.99997239 -0.0011129524 -0.0073476726 0.00046088966 0.0011047211 0.99999876 -0.0011242194 -0.050938714 0.0073489146 0.0011160713 0.99997237 2.5877698
29 0.99998421 -0.00090927097 -0.0055454285 0.0018379083 0.00090447526 0.99999921 -0.00086725043 -0.048827307 0.0055462127 0.00086222103 0.99998425 2.5851932
30 0.99998532 -0.00082504214 -0.0053548249 0.0017816286 0.00081989653 0.9999992 -0.00096305363 -0.049082322 0.0053556152 0.00095864909 0.9999852 2.5826629
31 0.99997498 -0.0041991273 -0.0056932927 0.0031281358 0.0042035361 0.99999087 0.00076263638 -0.053638686 0.0056900383 -0.00078654925 0.9999835 2.3480251
32 0.99999772 -0.0016064194 0.0014034499 -0.0009216553 0.0016083642 0.99999775 -0.0013857518 0.015173753 -0.0014012206 0.0013880059 0.99999806 0.63040691
33 0.99991059 -0.0013470661 0.01330383 0.0051253924 0.001248794 0.9999719 0.0073922943 -0.0083609391 -0.013313414 -0.0073750196 0.99988417 0.66642566
34 0.99994152 -0.001193752 0.010748875 0.008411736 0.0010864104 0.99994954 0.0099866106 -0.0071099943 -0.010760254 -0.0099743489 0.99989236 0.45277033
35 0.99990038 -0.00012088236 0.014114447 -0.0099502561 -1.6878922e-05 0.99995237 0.0097597755 -0.022531687 -0.014114955 -0.0097590415 0.99985275 1.3934753
36 0.9999509 -0.0052573541 0.0083994125 0.0030093975 0.00520226 0.9999649 0.0065677179 -0.016672717 -0.0084336465 -0.0065236995 0.99994316 0.81570712
37 0.999982 -0.0058653772 -0.0012675239 0.026220957 0.0058740037 0.99995885 0.0069127857 -0.049481394 0.0012269256 -0.0069201067 0.9999753 1.9376965
38 0.99999344 -0.0034780508 0.0010069696 0.012524905 0.0034723595 0.99997829 0.0055995717 -0.04277387 -0.0010264234 -0.0055960384 0.99998382 1.8051254
39 0.9999937 -0.0022359439 -0.0027554438 -0.0056843311 0.0022338315 0.99999721 -0.0007694793 -0.0021106419 0.0027571566 0.00076331926 0.99999591 0.31176027
40 0.99997677 -0.0021013247 0.0064848258 0.0098271332 0.0021321127 0.99998647 -0.0047444494 -0.017825922 -0.0064747685 0.0047581655 0.99996772 0.55906775
41 0.9999287 -0.0022242332 0.011732397 0.0099514201 0.0023003604 0.99997636 -0.0064791254 -0.021712952 -0.011717709 0.0065056522 0.99991018 0.51261494
42 0.99999941 0.00055102666 -0.00093852387 0.012562529 -0.00055004753 0.9999993 0.0010432086 -0.051229205 0.00093909805 -0.0010426918 0.99999902 2.6218083
43 0.99996056 0.0019067848 -0.0086746056 -0.0039413969 -0.0019401385 0.99999075 -0.0038381897 -0.055865836 0.0086672067 0.0038548682 0.99995501 2.5799515
44 0.99997871 -0.0011945329 -0.0064155062 0.0032072739 0.0011991681 0.99999902 0.00071870124 -0.048102316 0.0064146414 -0.0007263792 0.99997916 2.5960129
45 0.99997562 -0.0023157009 -0.0065875299 0.01078422 0.002298846 0.99999407 -0.0025650378 -0.055077761 0.0065934307 0.0025498315 0.99997501 2.6052575
46 0.99996488 -0.0030621253 -0.0078010139 0.0075263728 0.0030632721 0.9999953 0.00013506698 -0.052183668 0.0078005636 -0.00015895887 0.99996956 2.4803906
47 0.99994854 -0.00059537609 0.010127055 -0.010262638 0.00052472336 0.99997552 0.0069778584 -0.041891656 -0.010130961 -0.0069721855 0.99992437 1.4080421
48 0.99996587 0.00011314587 -0.0082610585 -0.0087342954 -0.00013102192 0.99999765 -0.0021633843 0.0066592519 0.0082607943 0.0021643929 0.99996354 0.244294
49 0.99994984 0.0005719875 -0.0099998692 -0.0096120281 -0.00059029498 0.99999816 -0.0018279163 0.0057086616 0.0099988052 0.0018337275 0.99994833 0.25086926
50 0.99989564 -0.00026709722 -0.014444273 -0.011727031 0.00022971569 0.99999662 -0.0025895799 0.0063498556 0.014444916 0.0025859916 0.99989232 0.24394045
51 0.99978541 -0.00034990208 -0.020712741 -0.015183548 0.00030355087 0.99999744 -0.0022409133 0.0056236582 0.020713472 0.002234145 0.99978296 0.26165643
52 0.99960163 0.00017493407 -0.028223162 -0.02545919 -0.00022223229 0.99999858 -0.0016727371 0.0025195273 0.02822283 0.0016783429 0.99960025 0.30068864
53 0.99951644 -2.2654834e-05 -0.031094822 -0.030910487 -4.7098799e-05 0.99999748 -0.0022425213 0.0014728121 0.031094794 0.0022429015 0.99951392 0.31098883
54 0.99941399 0.00053908928 -0.034225521 -0.038855175 -0.00060653687 0.99999789 -0.0019603293 -0.0016439475 0.034224392 0.0019799396 0.99941221 0.35588525
55 0.99915124 4.9913176e-05 -0.041192294 -0.047180876 -9.8414449e-05 0.9999993 -0.0011754086 -0.0020121635 0.041192206 0.0011784649 0.99915055 0.39818635
56 0.99867831 -0.00037106542 -0.051395477 -0.058834761 0.00037663288 0.99999992 9.8640836e-05 -0.0032055307 0.051395437 -0.00011786769 0.99867837 0.43225506
57 0.99835951 0.0014963535 -0.057236739 -0.069296143 -0.0015043576 0.99999886 -9.675399e-05 -0.0059653339 0.057236529 0.00018269979 0.99836063 0.42002294
58 0.99839292 0.00094974257 -0.056662795 -0.066637483 -0.00098774366 0.99999931 -0.00064265043 -0.0043923774 0.056662145 0.00069758596 0.99839317 0.45397184
59 0.99837654 0.0016572707 -0.056934455 -0.068967113 -0.0016673049 0.9999986 -0.00012874065 -0.0070538362 0.056934162 0.00022345875 0.99837791 0.41588245
60 0.99841862 0.0012981443 -0.056201169 -0.069363194 -0.0013670315 0.99999836 -0.0011872982 -0.0067287269 0.056199535 0.0012622494 0.99841876 0.40001709
61 0.99835006 0.001269193 -0.057406906 -0.068559226 -0.0013003975 0.99999903 -0.00050621343 -0.0050421692 0.057406208 0.00058003001 0.99835074 0.40162925
62 0.99845297 0.0011059609 -0.055591825 -0.064685548 -0.001185676 0.99999832 -0.0014009729 -0.0050216858 0.055590182 0.0014647195 0.9984526 0.3823576
63 0.9983946 0.0011336041 -0.05662984 -0.067469341 -0.0011882659 0.99999886 -0.00093158266 -0.0043670915 0.056628719 0.00099737841 0.99839481 0.39134649
64 0.99850973 0.00086712493 -0.054567171 -0.064211695 -0.00094246158 0.99999864 -0.0013549045 -0.0058126007 0.054565921 0.0014043128 0.99850918 0.38410826
65 0.99836287 0.00072496537 -0.057193058 -0.068690702 -0.00074505894 0.99999967 -0.00033000605 -0.0059771637 0.0571928 0.00037207798 0.99836308 0.40512263
66 0.99811145 -0.0019308942 -0.061398754 -0.067686874 0.0019977487 0.99999748 0.0010274877 0.0058006703 0.061396615 -0.0011482065 0.99811279 0.50271378
67 0.99804512 -0.0011256396 -0.062487405 -0.075549376 0.0012139819 0.99999832 0.0013758133 -0.0058551956 0.062485751 -0.0014489823 0.9980448 0.44581984
68 0.99843916 0.00032546397 -0.055849225 -0.064074997 -0.0004436812 0.99999769 -0.0021043348 -0.00056083899 0.055848411 0.0021258295 0.998437 0.48894009
69 0.9983462 -0.00053786592 -0.057485434 -0.071318012 0.00061280955 0.99999899 0.0012860773 -0.0039464033 0.057484684 -0.001319178 0.99834552 0.56014059
70 0.99797616 -0.0023015176 -0.063547577 -0.070051789 0.002297263 0.99999735 -0.00014001822 0.010355726 0.063547731 -6.2506526e-06 0.9979788 0.52933371
71 0.99800169 -0.00011200421 -0.063187184 -0.073441531 5.9625663e-05 0.99999965 -0.0008308277 0.0056205177 0.063187255 0.00082539987 0.99800135 0.56761149
72 0.99788265 -5.072697e-05 -0.065040145 -0.080753235 0.00015335322 0.99999875 0.0015728994 -8.227983e-05 0.065039984 -0.0015795432 0.99788141 0.58948077
73 0.99828944 -0.00027516835 -0.058464625 -0.065507645 0.00027805307 0.99999996 4.1206239e-05 -1.3322092e-06 0.058464612 -5.7392022e-05 0.99828948 0.5985121
74 0.99821667 -0.0018946302 -0.059664749 -0.07455146 0.0021031537 0.9999919 0.0034323157 -0.0074246484 0.059657763 -0.0035516789 0.99821257 0.60492591
75 0.99849019 -0.00092212712 -0.054922669 -0.054935144 0.00095679129 0.99999936 0.00060485368 -0.0023864332 0.054922076 -0.00065648999 0.99849043 0.61400405
76 0.9984171 -0.0013403942 -0.056227282 -0.062007271 0.0014954179 0.9999952 0.0027151067 -0.0079147719 0.056223372 -0.0027948922 0.9984143 0.63123018
77 0.9984486 -0.00077594525 -0.055675706 -0.061414199 0.00074865032 0.99999959 -0.00051110371 -0.0060151859 0.055676079 0.00046862915 0.99844877 0.61479344
78 0.99874265 6.6287993e-05 -0.050131038 -0.049869976 -7.139976e-05 0.99999999 -0.00010017732 -0.0098692117 0.050131031 0.0001036307 0.99874264 0.6376227
79 0.99885569 0.00027403564 -0.047825047 -0.053245421 -0.0002961399 0.99999985 -0.00045510508 -0.0089362548 0.047824915 0.0004687472 0.99885562 0.6382095
80 0.99915244 0.0013576091 -0.04114073 -0.050888288 -0.0014437371 0.99999683 -0.0020638586 -0.0078988077 0.041137797 0.0021215057 0.99915123 0.66698846
81 0.99947977 0.001192848 -0.032229941 -0.040992685 -0.0012549063 0.9999974 -0.0019053251 -0.008278481 0.032227584 0.0019447794 0.99947866 0.70182645
82 0.99961982 0.00016398676 -0.0275714 -0.028735408 -0.00016202263 0.99999998 7.3471678e-05 -0.0031606781 0.027571412 -6.8976555e-05 0.99961983 0.70120267
83 0.99981626 0.00016482487 -0.019168395 -0.022387778 -0.00016604399 0.99999998 -6.2009156e-05 -0.009520045 0.019168385 6.5180559e-05 0.99981627 0.72551001
84 0.9998974 -0.00061025742 -0.01431142 -0.015000413 0.00060248518 0.99999967 -0.00054738462 -0.0083606858 0.01431175 0.00053870604 0.99989744 0.73332609
85 0.9999407 -0.001057965 -0.010838456 -0.012115254 0.0010423408 0.99999841 -0.0014471 -0.0060790877 0.01083997 0.0014357169 0.99994022 0.76800125
86 0.99995881 -0.0022573852 -0.0087909372 -0.0041629098 0.0022526805 0.99999731 -0.00054504623 0.00097013548 0.008792144 0.00052522061 0.99996121 0.80683108
87 0.99998791 -0.0034717795 -0.0034829027 0.0087261615 0.003469992 0.99999384 -0.00051913316 0.0031275675 0.0034846836 0.00050704124 0.9999938 0.84138544
88 0.99999715 -0.0021143704 -0.0011044385 0.003584372 0.002114352 0.99999776 -1.782966e-05 0.0038162845 0.0011044737 1.5494438e-05 0.99999939 0.90842386
89 0.99999636 -0.0014818327 -0.0022547961 0.0027219758 0.0014801766 0.99999863 -0.00073594675 0.0037553307 0.0022558836 0.00073260658 0.99999719 0.92099134
90 0.99999738 -0.00092856678 -0.0020917689 -0.00039051543 0.00092777439 0.9999995 -0.00037975111 -0.0053336032 0.0020921205 0.00037780943 0.99999774 0.94068966
91 0.99999387 0.001018254 -0.003351106 -0.0088857655 -0.0010231869 0.9999984 -0.0014706269 -0.012218402 0.0033496032 0.0014740467 0.9999933 1.0348808
92 0.99999353 -0.00083789066 -0.0034975813 -0.0046277758 0.0008366795 0.99999959 -0.00034773438 0.016098659 0.0034978713 0.00034480578 0.99999382 0.94815288
93 0.99997883 -0.00060953817 -0.0064782984 -0.0078141938 0.00059798089 0.99999823 -0.0017857868 0.019019245 0.0064793754 0.0017818751 0.99997742 0.92441466
94 0.9999678 -0.00080140024 -0.0079853528 -0.0078699379 0.00078722225 0.99999811 -0.0017784837 0.021983711 0.0079867629 0.0017721402 0.99996654 0.91061818
95 0.9999935 -0.0010343347 -0.003452844 -0.0034689761 0.001029154 0.99999834 -0.001501858 0.015591233 0.0034543917 0.0014982947 0.99999291 0.88965746
96 0.99999158 -0.0014145661 -0.0038512002 -0.0031834225 0.0014164071 0.99999888 0.00047534847 0.0013208374 0.0038505235 -0.00048079934 0.99999247 0.92534719
97 0.99999313 -0.00057575714 -0.0036630998 -0.009592694 0.00057905598 0.99999943 0.00089956346 -0.014007128 0.0036625798 -0.00090167841 0.99999289 0.96290367
98 0.99998385 -0.0019220847 -0.0053477452 -0.0037938585 0.0019434207 0.99999016 0.00398739 -0.023512303 0.0053400285 -0.0039977185 0.99997775 1.0429877
99 0.99998279 -0.0013000787 -0.0057211192 -0.0067145469 0.0013038536 0.99999893 0.00065614249 -0.027666021 0.00572026 -0.0006635907 0.99998342 1.0370373
100 0.99998517 -0.00060184272 -0.0054132963 -0.0034225714 0.00060108937 0.99999981 -0.00014079361 -0.023360944 0.00541338 0.00013753765 0.99998534 1.1589551
101 0.99998328 0.00086448568 -0.0057181218 -0.00034240409 -0.00088809467 0.99999109 -0.0041275515 -0.021004556 0.0057145026 0.0041325607 0.99997513 1.2651276
102 0.99998185 0.00028038025 -0.006018653 -7.6726626e-05 -0.00028257386 0.99999989 -0.00036362122 -0.020801534 0.0060185504 0.00036531533 0.99998182 1.3202552
103 0.99998452 -0.00040082296 -0.0055504236 0.00098604775 0.00039384278 0.99999913 -0.0012586303 -0.012951932 0.0055509233 0.0012564249 0.9999838 1.2696761
104 0.99998166 0.00067357798 -0.006019141 -0.004711387 -0.00067873709 0.9999994 -0.0008551146 -0.014247256 0.0060185614 0.00085918433 0.99998152 1.2252758
105 0.99997617 -0.0023258178 -0.0065005979 -0.00046257664 0.002338362 0.99999542 0.0019227712 -0.011396779 0.0064960961 -0.0019379261 0.99997702 1.1149127
106 0.99999944 -0.00066218094 -0.00082252989 -0.0030136831 0.00066108918 0.9999989 -0.0013268915 -0.020746421 0.00082340763 0.001326347 0.99999878 1.2591639
107 0.99999052 0.0014797655 -0.0040949815 -0.0067714419 -0.0014809016 0.99999887 -0.00027440072 -0.028291259 0.0040945708 0.00028046239 0.99999158 1.3157989
108 0.99999844 0.0004972708 -0.001693941 0.0013579333 -0.00050123343 0.99999714 -0.0023396754 -0.028393271 0.0016927727 0.0023405208 0.99999583 1.1935368
109 0.99998746 0.001175338 -0.0048677775 -0.0050832175 -0.0011838924 0.99999776 -0.0017548283 -0.024346898 0.0048657041 0.0017605692 0.99998661 1.1812276
110 0.99997143 0.00012273628 -0.0075580089 -0.011062464 -0.0001234167 0.99999999 -8.9559879e-05 -0.015449937 0.0075579978 9.0490105e-05 0.99997143 1.0104789
111 0.99998102 -0.0002921066 -0.006154491 -0.0090382386 0.00029126832 0.99999995 -0.00013710155 -0.019407495 0.0061545308 0.00013530634 0.99998105 1.0198114
112 0.99998998 -0.00048817558 -0.0044508895 -0.0075004559 0.00048757005 0.99999987 -0.00013713209 -0.023032869 0.0044509559 0.00013496059 0.99999009 1.058658
113 0.99999565 -0.001119274 -0.0027271996 0.0010788422 0.0011165823 0.99999889 -0.0009882809 -0.019939814 0.0027283027 0.00098523146 0.99999579 1.115422
114 0.99999801 -0.00062741579 -0.0018955596 0.00040156998 0.00062713016 0.99999979 -0.00015127526 -0.020040106 0.0018956542 0.00015008619 0.99999819 1.0725571
115 0.99999633 -0.00022796007 -0.0026987428 -0.0062893569 0.0002281474 0.99999997 6.9107075e-05 -0.025603348 0.0026987269 -6.9722533e-05 0.99999636 1.0958179
116 0.99999163 0.0024443871 -0.0032802668 -0.0015966547 -0.0024599044 0.99998577 -0.0047348156 -0.017183326 0.0032686464 0.0047428451 0.99998341 1.2243717
117 0.99999169 0.0016087903 -0.0037462583 -0.0020353398 -0.0016137995 0.99999781 -0.0013344761 -0.02058981 0.0037441031 0.0013405107 0.99999209 1.2063344
118 0.99998986 0.00042898649 -0.0044836374 0.0019188785 -0.00043311583 0.99999948 -0.00092005019 -0.024113631 0.0044832404 0.00092198279 0.99998953 1.208122
119 0.99998384 -0.00038220945 -0.0056722322 -6.8737517e-05 0.00037939146 0.9999998 -0.00049787172 -0.019185674 0.0056724214 0.00049571167 0.99998379 1.1647235
120 0.99999448 -7.4204248e-05 -0.0033230946 -0.0062334119 7.2672371e-05 0.99999989 -0.00046109749 -0.01941705 0.0033231284 0.00046085344 0.99999437 1.1039025
121 0.99999276 0.00048719766 -0.0037732273 -0.010733274 -0.00048891704 0.99999978 -0.0004547693 -0.017476568 0.0037730049 0.0004566108 0.99999278 1.1067673
122 0.99999721 0.00079724609 -0.0022221897 -0.0085388372 -0.00079849287 0.99999952 -0.00056022971 -0.014643492 0.002221742 0.00056200255 0.99999737 1.09493
123 0.99999975 0.00026944437 -0.00064799514 0.0018765863 -0.00027001458 0.99999958 -0.00088003059 -0.0061336014 0.00064775775 0.00088020534 0.9999994 1.1215437
124 0.99999972 4.4167606e-05 -0.00074217052 -0.00047504596 -4.4242362e-05 0.99999999 -0.0001007109 0.00073034918 0.00074216607 0.00010074371 0.99999972 1.105331
125 0.99999984 -0.00056895806 2.2524809e-05 0.0029561996 0.00056896994 0.9999997 -0.00053069432 -0.0052367442 -2.2222859e-05 0.00053070705 0.99999986 1.135801
126 0.99999617 -0.0011679595 0.0025100077 0.0039722365 0.0011715747 0.99999828 -0.0014393446 -0.010330644 -0.0025083222 0.0014422797 0.99999581 1.1601146
127 0.99999829 -0.00037395542 0.0018136955 -0.008125311 0.00037433682 0.99999991 -0.00020995201 -0.020990731 -0.0018136168 0.00021063058 0.99999833 1.1329899
128 0.99999934 -0.00062675317 0.00096787786 -0.0098819722 0.00062524831 0.9999986 0.0015543234 -0.022470168 -0.00096885067 -0.0015537172 0.99999832 1.1283471
129 0.99999685 0.00036778485 0.0024811583 -0.012439697 -0.00036773951 0.99999993 -1.8730183e-05 -0.023381443 -0.002481165 1.7817704e-05 0.99999692 1.100669
130 0.99999858 0.0012191246 0.0011667375 -0.011588579 -0.0012171449 0.99999782 -0.0016959513 -0.020320918 -0.0011688025 0.0016945288 0.99999788 1.0949771
131 0.99999553 0.00055304986 0.0029370232 -0.0070220256 -0.00054945835 0.9999991 -0.0012235063 -0.022443552 -0.0029376972 0.0012218871 0.99999494 1.1354302
132 0.99999924 -0.000832351 0.00090998532 -0.0035783139 0.00083319031 0.99999923 -0.00092234067 -0.023423 -0.0009092169 0.00092309816 0.99999916 1.1403425
133 0.99999478 -0.0015203164 0.0028525786 0.0078848936 0.0015208259 0.99999883 -0.00017646214 -0.015110144 -0.002852307 0.00018079949 0.99999592 1.0833006
134 0.9999945 -0.0014282828 0.0029925569 0.0093230007 0.0014316535 0.99999834 -0.0011245267 -0.013770958 -0.0029909458 0.0011288049 0.99999489 1.0740245
135 0.99999939 -0.00071013096 0.00084323954 0.0027737971 0.00071040806 0.99999969 -0.0003283598 -0.010534563 -0.00084300611 0.00032895865 0.99999959 1.0716285
136 0.99998804 -0.0013735613 0.0046941904 0.0094016488 0.0013721916 0.99999902 0.00029498164 -0.012132795 -0.004694591 -0.00028853678 0.99998894 1.0823763
137 0.99999289 -0.0017747673 0.0033283084 0.011417186 0.0017790355 0.9999976 -0.0012798862 -0.018043139 -0.0033260289 0.0012857983 0.99999364 1.1673082
138 0.99999735 -0.0022918474 0.00022752315 0.014016734 0.0022920027 0.99999714 -0.0006848934 -0.016760699 -0.00022595283 0.00068541306 0.99999974 1.2795866
139 0.99999632 -0.0022835503 0.0014630261 0.019449953 0.0022858411 0.99999616 -0.0015660146 -0.018073959 -0.0014594444 0.0015693531 0.9999977 1.2749251
140 0.99999854 -0.00096328869 -0.0014110249 0.0053709381 0.00096099005 0.99999821 -0.0016288336 -0.025692232 0.0014125915 0.0016274752 0.99999768 1.2655215
141 0.99999682 -0.0010513863 -0.0022926723 0.0045892072 0.0010467446 0.9999974 -0.0020248541 -0.024645546 0.0022947953 0.0020224479 0.99999532 1.2709997
142 0.9999965 -0.00057649655 -0.0025820427 -0.0028364329 0.00057374915 0.99999927 -0.0010646569 -0.028408963 0.0025826546 0.0010631717 0.9999961 1.2479292
143 0.99999123 -0.00059166255 -0.0041453654 -0.0051831323 0.00058938629 0.99999967 -0.00055030892 -0.026379274 0.0041456897 0.00054786087 0.99999126 1.27076
144 0.99999152 -0.0010431435 -0.0039844231 -0.0075966564 0.0010438949 0.99999944 0.00018650426 -0.028797718 0.0039842263 -0.000190662 0.99999204 1.2749471
145 0.99999695 -0.0006143115 -0.0023902003 -0.010698149 0.00061420867 0.99999981 -4.3755576e-05 -0.035181151 0.0023902267 4.2287361e-05 0.99999714 1.2681363
146 0.99999958 -0.00030794378 -0.00086510244 -0.0086890424 0.00030740559 0.99999976 -0.00062218142 -0.03364403 0.00086529383 0.00062191522 0.99999943 1.256014
147 0.99999983 0.00036062224 -0.00045132871 -0.0070601621 -0.00036158985 0.99999763 -0.0021456791 -0.034914258 0.00045055386 0.002145842 0.9999976 1.2377069
148 0.99999896 -0.00089862675 -0.0011301439 -0.0011064206 0.00089677102 0.99999825 -0.0016414603 -0.026125879 0.0011316169 0.0016404451 0.99999801 1.2498319
149 0.9999988 -0.00016451207 -0.0015393913 -0.0036649811 0.00016252123 0.99999915 -0.0012933017 -0.017120521 0.0015396028 0.0012930499 0.99999798 1.2169084
150 0.99999936 -0.00077050838 0.00082716721 -0.00473853 0.00076998664 0.9999995 0.00063089229 -0.01330065 -0.00082765291 -0.00063025498 0.99999946 1.1887494
151 0.99999933 -0.00088863093 -0.00074136331 -0.0068898627 0.00088922916 0.99999928 0.00080699456 -0.01593588 0.00074064565 -0.00080765327 0.9999994 1.1846243
152 0.99999799 -0.0010191669 -0.0017290257 -0.0078185529 0.0010198764 0.9999994 0.00040948846 -0.020536467 0.0017286073 -0.00041125103 0.99999842 1.199783
153 0.99999973 -0.00053661956 0.00051142073 -0.0044386507 0.00053704495 0.99999951 -0.00083201914 -0.025536944 -0.000510974 0.00083229356 0.99999952 1.1809062
154 0.99999902 -0.00098344466 -0.0009974848 -0.0050046493 0.00098185798 0.99999825 -0.001589922 -0.029760545 0.00099904666 0.0015889411 0.99999824 1.2079369
155 0.99999878 -0.00049069217 0.0014828552 -0.0024166078 0.00049335878 0.99999826 -0.0017984612 -0.026949534 -0.0014819702 0.0017991906 0.99999728 1.1994769
156 0.99999958 -0.00077873431 0.0004807092 0.0029628563 0.00077994096 0.99999653 -0.0025150848 -0.020401065 -0.00047874895 0.0025154587 0.99999672 1.1660146
157 0.99999815 -0.00094739 -0.0016769793 0.0027505772 0.00094497733 0.99999852 -0.00143891 -0.018989252 0.00167834 0.0014373226 0.99999756 1.1796648
158 0.9999937 -0.0016194676 -0.0031594884 4.8580456e-06 0.0016250179 0.99999714 0.0017549111 -0.013995943 0.0031566373 -0.0017600343 0.99999347 1.0422666
159 0.99999803 -0.00093027002 -0.0017556967 -0.00089988711 0.00092948671 0.99999947 -0.000446914 -0.016594829 0.0017561115 0.00044528122 0.99999836 1.0537393
160 0.99999725 -0.00076464465 0.0022171597 0.001202051 0.00076609293 0.99999949 -0.00065243649 -0.023024637 -0.0022166597 0.00065413325 0.99999733 1.0776889
161 0.99999966 0.00024860021 0.00078157787 -0.0074863774 -0.0002482399 0.99999986 -0.0004610645 -0.017644705 -0.00078169238 0.00046087033 0.99999959 1.0873319
162 0.99999746 0.00049561698 0.0021994573 -0.0067926777 -0.00049346581 0.9999994 -0.00097847934 -0.019454607 -0.0021999409 0.0009773915 0.9999971 1.1322957
163 0.99999614 0.00014444644 0.0027762405 -0.0038499785 -0.00014157589 0.99999946 -0.001034138 -0.021468011 -0.0027763884 0.001033741 0.99999561 1.1604081
164 0.99999341 0.001153562 0.0034436545 -0.0093643979 -0.0011454744 0.99999658 -0.002349603 -0.023584554 -0.0034463531 0.0023456429 0.99999131 1.1389642
165 0.99998341 2.8047695e-05 0.0057603025 0.0023967273 -1.4598384e-05 0.99999727 -0.0023348559 -0.027992439 -0.0057603522 0.0023347331 0.99998068 1.1559105
166 0.99999243 -0.0012759254 0.0036750504 0.0035781142 0.0012813397 0.9999981 -0.0014712741 -0.031810752 -0.0036731662 0.001475972 0.99999216 1.2174346
167 0.99999888 -0.0010892721 0.0010293605 -0.0043967592 0.001090934 0.9999981 -0.0016152588 -0.030796951 -0.0010275991 0.0016163799 0.99999817 1.1951902
168 0.99999845 0.00030504015 0.0017360765 -0.01285949 -0.0003001362 0.99999597 -0.0028242948 -0.031998368 -0.0017369311 0.0028237694 0.9999945 1.1788739
169 0.99999005 0.0022396202 0.0038583236 -0.023338015 -0.0022333909 0.9999962 -0.0016180409 -0.030872441 -0.0038619327 0.0016094076 0.99999125 1.1884062
170 0.99999452 0.0022915123 0.0023880081 -0.021347205 -0.0022877403 0.99999613 -0.0015810969 -0.025752831 -0.0023916219 0.0015756251 0.9999959 1.1879846
171 0.99999859 0.00038716827 0.0016325483 -0.016143091 -0.00038740992 0.99999991 0.00014770919 -0.024870036 -0.0016324909 -0.00014834145 0.99999866 1.1661595
172 0.99999906 0.0012458983 0.00057065052 -0.0075835651 -0.0012446473 0.99999683 -0.0021874295 -0.0065000096 -0.00057337403 0.0021867172 0.99999744 1.157894
173 0.99999749 -0.0011484434 -0.0019233196 0.00067884876 0.0011502453 0.9999989 0.0009360217 -0.0012777574 0.0019222425 -0.00093823164 0.99999771 1.1419619
174 0.99999855 -0.00036071785 -0.0016620971 -0.0023329312 0.00036028207 0.9999999 -0.00026248343 -0.005981514 0.0016621916 0.00026188422 0.99999858 1.1443877
175 0.99999886 -0.0010845977 -0.0010491951 0.0042115276 0.0010852663 0.99999921 0.00063691141 -4.2448847e-05 0.0010485035 -0.00063804934 0.99999925 1.203076
176 0.99999855 -0.001081721 -0.001314371 -0.0027806466 0.0010819014 0.99999941 0.00013656274 -0.0232965 0.0013142225 -0.00013798456 0.99999913 1.23261
177 0.99999801 -0.00098095865 -0.0017400197 -0.0074807546 0.00098126887 0.9999995 0.00017743923 -0.024146492 0.0017398448 -0.00017914631 0.99999847 1.2034182
178 0.99999931 -0.00068879773 -0.00095055169 -0.0057869267 0.00068774904 0.99999916 -0.0011031235 -0.027175042 0.00095131072 0.001102469 0.99999894 1.210728
179 0.9999994 0.00067712534 0.00085744457 -0.0057784929 -0.000674975 0.99999663 -0.0025056516 -0.022090085 -0.00085913833 0.0025050714 0.99999649 1.1752683
180 0.9999972 0.0010579769 0.0021157066 0.0031803537 -0.0010521758 0.99999569 -0.0027411584 -0.0023491816 -0.0021185975 0.0027389246 0.999994 1.1698905
181 0.99999647 -0.0025476656 -0.00074826431 0.0029137368 0.0025498585 0.99999241 0.00294442 0.0051906726 0.00074075724 -0.0029463176 0.99999539 1.2543145
182 0.99999971 -0.00061093148 0.00045399128 -2.7391763e-05 0.00061033781 0.99999896 0.0013066543 0.0084312932 -0.00045478908 -0.0013063769 0.99999904 1.2785884
183 0.99999904 -0.0003741822 -0.0013320499 0.0043746256 0.00037492847 0.99999977 0.00056003384 -0.0029959022 0.0013318401 -0.00056053273 0.99999896 1.3654201
184 0.99999923 -0.00035994994 0.0011846143 0.0054223403 0.00036301574 0.99999658 -0.0025888171 -0.011297201 -0.0011836784 0.0025892452 0.99999595 1.2846366
185 0.99999145 0.0041342132 0.00013102909 0.012454396 -0.0041339089 0.99998894 -0.0022437583 0.039934644 -0.00014030381 0.0022431975 0.99999747 1.2719346
186 0.99998913 0.0034078252 -0.0031826889 0.0031339028 -0.0034077403 0.99999419 3.2091369e-05 0.019395659 0.0031827798 -2.1245243e-05 0.99999493 1.2552506
187 0.99999833 0.0013051092 -0.0012759871 -0.0015818865 -0.0013051319 0.99999915 -1.6964447e-05 0.0112246 0.0012759639 1.862975e-05 0.99999919 1.2056375
188 0.99999617 0.00011011229 -0.0027645707 -0.003210401 -0.00011090523 0.99999995 -0.000286671 0.011029158 0.002764539 0.00028697651 0.99999614 1.1681139
189 0.99999956 0.00014947336 0.00092767009 -0.0066715284 -0.00014815998 0.99999899 -0.0014156889 -0.026194263 -0.00092788075 0.0014155508 0.99999857 1.1821295
190 0.99999903 -0.0010255449 0.00094688066 -0.0056010641 0.0010244797 0.99999884 0.001124765 -0.026658994 -0.00094803306 -0.0011237939 0.99999892 1.2003462
191 0.9999983 -0.0012676793 -0.0013370736 -0.0043389523 0.0012680296 0.99999916 0.00026113468 -0.028985762 0.0013367415 -0.00026282969 0.99999907 1.2310429
192 0.99999353 -0.0010204829 -0.0034488353 -0.0031053181 0.0010166438 0.99999886 -0.0011147143 -0.027237964 0.0034499689 0.0011112008 0.99999343 1.306772
193 0.99999384 -0.0013705024 -0.0032319351 -0.0021881334 0.0013665407 0.99999831 -0.0012276856 -0.023932833 0.0032336122 0.0012232615 0.99999402 1.2453294
194 0.99999638 -0.0010333077 -0.0024864066 0.0078175061 0.0010322341 0.99999937 -0.00043306656 0.0033785525 0.0024868525 0.00043049843 0.99999682 1.1994459
195 0.99999768 -0.0015695408 -0.0014781345 0.013167972 0.0015698852 0.99999874 0.00023187777 0.0057217258 0.0014777687 -0.00023419773 0.99999888 1.1903382
196 0.99999291 -0.0023433827 -0.00294845 0.016595057 0.0023442027 0.99999721 0.00027469878 0.005914109 0.002947798 -0.0002816086 0.99999562 1.1871172
197 0.99998989 -0.0027765836 -0.0035356703 0.017055457 0.0027814239 0.9999952 0.0013648133 0.0059251941 0.0035318638 -0.0013746337 0.99999282 1.215347
198 0.99999221 -0.0014347377 -0.0036783929 -0.001028016 0.0014356937 0.99999894 0.00025726298 -0.01263738 0.0036780199 -0.00026254202 0.9999932 1.1950641
199 0.99999344 -0.00062705801 -0.0035686239 -0.0070990246 0.00062824509 0.99999975 0.00033153296 -0.011696062 0.0035684151 -0.00033377276 0.99999358 1.1766585
200 0.99999754 -0.00048004549 -0.0021651673 -0.0094683602 0.00047830697 0.99999956 -0.00080339696 -0.017377351 0.002165552 0.00080235937 0.99999733 1.1802162
201 0.9999959 -0.0012715428 -0.002566723 -0.0075728904 0.0012707394 0.99999914 -0.00031459331 -0.020595879 0.0025671208 0.00031133038 0.99999666 1.1717774
202 0.99999938 -4.1547266e-05 -0.0011147407 -0.0024106112 3.9965732e-05 0.99999899 -0.0014187306 -0.018394279 0.0011147986 0.0014186852 0.99999837 1.2061715
203 0.99999925 -0.00059755098 -0.001069852 -0.0038896465 0.00059567085 0.99999828 -0.0017568355 -0.025183975 0.0010709 0.0017561969 0.99999788 1.2312676
204 0.99999019 -0.0012992896 -0.0042339185 -0.001317573 0.0012947278 0.99999858 -0.0010800054 -0.024191936 0.0042353158 0.0010745131 0.99999045 1.245676
205 0.99999428 -0.00066508736 -0.003317171 -0.0014995514 0.00065983663 0.99999853 -0.0015837374 -0.014373775 0.0033182194 0.0015815395 0.99999324 1.241609
206 0.99998931 -0.0010932548 -0.0044918473 -0.0070859288 0.0010931223 0.9999994 -3.1939161e-05 -0.019150046 0.0044918795 2.7028681e-05 0.99998991 1.2089676
207 0.99998629 -0.00185836 -0.0048958891 -0.0020080992 0.0018588683 0.99999827 9.9284925e-05 -0.018783815 0.0048956961 -0.00010838438 0.99998801 1.2007
208 0.99998936 -0.0020548176 -0.0041294804 -8.8799936e-05 0.0020554331 0.99999788 0.00014482061 -0.019346896 0.004129174 -0.00015330694 0.99999146 1.2000357
209 0.99999471 -0.0011034732 -0.0030583678 -0.0023622039 0.0010974923 0.99999748 -0.0019565677 -0.026730085 0.0030605191 0.0019532008 0.99999341 1.1993519
210 0.99999938 -0.00014676627 -0.0011046022 -0.01025154 0.00014523298 0.99999903 -0.001388046 -0.027924537 0.0011048048 0.0013878847 0.99999843 1.2110653
211 0.99999903 -0.00037698608 -0.0013396478 -0.011920546 0.0003760069 0.99999966 -0.00073109878 -0.028712025 0.0013399229 0.00073059436 0.99999884 1.2276044
212 0.99999991 -0.00042794718 -3.4792374e-06 -0.011914436 0.00042794726 0.99999991 2.2116855e-05 -0.029236999 3.4697723e-06 -2.2118342e-05 1 1.2337883
213 0.99999726 0.0023086018 0.00039164212 -0.013242168 -0.0023073924 0.99999265 -0.0030607528 -0.021307085 -0.0003987053 0.0030598407 0.99999524 1.1894466
214 0.99999986 0.00040933879 0.00033016095 -0.0082480103 -0.00040929164 0.99999991 -0.00014286341 -0.01566778 -0.0003302194 0.00014272826 0.99999994 1.1661428
215 0.99999808 0.0016625035 0.0010344364 -0.014888602 -0.0016620589 0.99999853 -0.00043046684 -0.010260576 -0.0010351505 0.00042874672 0.99999937 1.1572729
216 0.9999985 0.00094804163 0.0014481476 -0.015104177 -0.00094744094 0.99999946 -0.00041542534 -0.011700957 -0.0014485407 0.00041405268 0.99999887 1.164991
217 0.9999992 -0.00056804639 0.0011319006 -0.007666969 0.00056774054 0.9999998 0.00027051388 -0.01815142 -0.001132054 -0.00026987103 0.99999932 1.1628555
218 0.99999907 -0.00091228296 -0.001013717 -0.0061518965 0.00091139706 0.9999992 -0.00087402957 -0.026475045 0.0010145136 0.00087310486 0.9999991 1.1676137
219 0.99999471 -0.0022907754 -0.0023095701 -0.00076848181 0.0022898326 0.99999729 -0.00041076581 -0.029291993 0.0023105048 0.00040547511 0.99999725 1.1753544
220 0.99999139 -0.0027518694 -0.0031051374 -0.0018746745 0.0027558286 0.99999539 0.0012715087 -0.03652269 0.0031016241 -0.001280055 0.99999437 1.1797742
221 0.99999166 -0.0019874445 -0.0035675828 -0.0020377885 0.0019868873 0.99999801 -0.00015971111 -0.039093902 0.0035678931 0.00015262139 0.99999362 1.1693564
222 0.99998747 -0.0007374579 -0.0049506717 -0.0073464691 0.00072763481 0.99999776 -0.0019857008 -0.040293971 0.004952125 0.0019820736 0.99998577 1.1926735
223 0.99999275 -0.00045213177 -0.0037819314 -0.0030973105 0.00044194821 0.99999628 -0.0026930901 -0.038092916 0.0037831349 0.0026913992 0.99998922 1.1245373
224 0.99999819 -0.0011003895 -0.0015491205 0.00035245181 0.0010974083 0.99999755 -0.0019239547 -0.026453542 0.0015512338 0.0019222512 0.99999695 1.1291679
225 0.99999832 -0.00098383965 -0.0015447465 -0.0016115844 0.00098226398 0.999999 -0.0010204502 -0.02474568 0.0015457489 0.0010189311 0.99999829 1.1371328
226 0.99999762 0.00029519966 -0.0021618798 0.0020902031 -0.00029960502 0.99999788 -0.0020377018 -0.0066485185 0.0021612736 0.0020383446 0.99999559 1.1546172
227 0.99999967 0.00060203259 -0.00053703651 -0.0082559019 -0.00060223665 0.99999975 -0.0003799038 -0.0097349268 0.00053680766 0.0003802271 0.99999978 1.1809737
228 0.99999861 -0.00053566193 -0.0015787227 -0.0052038573 0.00053573804 0.99999986 4.7786996e-05 -0.014498816 0.0015786969 -4.8632711e-05 0.99999875 1.1016984
229 0.99999978 -0.00066528329 3.3797401e-05 -0.0030099878 0.00066530809 0.99999951 -0.00073905276 -0.017773061 -3.3305705e-05 0.00073907508 0.99999973 1.0659771
230 0.99999711 -0.00085868415 0.0022459241 -0.0046535348 0.00086001564 0.99999945 -0.00059194867 -0.023331164 -0.0022454145 0.00059387849 0.9999973 1.0867092
231 0.99999898 -0.0013309748 -0.00051092556 -0.0051875573 0.0013315005 0.99999858 0.0010300991 -0.025505389 0.0005095538 -0.0010307784 0.99999934 1.0755474
232 0.99999785 -0.0011721583 -0.0017099326 -0.0059258373 0.001171303 0.99999919 -0.00050110159 -0.025118706 0.0017105185 0.00049909766 0.99999841 1.0672534
233 0.9999966 -0.0012008306 -0.0023164324 -0.0051500106 0.0012009575 0.99999928 5.3400865e-05 -0.024895408 0.0023163666 -5.618262e-05 0.99999732 1.0803858
234 0.99999766 -0.00073725036 -0.0020362383 -0.0025426354 0.0007347881 0.999999 -0.0012097029 -0.02199269 0.0020371281 0.0012082039 0.9999972 0.96161336
235 0.99999922 -0.00097296552 -0.00077690694 -0.0011226002 0.00097229911 0.99999916 -0.00085768496 -0.01835228 0.00077774079 0.00085692891 0.99999933 0.95529665
236 0.99999865 -0.00077029473 -0.0014525398 -0.0030079946 0.00076990329 0.99999967 -0.00027003285 -0.01820138 0.0014527473 0.00026891417 0.99999891 0.94403078
237 0.99999903 -0.00011366856 -0.001387181 -0.0050274299 0.00011173494 0.99999902 -0.0013939189 -0.016319794 0.0013873381 0.0013937626 0.99999807 0.89748735
238 0.99999379 0.0012610037 -0.0032921219 -0.010826411 -0.0012645365 0.99999863 -0.0010712368 -0.018605543 0.0032907665 0.0010753932 0.99999401 0.93048554
239 0.99998673 0.00010193994 -0.0051511329 -0.0097360501 -0.0001030539 0.99999997 -0.00021599062 -0.01284127 0.0051511107 0.0002165186 0.99998671 0.93085549
240 0.99997793 -0.0002859004 -0.0066372922 -0.010914804 0.00028845671 0.99999988 0.00038418941 -0.0048383965 0.0066371816 -0.0003860955 0.9999779 0.93724727
241 0.99998091 -0.00088136893 -0.0061154719 -0.0032647408 0.00087721637 0.99999938 -0.00068167345 0.00039814292 0.006116069 0.00067629585 0.99998107 0.91048515
242 0.99999713 -0.0017235823 -0.001664928 0.0041833188 0.0017216811 0.99999787 -0.001142665 -0.0053113947 0.0016668939 0.0011397952 0.99999796 0.86649089
243 0.99999432 -0.001731563 -0.0028920776 0.0045510359 0.0017276576 0.99999759 -0.0013523213 0.0031246628 0.0028944122 0.0013473171 0.9999949 0.8394324
244 0.99999189 -0.0021756344 -0.0033886106 0.0026182347 0.0021702831 0.99999639 -0.0015820826 0.0059439793 0.0033920404 0.0015747156 0.99999301 0.82287472
245 0.99999519 -0.0020148267 -0.0023594926 0.0022146861 0.0020121057 0.99999731 -0.0011550426 -0.00022213641 0.0023618134 0.0011502895 0.99999655 0.82970912
246 0.99999818 -0.0011202468 -0.0015463346 -4.2219733e-05 0.0011176085 0.99999792 -0.001706007 0.0034845846 0.0015482426 0.0017042757 0.99999735 0.85190143
247 0.9999992 -0.0006623576 -0.0010752213 -0.0018200658 0.00066073395 0.99999864 -0.0015097183 -0.0016824788 0.0010762198 0.0015090067 0.99999828 0.88539859
248 0.99999935 -0.0010019202 -0.00054986797 0.00073253428 0.0010012222 0.99999869 -0.0012681441 -0.0059201865 0.00055113783 0.0012675928 0.99999904 0.88282086
249 0.99999906 -0.0009169176 -0.0010155857 -0.00034501107 0.00091569187 0.99999885 -0.0012067273 0.00019422517 0.001016691 0.0012057962 0.99999876 0.88415966
250 0.99999965 -0.0002542388 -0.00079648445 -0.0011489462 0.00025306065 0.99999887 -0.001478942 -0.0011930318 0.00079685956 0.0014787399 0.99999859 0.8989159
251 0.99999943 -0.0009219954 -0.00053202026 0.0020338 0.00092142275 0.999999 -0.0010756136 -0.0016279415 0.00053301144 0.0010751228 0.99999928 0.89687734
252 0.99999808 -0.0018717888 0.00057760889 0.0040481004 0.0018718235 0.99999825 -5.9402224e-05 3.1711589e-05 -0.00057749669 6.0483291e-05 0.99999983 0.90910941
253 0.99999752 -0.0020704531 -0.00081819143 0.0049340993 0.0020695773 0.99999729 -0.0010697464 0.0068355795 0.00082040407 0.0010680504 0.99999909 0.89298227
254 0.99999768 -0.0018283313 -0.0011400445 0.0053476732 0.001826608 0.99999719 -0.0015107682 0.0056594261 0.0011428035 0.0015086823 0.99999821 0.84221288
255 0.99999973 0.00030483008 0.00067400776 0.0014882129 -0.00030302777 0.99999638 -0.0026725148 0.015715575 -0.00067481998 0.0026723098 0.9999962 0.88588524
256 0.99999861 -0.00073092311 -0.0015004818 0.0036241145 0.00072861516 0.99999855 -0.0015381076 0.014346887 0.0015016039 0.0015370122 0.99999769 0.91356132
257 0.99999649 -0.0019579439 -0.0017828932 0.0040451972 0.0019586173 0.99999801 0.00037603276 0.0094070843 0.0017821534 -0.00037952345 0.99999834 0.94436069
258 0.99999659 -0.0025651633 -0.00048203604 0.0061821856 0.0025652293 0.9999967 0.00013633127 0.0071693882 0.00048168474 -0.00013756734 0.99999987 0.95014161
259 0.99999912 -0.001276312 0.00036512554 0.0038242621 0.0012767106 0.99999859 -0.001093555 -0.001419375 -0.00036372931 0.0010940202 0.99999934 1.005253
260 0.99999761 -0.0021744969 -0.00020481281 0.0053453691 0.0021745368 0.99999762 0.00019450204 -0.0049247867 0.00020438938 -0.00019494695 0.99999996 1.0113107
