4 0.99935203 -0.006657182 -0.035372442 -0.2062514 0.0066021629 0.9999768 -0.0016719958 -0.13972515 0.035382749 0.0014373776 0.9993727 5.7737493
5 0.99953676 -0.0064485078 -0.029743728 -0.23156131 0.0063148712 0.99996954 -0.0045846773 -0.12662652 0.029772384 0.0043947252 0.99954694 6.1787036
6 0.99942899 -0.0061570519 -0.033223489 -0.24169926 0.0060671025 0.99997765 -0.0028075325 -0.13230688 0.03324003 0.0026043588 0.9994439 6.5136135
7 0.99937859 -0.0063836504 -0.034665401 -0.24975245 0.0063228293 0.99997827 -0.0018638564 -0.1311847 0.034676543 0.0016435145 0.99939713 6.8249517
8 0.99900133 -0.0056670764 -0.044319691 -0.26730184 0.0056039569 0.99998309 -0.0015482976 -0.12804262 0.044327712 0.0012983856 0.9990161 7.1274224
9 0.99858412 -0.0036837197 -0.053067814 -0.29918443 0.0035013772 0.99998764 -0.0035285865 -0.12786206 0.053080151 0.0033377797 0.99858457 7.4909422
10 0.99801998 -0.0035769182 -0.062795985 -0.32421648 0.0032321832 0.99997914 -0.0055904862 -0.12445916 0.062814666 0.0053764482 0.99801062 7.7782574
11 0.99682595 -0.0037700316 -0.079522455 -0.35986915 0.0031851403 0.99996694 -0.0074806083 -0.12239068 0.07954802 0.0072035736 0.9968049 8.0867098
12 0.99513436 -0.0038220225 -0.098453086 -0.40317993 0.0029495665 0.99995509 -0.0090056685 -0.12176894 0.098483075 0.0086714554 0.99510084 8.3894555
13 0.99306781 -0.0048160681 -0.1174442 -0.45867312 0.0034701972 0.99992597 -0.011661456 -0.12174044 0.11749166 0.011173061 0.99301091 8.7290583
14 0.990967 -0.0050429485 -0.13401114 -0.52281759 0.0031987926 0.99989725 -0.013972961 -0.12594377 0.13406782 0.013418068 0.99088121 9.0985057
15 0.98948961 -0.0057700239 -0.14448882 -0.57838757 0.0037201825 0.99988862 -0.014453016 -0.12623282 0.14455611 0.013763583 0.98940077 9.4536577
16 0.98858778 -0.0048558881 -0.15056771 -0.64199579 0.0034283954 0.99994669 -0.0097388703 -0.12485394 0.15060696 0.0091115215 0.98855163 9.8653761
17 0.99025197 -0.0061045201 -0.13915376 -0.80699707 0.0058285198 0.99998015 -0.002390848 -0.14949694 0.13916558 0.0015564813 0.9902678 10.998364
18 0.98948554 -0.007447907 -0.14443995 -1.1642134 0.0069059831 0.9999671 -0.0042529189 -0.20381734 0.14446686 0.0032107016 0.98950433 13.578424
19 0.98869496 -0.0086631207 -0.14969043 -1.5349316 0.0079062825 0.99995277 -0.0056503927 -0.26333069 0.1497323 0.0044030195 0.98871667 16.132832
20 0.98845664 -0.011589692 -0.15106014 -1.750265 0.010748653 0.99992185 -0.0063829455 -0.2883107 0.15112229 0.0046855713 0.98850386 17.521434
21 0.98865207 -0.013106554 -0.14965059 -2.0511327 0.013392154 0.99990991 0.00090081381 -0.32762593 0.14962529 -0.0028947349 0.98873843 19.43248
22 0.98742343 -0.014720259 -0.15741121 -2.1515373 0.015741562 0.99986234 0.0052433038 -0.32651923 0.15731234 -0.0076552586 0.98751912 20.045063
23 0.98797734 -0.016791699 -0.15368419 -2.2630702 0.018742821 0.99976097 0.01125553 -0.32662217 0.15345844 -0.014000683 0.98805581 20.750315
24 0.98719258 -0.020478681 -0.1582133 -2.6172527 0.022556821 0.99968112 0.011350345 -0.34529737 0.15793039 -0.014773764 0.98733962 23.104494
25 0.98691663 -0.019369801 -0.16006366 -2.7321798 0.020959993 0.99974625 0.008252218 -0.34511884 0.15986318 -0.011499183 0.9870721 23.730603
26 0.9866803 -0.018399402 -0.16162754 -2.8280498 0.019872693 0.99977436 0.0075033256 -0.34265198 0.161453 -0.010615357 0.9868232 24.255483
27 0.98502 -0.016856113 -0.17161432 -2.9204455 0.019118444 0.99975064 0.011538317 -0.34078026 0.17137702 -0.01464647 0.98509654 24.751176
28 0.98289894 -0.013695031 -0.18363584 -3.0174394 0.0172769 0.99969015 0.017919483 -0.3299714 0.18333351 -0.020785697 0.9828309 25.236728
29 0.98116633 -0.014752749 -0.19260062 -3.1090916 0.019055415 0.9996081 0.020506494 -0.31655767 0.19222259 -0.023790364 0.98106284 25.724975
30 0.97960731 -0.019160374 -0.200006 -3.5858493 0.023516764 0.99953464 0.019428098 -0.3145357 0.19954066 -0.023735398 0.97960193 28.147002
31 0.97930414 -0.021159466 -0.20128506 -3.7582305 0.024983055 0.99955212 0.016474247 -0.29615807 0.20084631 -0.021162012 0.97939406 28.960912
32 0.97816639 -0.021834367 -0.20667313 -3.8896614 0.025523166 0.99955868 0.015198744 -0.28382274 0.20625005 -0.020141851 0.97829189 29.57644
33 0.97681183 -0.023087486 -0.21285119 -4.0344447 0.026773439 0.99953707 0.014450536 -0.26472099 0.21241901 -0.019814211 0.97697766 30.231838
34 0.97578005 -0.024607532 -0.21736551 -4.1748298 0.028137516 0.99951743 0.013159265 -0.24667176 0.21693677 -0.018956672 0.97600147 30.86127
35 0.9750255 -0.025903375 -0.22057721 -4.3302824 0.029280754 0.99949852 0.012055174 -0.22908108 0.2201543 -0.018212767 0.97529491 31.534421
36 0.97471976 -0.027115931 -0.22177943 -4.4875296 0.029808663 0.99951685 0.0088027215 -0.21209466 0.22143356 -0.015191134 0.97505702 32.214168
37 0.97499192 -0.027365672 -0.22054904 -4.6402045 0.029144765 0.99956359 0.0048160745 -0.20041406 0.22032098 -0.011123483 0.9753639 32.864024
38 0.97558698 -0.026484691 -0.21801059 -4.7977712 0.027501739 0.99962042 0.0016315751 -0.19547213 0.2178846 -0.007587413 0.97594494 33.548746
39 0.97576423 -0.026455992 -0.21721939 -4.9494754 0.027086961 0.99963307 -7.2727488e-05 -0.18863213 0.21714158 -0.0058128475 0.97612271 34.218456
40 0.97598664 -0.026942176 -0.21615781 -5.1014236 0.027202709 0.99962836 -0.001770386 -0.18124075 0.21612515 -0.0041522044 0.97635673 34.889611
41 0.97563437 -0.026637603 -0.21777973 -5.2586892 0.026385672 0.99964356 -0.0040652965 -0.17284859 0.21781038 -0.0017800215 0.97598938 35.576502
42 0.97430405 -0.02668516 -0.22365045 -5.4251518 0.026331765 0.99964284 -0.004562851 -0.17233103 0.22369231 -0.0014435069 0.97465864 36.281351
43 0.97244387 -0.027028633 -0.23156505 -5.6045334 0.026661747 0.99963339 -0.0047143159 -0.17598306 0.23160756 -0.0015895213 0.9728079 37.0085
44 0.97091314 -0.027321588 -0.23786806 -5.796552 0.026804195 0.99962606 -0.0054098349 -0.17714842 0.2379269 -0.001123382 0.97128231 37.775364
45 0.96966337 -0.027397461 -0.24290397 -6.0019642 0.026506301 0.99962457 -0.0069368409 -0.18172315 0.2430028 0.00028791484 0.97002544 38.583078
46 0.9675411 -0.027567678 -0.25120558 -6.2156475 0.026390959 0.99961926 -0.0080525474 -0.19655561 0.2513319 0.0011616143 0.96790016 39.386326
47 0.9658492 -0.027127378 -0.25768087 -6.4411223 0.02546001 0.99962774 -0.0098057311 -0.21155533 0.25785093 0.0029102997 0.96618022 40.19913
48 0.96512485 -0.027347553 -0.26035774 -6.6690452 0.025729068 0.99962263 -0.0096231825 -0.2268672 0.26052263 0.0025888104 0.96546416 41.000893
49 0.96418886 -0.027769797 -0.26375878 -6.8965831 0.026019601 0.99961013 -0.010127289 -0.24736815 0.26393715 0.0029017206 0.96453541 41.797168
50 0.96389082 -0.028572871 -0.26476045 -7.2143367 0.02670277 0.99958656 -0.010660592 -0.28418668 0.26495556 0.0032058095 0.96425519 42.942443
51 0.96334142 -0.032318699 -0.26632464 -7.4368566 0.031044203 0.99947753 -0.0089952102 -0.27791329 0.26647618 0.00039762241 0.96384132 43.796125
52 0.96295676 -0.035362296 -0.26732713 -7.6645946 0.03411222 0.99937454 -0.0093203597 -0.27045746 0.26748949 -0.00014401858 0.96356066 44.660425
53 0.96177717 -0.038453342 -0.27111992 -7.8973855 0.037175405 0.99926021 -0.0098496572 -0.27463705 0.27129808 -0.00060581761 0.96249508 45.518045
54 0.96009922 -0.040946054 -0.27664583 -8.1370095 0.039865402 0.99915959 -0.0095316859 -0.28327336 0.2768036 -0.0018772329 0.96092457 46.379592
55 0.95783649 -0.043514807 -0.28399951 -8.383316 0.042459769 0.99904939 -0.0098729896 -0.29388518 0.28415913 -0.0026018436 0.9587735 47.235192
56 0.95508635 -0.044999908 -0.29289091 -8.6455672 0.043612352 0.99898496 -0.011269279 -0.31026936 0.2931007 -0.0020105264 0.95607935 48.10429
57 0.95195643 -0.04672867 -0.30264731 -8.9210815 0.045114885 0.99890577 -0.012325014 -0.32856644 0.30289204 -0.0019210219 0.95302283 48.982178
58 0.9495987 -0.0486315 -0.30967289 -9.2034807 0.046758205 0.99881536 -0.013473437 -0.34497948 0.30996124 -0.0016853901 0.95074759 49.863221
59 0.94817621 -0.050736795 -0.31366809 -9.4975123 0.048664649 0.99871081 -0.014437948 -0.35978737 0.31399621 -0.0015748289 0.94942282 50.767344
60 0.94756987 -0.053118824 -0.31510273 -9.7825519 0.050870424 0.99858711 -0.01536163 -0.36852224 0.31547348 -0.0014731914 0.94893314 51.65321
61 0.94717178 -0.055486007 -0.31589069 -10.068933 0.053124691 0.99845827 -0.016088646 -0.37441917 0.31629633 -0.0015428836 0.94865908 52.543532
62 0.94692788 -0.057328993 -0.31629255 -10.358427 0.054842413 0.99835425 -0.016765597 -0.38018691 0.31673313 -0.0014704354 0.94851344 53.43602
63 0.94629785 -0.059017224 -0.31786373 -10.658674 0.056461869 0.99825564 -0.017254347 -0.39260274 0.31832754 -0.0016194293 0.9479793 54.350529
64 0.94530174 -0.060711722 -0.32049759 -10.960374 0.057934496 0.99815441 -0.018203235 -0.40836975 0.3210112 -0.0013603166 0.94707431 55.262524
65 0.94454056 -0.062429428 -0.32240611 -11.270935 0.059466222 0.99804867 -0.019042284 -0.42676967 0.32296576 -0.0011860634 0.9464098 56.194073
66 0.94344819 -0.063929572 -0.32529759 -11.595593 0.060682053 0.99795413 -0.020130513 -0.45343145 0.32591897 -0.00074762936 0.9453973 57.154314
67 0.94250116 -0.065369484 -0.32774747 -11.920736 0.06198812 0.99786084 -0.020765296 -0.47726988 0.32840375 -0.00074513388 0.94453704 58.112902
68 0.94135039 -0.066608426 -0.33079111 -12.263318 0.063085067 0.99777892 -0.02138912 -0.50776165 0.33148106 -0.00073332278 0.94346148 59.103357
69 0.9405641 -0.068072938 -0.332724 -12.619035 0.064217517 0.99768033 -0.022584305 -0.54349215 0.33348954 -0.00012472311 0.94275368 60.128162
70 0.93987318 -0.069876813 -0.33429874 -12.977112 0.065997418 0.99755551 -0.022963883 -0.58228934 0.33508616 -0.00047971626 0.94218726 61.164205
71 0.93926578 -0.07152116 -0.33565536 -13.34938 0.067749838 0.99743837 -0.022948671 -0.62714509 0.33643682 -0.0011856948 0.94170518 62.229494
72 0.93863484 -0.073172548 -0.33706144 -13.717528 0.069476697 0.99731767 -0.023031485 -0.67463597 0.33784257 -0.0017997618 0.9412008 63.282573
73 0.93773052 -0.074287147 -0.33932712 -14.064601 0.07054303 0.99723484 -0.023373843 -0.71885592 0.34012517 -0.002018797 0.94037789 64.25745
74 0.93630271 -0.075524288 -0.34297715 -14.434392 0.071336043 0.99714321 -0.024830812 -0.76680865 0.34387263 -0.0012174764 0.9390154 65.281203
75 0.93458411 -0.076602801 -0.34739683 -14.795924 0.072048558 0.99706143 -0.026028623 -0.80789954 0.34836981 -0.00070350278 0.9373568 66.261277
76 0.93165247 -0.077775431 -0.35492909 -15.194128 0.074371402 0.99695963 -0.023245949 -0.84995905 0.3556579 -0.0047394272 0.93460408 67.32062
77 0.92713753 -0.079738979 -0.36613891 -15.62645 0.077427904 0.99677637 -0.021018291 -0.89234598 0.36663455 -0.008862521 0.93032272 68.43842
78 0.92562986 -0.081509447 -0.36954779 -16.131026 0.078554778 0.99664296 -0.023063779 -0.9433397 0.37018709 -0.0076812217 0.92892535 69.744843
79 0.92386849 -0.08350497 -0.37348887 -16.593903 0.08038371 0.99647611 -0.023954476 -0.9885561 0.37417301 -0.0078916345 0.92732522 70.932834
80 0.92321763 -0.083279267 -0.375145 -16.987997 0.07977935 0.99650195 -0.024881708 -1.0297803 0.37590482 -0.0069575918 0.92663205 71.899326
81 0.92256768 -0.083900856 -0.37660261 -17.38019 0.080190308 0.99645206 -0.025549991 -1.073174 0.37741008 -0.0066282832 0.9260224 72.87218
82 0.92208999 -0.084498683 -0.37763743 -17.762228 0.08102464 0.99639577 -0.025109061 -1.1199671 0.37839799 -0.0074451231 0.92561295 73.81532
83 0.92133925 -0.085247869 -0.37929776 -18.164468 0.081873078 0.99632786 -0.025051418 -1.1699711 0.38004047 -0.0079734205 0.92493538 74.804331
84 0.91965119 -0.086497412 -0.38309253 -18.613252 0.08277916 0.99622305 -0.02621498 -1.2248611 0.3839131 -0.0076034398 0.92333781 75.903137
85 0.91735965 -0.087197322 -0.38839143 -19.111028 0.082429392 0.99617614 -0.028956593 -1.2859299 0.38943118 -0.0054512591 0.92103932 77.095213
86 0.91484108 -0.088469582 -0.39400372 -19.606401 0.08303077 0.99606882 -0.030867304 -1.3469696 0.3951856 -0.0044757537 0.91859028 78.267745
87 0.91281881 -0.089030697 -0.39854154 -20.087465 0.082659168 0.99602534 -0.033180948 -1.4069762 0.39991156 -0.0026549189 0.91654978 79.388085
88 0.91082914 -0.090110031 -0.40282808 -20.571457 0.083312133 0.99592933 -0.034406996 -1.4678501 0.40428867 -0.0022215715 0.91462863 80.505602
89 0.90843206 -0.091528301 -0.4078894 -21.03763 0.084645534 0.99579856 -0.03493357 -1.5209748 0.40937304 -0.0027912412 0.91236271 81.561493
90 0.90585069 -0.092538732 -0.4133656 -21.680916 0.087465837 0.99567798 -0.031226083 -1.6001858 0.41446861 -0.007869199 0.91002947 82.970495
91 0.90392446 -0.093238967 -0.41740517 -22.559385 0.087770851 0.99561612 -0.032323509 -1.7096614 0.41858908 -0.0074179957 0.90814533 84.896373
92 0.90123831 -0.09680109 -0.42237314 -23.33962 0.090478462 0.99528164 -0.035044112 -1.8029084 0.4237725 -0.0066325754 0.90574426 86.583058
93 0.89813643 -0.099558357 -0.4282979 -24.094001 0.092825232 0.99500813 -0.036637237 -1.8938758 0.4298074 -0.0068516142 0.90289449 88.181684
94 0.89425618 -0.10105309 -0.43599788 -24.738895 0.095308422 0.99482902 -0.035092844 -1.9727203 0.43728955 -0.010172277 0.89926313 89.503069
95 0.89048989 -0.10274974 -0.44324965 -25.435905 0.097508645 0.9946306 -0.034670234 -2.0546224 0.44443198 -0.012347179 0.89572739 90.907566
96 0.88819354 -0.10460994 -0.44740251 -26.380342 0.098995929 0.99443691 -0.035986468 -2.1673157 0.44867807 -0.012328077 0.8936083 92.80855
97 0.88545909 -0.10713586 -0.4521992 -27.215087 0.10125134 0.99416226 -0.037276748 -2.2640918 0.45355301 -0.012778738 0.89113757 94.466432
98 0.8809782 -0.10942542 -0.46032977 -27.788193 0.10455198 0.99386181 -0.036160462 -2.3327025 0.461461 -0.016271807 0.88701114 95.599395
99 0.87573798 -0.11144583 -0.46974761 -28.359574 0.10747207 0.9935789 -0.035365491 -2.3993452 0.4706726 -0.019513841 0.882092 96.698313
100 0.86884964 -0.11328104 -0.48194162 -28.915899 0.10939266 0.99333663 -0.036270837 -2.4619025 0.48283901 -0.021206973 0.87545219 97.727222
101 0.86404799 -0.11364612 -0.49041375 -29.45479 0.10928856 0.99329756 -0.037629155 -2.5158024 0.49140314 -0.021083213 0.87067689 98.681007
102 0.85988636 -0.11413911 -0.49756177 -29.991778 0.10922537 0.9932483 -0.039084739 -2.5703855 0.49866343 -0.020737933 0.86654747 99.612292
103 0.85587719 -0.11462061 -0.50431772 -30.541782 0.10876696 0.99321526 -0.041148226 -2.6239684 0.50561244 -0.019635274 0.86253714 100.55045
104 0.85183891 -0.11495472 -0.51103414 -31.113049 0.10814685 0.9931982 -0.043146092 -2.6787321 0.51251798 -0.018513209 0.85847677 101.51163
105 0.84827424 -0.11541572 -0.51682689 -31.702713 0.10801446 0.9931528 -0.044501488 -2.739798 0.5184242 -0.01807531 0.85493241 102.49234
106 0.84592945 -0.11610284 -0.52050313 -32.335736 0.10724302 0.99311043 -0.047229126 -2.8125365 0.52240048 -0.015867819 0.85255249 103.52818
107 0.84331919 -0.11688085 -0.52454897 -32.972341 0.10644347 0.99305354 -0.050144252 -2.8879543 0.52676606 -0.013547204 0.84990222 104.5605
108 0.8402568 -0.11767345 -0.52926504 -33.612195 0.10684685 0.99295948 -0.051139177 -2.9698266 0.53155641 -0.01358026 0.8469139 105.58828
109 0.83687728 -0.11899258 -0.53430065 -34.253486 0.10779711 0.99279839 -0.052260267 -3.0524403 0.53667135 -0.013860633 0.84367739 106.6063
110 0.83019355 -0.12097072 -0.54419184 -34.880898 0.10917012 0.99255014 -0.054093377 -3.1297387 0.54668135 -0.014501514 0.83721503 107.58654
111 0.82545571 -0.12379538 -0.55072459 -35.719504 0.11206584 0.99217436 -0.055056949 -3.243399 0.55323056 -0.016270338 0.83286915 108.86786
112 0.8212162 -0.12553901 -0.55663625 -36.860056 0.11441421 0.99191442 -0.054910471 -3.4025564 0.55902887 -0.018593723 0.82893956 110.57241
113 0.81847947 -0.12618507 -0.56050753 -38.050959 0.11460183 0.99183515 -0.055941333 -3.5679149 0.56298998 -0.018448356 0.82625767 112.33331
114 0.81585591 -0.12678185 -0.5641857 -39.243396 0.11422819 0.9917783 -0.057686226 -3.7318285 0.56686065 -0.017382263 0.82363017 114.08535
115 0.81330489 -0.13016464 -0.56709111 -40.00736 0.11504517 0.99138838 -0.06255946 -3.8376484 0.5703505 -0.014361173 0.82127575 115.2158
116 0.80816487 -0.13290148 -0.57376541 -40.691716 0.11785256 0.99099579 -0.063546021 -3.9267621 0.57704441 -0.016264057 0.81655069 116.22194
117 0.80255343 -0.13432232 -0.581262 -41.369992 0.12007118 0.99075364 -0.063167366 -4.0088932 0.58437218 -0.019097627 0.81126089 117.19296
118 0.79664007 -0.13594471 -0.58896828 -42.073927 0.12243757 0.990474 -0.063010236 -4.097469 0.59192362 -0.021915363 0.80569594 118.18065
119 0.79097725 -0.13820775 -0.59603155 -42.809787 0.12542954 0.99009203 -0.063128343 -4.1918411 0.59885085 -0.024826876 0.80047553 119.20081
120 0.78600481 -0.14006396 -0.60214494 -43.558888 0.12799473 0.98976229 -0.063150167 -4.2861869 0.60482536 -0.027435041 0.79588529 120.2203
121 0.7803122 -0.14201325 -0.60905264 -44.323183 0.12938985 0.98946495 -0.064941273 -4.3847315 0.6118587 -0.028130761 0.79046656 121.23243
122 0.77348129 -0.14362137 -0.61733265 -45.077334 0.12998917 0.98923051 -0.067274018 -4.4778435 0.62034622 -0.028211361 0.78382044 122.20558
123 0.76659666 -0.14498319 -0.62554732 -45.827228 0.13069306 0.98901453 -0.069062111 -4.5696025 0.62868816 -0.028811906 0.77712345 123.14912
124 0.76155431 -0.14589458 -0.6314664 -46.574786 0.12989306 0.9889228 -0.07182941 -4.6692794 0.63495098 -0.027321105 0.77206904 124.06581
125 0.75495455 -0.14685413 -0.63912245 -47.346804 0.12972478 0.98878763 -0.073962713 -4.7690834 0.64281804 -0.02707153 0.76554026 125.00225
126 0.74610636 -0.14750519 -0.64928232 -48.144217 0.13045767 0.98863666 -0.074688223 -4.8734874 0.65292114 -0.028978498 0.75687121 125.94566
127 0.73551196 -0.14782349 -0.66118862 -48.955713 0.13081531 0.98852869 -0.07548759 -4.9762212 0.66476269 -0.030971568 0.74641217 126.87569
128 0.72646867 -0.14821911 -0.67102487 -49.788263 0.13026557 0.98846067 -0.077306973 -5.0835635 0.67474 -0.031250343 0.73739348 127.79602
129 0.71653124 -0.14914038 -0.68142508 -50.631904 0.1306366 0.98828309 -0.078934155 -5.1988498 0.68521308 -0.032460267 0.72761883 128.70026
130 0.70792515 -0.15056487 -0.69005232 -51.478266 0.13187533 0.98800962 -0.080286194 -5.3151889 0.69386654 -0.034164259 0.71929258 129.59054
131 0.70223866 -0.15238432 -0.69544222 -52.351137 0.13406796 0.98765333 -0.081035029 -5.4357553 0.69920422 -0.036330585 0.71399814 130.49763
132 0.69915338 -0.15579964 -0.69779011 -53.4786 0.13710694 0.98707157 -0.083014384 -5.5933705 0.70170232 -0.037632077 0.71147556 131.65787
133 0.69627732 -0.15883526 -0.69997804 -54.577777 0.13980675 0.98654153 -0.084793104 -5.749719 0.70402547 -0.038822138 0.70911267 132.78699
134 0.69279038 -0.16182544 -0.70274748 -55.680715 0.14247898 0.98600282 -0.086591952 -5.9105615 0.7069237 -0.040136669 0.70614993 133.9118
135 0.68810971 -0.16428156 -0.70676489 -56.687874 0.14473454 0.98553479 -0.088165032 -6.054281 0.7110252 -0.041626075 0.70193321 134.93378
136 0.67985858 -0.16560408 -0.71440018 -57.613683 0.14635646 0.9852111 -0.089100322 -6.1864879 0.71859029 -0.043981457 0.69404137 135.85615
137 0.67124915 -0.16655375 -0.72227725 -58.51062 0.14640162 0.98502305 -0.091083195 -6.311416 0.72662992 -0.044603039 0.68557956 136.72068
138 0.66406179 -0.1682001 -0.72851265 -59.404108 0.14718488 0.98470943 -0.093187631 -6.432689 0.73304737 -0.045343696 0.67866435 137.56652
139 0.65732453 -0.17018928 -0.734139 -60.298683 0.14909108 0.98427964 -0.094685912 -6.5578103 0.73871253 -0.047214199 0.67236479 138.40195
140 0.6508767 -0.17134957 -0.73959371 -61.199681 0.15139044 0.98392477 -0.094725762 -6.6924199 0.74393571 -0.050312617 0.66635433 139.23458
141 0.64352138 -0.17314338 -0.7455881 -62.126936 0.15378043 0.98346412 -0.095655106 -6.8331621 0.74982111 -0.053100749 0.65950618 140.07345
142 0.63586837 -0.17458423 -0.75179237 -63.072438 0.15655726 0.98300585 -0.095860919 -6.979232 0.75575203 -0.056743622 0.65239469 140.91664
143 0.62906447 -0.17699124 -0.75693593 -64.023064 0.15920266 0.9824286 -0.097409191 -7.1279459 0.760876 -0.059229547 0.64618833 141.75265
144 0.62163741 -0.1788552 -0.76261246 -64.981316 0.1617296 0.9819115 -0.098454731 -7.2786496 0.766427 -0.06213386 0.63931903 142.57585
145 0.61511987 -0.18065423 -0.76745789 -65.943693 0.16374261 0.9814435 -0.099784736 -7.4297532 0.77124301 -0.064285979 0.63328613 143.38859
146 0.60910304 -0.18230455 -0.77185397 -66.911948 0.16481037 0.98107216 -0.10166097 -7.5859882 0.77577762 -0.06528752 0.62761965 144.18999
147 0.60379988 -0.18373553 -0.77567194 -67.887141 0.16681663 0.98065235 -0.10243612 -7.743787 0.77948559 -0.067544057 0.62276786 144.98726
148 0.60021521 -0.18555301 -0.77801786 -68.863446 0.16819746 0.98024913 -0.10402525 -7.901133 0.78195345 -0.068423081 0.61956991 145.77995
149 0.59679147 -0.18685071 -0.7803376 -69.849468 0.16930129 0.97993741 -0.1051653 -8.0612186 0.78433213 -0.069350397 0.61645229 146.57044
150 0.59372157 -0.18830764 -0.78232662 -70.838805 0.17047684 0.97959879 -0.10641356 -8.2215309 0.78640462 -0.070188536 0.61371096 147.35839
151 0.59073461 -0.18934234 -0.78433546 -71.82563 0.17102516 0.97937196 -0.1076148 -8.3837327 0.78853211 -0.070569302 0.61093115 148.1334
152 0.58663393 -0.1903319 -0.7871686 -72.801215 0.17168934 0.97912533 -0.10879498 -8.5456302 0.79144379 -0.071325622 0.60706604 148.89542
153 0.58343176 -0.19101125 -0.78938083 -73.848665 0.17311292 0.97886149 -0.10891318 -8.7138144 0.79349806 -0.073108604 0.60416534 149.70923
154 0.58007691 -0.1915232 -0.79172574 -74.897698 0.17355649 0.97870687 -0.10959471 -8.8817808 0.79585727 -0.073835774 0.60096529 150.51065
155 0.57711356 -0.19273517 -0.79359505 -75.908107 0.17455838 0.97840675 -0.11067784 -9.0386549 0.79779019 -0.074654974 0.59829528 151.27862
156 0.57356719 -0.19426456 -0.79579015 -76.911667 0.17636195 0.97797555 -0.11162561 -9.194332 0.79994813 -0.076322303 0.59519551 152.0369
157 0.57539268 -0.1961323 -0.79401221 -77.836229 0.17698304 0.97767692 -0.11324672 -9.339218 0.79849868 -0.075365353 0.59726018 152.72488
158 0.58177863 -0.19772334 -0.78894811 -78.745607 0.1769763 0.97753428 -0.11448195 -9.4779998 0.79385949 -0.07302196 0.60370083 153.40478
159 0.58810115 -0.19758115 -0.7842823 -79.641201 0.17680755 0.97765423 -0.11371583 -9.6139524 0.78922493 -0.071790616 0.60989336 154.08369
160 0.59424523 -0.19736816 -0.77969123 -80.543962 0.17650142 0.97779327 -0.11299362 -9.7516169 0.7846781 -0.070470686 0.61588469 154.78088
161 0.60180096 -0.19752533 -0.77383419 -81.442046 0.17599007 0.97791328 -0.11275239 -9.8903545 0.77901411 -0.068332624 0.62327158 155.4855
162 0.61000518 -0.19811976 -0.76723024 -82.329717 0.17593294 0.97793538 -0.11264978 -10.030235 0.77261967 -0.066264112 0.63140138 156.19909
163 0.61934909 -0.19903199 -0.75946888 -83.212824 0.17578856 0.97792934 -0.11292726 -10.16787 0.76518296 -0.063564539 0.64066713 156.92417
164 0.6295083 -0.19978003 -0.75087099 -84.082185 0.17572295 0.97794707 -0.1128759 -10.301289 0.75686236 -0.060888942 0.65073167 157.65522
165 0.64216666 -0.20008295 -0.73999243 -84.94992 0.17575701 0.9780499 -0.11192792 -10.443134 0.74614432 -0.058182472 0.66323695 158.41207
166 0.65747079 -0.20046692 -0.72632305 -85.80815 0.17559888 0.97818093 -0.11102744 -10.585631 0.73273261 -0.054544212 0.67832709 159.19695
167 0.67085566 -0.20073412 -0.71390371 -86.644904 0.17628403 0.97824043 -0.10940565 -10.724831 0.72033084 -0.052454421 0.69164427 160.00043
168 0.68212324 -0.20107163 -0.70304914 -87.461012 0.17806976 0.97818413 -0.10699047 -10.861083 0.70922419 -0.052211099 0.70304683 160.81499
169 0.69165759 -0.20090378 -0.69372002 -88.201377 0.18090657 0.97810314 -0.1028934 -10.983855 0.69920133 -0.054331501 0.7128572 161.57482
170 0.70250901 -0.20084681 -0.68274568 -88.890819 0.18361579 0.97802246 -0.098779017 -11.100595 0.68757999 -0.055969733 0.72394816 162.30265
171 0.71346621 -0.20164982 -0.67104645 -89.566457 0.18683344 0.97777026 -0.095176489 -11.21651 0.67532151 -0.057468705 0.7352809 163.04621
172 0.72370479 -0.203445 -0.6594403 -90.226801 0.18968765 0.97739534 -0.093364526 -11.327955 0.66352835 -0.057519323 0.74593662 163.80125
173 0.73339922 -0.20434478 -0.64835854 -90.893607 0.19176918 0.97720597 -0.091066232 -11.435678 0.65218868 -0.057547275 0.75586905 164.57959
174 0.74180139 -0.20535231 -0.63840515 -91.547302 0.19383453 0.97698575 -0.089033681 -11.541313 0.64199595 -0.05769965 0.76453368 165.36373
175 0.75077208 -0.20630671 -0.627518 -92.216158 0.19433341 0.9769193 -0.088674594 -11.646072 0.63132855 -0.055373299 0.77353594 166.17773
176 0.75839502 -0.20726029 -0.61796455 -92.890922 0.19505247 0.97681549 -0.088238462 -11.746948 0.62192561 -0.053615895 0.78123855 167.02089
177 0.76615579 -0.20792132 -0.60809048 -93.55823 0.19585443 0.97674738 -0.087210041 -11.842414 0.61208355 -0.05228073 0.78906289 167.87469
178 0.77327212 -0.20835431 -0.59886453 -94.208481 0.19856747 0.9765361 -0.083355768 -11.948191 0.60218031 -0.05445832 0.79650045 168.73892
179 0.78018891 -0.20932822 -0.58948026 -94.818003 0.20192752 0.97617735 -0.079391726 -12.056246 0.59205614 -0.057091734 0.80387179 169.58386
180 0.78775937 -0.2118548 -0.57840533 -95.373702 0.2054311 0.97559437 -0.077547834 -12.158426 0.58071781 -0.057733405 0.81205509 170.39359
181 0.79529019 -0.21301353 -0.56757269 -95.907974 0.20806004 0.97527544 -0.074490465 -12.255258 0.56940713 -0.058847658 0.8199465 171.18475
182 0.80059913 -0.21440606 -0.55952755 -96.446866 0.2105714 0.97490281 -0.072278472 -12.343044 0.56098186 -0.059954408 0.82565405 171.99504
183 0.80575197 -0.2154853 -0.55166099 -96.975521 0.21185707 0.97469694 -0.07129127 -12.420093 0.55306445 -0.059430193 0.83101598 172.79766
184 0.80904229 -0.21652587 -0.54641296 -97.492343 0.21245052 0.97454387 -0.071617081 -12.494922 0.5480103 -0.058144466 0.83444816 173.58817
185 0.81155302 -0.217648 -0.54222785 -98.005555 0.2133081 0.97434029 -0.071837666 -12.566633 0.54394971 -0.05736151 0.8371548 174.38024
186 0.81304973 -0.21884067 -0.53949876 -98.511825 0.21445914 0.97408125 -0.071923509 -12.631069 0.54125535 -0.057223044 0.83890879 175.16965
187 0.81474891 -0.2203203 -0.53632377 -98.981672 0.21522128 0.97382595 -0.073094513 -12.699943 0.53839016 -0.055874607 0.84084116 175.90851
188 0.81769141 -0.2214764 -0.53134638 -99.400856 0.21520496 0.97370905 -0.074682599 -12.76938 0.53391716 -0.05328105 0.84385626 176.57513
189 0.82100818 -0.22280764 -0.52564468 -99.785424 0.21583985 0.97350375 -0.075522094 -12.838385 0.52854391 -0.051450806 0.84734523 177.19898
190 0.82734537 -0.22346905 -0.51532634 -100.17551 0.21676027 0.97340776 -0.074110136 -12.909525 0.51818392 -0.050387592 0.85378352 177.85023
191 0.835256 -0.224644 -0.50187897 -100.55777 0.21831649 0.97319799 -0.072274264 -12.978092 0.50466353 -0.049200938 0.86191286 178.51561
192 0.84456231 -0.22558324 -0.48561992 -100.94091 0.21980423 0.97304832 -0.069735655 -13.047282 0.48826279 -0.047845204 0.871384 179.20775
193 0.85514733 -0.22734767 -0.46587133 -101.32904 0.22224079 0.9727047 -0.066742735 -13.116341 0.46832899 -0.046460737 0.88233166 179.95419
194 0.86749848 -0.22883046 -0.44168203 -101.70916 0.22425142 0.97246831 -0.063377288 -13.178273 0.44402438 -0.044068115 0.89493024 180.72472
195 0.87809539 -0.2297097 -0.41974034 -102.08239 0.22599006 0.97232009 -0.059347474 -13.241521 0.42175461 -0.042744398 0.9057018 181.53635
196 0.8891505 -0.23063957 -0.3952427 -102.46391 0.22792131 0.97215035 -0.054548732 -13.296511 0.39681639 -0.041582198 0.91695554 182.42087
197 0.89987942 -0.2307838 -0.3700755 -102.82624 0.22903725 0.97216708 -0.049326451 -13.349014 0.37115893 -0.040373212 0.92769114 183.31508
198 0.90757548 -0.23119602 -0.35050699 -103.16583 0.23043712 0.97206893 -0.044505217 -13.394463 0.35100635 -0.040377975 0.93550198 184.21967
199 0.91459745 -0.23197629 -0.33120765 -103.49359 0.23279723 0.97179076 -0.037790957 -13.428898 0.33063111 -0.042540708 0.9428007 185.16412
200 0.92002138 -0.23312201 -0.31498379 -103.77413 0.23451358 0.97151642 -0.034047323 -13.461286 0.31394907 -0.042543707 0.94848606 186.02872
201 0.92408802 -0.23497805 -0.3014078 -104.01641 0.23625113 0.97113902 -0.032777891 -13.493948 0.30041093 -0.040918274 0.95293167 186.8275
202 0.9280417 -0.23720072 -0.28718361 -104.23755 0.23851745 0.97064541 -0.030933685 -13.524973 0.28609092 -0.039790551 0.95737584 187.59577
203 0.93151163 -0.23880178 -0.27433519 -104.43852 0.23999652 0.97031859 -0.02972369 -13.555667 0.27329058 -0.038151524 0.96117455 188.31844
204 0.93556618 -0.24067918 -0.25843657 -104.62532 0.24177192 0.96992774 -0.028044716 -13.582686 0.25741455 -0.036245014 0.96562096 189.03779
205 0.93898279 -0.24319627 -0.24324248 -104.7929 0.24421111 0.96936116 -0.02645504 -13.602452 0.24222356 -0.034561687 0.96960457 189.74227
206 0.94285471 -0.24517986 -0.22563652 -104.94729 0.24601626 0.96894691 -0.024857151 -13.621487 0.22472426 -0.032073568 0.97389429 190.44493
207 0.94601478 -0.24727401 -0.20955098 -105.09712 0.2480139 0.96847938 -0.02316841 -13.637785 0.20867473 -0.030053895 0.9775231 191.18607
208 0.94881022 -0.24934887 -0.19386675 -105.23679 0.25001383 0.96800499 -0.021433669 -13.652711 0.19300842 -0.028132882 0.9807936 191.92725
209 0.95111897 -0.25108114 -0.17980817 -105.37913 0.25166379 0.96760918 -0.019944662 -13.663573 0.17899175 -0.026281458 0.98349938 192.72078
210 0.95212586 -0.25412236 -0.16993579 -105.52522 0.25499377 0.96679236 -0.01704991 -13.660573 0.16862537 -0.027098906 0.98530753 193.60641
211 0.95157074 -0.25871125 -0.16607719 -105.72355 0.260377 0.96543184 -0.012048303 -13.654781 0.16345322 -0.031777863 0.98603905 194.84104
212 0.94899304 -0.26488905 -0.17101463 -106.04095 0.26784422 0.96344364 -0.0059841209 -13.673646 0.16634807 -0.040126389 0.98525021 196.78873
213 0.94888765 -0.26733997 -0.1677545 -106.30969 0.270781 0.96263785 -0.0024489816 -13.671514 0.16214152 -0.043100918 0.98582566 198.37242
214 0.94991012 -0.26933947 -0.15851503 -106.46359 0.27268308 0.96210366 -0.00068175201 -13.655718 0.1526915 -0.04257676 0.98735623 199.35183
215 0.9510628 -0.27068996 -0.14901845 -106.59582 0.27394878 0.96174326 0.0013974896 -13.637694 0.14293919 -0.04215252 0.98883333 200.26923
216 0.9518535 -0.27226141 -0.14088525 -106.71862 0.27561267 0.96125839 0.00446689 -13.627909 0.13421095 -0.043081581 0.99001575 201.18894
217 0.95200538 -0.27433397 -0.13574477 -106.83332 0.27762824 0.96067233 0.0055878568 -13.618021 0.12887329 -0.043006247 0.99072798 202.08845
218 0.95193118 -0.2766023 -0.13159864 -106.94249 0.27977053 0.96004904 0.0058550657 -13.611827 0.12472161 -0.042391037 0.99128569 202.97845
219 0.95198017 -0.27822006 -0.12777858 -107.0507 0.28118337 0.95963885 0.0054017074 -13.606932 0.12111841 -0.041071525 0.99178791 203.86917
220 0.95198995 -0.27981497 -0.12417219 -107.15594 0.28259434 0.95922647 0.0050014666 -13.603062 0.11770975 -0.039851699 0.99224798 204.76459
221 0.95220281 -0.28103664 -0.11970053 -107.261 0.28360552 0.9589298 0.0046412809 -13.602609 0.11348002 -0.038367169 0.99279909 205.66406
222 0.95256648 -0.28205645 -0.11428588 -107.36687 0.28441807 0.95868944 0.004572559 -13.597342 0.10827493 -0.036860631 0.99343728 206.58081
223 0.95377435 -0.2814095 -0.10546654 -107.46113 0.28338124 0.95899944 0.00388944 -13.59783 0.10004782 -0.033596884 0.99441514 207.45002
224 0.95501757 -0.28113681 -0.094358567 -107.5472 0.28286287 0.95914643 0.0051679686 -13.594089 0.089050768 -0.031626032 0.99552476 208.32593
225 0.95596815 -0.28160041 -0.082620318 -107.62093 0.28311801 0.95905936 0.0070235897 -13.585431 0.077259936 -0.030105625 0.99655624 209.20975
226 0.95689142 -0.28226793 -0.068437117 -107.68099 0.28353933 0.95891419 0.0094339545 -13.578041 0.062962414 -0.028431882 0.99761072 210.08695
227 0.95771446 -0.28293538 -0.052255142 -107.72831 0.28396944 0.95873967 0.013400967 -13.573943 0.046307465 -0.02767316 0.99854374 210.99947
228 0.95865659 -0.28230568 -0.035791858 -107.7699 0.28304731 0.95894458 0.017592661 -13.557536 0.029355897 -0.026996107 0.9992043 212.02675
229 0.95891784 -0.28286672 -0.021517471 -107.79185 0.28334456 0.95872063 0.02388727 -13.542553 0.013872328 -0.029002785 0.99948296 213.07695
230 0.95910007 -0.28295207 -0.0080735526 -107.79834 0.2830672 0.95869717 0.027797184 -13.518896 -0.00012517836 -0.028945636 0.99958088 214.17746
231 0.9592613 -0.28236645 0.0093244563 -107.78733 0.28194781 0.95889588 0.032001857 -13.486623 -0.017977432 -0.028069131 0.99944421 215.31689
232 0.95909639 -0.28166108 0.028304807 -107.75391 0.28060238 0.95913792 0.03628689 -13.456602 -0.037368814 -0.026860226 0.99894039 216.46734
233 0.95855914 -0.28107558 0.046485592 -107.69783 0.27933898 0.95933739 0.040515415 -13.419829 -0.055983254 -0.025851181 0.99809688 217.73417
234 0.9574849 -0.28149537 0.063111191 -107.61593 0.2790735 0.95923567 0.044552156 -13.381702 -0.073079724 -0.025045353 0.99701147 218.98175
235 0.95661934 -0.28089157 0.07732634 -107.51928 0.27788688 0.95944234 0.047426337 -13.338748 -0.087511815 -0.023880973 0.99587709 220.24845
236 0.95535193 -0.28162595 0.089384118 -107.40303 0.27801668 0.95923195 0.050801413 -13.290618 -0.10004709 -0.02368295 0.9947007 221.49571
237 0.95402365 -0.2816786 0.10245025 -107.27796 0.27736836 0.9592208 0.05442633 -13.236763 -0.11360314 -0.023507544 0.99324796 222.72231
238 0.95223681 -0.28220725 0.11663678 -107.13678 0.27704853 0.95906503 0.058637622 -13.175797 -0.1284102 -0.023522853 0.99144202 223.94062
239 0.95013064 -0.28156038 0.13407283 -106.97805 0.27551846 0.95929082 0.062053995 -13.113691 -0.14608677 -0.022019861 0.98902658 225.13413
240 0.94754791 -0.28057618 0.15306854 -106.79959 0.27361857 0.95962533 0.065208111 -13.048133 -0.16518428 -0.019905412 0.98606172 226.31577
241 0.94411977 -0.280558 0.17298866 -106.5965 0.27250935 0.95966573 0.069139941 -12.984655 -0.18540903 -0.018135356 0.98249397 227.48379
242 0.94063214 -0.27874418 0.19368236 -106.37084 0.26954214 0.96022608 0.072889615 -12.912343 -0.20629639 -0.016356756 0.97835272 228.66083
243 0.9368735 -0.27717177 0.21317565 -106.11675 0.26676874 0.9607034 0.076703393 -12.833903 -0.22605856 -0.014992776 0.97399822 229.84942
244 0.93283379 -0.27661582 0.23087835 -105.83627 0.26510054 0.9608851 0.080134353 -12.751194 -0.24401397 -0.013546056 0.969677 231.03264
245 0.92875782 -0.27596319 0.24749392 -105.53986 0.26346292 0.96109515 0.082966227 -12.663165 -0.2607608 -0.01185006 0.9653306 232.19894
246 0.92399723 -0.27578505 0.26489949 -105.23412 0.26208218 0.96116208 0.086489107 -12.574975 -0.27846372 -0.010490258 0.96038935 233.32174
247 0.92028624 -0.27335115 0.27991498 -104.91494 0.25842362 0.96186031 0.089676953 -12.477382 -0.29375238 -0.010191822 0.95582711 234.45367
248 0.91689108 -0.27201779 0.29209087 -104.56687 0.25600057 0.96223976 0.092511263 -12.370127 -0.30622613 -0.01004732 0.95190567 235.60566
249 0.91424598 -0.27178583 0.30047755 -104.18945 0.25500175 0.96230775 0.094540436 -12.257961 -0.3148466 -0.0098109101 0.94909175 236.78942
250 0.91249772 -0.2726235 0.30499893 -103.79094 0.2553287 0.96207114 0.096053929 -12.144299 -0.3196172 -0.0097740108 0.94749623 238.00472
251 0.91022402 -0.2746184 0.30996287 -103.34107 0.25691104 0.96151063 0.09743721 -12.026946 -0.32479061 -0.0090568047 0.94574247 239.33922
252 0.90752372 -0.27732408 0.31542361 -102.93773 0.25904164 0.96073892 0.099388884 -11.914389 -0.33060264 -0.0084899211 0.94373175 240.51579
253 0.90321627 -0.27860691 0.32646372 -102.53915 0.25932874 0.96037537 0.10211632 -11.80467 -0.34197799 -0.0075716924 0.93967735 241.65389
254 0.89978101 -0.27732039 0.33687911 -102.13419 0.25708093 0.96075054 0.1042486 -11.686944 -0.35256702 -0.0071957175 0.93575879 242.78649
255 0.89524156 -0.27721462 0.34884756 -101.70259 0.25575081 0.9607845 0.10716645 -11.563644 -0.3648754 -0.0067218167 0.93103198 243.94016
256 0.89089484 -0.27561748 0.36102823 -101.24945 0.25267112 0.96124139 0.11032802 -11.433873 -0.37744358 -0.0070692576 0.92600549 245.13168
257 0.88727569 -0.27542592 0.36997625 -100.77758 0.25120665 0.96129315 0.11318427 -11.300765 -0.38682947 -0.0074851514 0.92212078 246.31469
258 0.88360577 -0.27552588 0.37858464 -100.26711 0.25017925 0.9612644 0.11567661 -11.163845 -0.3957918 -0.0074984936 0.91830954 247.55565
259 0.87840207 -0.27514536 0.39077466 -99.744013 0.248701 0.96138166 0.11786904 -11.022846 -0.40811466 -0.0063503621 0.91290848 248.77983
260 0.87193395 -0.27514711 0.40500032 -99.115612 0.24813491 0.96139678 0.11893396 -10.862696 -0.42209029 -0.0032078344 0.90654801 250.18219
261 0.86352503 -0.274558 0.42301588 -98.536775 0.24577525 0.96156899 0.12239111 -10.707524 -0.44036237 -0.0017209519 0.89781836 251.4214
262 0.85412899 -0.27386949 0.44210766 -97.96575 0.24271703 0.96176629 0.12686228 -10.553938 -0.4599479 -0.001049692 0.88794517 252.58718
263 0.84499144 -0.2728684 0.45992642 -97.389991 0.23888105 0.96205006 0.13189201 -10.39817 -0.47846136 -0.0015799146 0.87810707 253.71165
264 0.83544987 -0.27279231 0.47708267 -96.800644 0.23598519 0.96207135 0.1368565 -10.236599 -0.49632092 -0.0017523046 0.86813724 254.7838
265 0.82581467 -0.27281013 0.49356335 -96.190918 0.23340596 0.96206681 0.14124126 -10.071523 -0.51337291 -0.0014384766 0.85816431 255.84371
266 0.81560124 -0.27279079 0.51027424 -95.538727 0.23079969 0.96207301 0.14542012 -9.898553 -0.53059029 -0.00083369253 0.84762789 256.92957
267 0.80333488 -0.2729411 0.52929787 -94.822249 0.22849374 0.96203021 0.14929325 -9.7113728 -0.54994875 0.0010087743 0.83519767 258.0506
268 0.79218628 -0.27250019 0.54606277 -94.029076 0.22610393 0.96215118 0.15212527 -9.5122557 -0.56684905 0.0029553867 0.82381625 259.24938
269 0.78227617 -0.27177317 0.5605206 -93.211234 0.22337684 0.96235273 0.15485474 -9.3083835 -0.58150383 0.0040681469 0.81353336 260.44998
270 0.77266084 -0.27042089 0.57434117 -92.38005 0.22025069 0.96272813 0.15698459 -9.1002092 -0.59538625 0.0052031985 0.80342264 261.62479
271 0.76587957 -0.26969289 0.58369019 -91.540071 0.21817053 0.96292869 0.15865038 -8.8887531 -0.60483885 0.0058369154 0.79632637 262.77908
272 0.75965427 -0.2691819 0.59200211 -90.643568 0.21624317 0.96306971 0.16042322 -8.6659096 -0.61332227 0.006150223 0.78980869 263.98148
273 0.75288136 -0.269404 0.60049242 -89.660577 0.21533747 0.96299957 0.16205428 -8.4257782 -0.62193195 0.007300866 0.78303712 265.25669
274 0.74458858 -0.2701868 0.61039901 -88.680467 0.21482268 0.96276647 0.1641095 -8.190408 -0.63201186 0.0089334957 0.77490709 266.49236
275 0.73647282 -0.2707265 0.61993141 -87.680922 0.21415625 0.96259859 0.16595494 -7.9519025 -0.64167344 0.010540883 0.76690539 267.72515
276 0.72773743 -0.2707919 0.63013489 -86.670992 0.21305709 0.9625594 0.16758899 -7.7117694 -0.65192394 0.012293921 0.75818456 268.93859
277 0.71826219 -0.27063664 0.64097991 -85.70506 0.21125368 0.96258664 0.16970217 -7.4789993 -0.66292625 0.013518711 0.7485625 270.07393
278 0.71031878 -0.26997077 0.65004847 -84.70887 0.2094831 0.96275544 0.17093502 -7.2424799 -0.6719851 0.014755818 0.74041751 271.21427
279 0.70096298 -0.27020744 0.66002943 -83.734201 0.20773841 0.96267725 0.17348562 -7.012013 -0.68227235 0.015506463 0.7309335 272.29998
280 0.69158415 -0.26959145 0.67009836 -82.760631 0.20573849 0.96282788 0.17502608 -6.7828032 -0.69237486 0.016819759 0.72134177 273.34773
281 0.68265135 -0.2690426 0.67941388 -81.79098 0.20397893 0.96295657 0.17637239 -6.5594292 -0.70169768 0.018185271 0.71224255 274.37045
282 0.67173083 -0.26785911 0.690673 -80.845906 0.20120885 0.96326116 0.1778846 -6.3432388 -0.71294641 0.019478952 0.70094777 275.33479
283 0.6569252 -0.26676736 0.70518399 -79.85103 0.19765813 0.96353437 0.18036841 -6.1155716 -0.72758534 0.02089679 0.68569868 276.30793
284 0.6397164 -0.26579765 0.72118968 -78.816025 0.1937725 0.96376682 0.18331863 -5.8800729 -0.74378427 0.02247479 0.66804165 277.27244
285 0.62221345 -0.26547191 0.7364612 -77.711757 0.19002669 0.96382808 0.18688306 -5.6343687 -0.75943411 0.023666125 0.65015348 278.25504
286 0.60365738 -0.2648868 0.75195263 -76.58392 0.18578623 0.96396178 0.19042359 -5.3842767 -0.77529421 0.024751833 0.6311149 279.21061
287 0.58589476 -0.26418578 0.76611566 -75.423754 0.1817973 0.96412276 0.19343482 -5.1285011 -0.78973219 0.025945309 0.61290268 280.15273
288 0.56671426 -0.26403256 0.78046253 -74.258762 0.17774557 0.96413515 0.19710379 -4.8720086 -0.8045131 0.027022229 0.5933197 281.04744
