4 0.99959381 -0.0087616913 -0.027118998 0.00061352982 0.0088431357 0.99995674 0.0028847488 -0.015396939 0.027092549 -0.003123394 0.99962805 2.3412727
5 0.9999842 0.0003131302 0.0056120019 -0.010878636 -0.00029657903 0.99999561 -0.0029498349 0.013848889 -0.0056129009 0.0029481239 0.9999799 0.40557365
6 0.99999395 0.00023806857 -0.0034699948 -0.00019805408 -0.00023182679 0.99999835 0.0017990771 -0.0041429755 0.0034704174 -0.0017982618 0.99999236 0.33508588
7 0.99999893 -0.00025840384 -0.0014369178 0.0023071087 0.00025977253 0.99999951 0.00095241122 0.0019825746 0.001436671 -0.00095278347 0.99999851 0.3114295
8 0.9999531 0.00070419133 -0.009659508 -0.0070299834 -0.00070058662 0.99999968 0.00037655527 0.003751155 0.0096597701 -0.00036977028 0.99995327 0.3028909
9 0.9999594 0.0020718032 -0.008769612 -0.015735729 -0.0020888158 0.99999595 -0.0019312395 0.00083322564 0.0087655754 0.0019494792 0.99995968 0.36457495
10 0.99995242 0.00021483333 -0.0097520822 -0.0097339551 -0.00023462082 0.99999792 -0.0020279541 0.0044540645 0.0097516262 0.0020301456 0.99995039 0.28822497
11 0.99985928 -7.8000141e-05 -0.016775197 -0.016200044 4.7195042e-05 0.99999831 -0.001836736 0.003854344 0.016775312 0.0018356858 0.9998576 0.31006619
12 0.99981927 6.4903446e-05 -0.019010957 -0.019088511 -9.2788613e-05 0.99999892 -0.0014659161 0.0029658558 0.019010841 0.0014674152 0.9998182 0.30521795
13 0.99981707 -0.00074292897 -0.019112367 -0.021777963 0.0006933379 0.99999638 -0.0026012063 0.0031854444 0.01911423 0.0025874791 0.99981396 0.34340228
14 0.99986037 3.8362395e-05 -0.016710333 -0.02030739 -7.6060426e-05 0.99999745 -0.0022553416 0.00023376114 0.016710204 0.0022562976 0.99985783 0.37444786
15 0.99994377 -0.00067421284 -0.010583052 -0.0074544867 0.0006695193 0.99999968 -0.00044703257 0.0047566703 0.01058335 0.00043992188 0.9999439 0.35936449
16 0.99998124 0.00023225984 -0.0061202151 -0.0034181185 -0.00020326953 0.99998876 0.0047370091 0.0074124716 0.0061212466 -0.0047356762 0.99997005 0.41652536
17 0.99993028 -0.0023721095 0.01156735 0.0074331031 0.002287667 0.99997068 0.0073078428 -0.013517222 -0.011584345 -0.007280871 0.99990639 1.1451007
18 0.99998507 -0.001100157 -0.0053517565 0.0050049468 0.0010903719 0.99999773 -0.0018309527 -0.048122861 0.0053537586 0.00182509 0.999984 2.6047896
19 0.99998532 -0.0010302849 -0.0053187196 0.0017960271 0.0010230604 0.99999855 -0.0013608517 -0.048548876 0.005320114 0.0013553903 0.99998493 2.5813975
20 0.99999497 -0.0028514237 -0.0013918765 -0.0051778534 0.0028504214 0.99999568 -0.00072158924 -0.016999328 0.0013939281 0.00071761818 0.99999877 1.4053091
21 0.99999537 -0.0026450343 0.0015070139 -0.0090156308 0.0026340145 0.99997012 0.0072679531 -0.02687086 -0.0015261929 -0.0072639499 0.99997245 1.934776
22 0.99996694 -0.0023083243 -0.007796831 -0.0075924531 0.0023430478 0.99998737 0.0044473433 0.00064929222 0.0077864665 -0.0044654647 0.99995971 0.62071131
23 0.99998792 -0.003045198 0.0038592142 0.00081303218 0.0030221949 0.99997772 0.0059524277 -0.0038600137 -0.0038772545 -0.0059406924 0.99997484 0.71400584
24 0.99998242 -0.0037627873 -0.0045827858 0.010994396 0.0037636556 0.9999929 0.00018087044 -0.045683536 0.0045820726 -0.00019811528 0.99998948 2.3802829
25 0.99999682 0.0016133032 -0.0019387979 -0.014569489 -0.0016192223 0.99999402 -0.0030552935 -0.0067179553 0.0019338572 0.0030584232 0.99999345 0.63636721
26 0.99999812 0.0010995833 -0.0015989049 -0.010655049 -0.0011007285 0.99999914 -0.00071554826 -0.0017124794 0.0015981167 0.00071730687 0.99999847 0.53346024
27 0.99994909 0.00087142656 -0.010052352 -0.011096673 -0.00082887725 0.99999068 0.004236161 -0.001690632 0.010055949 -0.0042276132 0.9999405 0.50410927
28 0.99992458 0.0020604493 -0.012107715 -0.012121675 -0.0019804522 0.99997616 0.0066153945 0.0053294756 0.012121057 -0.0065909168 0.99990482 0.49508624
29 0.99995741 -0.0015919038 -0.0090909195 -0.0003410511 0.0016169258 0.99999492 0.0027457329 0.0045161906 0.0090865024 -0.0027603153 0.99995491 0.49693552
30 0.99996206 -0.0043154471 -0.0075672828 -0.0021716922 0.0043085011 0.99999028 -0.00093396857 -0.048566243 0.0075712398 0.00090132949 0.99997093 2.4680264
31 0.99999803 -0.001444419 -0.0013639221 -0.0060256265 0.0014404274 0.99999469 -0.0029230349 0.0023534898 0.001368137 0.0029210645 0.9999948 0.83214206
32 0.99998461 -0.00045587359 -0.005529791 -0.0047760642 0.00044958948 0.99999925 -0.001137599 0.0020849992 0.0055303054 0.0011350954 0.99998406 0.62950279
33 0.99997927 -0.0011587346 -0.0063333264 -0.0059586308 0.001155043 0.99999916 -0.00058651279 0.0090536315 0.0063340007 0.00057918537 0.99997977 0.67138418
34 0.99998833 -0.0013031669 -0.0046515677 -0.0029432075 0.0012977511 0.99999848 -0.0011671065 0.0088103107 0.0046530816 0.0011610563 0.9999885 0.6450832
35 0.99999389 -0.0011036095 -0.0033182605 -0.0051615333 0.0011002598 0.99999888 -0.0010111319 0.0086468009 0.0033193727 0.0010074747 0.99999398 0.69101727
36 0.999999 -0.00051651105 -0.0013198055 -0.0031732927 0.00051226519 0.9999947 -0.0032153476 0.008671055 0.0013214592 0.0032146682 0.99999396 0.69784455
37 0.99999912 0.00065868031 0.0011483998 -0.0045672356 -0.00065405569 0.99999169 -0.0040227458 0.0059428287 -0.00115104 0.0040219911 0.99999125 0.66760901
38 0.99999551 0.0016396764 0.0025101791 -0.0026233281 -0.0016314921 0.99999336 -0.0032590395 0.0016351874 -0.0025155062 0.0032549295 0.99999154 0.70262914
39 0.99999962 0.00041499651 0.00076374717 -0.0018932371 -0.00041367782 0.99999842 -0.0017259592 0.005773888 -0.00076446223 0.0017256426 0.99999822 0.68668378
40 0.99999945 -0.00011393335 0.0010406846 -0.0023296576 0.00011572997 0.9999985 -0.0017264811 0.00750728 -0.0010404863 0.0017266006 0.99999797 0.68813524
41 0.99999818 0.00081036159 -0.0017248012 -0.0048064162 -0.00081423954 0.99999714 -0.0022488341 0.00977401 0.0017229739 0.0022502344 0.99999598 0.70463013
42 0.99998182 2.6878365e-05 -0.0060306544 -0.0088695059 -2.8921029e-05 0.99999994 -0.00033862655 0.003696892 0.0060306449 0.0003387948 0.99998176 0.72417551
43 0.99996689 -0.00036755777 -0.0081292116 -0.012210546 0.00036807771 0.99999993 6.2463193e-05 8.64544e-05 0.0081291881 -6.5453307e-05 0.99996696 0.7488583
44 0.99997885 -0.00017711697 -0.0065012072 -0.0091469984 0.00017372388 0.99999985 -0.00052247731 0.0028061277 0.0065012988 0.00052133685 0.99997873 0.79048122
45 0.99998629 0.00026207991 -0.0052293967 -0.0073829615 -0.00026933878 0.999999 -0.0013874343 0.00013178807 0.0052290278 0.0013888237 0.99998536 0.83340455
46 0.99996305 4.7117072e-05 -0.008595794 -0.012402701 -5.4756064e-05 0.9999996 -0.00088845638 -0.0087412401 0.0085957488 0.00088889423 0.99996266 0.83117797
47 0.99997689 0.0008657331 -0.0067436528 -0.014268211 -0.00087637998 0.99999837 -0.0015760054 -0.0078340291 0.0067422774 0.0015818789 0.99997602 0.84347508
48 0.99999613 -0.00029568221 -0.0027654353 -0.013793529 0.00029638302 0.99999992 0.00025301299 -0.0067898459 0.0027653603 -0.00025383164 0.99999614 0.83352942
49 0.99999369 -0.00032631996 -0.0035373644 -0.012682395 0.00032485994 0.99999986 -0.00041331031 -0.012209202 0.0035374988 0.00041215855 0.99999366 0.82821338
50 0.9999992 -0.00069466737 -0.0010536326 -0.005051732 0.00069413443 0.99999963 -0.00050609268 -0.024656956 0.0010539838 0.00050536091 0.99999932 1.1888418
51 0.99998927 -0.0043575254 -0.0015728954 0.01187046 0.004360211 0.99998904 0.0017080603 0.015365567 0.0015654352 -0.0017149002 0.9999973 0.88201508
52 0.99999471 -0.0030795547 -0.0010506261 0.011157257 0.0030792488 0.99999522 -0.00029269188 0.015155798 0.0010515224 0.0002894552 0.99999941 0.8936329
53 0.99998736 -0.0031039708 -0.0039553836 0.0050945134 0.0031024337 0.99999511 -0.00039469107 0.003931527 0.0039565893 0.00038241477 0.9999921 0.88864004
54 0.99997982 -0.0027461061 -0.0057289491 0.0029500484 0.0027491939 0.99999608 0.00053117716 6.2485576e-05 0.005727468 -0.00054691643 0.99998345 0.89428667
55 0.99996702 -0.0026712256 -0.0076692868 -6.8426711e-05 0.002671029 0.99999643 -3.5874922e-05 -0.0021237798 0.0076693552 1.5388851e-05 0.99997059 0.8904084
56 0.99995558 -0.0012571919 -0.0093413606 -0.004927506 0.0012478946 0.99999872 -0.0010010451 -0.0072180548 0.0093426072 0.00098934358 0.99995587 0.90790849
57 0.99994604 -0.0016283364 -0.010260119 -0.0066281094 0.0016221682 0.9999985 -0.00060948083 -0.0076454052 0.010261096 0.0005928043 0.99994718 0.92023306
58 0.99997088 -0.0017441194 -0.0074290072 -0.0027113553 0.0017381159 0.99999816 -0.00081449956 -0.004891446 0.0074304141 0.00080156337 0.99997207 0.92532355
59 0.99998903 -0.0019698044 -0.0042495597 0.00033875933 0.0019665629 0.99999777 -0.0007668427 -0.0020149574 0.0042510608 0.00075847727 0.99999068 0.95084599
60 0.99999629 -0.0022326895 -0.0015590031 0.0074657739 0.0022313679 0.99999715 -0.00084893141 0.0043433052 0.001560894 0.00084544955 0.99999842 0.93059558
61 0.99999704 -0.002271611 -0.00087008892 0.0092069288 0.0022710165 0.99999719 -0.00068372965 0.0080120273 0.00087163964 0.00068175164 0.99999939 0.93518688
62 0.9999984 -0.0017282346 -0.00046265588 0.0077839332 0.0017279321 0.99999829 -0.00065338456 0.008926999 0.00046378429 0.00065258407 0.99999968 0.93820812
63 0.99999722 -0.0016512324 -0.0016837875 0.0046623943 0.001650566 0.99999856 -0.00039708571 0.0034727195 0.0016844407 0.0003943054 0.9999985 0.96259795
64 0.99999482 -0.0015267334 -0.0028340715 0.0039247148 0.0015244992 0.99999853 -0.0007903245 0.00058908154 0.0028352739 0.00078599987 0.99999567 0.96072414
65 0.99999663 -0.001573939 -0.0020660563 0.0043981263 0.0015724529 0.9999985 -0.00072072733 -0.00077848228 0.0020671876 0.00071747613 0.99999761 0.98211539
66 0.9999943 -0.0012809701 -0.0031228311 0.0018861206 0.0012781516 0.99999877 -0.00090439101 -0.0074804013 0.0031239857 0.0009003944 0.99999471 1.013961
67 0.99999561 -0.0013633291 -0.002630235 0.0042208412 0.0013620811 0.99999896 -0.00047622145 -0.003720124 0.0026308815 0.00047263677 0.99999643 1.0124952
68 0.999994 -0.0011689043 -0.0032605214 0.00049505869 0.0011675321 0.99999923 -0.0004227268 -0.0087701497 0.003261013 0.0004189175 0.9999946 1.0484351
69 0.99999703 -0.0011830989 -0.0021295471 0.0025941917 0.0011808366 0.99999874 -0.0010632645 -0.012708853 0.0021308024 0.0010607467 0.99999717 1.0852961
70 0.9999969 -0.0018230628 -0.0016944149 0.0062239383 0.0018226054 0.9999983 -0.00027142962 -0.014461067 0.0016949069 0.00026834053 0.99999853 1.0967507
71 0.99999737 -0.0017897716 -0.0014355805 0.0041184929 0.0017899316 0.99999839 0.00011020197 -0.019244237 0.001435381 -0.00011277127 0.99999896 1.1291806
72 0.99999732 -0.0017658643 -0.0014959868 0.005289144 0.0017658941 0.99999844 1.8561372e-05 -0.022287539 0.0014959517 -2.1203076e-05 0.99999888 1.116351
73 0.99999642 -0.0011259552 -0.0024284472 0.00050745678 0.0011255355 0.99999935 -0.00017417371 -0.020459638 0.0024286417 0.00017143978 0.99999704 1.0355585
74 0.99999164 -0.00089402008 -0.0039889351 -0.0019424306 0.00088932343 0.99999891 -0.0011790391 -0.022416173 0.0039899848 0.0011754818 0.99999135 1.0893163
75 0.99998816 -0.00083890676 -0.0047939534 -0.0044142384 0.00083480006 0.99999928 -0.00085857726 -0.014862261 0.0047946702 0.0008545651 0.99998814 1.0453219
76 0.99996645 -0.0025092501 -0.007798005 -0.0061421138 0.0025354631 0.99999116 0.0033534254 -0.012177651 0.0077895215 -0.0033730844 0.99996397 1.1324117
77 0.99992489 -0.0033093845 -0.011800685 -0.0083721722 0.0033463371 0.99998956 0.0031130256 -0.01393171 0.011790259 -0.0031522809 0.99992552 1.1991306
78 0.99999192 -0.0012186921 -0.0038312089 0.0072201804 0.0012119766 0.99999773 -0.0017546887 -0.022173162 0.0038333387 0.0017500312 0.99999112 1.4012118
79 0.99998883 -0.0019381152 -0.0043102906 0.0077746044 0.0019357442 0.99999797 -0.00055418152 -0.016461024 0.0043113559 0.00054583171 0.99999056 1.2756528
80 0.99999811 0.00056009162 -0.0018639481 -0.0057690515 -0.00056154668 0.99999954 -0.0007801994 -0.015797317 0.0018635103 0.00078124461 0.99999796 1.04443
81 0.99999857 -0.00045405431 -0.0016281802 0.0001585394 0.00045317512 0.99999975 -0.00054031431 -0.017349023 0.0016284251 0.00053957568 0.99999853 1.0496872
82 0.99999905 -0.00086433365 -0.0010738667 -0.00025719866 0.000864902 0.99999949 0.00052890239 -0.02082526 0.001073409 -0.00052983068 0.99999928 1.0184402
83 0.99999801 -0.00089622523 -0.0017826934 -0.00071350064 0.00089658812 0.99999958 0.00020277559 -0.023198343 0.0017825109 -0.00020437352 0.99999839 1.0685987
84 0.99999067 -0.0010192265 -0.0041986749 -0.00038545781 0.0010157794 0.99999915 -0.00082305549 -0.025191743 0.0041995102 0.00081878288 0.99999085 1.1879225
85 0.99998209 0.00017869417 -0.0059825086 -0.0051812474 -0.00019219034 0.99999744 -0.0022554408 -0.026845749 0.0059820902 0.0022565502 0.99997956 1.2929841
86 0.99998009 -0.00079607487 -0.0062597177 -0.0028464117 0.00078732167 0.99999871 -0.0014006783 -0.024002826 0.0062608246 0.001395722 0.99997943 1.2741143
87 0.99998672 0.00020262755 -0.0051498674 -0.0023374215 -0.00021238363 0.99999818 -0.001893956 -0.022225537 0.0051494743 0.0018950246 0.99998495 1.2205269
88 0.99998823 -0.00081987217 -0.0047824654 7.9024642e-05 0.00081589053 0.99999932 -0.0008344416 -0.020508691 0.0047831463 0.00083052981 0.99998822 1.2191708
89 0.99998331 -0.0015330078 -0.0055699536 -0.0021444309 0.0015326789 0.99999882 -6.3320218e-05 -0.013247348 0.0055700441 5.4782211e-05 0.99998449 1.1553642
90 0.99997971 -0.003006893 -0.0056160997 -0.014279235 0.0030304998 0.99998659 0.0041996499 -0.023932196 0.0056033965 -0.0042165843 0.99997541 1.5506776
91 0.99998961 -0.00045271005 -0.0045361482 -0.0071210944 0.00044952093 0.99999965 -0.00070403977 -0.042865174 0.0045364653 0.00070199336 0.99998946 2.1191534
92 0.99997929 -0.0029204791 -0.0057345238 -0.0074298817 0.0029077452 0.99999329 -0.0022276566 -0.032601695 0.0057409912 0.0022109359 0.99998108 1.8604437
93 0.99997423 -0.0026025244 -0.0066914233 -0.01065392 0.0025959354 0.99999614 -0.00099318357 -0.028116269 0.0066939822 0.00097578747 0.99997712 1.7697646
94 0.9999614 -0.0027863496 -0.00833306 -0.018580312 0.0028058402 0.99999335 0.0023281624 -0.02330002 0.0083265175 -0.0023514538 0.99996257 1.4721671
95 0.99996498 -0.002487206 -0.0079907994 -0.016938652 0.0024967867 0.99999618 0.0011892045 -0.025330562 0.0079878111 -0.0012091142 0.99996737 1.5697815
96 0.99998724 -0.001666885 -0.0047682151 -0.0071419626 0.0016628203 0.99999825 -0.00085629716 -0.038519317 0.0047696341 0.00084835755 0.99998827 2.1252923
97 0.99998184 -0.0024729049 -0.0054966861 -0.0071403952 0.0024688143 0.99999667 -0.00075086087 -0.029353574 0.0054985246 0.00073727693 0.99998461 1.8584473
98 0.99995325 -0.0036420251 -0.0089578149 -0.0005499791 0.0036603807 0.99999123 0.002033575 -0.021287873 0.0089503301 -0.002066269 0.99995781 1.2713415
99 0.99993958 -0.0033055856 -0.010483786 -0.0032338007 0.0033256887 0.99999266 0.0019006864 -0.021591379 0.010477426 -0.0019354374 0.99994324 1.2401861
100 0.99990042 -0.0024301069 -0.013901233 -0.0096388321 0.00243853 0.99999685 0.00058900713 -0.020233458 0.013899758 -0.00062284705 0.9999032 1.1711376
101 0.99995179 -0.00026171882 -0.0098152993 -0.013587315 0.00025890186 0.99999992 -0.00028826626 -0.012721505 0.009815374 0.00028571117 0.99995179 1.0966624
102 0.99996498 -0.00026168322 -0.0083645229 -0.012311372 0.00025712162 0.99999982 -0.0005464221 -0.012825146 0.0083646644 0.00054425227 0.99996487 1.0762488
103 0.99996771 0.00013221705 -0.0080345423 -0.010970106 -0.00014182498 0.99999928 -0.00119527 -0.009899529 0.0080343784 0.0011963709 0.99996701 1.0887123
104 0.99996781 0.00027951745 -0.008018705 -0.0089051235 -0.00028862573 0.99999931 -0.0011347444 -0.0077862739 0.0080183823 0.0011370222 0.99996721 1.1194077
105 0.9999762 -0.00017318359 -0.0068976239 -0.0062716145 0.00016894791 0.9999998 -0.00061465569 -0.011021967 0.0068977289 0.00061347572 0.99997602 1.1458897
106 0.99998905 0.00055698249 -0.0046468922 -0.007828208 -0.00056740391 0.99999733 -0.0022416473 -0.017902867 0.0046456312 0.0022442594 0.99998669 1.2159749
107 0.99998674 0.00054804536 -0.0051196254 -0.0073239749 -0.00056025252 0.999997 -0.0023832551 -0.017367265 0.0051183039 0.0023860918 0.99998405 1.2150278
108 0.99998376 -0.00069584351 -0.0056571985 -0.0069169784 0.00069361254 0.99999968 -0.00039631178 -0.02044043 0.0056574725 0.00039238144 0.99998392 1.213253
109 0.99998076 -0.0012746552 -0.0060713778 -0.0065456256 0.0012717844 0.99999908 -0.00047668724 -0.020393925 0.0060719798 0.00046895658 0.99998146 1.2058056
110 0.99992662 -0.0020261589 -0.011943487 -0.00733006 0.0020196937 0.99999781 -0.00055335758 -0.01567118 0.011944582 0.00052919479 0.99992852 1.1662765
111 0.99996314 -0.0033530212 -0.0079044487 -0.0081390233 0.0033523109 0.99999438 -0.00010310026 -0.02994793 0.0079047499 7.6598285e-05 0.99996875 1.5352515
112 0.99997145 -0.0027537925 -0.0070373632 -0.016300058 0.0027604825 0.99999575 0.00094110273 -0.044450421 0.0070347417 -0.00096050238 0.99997479 2.056564
113 0.99998839 -0.00045835388 -0.0047963632 -0.01251393 0.00045602486 0.99999978 -0.00048666243 -0.047258539 0.0047965852 0.00048446952 0.99998838 2.1316585
114 0.999989 0.00010522803 -0.0046897245 -0.0083930125 -0.00011094146 0.99999925 -0.0012180441 -0.044429585 0.0046895928 0.001218551 0.99998826 2.1251706
115 0.99999032 -0.0010918694 -0.0042616854 0.0054366283 0.0010730152 0.99998964 -0.0044238899 -0.027742964 0.0042664716 0.0044192743 0.99998113 1.3681967
116 0.99996045 -0.0033563595 -0.0082366822 0.0070095719 0.0033561319 0.99999437 -4.1448834e-05 -0.0137166 0.008236775 1.3803802e-05 0.99996608 1.2199844
117 0.99995495 -0.0028119088 -0.0090663077 0.0024824615 0.0028252368 0.99999495 0.0014575874 -0.0070404634 0.0090621633 -0.0014831362 0.99995784 1.1872758
118 0.9999512 -0.0029822437 -0.0094178373 0.001601113 0.0029945896 0.99999467 0.0012970792 -0.012065231 0.009413919 -0.0013252184 0.99995481 1.2160455
119 0.9999555 -0.0035729879 -0.0087314267 0.0060849464 0.0035814843 0.99999313 0.0009576395 -0.015793915 0.0087279451 -0.00098886835 0.99996142 1.2612814
120 0.9999665 -0.0030714794 -0.0075871582 0.0061691286 0.0030786779 0.99999482 0.00093727137 -0.015190431 0.0075842401 -0.00096059839 0.99997078 1.2685221
121 0.99995809 -0.0019909978 -0.0089361224 -0.0011902755 0.0019852093 0.99999781 -0.00065658586 -0.018253273 0.0089374102 0.00063881827 0.99995986 1.271981
122 0.99994047 -0.0013344833 -0.010829313 -0.0050918265 0.001324323 0.99999868 -0.00094533845 -0.01240707 0.01083056 0.00093094067 0.99994091 1.2346044
123 0.99994126 -0.0014539651 -0.010740778 -0.0066368645 0.0014497512 0.99999887 -0.00040010272 -0.0096883924 0.010741348 0.00038450776 0.99994224 1.2086715
124 0.99996736 0.00022658898 -0.0080768647 -0.0097920566 -0.00024059455 0.99999847 -0.001733105 -0.016610127 0.0080764596 0.0017349916 0.99996588 1.1868962
125 0.99994726 -0.00058983186 -0.010253051 -0.0063025442 0.00058151294 0.9999995 -0.00081432204 -0.011649776 0.010253527 0.00080831681 0.9999471 1.2176707
126 0.99990955 -0.001736945 -0.013336983 -0.0091114392 0.0017505612 0.99999796 0.0010093275 -0.011669752 0.013335202 -0.0010325834 0.99991055 1.2395865
127 0.9998737 -0.0015528883 -0.015816579 -0.011625544 0.0015731558 0.99999796 0.0012690455 -0.0088175045 0.015814576 -0.0012937672 0.9998741 1.2384791
128 0.99990918 -0.00048519731 -0.013467977 -0.014596773 0.00048436367 0.99999988 -6.515946e-05 -0.011544227 0.013468007 5.8630144e-05 0.9999093 1.245516
129 0.99989571 -0.0015087962 -0.014362741 -0.01776676 0.0015123786 0.99999883 0.00023856528 -0.017170267 0.014362364 -0.0002602623 0.99989682 1.2417994
130 0.99992476 -0.0022240098 -0.012063565 -0.011609257 0.0022268347 0.9999975 0.00022074467 -0.017648043 0.012063044 -0.00024759162 0.99992721 1.2337033
131 0.99996718 -0.0028381661 -0.007588041 -0.0044333124 0.0028401642 0.99999593 0.00025255439 -0.018686855 0.0075872934 -0.00027409738 0.99997118 1.2644636
132 0.9999875 -0.0033863723 -0.0036779378 -0.0016290792 0.0033808543 0.99999315 -0.0015054894 -0.026014031 0.0036830108 0.001493036 0.9999921 1.6252716
133 0.99998952 -0.0030301059 -0.0034316254 0.0023752437 0.003025571 0.99999454 -0.0013259241 -0.025566836 0.0034356244 0.0013155276 0.99999323 1.5833142
134 0.99998615 -0.0030827737 -0.0042656322 0.0014546837 0.0030775965 0.99999452 -0.0012197343 -0.027159676 0.004269369 0.0012065895 0.99999016 1.5832859
135 0.99997809 -0.0028211551 -0.0059882544 0.0042383667 0.0028168232 0.99999577 -0.00073169702 -0.019742937 0.0059902932 0.00071481314 0.9999818 1.441898
136 0.99993603 -0.0026316248 -0.01100058 -0.00036734698 0.0026390561 0.9999963 0.00066108304 -0.016595731 0.0109988 -0.0006900719 0.99993927 1.313424
137 0.99993062 -0.0011198275 -0.011726084 -0.0068275406 0.0011166572 0.99999934 -0.0002769091 -0.012567649 0.011726387 0.00026379588 0.99993121 1.2519267
138 0.99995327 -0.0016892048 -0.0095183956 -0.0028966246 0.0016823707 0.99999832 -0.00072595075 -0.0083697776 0.0095196059 0.00070990336 0.99995444 1.2362821
139 0.99995944 -0.0027553674 -0.008574642 -5.8787404e-05 0.0027533817 0.99999618 -0.00024337259 -0.010622119 0.0085752798 0.00021975346 0.99996321 1.2303454
140 0.99996293 -0.0031044352 -0.0080314577 0.0027600155 0.0031139534 0.99999446 0.0011728873 -0.018465407 0.0080277721 -0.0011978534 0.99996706 1.2340366
141 0.99995277 -0.0033114817 -0.00913689 -0.00077103064 0.0033157979 0.9999944 0.00045728065 -0.021800769 0.0091353246 -0.00048755514 0.99995815 1.2581078
142 0.99994927 -0.0037291911 -0.0093565822 0.0013253165 0.0037410424 0.99999222 0.0012494454 -0.024720729 0.00935185 -0.0012843854 0.99995545 1.275015
143 0.99996023 -0.0034996571 -0.0082034846 0.004063886 0.0034975449 0.99999385 -0.00027180531 -0.027660799 0.0082043853 0.00024310244 0.99996631 1.27434
144 0.99995382 -0.0034646974 -0.0089640366 -0.00044758509 0.0034682822 0.99999391 0.00038439199 -0.027210704 0.0089626502 -0.00041546405 0.99995975 1.2719525
145 0.99996514 -0.0028434733 -0.0078509843 0.00022000667 0.0028430548 0.99999596 -6.4469174e-05 -0.026743216 0.0078511359 4.2146148e-05 0.99996918 1.2683981
146 0.99997105 -0.0018483859 -0.0073815749 -0.0031015535 0.0018433943 0.99999807 -0.00068297538 -0.029935135 0.0073828231 0.00066934845 0.99997252 1.2662006
147 0.99997705 -0.0026913731 -0.0062172012 -0.0014920854 0.0026929938 0.99999634 0.00025232505 -0.029081971 0.0062164994 -0.00026906214 0.99998064 1.2691337
148 0.99998958 -0.0018498458 -0.0041743098 0.0021510841 0.0018460568 0.99999788 -0.00091135964 -0.02846147 0.0041759868 0.00090364413 0.99999087 1.2670728
149 0.9999907 -0.0015564474 -0.0040219352 -0.00062946117 0.0015545542 0.99999868 -0.00047378044 -0.028051677 0.0040226673 0.00046752372 0.9999918 1.2735567
150 0.99999245 -0.0015841895 -0.0035484755 0.00044698225 0.001581852 0.99999853 -0.00066145071 -0.026882646 0.0035495182 0.00065583255 0.99999349 1.2746099
151 0.99999313 -0.00095243086 -0.003583525 -0.0040773524 0.0009502747 0.99999937 -0.00060334284 -0.027462958 0.0035840974 0.00059993336 0.9999934 1.2649141
152 0.99998713 -0.0012231295 -0.0049232427 -0.0031200106 0.0012214376 0.99999919 -0.00034664547 -0.027613808 0.0049236628 0.00034062757 0.99998782 1.2481527
153 0.99999175 -0.001854956 -0.0036138081 0.00073291921 0.001856819 0.99999814 0.00051221769 -0.023355119 0.0036128513 -0.00051892365 0.99999334 1.3368484
154 0.99999149 -0.00090246514 -0.004025306 -0.0051854045 0.00090253175 0.99999959 1.4732388e-05 -0.022629921 0.004025291 -1.8365229e-05 0.9999919 1.3305751
155 0.99999324 -0.001407092 -0.0033972706 -0.0021526813 0.0014053846 0.99999888 -0.00050491076 -0.016720141 0.0033979773 0.00050013288 0.9999941 1.2786788
156 0.99998976 -0.0022880792 -0.0039052398 -0.0013932019 0.0022870311 0.99999735 -0.00027281668 -0.015503757 0.0039058536 0.00026388248 0.99999234 1.267326
157 0.99999709 -0.00035843126 0.0023854977 -0.0054993467 0.00036341333 0.99999775 -0.0020883772 -0.014593823 -0.0023847438 0.0020892381 0.99999497 1.1614155
158 0.99996885 0.00093047797 0.0078380904 -0.0049104666 -0.0009094472 0.99999598 -0.0026862863 -0.0085664407 -0.0078405584 0.0026790743 0.99996567 1.1438526
159 0.99996926 0.0010814696 0.0077660419 -0.0061429816 -0.0010766417 0.99999922 -0.00062582571 -0.0053934648 -0.0077667127 0.00061744523 0.99996965 1.1319959
160 0.99997074 0.0011915617 0.0075562199 -0.0050113643 -0.0011868262 0.9999991 -0.00063115295 -0.0062717691 -0.0075569652 0.00062216657 0.99997125 1.1488885
161 0.99995528 0.0016054739 0.0093194283 -0.0052697435 -0.001592115 0.99999769 -0.0014406874 -0.0080585044 -0.0093217198 0.0014257853 0.99995554 1.1498696
162 0.9999459 0.001257564 0.01032555 -0.002921416 -0.0012394589 0.99999768 -0.0017596336 -0.01021542 -0.010327739 0.0017467403 0.99994514 1.1474433
163 0.99992868 0.0015282167 0.011844556 -0.0027082279 -0.0014996178 0.99999594 -0.0024230204 -0.0076831958 -0.011848211 0.0024050853 0.99992692 1.1508631
164 0.99991378 0.001587138 0.013035335 -0.002497468 -0.0015572747 0.99999614 -0.0023007771 -0.0039130203 -0.013038936 0.0022802791 0.99991239 1.1436844
165 0.99986244 0.0018758089 0.016479504 0.0016594426 -0.0018429699 0.99999629 -0.0020076759 -0.011444369 -0.016483209 0.0019770285 0.99986219 1.1600741
166 0.99979294 0.0024911206 0.020195713 0.0094563528 -0.0024364282 0.9999933 -0.002732274 -0.013318057 -0.020202384 0.0026825029 0.99979231 1.1715898
167 0.99983329 0.0013660281 0.018208076 0.014151718 -0.0013365753 0.99999778 -0.001629639 -0.012246166 -0.018210261 0.0016050309 0.99983289 1.1682316
168 0.99987325 -6.1071497e-05 0.015921219 0.015246651 6.7677425e-05 0.99999991 -0.00041437501 -0.012194506 -0.015921192 0.00041539999 0.99987316 1.1609183
169 0.9999003 -0.0014037636 0.014050931 0.012009345 0.0013811405 0.99999773 0.0016196555 -0.010899168 -0.014053173 -0.0016000877 0.99989997 1.0678459
170 0.99986993 -0.0011206489 0.016089618 0.010918443 0.0011012109 0.99999865 0.0012169182 -0.015215341 -0.01609096 -0.0011990419 0.99986981 1.0091264
171 0.99985966 -0.0016410885 0.016672462 0.015331482 0.0016323235 0.99999852 0.00053930984 -0.019284934 -0.016673322 -0.0005120193 0.99986086 1.0110373
172 0.99987397 -0.0013850367 0.015815171 0.017939965 0.00140389 0.99999832 -0.0011810653 -0.019200312 -0.015813509 0.0012031192 0.99987423 1.0088954
173 0.99988655 -0.0007056385 0.015046328 0.013446997 0.00071443849 0.99999958 -0.00057949265 -0.014399786 -0.015045912 0.00059017658 0.99988663 1.0303694
174 0.99991062 -0.00088053444 0.013340564 0.011731566 0.00088790164 0.99999946 -0.00054632803 -0.014773165 -0.013340076 0.00055812431 0.99991086 1.0261567
175 0.99990274 0.00077265801 0.013925127 0.0061221445 -0.00073924718 0.99999684 -0.002404307 -0.011964415 -0.01392694 0.002393779 0.99990015 1.058661
176 0.99992648 0.00037339974 0.012120097 0.0061129006 -0.00034953121 0.999998 -0.001971394 -0.006028084 -0.012120809 0.0019670127 0.99992461 1.0845858
177 0.99992113 0.00031576957 0.012555198 0.0062967788 -0.0002974441 0.99999889 -0.0014614333 -0.00072335655 -0.012555645 0.0014575836 0.99992011 1.0878179
178 0.99992196 -0.0017059853 0.012375798 0.010069246 0.0016880746 0.99999751 0.0014575382 -0.013298572 -0.012378253 -0.0014365332 0.99992235 1.0865663
179 0.99991918 -0.0024101231 0.012482604 0.016025359 0.0023914037 0.99999599 0.0015143455 -0.024537037 -0.012486204 -0.0014843722 0.99992094 1.0470266
180 0.99990093 -0.0024688406 0.013857844 0.025219018 0.002482735 0.99999643 -0.00098552823 -0.029651353 -0.013855361 0.0010198359 0.99990349 0.98660052
181 0.99990422 -0.0016253857 0.013744275 0.018675217 0.0016223474 0.99999866 0.00023220796 -0.026956945 -0.013744634 -0.00020988773 0.99990552 0.95900543
182 0.99994726 -0.0018151845 0.010108372 0.014543489 0.0018141885 0.99999835 0.00010770151 -0.018508162 -0.010108551 -8.9357342e-05 0.9999489 0.97679323
183 0.99995455 -0.00061331355 0.0095137808 0.010790878 0.00062328981 0.99999926 -0.0010456827 -0.0098887139 -0.0095131324 0.001051565 0.9999542 0.96405319
184 0.99998164 -0.00015977864 0.0060578023 0.0049193707 0.00016979154 0.99999862 -0.0016524155 -0.0085485942 -0.0060575299 0.0016534138 0.99998029 0.94737106
185 0.99998824 -0.00052203346 0.0048223333 0.0036156049 0.00052820467 0.99999904 -0.0012785298 -0.0048163521 -0.0048216613 0.0012810619 0.99998756 0.9464997
186 0.99999459 -0.00094785118 0.0031505766 0.0047926029 0.00095030749 0.99999925 -0.00077823495 0.0021240271 -0.0031498366 0.00078122476 0.99999473 0.94000577
187 0.99999416 -0.00052791686 0.0033761973 0.0031271395 0.00053448914 0.99999796 -0.0019460448 -0.0065467755 -0.0033751631 0.001947838 0.99999241 0.87826413
188 0.99998567 0.00042925873 0.0053368348 0.0024304256 -0.00041425784 0.99999596 -0.002811608 -0.012512327 -0.0053380201 0.0028093569 0.99998181 0.79042028
189 0.99997986 -0.00015552509 0.0063443871 0.003775428 0.0001699052 0.99999742 -0.0022661111 -0.015256558 -0.0063440183 0.0022671434 0.99997731 0.73593136
190 0.99992583 -1.7935602e-06 0.012179123 0.0086001465 1.7088333e-05 0.99999921 -0.0012557149 -0.015849376 -0.012179111 0.0012558299 0.99992504 0.76225029
191 0.9998761 -0.00040265288 0.015736053 0.013664448 0.00042831794 0.99999858 -0.0016276356 -0.014847571 -0.015735375 0.0016341739 0.99987486 0.77016551
192 0.9998211 -0.00013299376 0.018914426 0.014170559 0.00016419237 0.99999863 -0.001647918 -0.015318639 -0.018914181 0.0016507288 0.99981975 0.7938577
193 0.99974233 -0.00088971269 0.022682107 0.021473419 0.0009368241 0.99999743 -0.0020664881 -0.015354313 -0.02268021 0.0020872048 0.99974059 0.84372877
194 0.99962635 -0.00020000541 0.027333641 0.022043683 0.00027694663 0.99999601 -0.0028111343 -0.0096222139 -0.027332969 0.0028176539 0.99962241 0.8610917
195 0.99969437 -0.00020821712 0.024720909 0.022425324 0.00024727095 0.99999873 -0.0015767434 -0.01186783 -0.024720549 0.0015823742 0.99969315 0.89520462
196 0.99962607 -0.00036470465 0.02734205 0.025615699 0.00040429539 0.99999888 -0.0014424661 -0.0036382054 -0.027341493 0.001452981 0.9996251 0.96451165
197 0.99961267 0.00035530876 0.027827758 0.020697641 -0.00032276039 0.99999926 -0.0011741198 -0.0046545109 -0.027828154 0.0011646833 0.99961204 0.96602362
198 0.99976634 -0.00039519414 0.021612602 0.019751902 0.00039840802 0.99999991 -0.00014439833 -0.0023350973 -0.021612543 0.00015297522 0.99976641 0.96709624
199 0.99976499 -0.0015313809 0.021624721 0.026104989 0.0014934502 0.99999732 0.0017700858 0.0041691133 -0.021627373 -0.0017373744 0.99976459 0.99995033
200 0.99984467 -0.0011127386 0.017589571 0.021739686 0.0011193738 0.99999931 -0.00036738227 -0.003175546 -0.01758915 0.00038701451 0.99984522 0.90928756
201 0.99989858 -0.0012857927 0.014183596 0.020218443 0.0013160016 0.99999689 -0.0021207208 -0.0092358364 -0.014180825 0.0021391714 0.99989716 0.83505255
202 0.99988708 -0.0018317796 0.01491517 0.019106023 0.0018578351 0.99999677 -0.0017332386 -0.0096000321 -0.014911947 0.0017607529 0.99988726 0.79978206
203 0.99991096 -0.0010948894 0.013299256 0.012927102 0.0011219085 0.99999732 -0.0020243321 -0.010880698 -0.013297004 0.0020390724 0.99990951 0.75053046
204 0.99986418 -0.001321591 0.016427862 0.016100619 0.0013601647 0.99999634 -0.0023371166 -0.0090522378 -0.016424713 0.0023591438 0.99986232 0.74347412
205 0.99987581 -0.002058582 0.015624849 0.019782648 0.0020941353 0.99999525 -0.002259415 -0.0043727191 -0.015620124 0.0022918549 0.99987537 0.7241205
206 0.99983776 -0.0013610347 0.017960985 0.020578295 0.0014130031 0.99999485 -0.0028810325 -0.0051886116 -0.017956972 0.002905944 0.99983454 0.7193681
207 0.99986422 -0.0016356286 0.016397275 0.021276218 0.0016755951 0.99999566 -0.0024239405 -0.0028283563 -0.01639324 0.0024510866 0.99986262 0.75600044
208 0.99987138 -0.0016796385 0.015950222 0.01884004 0.0017164826 0.99999589 -0.0022965324 -0.0021956155 -0.015946299 0.0023236153 0.99987015 0.75413441
209 0.99989774 -0.0013852151 0.014233429 0.015382911 0.0014158184 0.99999671 -0.002140245 0.0026548052 -0.014230417 0.0021601781 0.99989641 0.80611516
210 0.99994022 -0.0032444384 0.010441957 0.020331342 0.0032417466 0.99999471 0.0002746996 0.016306202 -0.010442793 -0.000240833 0.99994544 0.89722962
211 0.99997198 -0.0055051162 0.005072612 0.020826979 0.0054856924 0.9999776 0.0038351336 0.022543998 -0.0050936112 -0.0038071994 0.99997978 1.2500873
212 0.99996461 -0.0077608919 -0.0032482968 0.011417627 0.0077839816 0.99994409 0.0071569956 0.0020088445 0.0031925705 -0.007182027 0.99996911 1.9734391
213 0.99998683 -0.0030365358 0.0041364385 0.0089767023 0.0030261314 0.99999225 0.0025192423 0.0096941045 -0.0041440562 -0.0025066918 0.99998827 1.6062792
214 0.99995302 -0.0019569605 0.0094939167 0.017047987 0.0019649743 0.99999772 -0.00083484551 0.014135428 -0.0094922613 0.00085346159 0.99995458 0.99130706
215 0.99995098 -0.0013163397 0.009813409 0.019391101 0.0013224898 0.99999893 -0.00062024702 0.013894972 -0.009812582 0.00063319475 0.99995165 0.92674705
216 0.99996021 -0.0017601824 0.0087450613 0.017355056 0.0017541227 0.99999822 0.00070055628 0.0038816299 -0.0087462788 -0.0006851885 0.99996152 0.92775172
217 0.99998371 -0.0021241842 0.005297524 0.014268758 0.0021260824 0.99999768 -0.00035269907 0.0019821998 -0.0052967625 0.0003639563 0.99998591 0.90673364
218 0.99998908 -0.0022532291 0.0040931984 0.012483807 0.0022569502 0.99999704 -0.00090470958 -0.002374924 -0.0040911477 0.00091393785 0.99999121 0.89660796
219 0.99999251 -0.0014901739 0.003572239 0.0094556753 0.0014955872 0.99999774 -0.0015131743 -0.0031294517 -0.003569976 0.0015185055 0.99999247 0.89722368
220 0.9999932 -0.0014865407 0.0033763945 0.0093566306 0.0014912961 0.9999979 -0.0014063526 -0.003783521 -0.0033742968 0.0014113782 0.99999331 0.90153868
221 0.99999052 -0.0010721124 0.0042200544 0.0059826744 0.0010789516 0.99999811 -0.0016186982 -0.0060115458 -0.004218311 0.0016232361 0.99998979 0.90554366
222 0.99998606 -0.00086826751 0.0052087821 0.0047169225 0.00087667536 0.99999832 -0.0016121017 -0.00036878949 -0.0052073736 0.0016166456 0.99998513 0.92284805
223 0.99996489 0.0010578154 0.0083125895 0.0041877218 -0.0010314242 0.99999442 -0.0031784939 -0.0059211315 -0.0083159053 0.0031698085 0.9999604 0.87427655
224 0.99993863 0.00049892053 0.011067826 0.00660409 -0.00047750979 0.99999801 -0.0019370608 -0.0016206221 -0.011068771 0.0019316569 0.99993687 0.8801035
225 0.99993 -0.00033198391 0.011826974 0.010740158 0.00035037368 0.99999873 -0.0015528631 0.0010806883 -0.011826444 0.0015568982 0.99992885 0.88686907
226 0.99989728 -0.00054991117 0.014322576 0.012445451 0.00057451902 0.99999837 -0.0017140581 -0.0024066216 -0.01432161 0.0017221106 0.99989596 0.87919781
227 0.99986088 -0.00064039325 0.016667942 0.013338472 0.00065365412 0.99999947 -0.00079015575 -0.0086584449 -0.016667427 0.00080094089 0.99986077 0.91361261
228 0.99985545 0.00069261741 0.016988027 0.012397259 -0.00068154461 0.99999955 -0.0006575812 -0.0009308668 -0.016988475 0.00064590805 0.99985548 1.0281782
229 0.99988005 -0.00066014605 0.015474088 0.014029251 0.00062928866 0.9999978 0.0019989176 -0.0077869173 -0.015475373 -0.0019889402 0.99987827 1.0504196
230 0.99990198 -8.7694772e-05 0.014000824 0.015742262 8.8503755e-05 0.99999999 -5.7161511e-05 -0.0074004873 -0.014000819 5.8395033e-05 0.99990198 1.1006411
231 0.99984001 0.00061780288 0.017876654 0.019559566 -0.00060202727 0.99999942 -0.00088783784 -0.0051593992 -0.017877192 0.00087693356 0.99983981 1.1397631
232 0.99981107 0.00072314489 0.019424328 0.019840536 -0.00069926057 0.99999899 -0.0012363724 -0.012941377 -0.019425203 0.0012225561 0.99981057 1.1510815
233 0.99982581 0.00057981669 0.018655181 0.016758072 -0.0005604673 0.9999993 -0.0010424241 -0.014551062 -0.018655772 0.0010317869 0.99982543 1.2684136
234 0.99985324 -0.0004759243 0.017125004 0.019319911 0.00048922315 0.99999958 -0.00077239405 -0.018696471 -0.017124629 0.00078065865 0.99985306 1.2505493
235 0.99989478 0.00055071551 0.014495799 0.01195257 -0.0005331432 0.99999912 -0.0012160711 -0.0177268 -0.014496456 0.0012082148 0.99989419 1.2709313
236 0.99992062 -0.00077832025 0.012575541 0.015434341 0.00077989907 0.99999969 -0.0001206436 -0.016262687 -0.012575443 0.00013044168 0.99992092 1.2533881
237 0.99990702 -7.0938205e-05 0.013635888 0.011736665 7.3238868e-05 0.99999998 -0.00016822189 -0.012611222 -0.013635876 0.00016920493 0.99990701 1.2340179
238 0.99988873 -0.00054581835 0.014907516 0.013202846 0.00054459721 0.99999985 8.5973212e-05 -0.0099297988 -0.014907561 -7.7845053e-05 0.99988887 1.2278674
239 0.99984038 0.00048553374 0.017859921 0.015091341 -0.0004572581 0.99999864 -0.0015872393 -0.013304329 -0.017860667 0.0015788193 0.99983924 1.2054522
240 0.9998125 0.00071838367 0.019350554 0.014998312 -0.00067482551 0.99999722 -0.0022574393 -0.01337679 -0.019352122 0.0022439577 0.99981021 1.196667
241 0.99978899 -0.00026410128 0.020540421 0.016876297 0.00030000739 0.99999843 -0.001745009 -0.019319353 -0.020539928 0.0017508031 0.9997875 1.186962
242 0.99977138 0.0015353915 0.021326977 0.014518236 -0.0014902527 0.99999662 -0.0021322462 -0.015261196 -0.021330179 0.0020999761 0.99977028 1.200478
243 0.99979382 0.0013263397 0.020262308 0.014947674 -0.0012921505 0.99999772 -0.0017003271 -0.014947544 -0.020264517 0.0016737945 0.99979325 1.2177898
244 0.99982925 0.00024227592 0.018477314 0.017360997 -0.0002137505 0.99999878 -0.0015457668 -0.016021702 -0.018477666 0.0015415533 0.99982808 1.2185851
245 0.99985012 0.00025063269 0.017310874 0.015243257 -0.00021922605 0.99999833 -0.0018161461 -0.013204376 -0.017311301 0.0018120789 0.99984851 1.2064302
246 0.99983102 -0.0001714953 0.018382193 0.014409855 0.00019650827 0.99999906 -0.0013589197 -0.012918674 -0.018381943 0.0013623024 0.99983011 1.166856
247 0.99986955 0.0023488075 0.015980174 0.0052980184 -0.0023326581 0.99999675 -0.0010291533 -0.0060962583 -0.01598254 0.00099174279 0.99987178 1.1800809
248 0.9999135 0.0012826773 0.013089686 0.009638431 -0.0012754285 0.99999903 -0.00056211646 -0.0037219896 -0.013090394 0.00054537289 0.99991417 1.2081535
249 0.99995885 0.00015769974 0.0090708388 0.012273472 -0.00015498029 0.99999994 -0.00030050309 -0.0066283506 -0.0090708856 0.00029908492 0.99995881 1.2474429
250 0.99998704 -0.0008377889 0.005021939 0.010687493 0.00083657782 0.99999962 0.0002432534 -0.01085554 -0.0050221409 -0.000239049 0.99998736 1.2839293
251 0.99998278 -0.0021926948 0.0054433056 0.013936629 0.0021927563 0.9999976 -5.3304897e-06 -0.022786026 -0.0054432809 1.7266241e-05 0.99998519 1.4129124
252 0.99997719 -0.0028451473 0.0061249695 0.013907567 0.0028427801 0.99999588 0.00039514623 -0.013195977 -0.0061260685 -0.00037772528 0.99998116 1.2487238
253 0.99992598 -0.0015619437 0.012066075 0.01388779 0.0015669675 0.99999869 -0.00040691643 -0.014786862 -0.012065423 0.00042579346 0.99992712 1.2106812
254 0.99993551 0.001130718 0.011300373 0.0089662037 -0.0011214739 0.99999903 -0.00082433271 -0.0083387059 -0.011301294 0.00081160647 0.99993581 1.2085062
255 0.99991306 -6.3175652e-05 0.013185625 0.013303346 6.9533946e-05 0.99999988 -0.00048175615 -0.0095333381 -0.013185593 0.00048263111 0.99991295 1.2378054
256 0.99990683 0.0016734452 0.013547264 0.0041020319 -0.0016694626 0.99999856 -0.00030528681 -0.0089440468 -0.013547756 0.00028264172 0.99990819 1.281329
257 0.99994833 0.0003407194 0.010159688 0.0075006977 -0.00034385383 0.99999989 0.00030677135 -0.010470537 -0.010159582 -0.00031024895 0.99994834 1.2805172
258 0.99995258 -9.0754858e-05 0.0097384117 0.0072790806 9.0238891e-05 0.99999999 5.3422059e-05 -0.018263652 -0.0097384165 -5.2540742e-05 0.99995258 1.3486722
259 0.99990944 -8.8860423e-05 0.013457364 0.012963959 0.00010516212 0.99999926 -0.0012106558 -0.017769368 -0.013457246 0.0012119614 0.99990871 1.3385299
260 0.99988126 -0.001280287 0.0153565 0.019496319 0.0013242031 0.99999506 -0.0028499432 -0.027841668 -0.015352775 0.00286994 0.99987802 1.5446636
261 0.99979493 -7.1198712e-05 0.020250922 0.020150074 0.00010372733 0.99999871 -0.0016052324 -0.014058111 -0.020250781 0.0016070037 0.99979364 1.376292
262 0.99975938 0.00034744009 0.02193291 0.017477803 -0.00032722045 0.99999952 -0.00092546793 -0.011102752 -0.021933221 0.00091806835 0.99975902 1.3070056
