3 0.99976817 0.00087953178 -0.021513441 -0.016414443 -0.0008884603 0.99999948 -0.00040546173 -0.00911167 0.021513075 0.00042448224 0.9997685 0.33788552
4 0.9996964 0.00035106607 -0.024637301 -0.022053536 -0.00035347371 0.99999989 -9.3363337e-05 -0.015218453 0.024637269 0.00010204428 0.99969647 0.48850042
5 0.9994146 6.9537148e-05 -0.034212037 -0.033807808 -5.3964366e-05 0.99999985 0.0004561114 -0.019913922 0.034212067 -0.00045399755 0.99941451 0.62715892
6 0.99902822 -0.00022493708 -0.044074694 -0.047680308 0.00026794716 0.99999945 0.00096994337 -0.024964548 0.044074456 -0.0009808099 0.99902779 0.7868084
7 0.9985007 -0.0004938215 -0.054736851 -0.064445572 0.00057526354 0.99999871 0.0014721403 -0.030122831 0.054736058 -0.0015014206 0.99849975 0.9584992
8 0.99779828 -0.00082366017 -0.066316754 -0.083107341 0.00096303544 0.99999735 0.0020697223 -0.034540787 0.066314879 -0.0021290303 0.9977965 1.1249168
9 0.99692038 -0.0012001588 -0.078411289 -0.10479371 0.0013988799 0.9999959 0.0024794665 -0.038764347 0.078407998 -0.0025815182 0.99691803 1.3111145
10 0.99580688 -0.0015060789 -0.091467974 -0.13003078 0.0017655277 0.9999946 0.002755653 -0.042806895 0.091463337 -0.002905587 0.99580423 1.5035351
11 0.99409038 -0.0014863077 -0.10854545 -0.16311962 0.0018179512 0.99999393 0.0029564507 -0.046763967 0.1085404 -0.003136309 0.99408711 1.6972862
12 0.99172663 -0.00099846129 -0.12836397 -0.20617347 0.0013943914 0.9999945 0.0029946054 -0.051878444 0.12836028 -0.0031488191 0.99172263 1.9050733
13 0.98882562 -0.00058325738 -0.14907565 -0.25638204 0.0010783917 0.99999412 0.0032405527 -0.057128706 0.1490729 -0.0033651031 0.98882051 2.1292361
14 0.98514902 -2.1090502e-05 -0.17170151 -0.31450034 0.00063699565 0.99999351 0.0035319749 -0.06268508 0.17170033 -0.0035888943 0.98514271 2.353583
15 0.97995204 0.00072366252 -0.19923221 -0.38377931 6.2473589e-05 0.99999219 0.0039395143 -0.06850575 0.19923352 -0.0038729814 0.97994441 2.5701767
16 0.97421553 0.0014393731 -0.22561481 -0.46031678 -0.00047044141 0.99999039 0.0043483319 -0.074341772 0.22561891 -0.0041300735 0.9742069 2.7971683
17 0.9672625 0.0021472374 -0.2537689 -0.54788999 -0.00096339864 0.99998802 0.0047892096 -0.080131241 0.25377616 -0.0043879419 0.96725304 3.0320477
18 0.95936198 0.0028837326 -0.28216358 -0.64323862 -0.0014495015 0.9999849 0.005291585 -0.08594902 0.2821746 -0.0046675486 0.95935174 3.2647742
19 0.94992557 0.0036244167 -0.31245524 -0.75351277 -0.0018645376 0.99998063 0.0059310083 -0.091872223 0.31247071 -0.0050514315 0.94991399 3.5110491
20 0.93865061 0.0042920227 -0.34484288 -0.8798018 -0.0021097227 0.99997526 0.0067034126 -0.097445981 0.34486315 -0.0055646392 0.93863651 3.7688653
21 0.92628896 0.0048620348 -0.37678261 -1.0104388 -0.0022534511 0.9999703 0.0073637785 -0.10233469 0.37680725 -0.0059719253 0.92627246 4.0123322
22 0.91167127 0.0057543364 -0.41088001 -1.1577464 -0.0026767941 0.99996385 0.0080650607 -0.10796675 0.41091159 -0.0062528427 0.91165378 4.2580328
23 0.89485075 0.0068046661 -0.44631361 -1.3168973 -0.0032254272 0.99995622 0.0087787876 -0.11400032 0.44635383 -0.0064161524 0.89483358 4.4957257
24 0.87631527 0.0079909565 -0.48167178 -1.4881253 -0.0038204148 0.9999462 0.0096385945 -0.1202684 0.48172292 -0.0066062613 0.87629871 4.729168
25 0.85496749 0.0092779013 -0.51859861 -1.6839465 -0.0043860237 0.99993353 0.010658295 -0.12663132 0.51866307 -0.0068379099 0.85495141 4.975075
26 0.83105409 0.010345111 -0.5560954 -1.8996716 -0.0045602235 0.99992009 0.011786632 -0.13231167 0.55617293 -0.0072594094 0.83103491 5.2250688
27 0.80557228 0.01134353 -0.59238892 -2.1258569 -0.0046306903 0.99990667 0.012849861 -0.13771027 0.59247943 -0.0076083224 0.80554968 5.4653028
28 0.7796744 0.012253679 -0.62606524 -2.3724416 -0.004460038 0.99989178 0.014016072 -0.14212229 0.62616928 -0.0081356975 0.77964472 5.7136406
29 0.75157354 0.013150789 -0.65951822 -2.6427007 -0.0040835858 0.99987481 0.015283926 -0.1458692 0.65963669 -0.0087937949 0.7515332 5.9651505
30 0.7216391 0.013816193 -0.69213158 -2.9630728 -0.0031030374 0.99985529 0.016723584 -0.14714917 0.69226253 -0.0099206821 0.72157759 6.2489542
31 0.69023197 0.014145653 -0.72344988 -3.3079112 -0.0016610086 0.99983719 0.017965126 -0.14518778 0.72358628 -0.011198448 0.69014313 6.533121
32 0.65519714 0.014860371 -0.75531178 -3.6441892 -0.0006033047 0.99981644 0.019147536 -0.14479155 0.75545773 -0.012089728 0.65508588 6.7747551
33 0.61896801 0.015716256 -0.78525894 -4.0123803 0.00055452276 0.99979074 0.020447012 -0.1438454 0.78541602 -0.013091491 0.61882981 7.0180316
34 0.58018848 0.016582628 -0.81431342 -4.3598327 0.0015712625 0.99976803 0.02147872 -0.14339616 0.81448075 -0.013741206 0.58002787 7.21673
35 0.54205019 0.017447579 -0.84016497 -4.7625583 0.0028710774 0.99974011 0.022613788 -0.14093277 0.84034123 -0.014669987 0.54185926 7.4355353
36 0.50054071 0.01831289 -0.86551929 -5.1776915 0.0041440486 0.99971406 0.023548775 -0.13752642 0.8657031 -0.015373875 0.50032173 7.6346387
37 0.45826623 0.019166034 -0.88860831 -5.5403605 0.0050519543 0.99969512 0.024167375 -0.13619861 0.88880064 -0.015564301 0.45802972 7.776989
38 0.41635601 0.020320619 -0.90897456 -5.9596475 0.0058569856 0.99966947 0.025030947 -0.13404 0.90918283 -0.015745636 0.4160994 7.9277002
39 0.37450548 0.021508805 -0.9269752 -6.3803652 0.0065426596 0.99964468 0.025838258 -0.1320476 0.92720164 -0.015741453 0.37423171 8.0596178
40 0.33641595 0.02286353 -0.94143591 -6.825085 0.0069205131 0.99961817 0.026749533 -0.12981222 0.94168809 -0.015514189 0.33612929 8.1858498
41 0.29918777 0.02424303 -0.95388624 -7.2839231 0.0072609814 0.99959036 0.027682019 -0.12705874 0.95416665 -0.015208272 0.29888921 8.2987875
42 0.26355225 0.025480992 -0.96430853 -7.7435668 0.0075455338 0.99956598 0.028474886 -0.12527802 0.96461563 -0.014780843 0.26324561 8.3955696
43 0.23218907 0.02666162 -0.9723052 -8.2174608 0.0077720769 0.99954144 0.029264459 -0.12275186 0.97263964 -0.014351718 0.2318754 8.4853044
44 0.20182268 0.02781089 -0.97902715 -8.6962535 0.0080024628 0.99951654 0.030042602 -0.1200383 0.97938941 -0.013897907 0.20150257 8.5618416
45 0.1831552 0.028190934 -0.98267973 -9.2445083 0.0082808814 0.99950901 0.030217149 -0.11550715 0.98304916 -0.013671882 0.18283183 8.651022
46 0.17082067 0.028047544 -0.98490286 -9.828691 0.0087042852 0.99951276 0.02997326 -0.10957794 0.98526371 -0.013692928 0.17049331 8.7434602
47 0.16159977 0.027751353 -0.98646611 -10.404788 0.0091871021 0.99951886 0.029623557 -0.1036784 0.98681364 -0.013849925 0.16126707 8.8308533
48 0.15633211 0.027483917 -0.98732209 -10.965013 0.0097037387 0.99952175 0.029360003 -0.09836592 0.9876569 -0.014170627 0.15599066 8.914403
49 0.15914365 0.027472616 -0.98687312 -11.627713 0.0099022502 0.999518 0.029421467 -0.099398413 0.9872058 -0.014454504 0.15879491 9.021515
50 0.15659285 0.027617913 -0.98727703 -12.22333 0.010077478 0.9995122 0.029558576 -0.09952597 0.98761185 -0.014577925 0.15623815 9.1160383
51 0.15484355 0.027763239 -0.98754883 -12.837838 0.010422107 0.99950348 0.029733467 -0.097895076 0.98788405 -0.014896375 0.15447732 9.211735
52 0.15549244 0.027941078 -0.98744185 -13.463316 0.010801445 0.999492 0.029982957 -0.097136319 0.98777805 -0.015327922 0.15511165 9.3105166
53 0.15776915 0.028127064 -0.98707536 -14.09701 0.011518698 0.99947378 0.030321452 -0.093025154 0.98740886 -0.016153613 0.15736215 9.4109869
54 0.15855671 0.028411775 -0.986941 -14.77545 0.012469071 0.99944851 0.030775052 -0.085189448 0.98727116 -0.017185829 0.15811501 9.5166774
55 0.15996719 0.028665941 -0.98670602 -15.459716 0.013135698 0.99942789 0.03116513 -0.079903935 0.98703495 -0.017946471 0.15949913 9.6257372
56 0.16162866 0.028963331 -0.98642653 -16.174586 0.013806014 0.99940499 0.031606556 -0.073572912 0.98675509 -0.018727145 0.16113263 9.7404593
57 0.16341816 0.029263164 -0.9861228 -16.896104 0.014463904 0.99938145 0.032053542 -0.066797524 0.98645088 -0.019501317 0.16289382 9.8576239
58 0.16863581 0.029435769 -0.98523881 -17.634675 0.01512701 0.99935894 0.032446808 -0.060518849 0.98556237 -0.020375412 0.16808243 9.9839348
59 0.17500815 0.029591575 -0.98412219 -18.352429 0.015703203 0.99933715 0.032841602 -0.055499356 0.98444177 -0.021201419 0.17442747 10.112089
60 0.18089027 0.029803091 -0.98305162 -19.066761 0.016229066 0.99931417 0.033282415 -0.050232253 0.9833694 -0.021974476 0.18028254 10.243729
61 0.18715569 0.030068771 -0.98186996 -19.796846 0.01687622 0.99928544 0.033818904 -0.042936482 0.98218531 -0.022899655 0.18651452 10.383099
62 0.18836897 0.030422178 -0.98162703 -20.555298 0.01732357 0.99926162 0.034293002 -0.035169247 0.98194555 -0.023465023 0.18770287 10.5257
63 0.1894904 0.030771342 -0.98140028 -21.315415 0.017772066 0.99923754 0.034762081 -0.026974906 0.98172175 -0.024028592 0.18879906 10.669434
64 0.18881417 0.031156547 -0.98151846 -22.081866 0.018178259 0.99921437 0.035215214 -0.018393223 0.98184459 -0.024491429 0.18809947 10.812982
65 0.18850168 0.031506428 -0.98156735 -22.851168 0.018505172 0.9991938 0.035625965 -0.011000554 0.98189853 -0.024879627 0.18776669 10.957881
66 0.18702581 0.031856861 -0.98183832 -23.616503 0.018919587 0.9991718 0.03602317 -0.0026149657 0.98217282 -0.025313239 0.18626821 11.100324
67 0.18632925 0.032206345 -0.98195935 -24.383245 0.019303786 0.99914959 0.036433094 0.0059773872 0.98229772 -0.025744086 0.1855491 11.2427
68 0.18714919 0.032529906 -0.98179274 -25.15848 0.019636931 0.9991279 0.036847464 0.014435169 0.98213523 -0.02617537 0.1863472 11.388029
69 0.18731099 0.032898224 -0.98174961 -25.942374 0.019969059 0.99910491 0.037289753 0.023961708 0.98209769 -0.026589398 0.1864864 11.534367
70 0.18703277 0.033371884 -0.98178667 -26.799116 0.020239364 0.99907972 0.03781534 0.035633162 0.98214518 -0.026943446 0.18618523 11.693945
71 0.18722165 0.03382279 -0.98173524 -27.625973 0.020449567 0.99905623 0.038319365 0.046667324 0.98210484 -0.027250276 0.18635331 11.847912
72 0.18813959 0.034253122 -0.98154481 -28.44852 0.020654193 0.9990326 0.03882233 0.057891357 0.98192512 -0.027577034 0.18725013 12.002098
73 0.18708482 0.03471271 -0.98173026 -29.271153 0.020986249 0.99900611 0.039322836 0.070537582 0.98211959 -0.027959542 0.1861704 12.154626
74 0.18738447 0.035072169 -0.98166033 -30.067594 0.021291773 0.99898252 0.039755331 0.081504969 0.98205589 -0.028350822 0.18644707 12.30391
75 0.1870826 0.035430961 -0.98170502 -30.846558 0.021542406 0.998961 0.040159067 0.092114257 0.98210797 -0.028661352 0.18612496 12.449297
76 0.18687426 0.035788695 -0.98173173 -31.625152 0.021800492 0.99893897 0.040565739 0.10291744 0.98214194 -0.028982928 0.18589578 12.59438
77 0.1868447 0.036168028 -0.98172345 -32.403476 0.021958952 0.99891856 0.040980816 0.11347922 0.98214404 -0.029214667 0.18584844 12.738945
78 0.18746293 0.03658681 -0.98159007 -33.232065 0.022129298 0.99889511 0.041458049 0.12592969 0.9820224 -0.029493747 0.18644618 12.893869
79 0.18725743 0.036947597 -0.98161578 -34.025272 0.022504587 0.9988687 0.041890066 0.13902068 0.98205308 -0.029935085 0.1862141 13.042249
80 0.18651951 0.037330818 -0.98174176 -34.806737 0.022819299 0.99884358 0.042316518 0.1523003 0.98218623 -0.030295516 0.18545196 13.187227
81 0.18763216 0.037674076 -0.9815166 -35.586481 0.02309633 0.99881861 0.042753411 0.16558654 0.98196781 -0.030691347 0.18654037 13.333457
82 0.18645377 0.038084416 -0.9817253 -36.374116 0.023410398 0.9987924 0.043192716 0.17992364 0.9821848 -0.031036026 0.18533705 13.479118
83 0.18570575 0.038491441 -0.98185121 -37.16402 0.023726065 0.99876542 0.043642037 0.19475914 0.98231894 -0.031400044 0.18456324 13.624628
84 0.1851708 0.038887478 -0.98193663 -37.95415 0.023993347 0.99873991 0.044077532 0.20931333 0.98241343 -0.031721819 0.18400443 13.77009
85 0.18489049 0.039269404 -0.98197425 -38.741869 0.024259243 0.99871446 0.044506488 0.22388155 0.98245969 -0.032050779 0.18370017 13.915142
86 0.18439266 0.039638093 -0.98205304 -39.51984 0.024587748 0.99868764 0.044926162 0.23868842 0.98254508 -0.032430528 0.18317607 14.058034
87 0.18452819 0.039983361 -0.98201359 -40.287088 0.024861575 0.99866247 0.04533292 0.25286967 0.98251274 -0.032779608 0.18328734 14.199061
88 0.184438 0.040324696 -0.98201657 -41.05109 0.025134677 0.99863763 0.045727893 0.26732398 0.98252273 -0.033116631 0.18317319 14.339302
89 0.18437434 0.040665074 -0.98201449 -41.82259 0.025448201 0.99861118 0.046130269 0.28253099 0.98252661 -0.033495742 0.18308344 14.481072
90 0.1839882 0.041014956 -0.98207236 -42.589605 0.025739427 0.99858532 0.0465268 0.29784787 0.9825914 -0.033838364 0.18267223 14.621378
91 0.1840123 0.041354517 -0.9820536 -43.356792 0.026018812 0.99855946 0.046924858 0.31333031 0.98257953 -0.03418662 0.18267124 14.76195
92 0.18361137 0.041706743 -0.98211375 -44.120436 0.026272164 0.99853438 0.047315786 0.32896055 0.98264779 -0.034489971 0.18224655 14.901247
93 0.18140271 0.042081948 -0.9825081 -44.88975 0.026666842 0.99850608 0.04769072 0.34632964 0.98304729 -0.034851616 0.18000952 15.039102
94 0.17862772 0.042499765 -0.98299843 -45.671835 0.027056918 0.99847664 0.048085671 0.3646165 0.98354466 -0.035186343 0.17720571 15.176526
95 0.17538708 0.042924129 -0.98356337 -46.458857 0.02748904 0.99844599 0.048475419 0.38373769 0.98411573 -0.035539176 0.17393459 15.311868
96 0.17336875 0.043338349 -0.98390298 -47.248456 0.027856176 0.9984158 0.048886002 0.40267502 0.98446298 -0.035883081 0.17188686 15.446721
97 0.17013012 0.0437514 -0.98444988 -48.030146 0.028327077 0.99838386 0.049266075 0.4222508 0.9850144 -0.036268232 0.16861583 15.577021
98 0.16777281 0.044132705 -0.98483734 -48.800465 0.028733115 0.99835407 0.049633274 0.44104528 0.98540689 -0.03662456 0.16622861 15.703869
99 0.16490464 0.044540479 -0.98530331 -49.575718 0.0291492 0.99832333 0.050007584 0.46060503 0.98587871 -0.036967287 0.16332984 15.828923
100 0.16253233 0.044956336 -0.98567854 -50.360755 0.029595092 0.99828989 0.050411583 0.48136687 0.9862593 -0.03736476 0.1609239 15.953668
101 0.16145311 0.045341355 -0.98583825 -51.139073 0.02992446 0.9982597 0.050813452 0.50090367 0.98642661 -0.037704669 0.15981533 16.077402
102 0.15960958 0.045738014 -0.98612009 -51.910663 0.030278673 0.99822925 0.051200447 0.5207037 0.98671578 -0.038030491 0.15794207 16.19813
103 0.1590206 0.046090925 -0.9861988 -52.670446 0.030564726 0.99820097 0.051580297 0.53967755 0.98680205 -0.038345227 0.15732577 16.317219
104 0.15674073 0.046437948 -0.98654745 -53.420213 0.030963963 0.99817186 0.051904616 0.5594203 0.9871543 -0.038682987 0.15501629 16.432042
105 0.15707578 0.046785288 -0.98647774 -54.203426 0.031275583 0.99814054 0.052318392 0.58000917 0.98709122 -0.03907062 0.15532048 16.553695
106 0.15772139 0.047167419 -0.98635653 -54.990427 0.031548337 0.99810797 0.052774045 0.60165785 0.98697959 -0.039441506 0.15593493 16.675968
107 0.15869656 0.047533147 -0.98618254 -55.78488 0.031783541 0.99807677 0.053221048 0.62327309 0.98681571 -0.039790373 0.15688058 16.80066
108 0.16189022 0.047811462 -0.98564985 -56.549286 0.031949974 0.99804792 0.053660556 0.64339467 0.98629144 -0.040178608 0.16004663 16.923989
109 0.16361784 0.048114536 -0.98534978 -57.310954 0.032139894 0.99801972 0.054070055 0.66373918 0.98600014 -0.040515866 0.16174745 17.047895
110 0.16425374 0.048419643 -0.98522904 -58.053649 0.032224853 0.99799798 0.054419589 0.68291001 0.98589163 -0.040687484 0.16236459 17.168379
111 0.16213417 0.048734704 -0.98556453 -58.771288 0.032409987 0.99797774 0.054680251 0.70216935 0.98623635 -0.040807673 0.16022681 17.282159
112 0.16103149 0.049037173 -0.9857303 -59.497003 0.03266846 0.99795273 0.054982009 0.72221281 0.98640847 -0.041056128 0.15909986 17.397154
113 0.16045488 0.049316695 -0.98581038 -60.215901 0.032925055 0.99792773 0.055281913 0.74209664 0.9864939 -0.041328115 0.15849863 17.511053
114 0.16067608 0.049567998 -0.98576174 -60.925961 0.033128867 0.99790451 0.055578486 0.76138667 0.98645107 -0.041587304 0.15869726 17.624086
115 0.16284303 0.049754145 -0.98539671 -61.593866 0.033356154 0.99787917 0.055896718 0.77888549 0.98608801 -0.041971438 0.16083807 17.73364
116 0.17372727 0.049717282 -0.98353802 -62.225327 0.033718203 0.99783891 0.056396 0.79468506 0.98421642 -0.042960659 0.17167547 17.848942
117 0.18058734 0.049755295 -0.98229966 -62.858958 0.033978994 0.99780785 0.056787559 0.81044118 0.98297186 -0.043632671 0.17850084 17.967303
118 0.18741679 0.049806783 -0.98101694 -63.483413 0.034283227 0.99777348 0.057207105 0.82644946 0.98168205 -0.044354001 0.18529197 18.088863
119 0.19716452 0.049831992 -0.97910313 -64.082806 0.03469412 0.99772706 0.057766312 0.84266838 0.97975635 -0.04535859 0.19498751 18.21429
120 0.20477521 0.049939382 -0.97753423 -64.680206 0.035189866 0.99767631 0.058340004 0.85995414 0.97817628 -0.046345888 0.20254203 18.343131
121 0.21049617 0.050080962 -0.97631105 -65.205291 0.035781291 0.99762304 0.05888876 0.87478643 0.97693966 -0.047329531 0.20820388 18.462576
122 0.21722854 0.050248462 -0.97482658 -65.719631 0.036342615 0.99756534 0.059519077 0.8881621 0.97544401 -0.048356992 0.21487352 18.584537
123 0.23803296 0.049773136 -0.9699809 -66.260605 0.036837316 0.9975048 0.060225349 0.90351535 0.97055827 -0.050067114 0.23560553 18.731582
124 0.26818264 0.048864434 -0.96212803 -66.745044 0.037433328 0.99742994 0.061091473 0.91887452 0.96264057 -0.05239933 0.26566425 18.890574
125 0.30917988 0.047192948 -0.9498319 -67.173322 0.037398476 0.99739196 0.06172958 0.93637812 0.95026796 -0.054607812 0.3066086 19.065327
126 0.35699461 0.045203936 -0.93301203 -67.560509 0.037106764 0.99735367 0.062519265 0.9514283 0.93336915 -0.056940101 0.35437254 19.256454
127 0.40829461 0.042941154 -0.91183967 -67.935616 0.036399578 0.99733265 0.063265909 0.96682402 0.91212424 -0.059021712 0.40564252 19.471341
128 0.45832375 0.040546037 -0.88785999 -68.297782 0.035668988 0.99731494 0.063957284 0.9829222 0.88806931 -0.060982213 0.45564692 19.706487
129 0.51093152 0.037910069 -0.85878508 -68.631768 0.034751135 0.99729946 0.064699707 0.99752037 0.85891872 -0.06290088 0.50823435 19.959079
130 0.5630632 0.035237272 -0.82566226 -68.945741 0.0332013 0.99731936 0.065204923 1.0128739 0.82574665 -0.064127557 0.56038394 20.229872
131 0.61337594 0.032415182 -0.7891256 -69.253059 0.031812636 0.99733244 0.065695269 1.0294269 0.78915014 -0.065400066 0.61070855 20.527215
132 0.6618566 0.029499404 -0.74904982 -69.555434 0.030218634 0.99736324 0.065979622 1.0485273 0.74902116 -0.066304314 0.65922005 20.854727
133 0.70800153 0.026553331 -0.70571152 -69.849169 0.028409942 0.99741299 0.066031116 1.0697814 0.70563924 -0.066799358 0.70541559 21.21222
134 0.75113219 0.023734449 -0.65972503 -70.117942 0.026251761 0.99748905 0.065774974 1.0911872 0.65962967 -0.066724648 0.74862311 21.585683
135 0.79236295 0.021091257 -0.60968527 -70.344239 0.023364512 0.99761969 0.064876469 1.1129989 0.6096024 -0.065650712 0.78998414 21.958571
136 0.82846162 0.018160326 -0.55975133 -70.53852 0.021796377 0.99767133 0.064627803 1.1284677 0.55962155 -0.065742208 0.82613663 22.329387
137 0.86094648 0.014912443 -0.50847693 -70.713392 0.020795524 0.99770283 0.064471008 1.1433592 0.50827033 -0.066080135 0.85865868 22.717011
138 0.89066672 0.011662522 -0.45450719 -70.863842 0.01968782 0.9977439 0.064182695 1.1584647 0.45423034 -0.06611365 0.88842773 23.115436
139 0.91720533 0.0086520997 -0.3983209 -71.005574 0.018208201 0.99780921 0.063601492 1.1778938 0.39799857 -0.065588338 0.91503844 23.553591
140 0.94054697 0.0058628949 -0.33961307 -71.11987 0.01647337 0.99788701 0.062849421 1.1972838 0.33926397 -0.064707408 0.93846308 24.001491
141 0.96006384 0.003413373 -0.2797602 -71.207507 0.0144611 0.99798354 0.061803179 1.2171058 0.27940705 -0.063380641 0.95807862 24.460621
142 0.97573749 0.00084925171 -0.21894207 -71.267224 0.012765597 0.99807057 0.06076258 1.2362689 0.21857126 -0.062083257 0.97384409 24.927615
143 0.98742444 -0.0011581293 -0.15808746 -71.301045 0.010672121 0.99818037 0.059346212 1.2564201 0.15773108 -0.060287032 0.98564011 25.410081
144 0.99506718 -0.0032317784 -0.099150698 -71.309862 0.0090206278 0.99827626 0.057991757 1.2768615 0.098792379 -0.058600099 0.99338116 25.906809
145 0.99891299 -0.005120787 -0.046331601 -71.297057 0.0077543517 0.99835304 0.056841756 1.2956436 0.045964224 -0.057139243 0.9973076 26.408713
146 0.99992575 -0.0066839762 -0.010189301 -71.278079 0.0072477722 0.99838537 0.056338514 1.3127481 0.0097962858 -0.056408183 0.99835975 26.935374
147 0.99966902 -0.0080529756 0.024433856 -71.241718 0.0066807967 0.99842349 0.055729821 1.3300661 -0.024844127 -0.055548141 0.99814689 27.467339
148 0.9990635 -0.009409053 0.042232705 -71.206942 0.007034948 0.99840507 0.056015507 1.3445057 -0.042692401 -0.055665946 0.99753632 28.049651
149 0.99828264 -0.010733898 0.057589599 -71.163692 0.0074891599 0.99838772 0.056265264 1.3607579 -0.058100696 -0.055737341 0.99675358 28.655028
150 0.99731469 -0.01215249 0.072220087 -71.110662 0.0080725123 0.99836882 0.056519342 1.3795378 -0.072789138 -0.055784575 0.99578605 29.268967
151 0.99625565 -0.013709914 0.085362357 -71.0492 0.0088592856 0.99833793 0.056945638 1.4001126 -0.086001203 -0.055976167 0.99472132 29.898282
152 0.99511753 -0.015197677 0.097519975 -70.977876 0.0096185164 0.99830329 0.057427581 1.4229157 -0.098227283 -0.056209198 0.99357535 30.565091
153 0.99396768 -0.016621802 0.10840651 -70.899965 0.010377157 0.99826749 0.057915768 1.4458521 -0.10918136 -0.056441453 0.99241818 31.231137
154 0.99282447 -0.017864561 0.11823892 -70.816827 0.011010887 0.99823448 0.058366088 1.4676691 -0.11907286 -0.056645368 0.99126838 31.890822
155 0.99187963 -0.018972218 0.12575714 -70.726652 0.01163191 0.99819912 0.058848321 1.4916704 -0.12664716 -0.056907659 0.99031412 32.583069
156 0.99065057 -0.020128747 0.13493067 -70.628764 0.012204499 0.99816554 0.059300282 1.5157468 -0.1358768 -0.0570991 0.98907898 33.276201
157 0.98955004 -0.021181192 0.14262564 -70.522625 0.012756899 0.99813341 0.059723234 1.5416956 -0.14362444 -0.057279671 0.98797323 33.997865
158 0.98907969 -0.022223607 0.14569652 -70.416153 0.013555332 0.99809301 0.060220541 1.5711968 -0.146757 -0.057587953 0.98749484 34.730057
159 0.98864689 -0.023190207 0.14845724 -70.307821 0.014295914 0.99805359 0.060700697 1.6005329 -0.14957596 -0.057889226 0.98705416 35.46045
160 0.98808754 -0.024191196 0.15197961 -70.196267 0.015021709 0.99801275 0.06119478 1.6300312 -0.15315797 -0.058182809 0.98648743 36.190789
161 0.98740553 -0.024967825 0.15622715 -70.078527 0.01548217 0.99797819 0.061642064 1.658608 -0.15745037 -0.058446983 0.98579581 36.937764
162 0.98680778 -0.025761546 0.15983349 -69.956828 0.015985359 0.99793863 0.062151962 1.6886928 -0.16110515 -0.058777047 0.98518548 37.694718
163 0.98587391 -0.026571627 0.16536805 -69.826396 0.016391478 0.99790255 0.062623728 1.7193842 -0.16668523 -0.059028476 0.9842417 38.471126
164 0.98483507 -0.027322506 0.17132824 -69.693865 0.01671173 0.99786902 0.063071822 1.7488662 -0.17268643 -0.059252154 0.98319307 39.23048
165 0.98408406 -0.027984806 0.17548625 -69.558453 0.017041717 0.99783255 0.063558648 1.7792058 -0.17688458 -0.059556468 0.98242807 39.994194
166 0.98328118 -0.028630461 0.1798289 -69.422156 0.017345516 0.99779808 0.064015847 1.808668 -0.18126574 -0.059826356 0.98161275 40.741943
167 0.98223728 -0.029295381 0.18534212 -69.281685 0.017603892 0.99776788 0.064414882 1.8373196 -0.18681548 -0.06000796 0.98056059 41.484196
168 0.98138459 -0.029912766 0.18970903 -69.136987 0.017876246 0.99773522 0.064844292 1.8671167 -0.19121906 -0.060245907 0.97969676 42.234358
169 0.98059331 -0.030603396 0.19364968 -68.987863 0.018249027 0.99770117 0.065263055 1.8981391 -0.1952018 -0.0604626 0.97889763 42.991118
170 0.98066494 -0.031244158 0.19318405 -68.843691 0.018842048 0.99766107 0.065705964 1.9308906 -0.19478515 -0.060795555 0.97896 43.737841
171 0.9806679 -0.031992633 0.19304647 -68.700081 0.019518417 0.99761691 0.066177362 1.964891 -0.19470362 -0.061130057 0.97895539 44.483423
172 0.98061186 -0.032864098 0.1931847 -68.555481 0.020295623 0.99756776 0.066682484 2.0003958 -0.1949063 -0.061468834 0.97889385 45.233401
173 0.98059077 -0.033521051 0.19317892 -68.410235 0.020868311 0.99752361 0.067164503 2.0348043 -0.19495197 -0.061829577 0.97886203 45.986433
174 0.98057906 -0.033980566 0.19315803 -68.266628 0.021251722 0.99748656 0.067593175 2.0670174 -0.19496941 -0.062175515 0.97883665 46.727572
175 0.98114097 -0.034377019 0.19021204 -68.118385 0.021764185 0.99744746 0.068005878 2.1019395 -0.19206437 -0.062583547 0.97938482 47.510505
176 0.98133372 -0.034700239 0.18915611 -67.974999 0.022087143 0.99741436 0.068386154 2.1340996 -0.19104005 -0.062931724 0.97956283 48.266634
177 0.98202532 -0.035102471 0.18545647 -67.83699 0.02267359 0.99737831 0.068719114 2.1680494 -0.18738248 -0.06327895 0.98024672 49.017144
178 0.98283822 -0.035511353 0.18101926 -67.702269 0.023318225 0.99734079 0.069047227 2.2028768 -0.18298986 -0.06364121 0.98105278 49.771545
179 0.98320474 -0.035867797 0.17894678 -67.567545 0.023749849 0.99730562 0.06940718 2.236388 -0.18095413 -0.063991513 0.98140753 50.527105
180 0.98332625 -0.036298173 0.1781907 -67.434408 0.024168751 0.99726987 0.06977528 2.2696476 -0.18023694 -0.064305221 0.98151899 51.272398
181 0.9835296 -0.03662139 0.17699834 -67.303808 0.024512253 0.99723708 0.070123151 2.3021166 -0.17907733 -0.06462957 0.98170992 52.010019
182 0.98371639 -0.036935261 0.1758916 -67.172156 0.024837799 0.99720316 0.070490058 2.3353702 -0.17800324 -0.064973469 0.98188255 52.758744
183 0.98386132 -0.037272996 0.17500753 -67.040019 0.025170812 0.99716786 0.070870353 2.3693599 -0.17715344 -0.065321521 0.98201314 53.513362
184 0.9839618 -0.037609759 0.1743694 -66.907202 0.025484608 0.99713193 0.071262572 2.4039471 -0.17654947 -0.065675916 0.98209827 54.274266
185 0.98389233 -0.037948123 0.17468781 -66.774133 0.025735154 0.99709733 0.071655555 2.4382312 -0.17689995 -0.066005737 0.98201308 55.032411
186 0.98396207 -0.038207381 0.1742379 -66.645258 0.02596371 0.99706542 0.072016209 2.4714517 -0.17647814 -0.066337359 0.98206663 55.770812
187 0.98434167 -0.038489319 0.17201758 -66.513579 0.026330491 0.99702691 0.072415197 2.5076138 -0.17429337 -0.066751993 0.98242864 56.541351
188 0.98507451 -0.038806242 0.16769704 -66.384827 0.026878482 0.99698274 0.072820878 2.5462536 -0.17001697 -0.067226553 0.98314539 57.322674
189 0.98589872 -0.039191387 0.16268916 -66.26071 0.027544489 0.99693395 0.073238734 2.5864586 -0.16506068 -0.067724788 0.98395547 58.105321
190 0.98677313 -0.039569692 0.15720383 -66.13945 0.028238295 0.9968826 0.073672166 2.6278918 -0.15962896 -0.068258549 0.9848144 58.899897
191 0.9868704 -0.039893307 0.15650987 -66.005745 0.028536807 0.99683874 0.074149086 2.6723176 -0.15897316 -0.06870925 0.98488914 59.755744
192 0.98728966 -0.040246757 0.15375089 -65.880389 0.029008988 0.99678787 0.07464806 2.7158742 -0.15626138 -0.069239104 0.98528593 60.587719
193 0.98778256 -0.040588551 0.15045991 -65.759996 0.029512749 0.99673693 0.075129179 2.7590608 -0.15301834 -0.069770812 0.98575731 61.407346
194 0.9882204 -0.040968384 0.14745181 -65.640885 0.030036235 0.99668427 0.075618771 2.8034848 -0.15006088 -0.070299119 0.98617433 62.23492
195 0.98896906 -0.041313935 0.14224404 -65.530337 0.030696178 0.9966316 0.076046793 2.846902 -0.1449067 -0.070841581 0.98690606 63.039647
196 0.98966365 -0.041640265 0.13722959 -65.424235 0.031325317 0.99657834 0.076486846 2.890929 -0.13994498 -0.071397495 0.98758182 63.843744
197 0.98985768 -0.041949495 0.13572776 -65.314307 0.031675751 0.99652869 0.076987855 2.9354868 -0.13848622 -0.071907744 0.98775042 64.673042
198 0.99011863 -0.042172754 0.13374065 -65.204013 0.031976686 0.99648013 0.077490273 2.9813278 -0.13653788 -0.072447984 0.98798216 65.518886
199 0.99021265 -0.042409115 0.13296757 -65.094991 0.03220091 0.99643278 0.078004611 3.0266472 -0.13580135 -0.07295948 0.98804603 66.356744
200 0.99006379 -0.042654118 0.13399374 -64.982076 0.032297619 0.99638791 0.078536085 3.072134 -0.13685964 -0.073428059 0.98786528 67.206674
201 0.98985251 -0.042912852 0.13546399 -64.870677 0.032375685 0.9963445 0.079052963 3.1164613 -0.1383612 -0.073865039 0.9876235 68.035056
202 0.98966235 -0.043249462 0.13674032 -64.755874 0.032541868 0.99629595 0.079594678 3.1632904 -0.13967627 -0.074322075 0.98740408 68.881134
203 0.98944294 -0.043580951 0.13821494 -64.641358 0.032687492 0.99624834 0.080129117 3.2097185 -0.14118852 -0.074765293 0.98715551 69.715636
204 0.98931414 -0.043896624 0.13903464 -64.527838 0.032871853 0.99620246 0.080622611 3.2554257 -0.14204572 -0.075190766 0.98700021 70.537741
205 0.98913361 -0.04420204 0.14021725 -64.414368 0.033017901 0.99615802 0.081110569 3.3007302 -0.1432638 -0.075599515 0.98679291 71.351518
206 0.98906776 -0.044603676 0.14055419 -64.300953 0.033330236 0.9961105 0.081565178 3.3466247 -0.14364562 -0.075988788 0.9867075 72.161212
207 0.98911242 -0.045026974 0.14010423 -64.188815 0.03372618 0.99606027 0.082014627 3.3933852 -0.14324513 -0.076396511 0.98673423 72.968056
208 0.98917958 -0.045532191 0.13946536 -64.077524 0.034215947 0.99600428 0.082490313 3.4419965 -0.14266407 -0.076825798 0.98678509 73.777885
209 0.98910229 -0.045935149 0.13988077 -63.962724 0.034512683 0.99595024 0.083017479 3.4917491 -0.14312772 -0.077285122 0.98668207 74.609005
210 0.98906349 -0.046264585 0.14004641 -63.847724 0.034756107 0.99589847 0.083535402 3.5415968 -0.14333674 -0.077754353 0.98661486 75.441437
211 0.98927837 -0.046560239 0.13842128 -63.736167 0.035113561 0.99584543 0.084016809 3.5914899 -0.14175805 -0.078255553 0.98680331 76.264952
212 0.98942363 -0.046833811 0.13728614 -63.62397 0.03540828 0.99579269 0.084516743 3.642268 -0.14066679 -0.0787618 0.98691919 77.098276
213 0.98965015 -0.047154538 0.13553242 -63.516099 0.035807488 0.99573949 0.084974127 3.6918863 -0.13896191 -0.079241586 0.98712228 77.909638
214 0.99043952 -0.047678147 0.12944632 -63.417048 0.036775252 0.99567214 0.085349195 3.7442936 -0.13295539 -0.079772799 0.98790648 78.709698
215 0.99091851 -0.047997114 0.12560569 -63.321111 0.037358046 0.99561784 0.085728628 3.7933056 -0.12917 -0.080257706 0.98836929 79.497325
216 0.99111333 -0.048318743 0.12393414 -63.225329 0.037766504 0.9955683 0.086124155 3.8412862 -0.12754632 -0.080678244 0.9885459 80.282144
217 0.99157204 -0.048782941 0.1200213 -63.131625 0.038504128 0.99550583 0.086518686 3.8932949 -0.12370255 -0.081168199 0.98899416 81.088553
218 0.99169913 -0.049060932 0.11885227 -63.038692 0.038830102 0.99545843 0.086917475 3.9419477 -0.12257675 -0.081580943 0.98910037 81.884647
219 0.99203618 -0.049376693 0.11587133 -62.94818 0.039347839 0.99540481 0.08729785 3.992554 -0.11964936 -0.082043344 0.98942052 82.686219
220 0.99233409 -0.049725859 0.11313881 -62.858837 0.039879929 0.99534974 0.087683508 4.0441778 -0.11697282 -0.082499372 0.98970261 83.495368
221 0.99247887 -0.050032374 0.11172492 -62.770717 0.040258118 0.99529864 0.088089766 4.0943407 -0.11560701 -0.082929401 0.98982715 84.297008
222 0.99259945 -0.05032211 0.11051702 -62.684091 0.040603076 0.99524851 0.088496901 4.1443973 -0.11444526 -0.083354649 0.98992643 85.093323
223 0.99261785 -0.050390171 0.11032066 -62.599527 0.040641593 0.99521119 0.088898044 4.1922155 -0.11427194 -0.083758183 0.98991239 85.87723
224 0.99261472 -0.050368878 0.11035847 -62.515673 0.040572918 0.99517979 0.089280084 4.2395857 -0.11432347 -0.084143165 0.98987379 86.656237
225 0.99270074 -0.050446549 0.10954633 -62.432967 0.040676249 0.99514127 0.089661611 4.2875468 -0.1135372 -0.084551218 0.98992951 87.430641
226 0.99282519 -0.050763289 0.10826462 -62.35095 0.041061479 0.99509201 0.090031927 4.337129 -0.11230358 -0.084940465 0.9900369 88.204263
227 0.99296533 -0.051059894 0.10683043 -62.270554 0.041441858 0.9950437 0.090390895 4.3868211 -0.1109163 -0.085327779 0.99015998 88.975797
228 0.99328008 -0.05136177 0.10371432 -62.193004 0.041980052 0.99499321 0.090697823 4.4376385 -0.10785345 -0.085734413 0.99046317 89.749425
229 0.99380916 -0.05183434 0.098267757 -62.120681 0.042901645 0.99493258 0.090931404 4.4911669 -0.10248317 -0.086152619 0.99099696 90.525361
230 0.99415801 -0.052175307 0.09448597 -62.050901 0.04354548 0.99488006 0.091199628 4.5427592 -0.098760581 -0.086552409 0.99134004 91.295988
231 0.99443665 -0.052524272 0.091306927 -61.982426 0.044142132 0.99482486 0.091514386 4.5952741 -0.095641132 -0.086974783 0.9916089 92.075432
232 0.9948093 -0.052878972 0.086938333 -61.917921 0.044853269 0.99476588 0.091809302 4.6489565 -0.091338073 -0.087433284 0.9919742 92.858158
233 0.99499994 -0.05319025 0.084533522 -61.853806 0.045345701 0.99471179 0.09215277 4.7016145 -0.088988124 -0.087858775 0.99215019 93.643299
234 0.99502989 -0.053484749 0.083993536 -61.789999 0.045653136 0.99466153 0.092542692 4.7528709 -0.088494766 -0.088248181 0.99215975 94.419243
235 0.99514746 -0.053791821 0.082389192 -61.72839 0.046071709 0.99460921 0.092896858 4.8045355 -0.086942145 -0.088650266 0.99226117 95.191836
236 0.99526924 -0.054069772 0.080719297 -61.669413 0.046471206 0.99456078 0.093215795 4.8552219 -0.085320408 -0.089023695 0.99236851 95.949523
237 0.99541401 -0.054274954 0.078772974 -61.613244 0.046827346 0.99451794 0.093494237 4.9049392 -0.083415535 -0.089376749 0.99249871 96.69433
238 0.9956205 -0.054550847 0.07592119 -61.558965 0.047338117 0.99446881 0.093759277 4.9566751 -0.080615907 -0.089754698 0.99269593 97.452318
239 0.99588161 -0.054865048 0.072177858 -61.5074 0.047972742 0.99441717 0.093984145 5.0095823 -0.076931349 -0.090134518 0.99295387 98.215873
240 0.99616278 -0.055141867 0.067963983 -61.459164 0.048615946 0.99436607 0.094194092 5.0628894 -0.07277512 -0.09052852 0.9932313 98.982624
241 0.99628557 -0.055330233 0.065982018 -61.411443 0.048960854 0.99431789 0.094523449 5.1147092 -0.070837108 -0.090941818 0.99333365 99.748053
242 0.99653553 -0.055628022 0.061826038 -61.367906 0.049622411 0.99426296 0.094755958 5.1679133 -0.066742429 -0.091359727 0.99357883 100.50953
243 0.99685662 -0.055945133 0.056098392 -61.330046 0.050456535 0.99420819 0.09489004 5.2214029 -0.061082119 -0.091761239 0.99390588 101.26289
244 0.9970236 -0.056297055 0.052674361 -61.29404 0.051113457 0.99415899 0.095053826 5.2742774 -0.057717942 -0.092078545 0.99407758 102.01179
245 0.99736034 -0.056717968 0.04533677 -61.26494 0.052210076 0.9940987 0.095088348 5.3300629 -0.050462444 -0.092470317 0.99443593 102.77138
246 0.99759082 -0.056923224 0.03965221 -61.239294 0.052936406 0.99404802 0.095216505 5.3833917 -0.044836233 -0.092888072 0.99466656 103.52753
247 0.99781027 -0.057146443 0.033300817 -61.219581 0.053748501 0.99399894 0.095273863 5.4352046 -0.038545541 -0.093275375 0.99489396 104.25922
248 0.9979845 -0.05754641 0.026746125 -61.204356 0.054759412 0.99394185 0.095293838 5.4896625 -0.032067912 -0.093637177 0.99508983 105.00575
249 0.99813611 -0.057854965 0.019419503 -61.195138 0.055754566 0.99388627 0.095296473 5.5439703 -0.024814152 -0.09403613 0.99525952 105.75589
250 0.9982056 -0.058121832 0.014402903 -61.188199 0.056490724 0.99383427 0.095405178 5.5963875 -0.019859222 -0.094420357 0.99533434 106.49917
251 0.99826186 -0.058348287 0.0082915421 -61.186786 0.057293862 0.99378476 0.095442009 5.6483225 -0.013808886 -0.094801069 0.99540048 107.23231
252 0.99826977 -0.058614908 0.0046649791 -61.186539 0.057901759 0.99373341 0.095609619 5.7002603 -0.010239894 -0.095174088 0.995408 107.97274
253 0.99827123 -0.058775017 0.00025217461 -61.190077 0.058481237 0.99369203 0.095687012 5.7505493 -0.0058745888 -0.095506849 0.99541146 108.6934
254 0.99823445 -0.0590179 -0.0066987152 -61.200454 0.059388207 0.99364465 0.095620411 5.8029649 0.001012828 -0.095849419 0.99539535 109.42128
255 0.99813461 -0.059408895 -0.014067134 -61.216438 0.06048503 0.99358198 0.095584093 5.8586425 0.008298307 -0.096256648 0.99532198 110.17444
256 0.99795592 -0.05994644 -0.022145322 -61.239753 0.061800113 0.99349989 0.095596117 5.916876 0.01627073 -0.0967693 0.99517386 110.9335
257 0.99770442 -0.060477416 -0.03046928 -61.26973 0.063136863 0.993416 0.095594481 5.9757957 0.024487366 -0.097298777 0.99495395 111.70187
258 0.99749605 -0.060966179 -0.0358436 -61.303366 0.064154829 0.99332847 0.095825935 6.0357086 0.02976233 -0.097885537 0.99475257 112.49249
259 0.99722316 -0.061369591 -0.042186983 -61.34271 0.065186544 0.99324297 0.096015798 6.0959565 0.036009478 -0.098499207 0.99448543 113.28697
260 0.99688183 -0.061715443 -0.049171489 -61.387041 0.066226839 0.99316315 0.096129454 6.154733 0.042902643 -0.099086184 0.99415358 114.06794
261 0.99656979 -0.062214727 -0.054570983 -61.436051 0.067272987 0.99307018 0.096363218 6.2158788 0.048197609 -0.099703831 0.99384917 114.86558
262 0.99616636 -0.062812439 -0.060886705 -61.490286 0.068510332 0.99297034 0.096520242 6.2778184 0.054396025 -0.10032159 0.99346701 115.65984
263 0.99567767 -0.063329166 -0.067936672 -61.549557 0.069739682 0.99288095 0.09655937 6.3382504 0.061338008 -0.1008799 0.99300601 116.44346
264 0.99530847 -0.063661262 -0.072858061 -61.611358 0.070581217 0.99280588 0.096719668 6.3967294 0.066176621 -0.10140832 0.99264145 117.22813
265 0.99485569 -0.063950644 -0.078565095 -61.67685 0.071457957 0.99273642 0.096788815 6.4539275 0.07180473 -0.10190501 0.99219932 118.00071
266 0.99433562 -0.064193833 -0.084710321 -61.747214 0.072334933 0.99266953 0.096823369 6.5107433 0.077873897 -0.10240245 0.99169019 118.77118
267 0.99388781 -0.064490218 -0.089599353 -61.820878 0.073144262 0.99260059 0.096922154 6.5678819 0.082685846 -0.10288343 0.99125077 119.54499
268 0.99329974 -0.064881617 -0.095634788 -61.901027 0.074168013 0.99251878 0.096981918 6.6272232 0.088626986 -0.10342516 0.99068085 120.32585
269 0.99271197 -0.065246093 -0.10132079 -61.985098 0.075133113 0.99243999 0.097045325 6.6860188 0.09422298 -0.10395061 0.99010926 121.10341
270 0.9921201 -0.065626608 -0.10672799 -62.072143 0.07608556 0.99236464 0.097073763 6.7439189 0.099542471 -0.1044293 0.98953821 121.87194
271 0.9914163 -0.065966953 -0.11288083 -62.164478 0.077075847 0.99228982 0.097057361 6.8018646 0.10560793 -0.10492464 0.98885683 122.64088
272 0.99083023 -0.066217414 -0.117774 -62.258226 0.077849328 0.99222789 0.097073235 6.8573682 0.11043071 -0.10535173 0.98828443 123.39591
273 0.98996757 -0.06649566 -0.12466972 -62.357497 0.078849795 0.9921629 0.096929821 6.9132472 0.11724727 -0.10578757 0.98745233 124.14298
274 0.98927131 -0.066784403 -0.1299312 -62.45961 0.079700259 0.9920993 0.096885282 6.9684874 0.12243423 -0.10620139 0.98677818 124.88865
275 0.98862385 -0.0670468 -0.13463883 -62.563475 0.080470195 0.99203919 0.096864336 7.0224637 0.12707256 -0.10659681 0.98614894 125.62375
276 0.98795912 -0.067281396 -0.13931975 -62.669061 0.08120747 0.9919844 0.096810148 7.0752819 0.1316895 -0.10695828 0.98550385 126.34669
277 0.98728722 -0.067434559 -0.14393241 -62.775808 0.081855653 0.99193788 0.096740871 7.126415 0.13624834 -0.10729271 0.98484756 127.056
278 0.98662093 -0.067682268 -0.1483181 -62.886483 0.082579646 0.99188211 0.096697404 7.1786832 0.14056939 -0.10765175 0.98420089 127.77023
279 0.98605226 -0.067954714 -0.15193123 -63.00068 0.083256417 0.99182245 0.096729077 7.2315451 0.14411562 -0.10802918 0.9836465 128.49225
280 0.98528007 -0.068288891 -0.15671571 -63.123194 0.084122261 0.99174967 0.096726114 7.2874027 0.14881745 -0.1084856 0.98289587 129.23759
281 0.98504081 -0.068227954 -0.15823892 -63.239693 0.084254374 0.99172308 0.096883623 7.3365008 0.15031903 -0.10876665 0.98263628 129.94946
282 0.98457887 -0.068153147 -0.16111982 -63.358927 0.084515559 0.99169148 0.096979617 7.3861593 0.1531717 -0.10910122 0.98215854 130.6619
283 0.98364432 -0.068152762 -0.16673052 -63.479518 0.085126216 0.99165054 0.096864067 7.4352717 0.15873687 -0.10947293 0.98123307 131.35294
284 0.98264998 -0.068121049 -0.17250667 -63.603093 0.085718949 0.99161523 0.096702659 7.4837099 0.16447277 -0.10981196 0.98025001 132.03701
285 0.98181146 -0.068213074 -0.17718137 -63.732593 0.086320035 0.99157536 0.096576721 7.5339506 0.1691009 -0.11011444 0.97942827 132.73619
286 0.98106134 -0.06825058 -0.18127469 -63.860255 0.086798334 0.99154764 0.096432595 7.5818139 0.17316092 -0.11034064 0.97869315 133.41354
