3 0.9999997 -0.00050728314 -0.00058431878 0.0022610666 0.00050728159 0.99999987 -2.8047228e-06 -0.0022269097 0.00058432012 2.5083078e-06 0.99999983 0.054383876
4 0.99999497 -0.00053528019 -0.0031249635 -0.0023921706 0.0005362494 0.99999981 0.00030932015 -0.0060478072 0.0031247973 -0.00031099435 0.99999507 0.15070382
5 0.99995408 -0.00029514279 -0.0095789698 -0.0083328775 0.00030038745 0.99999981 0.00054608459 -0.0046854456 0.0095788068 -0.00054893691 0.99995397 0.13890643
6 0.99995124 -0.00031232516 -0.0098701418 -0.0084021678 0.00031740713 0.99999982 0.00051332168 -0.0051240712 0.0098699797 -0.00051642951 0.99995116 0.16002831
7 0.99994298 -0.00029156895 -0.010674933 -0.0091831762 0.00029697788 0.99999983 0.00050511288 -0.0053229057 0.010674784 -0.0005082543 0.99994289 0.17225779
8 0.99993264 -0.00036369779 -0.011600691 -0.009527286 0.00037073361 0.99999975 0.00060435564 -0.0046585984 0.011600468 -0.0006086157 0.99993253 0.16718293
9 0.9999264 -0.00040567777 -0.012125767 -0.0092950167 0.00041081986 0.99999983 0.00042157518 -0.0046021069 0.012125594 -0.00042652566 0.99992639 0.18721682
10 0.99991409 -0.00033038938 -0.013103421 -0.010077696 0.00033428005 0.9999999 0.00029473075 -0.0045089805 0.013103322 -0.00029908565 0.9999141 0.19379635
11 0.99985271 -1.4154709e-06 -0.017162562 -0.015235954 5.3894986e-06 0.99999997 0.00023150587 -0.0044701781 0.017162561 -0.00023156427 0.99985269 0.19595384
12 0.9998007 0.00048360659 -0.019957978 -0.020255424 -0.00048220526 0.99999988 7.5026722e-05 -0.0057021393 0.019958012 -6.5387927e-05 0.99980082 0.21121666
13 0.99978124 0.00038400597 -0.020912499 -0.021026894 -0.00037832178 0.99999989 0.00027576404 -0.0059059502 0.020912603 -0.00026779206 0.99978127 0.22873653
14 0.99973714 0.00052252315 -0.02292097 -0.024030817 -0.00051539273 0.99999982 0.00031699335 -0.006277395 0.022921132 -0.00030509672 0.99973723 0.23048486
15 0.99960729 0.00068491402 -0.028014133 -0.031064604 -0.00067322249 0.99999968 0.00042677353 -0.0065965042 0.028014417 -0.00040774618 0.99960744 0.22525045
16 0.99963531 0.00065014056 -0.02699676 -0.029779073 -0.00063925236 0.99999971 0.00041194359 -0.0067704982 0.02699702 -0.00039453562 0.99963544 0.2376649
17 0.99957929 0.00063143356 -0.028997286 -0.032319233 -0.00061925206 0.99999972 0.00042906925 -0.0068855339 0.028997549 -0.00041093211 0.9995794 0.24855374
18 0.99956544 0.0006414296 -0.029470754 -0.033161116 -0.00062767203 0.99999969 0.00047606983 -0.0070436358 0.02947105 -0.00045736498 0.99956553 0.24927407
19 0.99949646 0.00060226838 -0.031724689 -0.036291727 -0.0005836506 0.99999965 0.00059611174 -0.007390616 0.031725037 -0.00057729544 0.99949647 0.26734823
20 0.99941177 0.00047382366 -0.034291169 -0.039394768 -0.0004496737 0.99999965 0.00071197059 -0.0073337152 0.034291494 -0.00069613196 0.99941163 0.28432984
21 0.99941337 0.00039459473 -0.034245538 -0.038649436 -0.00037453876 0.99999975 0.000592065 -0.0068040926 0.034245763 -0.0005788914 0.99941327 0.27354336
22 0.99931152 0.00072069195 -0.037094053 -0.04385494 -0.00069807079 0.99999956 0.00062278038 -0.0078154155 0.037094485 -0.00059645733 0.99931158 0.28304712
23 0.99923031 0.00089046996 -0.039217317 -0.04740642 -0.00086701899 0.99999944 0.00061497843 -0.008435416 0.039217843 -0.00058050293 0.99923052 0.28203695
24 0.99920255 0.00097672935 -0.039916167 -0.049005456 -0.00094802287 0.99999928 0.00073809134 -0.0089307562 0.039916859 -0.00069966131 0.99920276 0.28525832
25 0.99908969 0.0010162273 -0.042646932 -0.053117647 -0.00098020396 0.99999914 0.00086559107 -0.0095519059 0.042647775 -0.00082300043 0.99908983 0.3097482
26 0.99901056 0.00069387215 -0.044468084 -0.054750596 -0.00065254349 0.99999934 0.00094390949 -0.0093908766 0.04446871 -0.00091395819 0.99901036 0.32554674
27 0.99901626 0.00063574546 -0.044340921 -0.054335947 -0.00059763708 0.99999944 0.0008726916 -0.009482046 0.044341451 -0.00084533332 0.99901608 0.32535981
28 0.99909713 0.00042080081 -0.042482265 -0.051486298 -0.00037946016 0.99999945 0.00098118645 -0.0090981787 0.042482655 -0.00096418024 0.99909674 0.34606579
29 0.99904507 0.00028744906 -0.043690658 -0.053209662 -0.00024020829 0.99999938 0.0010865018 -0.009104381 0.043690943 -0.0010749694 0.99904452 0.36523566
30 0.99901926 -0.00024315611 -0.044277036 -0.053570666 0.00029985939 0.99999914 0.0012740104 -0.0079886662 0.044276689 -0.0012860378 0.99901848 0.42455952
31 0.99901517 -0.00064674237 -0.044365262 -0.052136845 0.00069714027 0.99999913 0.001120514 -0.0056223728 0.044364499 -0.0011503393 0.99901475 0.44375472
32 0.99887783 -0.00015156207 -0.047361011 -0.0572674 0.00020503043 0.99999935 0.0011240972 -0.0070666368 0.04736081 -0.0011325462 0.99887721 0.41004951
33 0.99889431 -0.00019600044 -0.047011998 -0.057453231 0.00025704926 0.99999913 0.0012925376 -0.007466624 0.047011704 -0.0013031929 0.99889349 0.43748423
34 0.99882518 2.5947136e-05 -0.048458889 -0.059000797 2.6557251e-05 0.99999941 0.0010828389 -0.0076127664 0.048458888 -0.0010828537 0.99882459 0.39580973
35 0.99893751 -0.00025468367 -0.046084584 -0.055440116 0.00031172642 0.99999919 0.0012306015 -0.0072220815 0.046084233 -0.0012436597 0.99893678 0.45491096
36 0.99881606 -0.00012253848 -0.048646328 -0.057698491 0.00017634219 0.99999938 0.0011017277 -0.0067584477 0.048646163 -0.0011090018 0.99881546 0.45674344
37 0.99883927 0.00026210225 -0.048166757 -0.058291985 -0.00022162049 0.99999962 0.00084578881 -0.0075025603 0.04816696 -0.00083413234 0.99883895 0.38514918
38 0.99891373 0.0003678069 -0.046596493 -0.058182023 -0.0003157013 0.99999932 0.0011255844 -0.008223835 0.046596876 -0.0011096511 0.99891316 0.44166429
39 0.99896169 0.00049836662 -0.045555325 -0.055219426 -0.00044869882 0.99999929 0.0011004934 -0.0086346254 0.045555841 -0.0010789101 0.99896121 0.43736243
40 0.99916959 0.00071789743 -0.04073828 -0.049492891 -0.00066957881 0.99999906 0.0011997061 -0.0093178792 0.040739103 -0.0011714324 0.99916913 0.45954199
41 0.99922912 0.00075197227 -0.039250576 -0.047989265 -0.00070442392 0.999999 0.0012252209 -0.0094903659 0.039251458 -0.0011966273 0.99922865 0.47000196
42 0.99931042 0.00077804437 -0.037122392 -0.045160663 -0.00073838822 0.99999914 0.0010819525 -0.010835057 0.037123202 -0.0010537957 0.99931014 0.4674242
43 0.99947596 0.00072491238 -0.032361784 -0.038317119 -0.00069132188 0.99999921 0.0010491453 -0.010876587 0.032362519 -0.0010262231 0.99947567 0.48067426
44 0.99951614 0.00070804921 -0.031096533 -0.03670627 -0.00067620742 0.99999924 0.0010344703 -0.011151505 0.031097241 -0.001012942 0.99951585 0.48335909
45 0.99981903 0.00029800774 -0.019021694 -0.023271698 -0.00029173836 0.9999999 0.00033236506 -0.011957917 0.019021791 -0.00032675555 0.99981902 0.55486261
46 0.99992139 -4.692073e-05 -0.012538567 -0.016075616 4.5197094e-05 0.99999999 -0.00013775002 -0.011806165 0.012538574 0.00013717249 0.99992138 0.59114424
47 0.99995617 -0.00020522588 -0.0093603569 -0.012252656 0.00020273513 0.99999994 -0.00026704384 -0.011458089 0.0093604111 0.00026513447 0.99995616 0.58247594
48 0.99998564 -0.00035966401 -0.0053475899 -0.008035577 0.00035852418 0.99999991 -0.00021410413 -0.011394258 0.0053476665 0.00021218381 0.99998568 0.56627489
49 0.99999593 -0.00028217664 0.0028404272 0.002178694 0.0002820811 0.99999996 3.4035976e-05 -0.020763429 -0.0028404367 -3.3234607e-05 0.99999597 0.67097627
50 0.99999665 -9.8775495e-05 -0.0025869692 -0.0014761019 9.919725e-05 0.99999998 0.00016290294 -0.017856948 0.0025869531 -0.00016315902 0.99999664 0.60280478
51 0.99999837 -0.00029183632 -0.0017798165 -0.0016998559 0.00029218023 0.99999994 0.00019296869 -0.016736378 0.0017797601 -0.0001934884 0.9999984 0.62168888
52 0.99999971 -0.00039890109 0.0006458123 0.00074136437 0.0003987443 0.99999989 0.00024288753 -0.018078415 -0.00064590912 -0.00024262994 0.99999976 0.63297257
53 0.99999708 -0.00078687655 0.002283631 0.00075223853 0.00078616135 0.99999964 0.00031406772 -0.015137015 -0.0022838773 -0.0003122715 0.99999734 0.64144324
54 0.99999923 -0.00097459144 0.00076980551 -0.002586854 0.00097424909 0.99999943 0.00044497907 -0.012958214 -0.00077023874 -0.00044422875 0.9999996 0.68654029
55 0.99999876 -0.00071091701 0.0014086246 -0.00075762364 0.0007103926 0.99999968 0.00037275176 -0.016032909 -0.0014088892 -0.00037175062 0.99999894 0.69273729
56 0.99999836 -0.00072328056 0.0016628245 -0.0010377789 0.00072258332 0.99999965 0.00041986936 -0.016223874 -0.0016631276 -0.00041866714 0.99999853 0.72386179
57 0.99999814 -0.0007157821 0.0017931311 -0.0009116595 0.00071502552 0.99999966 0.00042253497 -0.016320358 -0.0017934329 -0.00042125205 0.9999983 0.73081741
58 0.99998577 -0.00083437022 0.0052684586 0.0039942735 0.00083270791 0.9999996 0.00031770652 -0.017801376 -0.0052687216 -0.00031331491 0.99998607 0.74909871
59 0.9999789 -0.00078813682 0.0064477037 0.0053414491 0.0007862309 0.99999965 0.00029812651 -0.018722543 -0.0064479364 -0.00029305084 0.99997917 0.72886165
60 0.99998199 -0.00072437289 0.0059582557 0.0046599475 0.00072231181 0.99999968 0.00034806477 -0.018665549 -0.0059585059 -0.00034375478 0.99998219 0.72612486
61 0.99997946 -0.00086220037 0.0063507944 0.005105447 0.00085945887 0.99999954 0.00043439453 -0.017530599 -0.006351166 -0.00042892736 0.99997974 0.74307981
62 0.99999914 -0.00048955629 0.0012206502 -0.0017563526 0.00048900261 0.99999978 0.00045385117 -0.01830958 -0.0012208721 -0.00045325388 0.99999915 0.77156175
63 0.99999925 -0.00048803926 0.0011272334 -0.001901481 0.00048753236 0.99999978 0.00044990873 -0.018308831 -0.0011274527 -0.00044935883 0.99999926 0.77341125
64 0.99999968 -0.00038179628 -0.00070114262 -0.0041591039 0.00038212304 0.99999982 0.00046596068 -0.018458816 0.00070096459 -0.00046622846 0.99999965 0.77959486
65 0.9999999 -0.00031546182 -0.00032850632 -0.002851911 0.00031559882 0.99999986 0.00041705524 -0.020130749 0.00032837471 -0.00041715887 0.99999986 0.78260055
66 0.99999879 -0.00036011267 -0.0015150824 -0.0042471958 0.00036075792 0.99999984 0.00042562907 -0.019278051 0.0015149289 -0.00042617513 0.99999876 0.77827204
67 0.99999968 -0.0003582232 -0.00072117012 -0.0034004203 0.00035852899 0.99999985 0.00042393187 -0.019444772 0.00072101815 -0.00042419029 0.99999965 0.77964697
68 0.9999996 -0.00036377946 0.00082301366 -0.001529876 0.00036345131 0.99999985 0.00039883761 -0.020258249 -0.00082315863 -0.00039853833 0.99999958 0.7885231
69 0.99999993 -0.00033815245 0.00015347178 -0.0027936013 0.00033808495 0.99999985 0.00043966315 -0.019812232 -0.00015362043 -0.00043961123 0.99999989 0.7972421
70 0.99999992 -0.00025949172 -0.00029221811 -0.0035233265 0.00025964713 0.99999982 0.00053190505 -0.020767354 0.00029208003 -0.00053198088 0.99999982 0.87130042
71 0.99999996 -0.00021749264 0.00018489041 -0.0032076494 0.00021740004 0.99999985 0.00050074841 -0.020718185 -0.0001849993 -0.0005007082 0.99999986 0.84088099
72 0.99999954 -0.00024082638 0.00092670887 -0.0023427745 0.00024037747 0.99999985 0.00048449304 -0.020808974 -0.00092682541 -0.00048427005 0.99999945 0.83668604
73 0.99999937 -0.00028967442 -0.0010847667 -0.0047374897 0.00029024237 0.99999982 0.00052344555 -0.01975003 0.0010846148 -0.00052376006 0.99999927 0.83650305
74 0.99999991 -0.0003175292 0.00029389083 -0.0021569017 0.00031740377 0.99999986 0.00042675702 -0.020864051 -0.00029402629 -0.0004266637 0.99999987 0.81011368
75 0.99999992 -0.00023818427 -0.00031611233 -0.0029623031 0.00023831414 0.99999989 0.00041088931 -0.020843309 0.00031601443 -0.00041096461 0.99999987 0.79220726
76 0.99999994 -0.00024937051 -0.00022131942 -0.0029408453 0.00024946165 0.99999988 0.00041187193 -0.020952666 0.00022121669 -0.00041192712 0.99999989 0.79178723
77 0.99999999 -0.00015715871 -3.5899495e-05 -0.0032354041 0.00015717364 0.9999999 0.00041630545 -0.021494524 3.5834066e-05 -0.00041631109 0.99999991 0.79140742
78 0.99999979 -0.00019636462 0.00062246882 -0.0023864575 0.00019607576 0.99999987 0.00046407815 -0.022057457 -0.00062255986 -0.000463956 0.9999997 0.84274743
79 0.99999991 -0.00036635317 -0.0002231604 -0.0026948456 0.00036645076 0.99999984 0.00043744365 -0.020320675 0.00022300011 -0.00043752538 0.99999988 0.80681187
80 0.99999967 -0.00028276742 -0.0007624563 -0.0036603707 0.0002831061 0.99999986 0.00044412942 -0.019948597 0.00076233061 -0.00044434513 0.99999961 0.79465197
81 0.99999932 -0.00032532497 0.0011209871 -0.0015091837 0.0003248635 0.99999986 0.00041181985 -0.020267719 -0.001121121 -0.0004114554 0.99999929 0.79318831
82 0.99999923 -0.00026207604 -0.0012106353 -0.0044198029 0.00026264261 0.99999986 0.00046785482 -0.019823775 0.0012105125 -0.00046817243 0.99999916 0.80086071
83 0.99999966 -0.00028227344 -0.00077298252 -0.004015167 0.00028263525 0.99999985 0.00046799971 -0.019781528 0.0007728503 -0.00046821803 0.99999959 0.80307839
84 0.99999982 -0.00024314445 -0.00055445513 -0.0034963291 0.00024339353 0.99999987 0.00044921569 -0.020444527 0.00055434584 -0.00044935056 0.99999975 0.80327222
85 0.99999992 -0.00025306377 -0.00029558891 -0.0030122349 0.00025319281 0.99999987 0.00043660436 -0.020683825 0.00029547838 -0.00043667916 0.99999986 0.80082192
86 0.99999982 -0.00030557157 -0.00051929636 -0.0030942511 0.00030579635 0.99999986 0.00043283804 -0.020342467 0.00051916403 -0.00043299676 0.99999977 0.79085669
87 0.99999995 -0.00027994054 0.00012660576 -0.0025614083 0.00027988935 0.99999988 0.00040417986 -0.020823151 -0.00012671889 -0.0004041444 0.99999991 0.77994762
88 0.99999996 -0.00026876148 -0.00010288487 -0.0028312998 0.00026880241 0.99999988 0.0003980669 -0.020709446 0.00010277787 -0.00039809454 0.99999992 0.77661983
89 0.99999995 -0.00031037056 -7.7685687e-05 -0.0026197837 0.00031040199 0.99999987 0.00040488452 -0.02061916 7.7560013e-05 -0.00040490861 0.99999992 0.78428983
90 0.99999988 -0.00027278411 -0.00040460356 -0.0031738394 0.00027294895 0.99999988 0.00040740005 -0.020594758 0.00040449238 -0.00040751043 0.99999984 0.77961414
91 0.99999996 -0.00028038447 1.2726217e-05 -0.0026297831 0.00028037937 0.99999988 0.00039829817 -0.020762317 -1.2837892e-05 -0.00039829458 0.99999992 0.77983159
92 0.99999989 -0.00023390521 -0.00041818579 -0.0032425776 0.00023407348 0.99999989 0.0004023965 -0.020734508 0.00041809162 -0.00040249434 0.99999983 0.77611856
93 0.9999974 -0.00028722057 -0.0022607657 -0.0053358118 0.00028820492 0.99999986 0.00043509165 -0.019496567 0.0022606405 -0.00043574208 0.99999735 0.78149955
94 0.99999595 -0.00025404491 -0.0028347012 -0.0062910908 0.00025538232 0.99999986 0.00047144484 -0.019441564 0.002834581 -0.00047216686 0.99999587 0.79401493
95 0.99999449 -0.00027205284 -0.0033076557 -0.0069513862 0.00027364279 0.99999985 0.00048024361 -0.01911835 0.0033075246 -0.00048114608 0.99999441 0.79854351
96 0.99999784 -0.00026662341 -0.0020634768 -0.0052536565 0.00026758995 0.99999985 0.00046814127 -0.019777562 0.0020633517 -0.00046869242 0.99999776 0.80099501
97 0.99999449 -0.00030844643 -0.0033044391 -0.0067002539 0.00031001156 0.99999984 0.00047314438 -0.019007908 0.0033042927 -0.00047416619 0.99999443 0.79246046
98 0.99999706 -0.00028696054 -0.0024069652 -0.0055746308 0.00028801134 0.99999986 0.00043623365 -0.019539004 0.0024068397 -0.00043692561 0.99999701 0.78065518
99 0.99999569 -0.00027019548 -0.0029238886 -0.0062755971 0.00027153955 0.99999986 0.00045929611 -0.019266461 0.0029237641 -0.00046008808 0.99999562 0.78525589
100 0.99999701 -0.00032425822 -0.0024220601 -0.0058674883 0.00032541095 0.99999983 0.00047554999 -0.018850419 0.0024219055 -0.00047633673 0.99999695 0.79491303
101 0.99999935 -0.00027355374 -0.0011074128 -0.0038896329 0.00027403607 0.99999987 0.00043542334 -0.020110237 0.0011072935 -0.00043572653 0.99999929 0.78806809
102 0.9999982 -0.00025826885 -0.0018817519 -0.0048942824 0.0002591051 0.99999987 0.00044417326 -0.019771322 0.001881637 -0.00044466003 0.99999813 0.7809627
103 0.99999978 -0.00025508349 -0.00060917792 -0.0031867517 0.00025532658 0.99999989 0.00039901535 -0.020339736 0.00060907607 -0.00039917081 0.99999973 0.76901775
104 0.99999726 -0.00027900863 -0.0023245257 -0.0053172025 0.0002799304 0.99999988 0.00039622337 -0.019253158 0.0023244149 -0.00039687298 0.99999722 0.75850271
105 0.99999989 -0.00032918087 0.00032401595 -0.002033803 0.0003290498 0.99999986 0.00040448952 -0.020525437 -0.00032414905 -0.00040438286 0.99999987 0.79260305
106 0.99999975 -0.00030709306 0.00063981543 -0.0022471895 0.00030681383 0.99999986 0.00043646998 -0.019988924 -0.00063994938 -0.00043627357 0.9999997 0.79648319
107 0.99999948 -0.00028762527 0.00097488225 -0.0015520749 0.00028721879 0.99999987 0.00041706564 -0.02081599 -0.00097500209 -0.00041678542 0.99999944 0.80419845
108 0.99999475 -0.00033986574 0.0032228088 0.0010348118 0.00033877816 0.99999989 0.0003380047 -0.02115909 -0.0032229233 -0.00033691111 0.99999475 0.77426298
109 0.99999845 -0.00028447074 0.0017391649 -0.00044988492 0.00028385426 0.9999999 0.00035470968 -0.021090001 -0.0017392656 -0.00035421546 0.99999842 0.77166014
110 0.99999979 -0.00011999329 0.00063949644 -0.0021050699 0.0001197825 0.99999994 0.0003296477 -0.021483092 -0.00063953595 -0.00032957103 0.99999974 0.75233959
111 0.99999768 -6.7395685e-05 -0.0021543279 -0.0050794246 6.8108657e-05 0.99999994 0.00033087687 -0.020156431 0.0021543054 -0.00033102283 0.99999762 0.72656003
112 0.99999934 -0.00019680545 -0.0011285382 -0.0036012925 0.0001971882 0.99999992 0.00033905715 -0.020057261 0.0011284714 -0.00033927946 0.99999931 0.73476032
113 0.9999998 -0.00022409553 -0.00059615746 -0.0027639599 0.00022428635 0.99999992 0.00032004774 -0.020085876 0.00059608569 -0.00032018138 0.99999977 0.72785409
114 0.99999995 -0.00021613028 0.00021351544 -0.0017913483 0.00021606833 0.99999993 0.00029014735 -0.020439193 -0.00021357813 -0.0002901012 0.99999994 0.7189666
115 0.99999756 -0.00034985887 0.0021809978 0.0013331602 0.00034932179 0.99999991 0.00024662955 -0.020200606 -0.0021810839 -0.00024586708 0.99999759 0.67675344
116 0.99993895 -0.00098280551 0.011005957 0.011396028 0.0009813699 0.99999951 0.00013583914 -0.020491137 -0.011006085 -0.00012502993 0.99993942 0.64166768
117 0.99997566 -0.00065584813 0.0069459857 0.0069443385 0.0006547591 0.99999977 0.00015905822 -0.020865175 -0.0069460885 -0.0001545064 0.99997586 0.64440828
118 0.9999758 -0.00070091665 0.0069213893 0.0072655413 0.00069964509 0.99999974 0.00018613332 -0.020400781 -0.006921518 -0.0001812863 0.99997603 0.63601018
119 0.99995055 -0.00098305442 0.0098957855 0.011349351 0.00098089323 0.99999949 0.00022324674 -0.019234237 -0.0098959999 -0.00021352899 0.99995101 0.61218341
120 0.99996967 -0.00094789796 0.0077308259 0.0090461618 0.0009455458 0.99999951 0.0003079067 -0.018367168 -0.0077311139 -0.00030058751 0.99997007 0.61103665
121 0.9999827 -0.00093505894 0.0058080776 0.0098357018 0.00093306408 0.9999995 0.0003461623 -0.016960368 -0.0058083985 -0.000340737 0.99998307 0.53834632
122 0.99997606 -0.00097057346 0.0068508597 0.011360425 0.00096794145 0.99999946 0.00038749157 -0.018187144 -0.006851232 -0.00038085106 0.99997646 0.52833676
123 0.99977153 -0.0017735829 0.021301203 0.026477412 0.0017751465 0.99999842 -5.4497155e-05 -0.018977889 -0.021301073 9.2297461e-05 0.9997731 0.55986537
124 0.99951398 -0.0024826099 0.031074888 0.039564709 0.0024915858 0.99999686 -0.00025012834 -0.016751489 -0.031074169 0.00032743252 0.99951703 0.50828115
125 0.99908307 -0.0025756597 0.042736186 0.054022935 0.00261686 0.99999616 -0.00090814593 -0.012625899 -0.042733683 0.0010191478 0.99908598 0.45955338
126 0.99871405 -0.0028326943 0.050618432 0.062473797 0.0028883743 0.9999953 -0.0010268792 -0.013698572 -0.050615285 0.0011717636 0.99871754 0.42729261
127 0.99845823 -0.0027514924 0.055439949 0.067229149 0.0028233346 0.99999527 -0.0012175751 -0.01383704 -0.055436337 0.0013722235 0.99846128 0.42709221
128 0.99845896 -0.0027667778 0.05542616 0.067198058 0.0028394308 0.99999521 -0.0012321 -0.013375311 -0.055422485 0.00138758 0.99846203 0.426641
129 0.99819091 -0.0029125879 0.06005348 0.071766313 0.0029953158 0.99999469 -0.0012875954 -0.014386411 -0.06004941 0.0014651452 0.99819433 0.41255852
130 0.99808975 -0.0024185406 0.061733311 0.072703592 0.0025172175 0.99999568 -0.0015207149 -0.013623805 -0.061729366 0.0016732061 0.99809152 0.4082553
131 0.9980637 -0.0026393511 0.0621441 0.073040679 0.002734787 0.99999521 -0.0014507106 -0.013388336 -0.062139973 0.0016178525 0.99806613 0.42144667
132 0.99801838 -0.002501076 0.062873425 0.073593806 0.0026061974 0.99999534 -0.0015899966 -0.012171334 -0.062869156 0.0017507064 0.99802024 0.43988071
133 0.99799269 -0.0023191729 0.063286729 0.074000994 0.0024337333 0.99999554 -0.0017331515 -0.011170253 -0.063282427 0.0018836956 0.99799388 0.45709116
134 0.9980091 -0.0019408928 0.063040149 0.073847415 0.0020660745 0.99999602 -0.0019206195 -0.01073349 -0.063036171 0.0020470414 0.99800914 0.45453582
135 0.99789448 -0.0012735577 0.064845853 0.076561503 0.0014366418 0.99999592 -0.0024683827 -0.0084949642 -0.064842445 0.0025563457 0.99789224 0.42988149
136 0.99809817 -0.0023769307 0.061598628 0.072470653 0.0024782413 0.9999957 -0.0015683411 -0.013010029 -0.061594635 0.0017180146 0.99809977 0.41239272
137 0.99815339 -0.0028791705 0.060675503 0.07237233 0.0029673561 0.99999467 -0.0013633417 -0.013802083 -0.060671255 0.0015408699 0.99815661 0.41907749
138 0.99809758 -0.0028141895 0.06158978 0.073292137 0.0029090123 0.99999472 -0.0014499726 -0.013500759 -0.061585375 0.0016263796 0.99810049 0.41958518
139 0.99806575 -0.0024413842 0.062119212 0.073170158 0.0025509124 0.99999533 -0.0016839484 -0.011235786 -0.062114811 0.0018391519 0.99806732 0.45493455
140 0.9980012 -0.0022062479 0.063156412 0.073783491 0.0023232286 0.99999572 -0.0017788606 -0.011018311 -0.063152217 0.0019220318 0.99800206 0.456605
141 0.9980161 -0.0018521761 0.062932039 0.073666452 0.0019795935 0.99999612 -0.0019623913 -0.010442879 -0.06292816 0.002083078 0.99801589 0.46188553
142 0.99802523 -0.0020979634 0.062779224 0.073426808 0.0022172275 0.99999587 -0.0018301317 -0.010677721 -0.062775125 0.0019657134 0.99802576 0.4653073
143 0.99807875 -0.0015646721 0.06193832 0.072709312 0.0016976448 0.99999637 -0.0020942895 -0.0098694524 -0.061934818 0.0021954151 0.99807778 0.47847596
144 0.99823255 -0.0017804666 0.059402145 0.069861702 0.001895899 0.99999642 -0.0018869318 -0.0095318731 -0.059398573 0.0019962172 0.99823235 0.49220255
145 0.9985964 -0.0017346764 0.052936078 0.062495403 0.0018192127 0.99999715 -0.0015488081 -0.010703219 -0.05293324 0.0016429362 0.9985967 0.49840058
146 0.9993453 -0.0015276367 0.036147472 0.04329791 0.0015556771 0.99999851 -0.00074760993 -0.013113897 -0.036146276 0.00080335427 0.99934619 0.52533651
147 0.99939983 -0.0013601962 0.034614089 0.041694709 0.0013896586 0.99999869 -0.000827123 -0.012960148 -0.034612919 0.00087472835 0.99940041 0.53169797
148 0.99984047 -0.0013528249 0.017810036 0.020394516 0.0013499077 0.99999907 0.0001758179 -0.018209544 -0.017810257 -0.00015174795 0.99984137 0.58288668
149 0.99988088 -0.0013206787 0.015377686 0.017478552 0.001318552 0.99999912 0.00014843652 -0.017879556 -0.015377868 -0.00012814257 0.99988175 0.60662304
150 0.99989149 -0.0014135524 0.01466348 0.017409419 0.0014114965 0.99999899 0.00015055339 -0.016038918 -0.014663678 -0.00012983961 0.99989247 0.6160558
151 0.99991185 -0.0015395458 0.013187921 0.015655814 0.0015353894 0.99999877 0.00032528606 -0.015311717 -0.013188406 -0.0003050088 0.99991298 0.63226485
152 0.99992433 -0.0014624576 0.01221492 0.013911896 0.0014579416 0.99999887 0.00037860873 -0.01553803 -0.012215459 -0.00036077144 0.99992532 0.67067569
153 0.99993906 -0.0013947032 0.010951742 0.012327846 0.0013905487 0.99999896 0.00038695229 -0.015724572 -0.01095227 -0.00037169978 0.99993995 0.67068206
154 0.99995022 -0.0012133412 0.0099033075 0.010837715 0.0012099244 0.99999921 0.00035100379 -0.016836237 -0.0099037255 -0.00033900406 0.9999509 0.66495962
155 0.99997068 -0.0010688665 0.0075832144 0.0073639857 0.0010658553 0.99999935 0.00040112668 -0.016864586 -0.0075836382 -0.00039303231 0.99997117 0.69826572
156 0.99995649 -0.0011232818 0.0092607198 0.0095905218 0.0011201126 0.99999931 0.00034739338 -0.017268664 -0.0092611036 -0.00033700522 0.99995706 0.70014543
157 0.99996923 -0.0010184619 0.0077784343 0.0074059884 0.0010159224 0.99999943 0.00033042321 -0.017441626 -0.0077787664 -0.00032251075 0.99996969 0.72964283
158 0.99999466 -0.00098776125 0.00311384 0.00057441324 0.0009863375 0.99999941 0.0004587368 -0.014748784 -0.0031142913 -0.00045566305 0.99999505 0.74033417
159 0.99999566 -0.00091236457 0.0028017578 0.00035614489 0.00091112614 0.99999949 0.00044326445 -0.015189188 -0.0028021608 -0.00044070977 0.99999598 0.73880956
160 0.99999316 -0.00094629539 0.0035742057 0.0014683459 0.00094471351 0.99999946 0.0004442444 -0.015424839 -0.0035746242 -0.00044086476 0.99999351 0.73923543
161 0.99999045 -0.00072743635 0.0043095924 0.0023619334 0.00072578865 0.99999966 0.00038388279 -0.017789307 -0.0043098702 -0.00038075127 0.99999064 0.75652364
162 0.99999302 -0.00073236818 0.0036649058 0.0014486949 0.00073070733 0.99999963 0.00045449591 -0.017256318 -0.0036652373 -0.00045181476 0.99999318 0.76706958
163 0.99998391 -0.00075946438 0.0056211425 0.0041187954 0.00075731952 0.99999964 0.00038368822 -0.018366973 -0.0056214319 -0.00037942505 0.99998413 0.78766058
164 0.9999814 -0.00070353786 0.0060581291 0.0045697285 0.00070142622 0.99999969 0.00035068032 -0.018924915 -0.006058374 -0.00034642446 0.99998159 0.77115046
165 0.99999085 -0.00060031526 0.0042351904 0.0019822425 0.00059855235 0.99999973 0.00041750936 -0.018676455 -0.00423544 -0.00041497056 0.99999094 0.77599182
166 0.99999003 -0.00058822674 0.0044255411 0.0023637633 0.00058653641 0.99999975 0.00038323851 -0.018949292 -0.0044257655 -0.00038063895 0.99999013 0.76040097
167 0.99998402 -0.00062140891 0.0056186936 0.0040748011 0.00061971476 0.99999976 0.00030325719 -0.019839478 -0.0056188807 -0.00029977036 0.99998417 0.75569987
168 0.9999899 -0.00056254069 0.0044582708 0.0025104936 0.00056097533 0.99999978 0.00035235695 -0.01952406 -0.004458468 -0.00034985241 0.99999 0.76431689
169 0.99999169 -0.00063694695 0.0040275955 0.0021952993 0.00063555013 0.99999974 0.00034808377 -0.019100298 -0.0040278161 -0.00034552114 0.99999183 0.77169691
170 0.99999973 -0.00056406542 -0.00046068741 -0.0037896941 0.00056427383 0.99999974 0.00045236876 -0.016884759 0.00046043212 -0.00045262859 0.99999979 0.76102233
171 0.99999977 -0.00066967899 -0.00012514237 -0.0037546568 0.00066973835 0.99999966 0.00047487519 -0.015894119 0.00012482431 -0.00047495889 0.99999988 0.75987206
172 0.99999968 -0.00078961555 0.00015740072 -0.00352556 0.00078953624 0.99999956 0.00050325767 -0.015052177 -0.00015779803 -0.00050313324 0.99999986 0.76445879
173 0.99999983 -0.00057480086 1.0316386e-05 -0.0036425671 0.00057479581 0.99999972 0.00048299308 -0.016736493 -1.0594008e-05 -0.00048298707 0.99999988 0.76749196
174 0.99999993 -0.000383929 -6.5893619e-06 -0.002993665 0.00038393179 0.99999983 0.00042987972 -0.018504883 6.4243175e-06 -0.00042988222 0.99999991 0.75537821
175 0.99999549 -0.0003100304 -0.0029868827 -0.0065423456 0.00031145856 0.99999984 0.00047768924 -0.018882253 0.0029867342 -0.00047861738 0.99999543 0.79735822
176 0.9999994 -0.00025097247 -0.0010619268 -0.0038439512 0.00025140211 0.99999989 0.00040446451 -0.02017246 0.0010618252 -0.00040473124 0.99999935 0.7700022
177 0.9999929 -0.00032918579 -0.0037538815 -0.0071945496 0.00033075512 0.99999986 0.00041743988 -0.018157807 0.0037537435 -0.00041867854 0.99999287 0.76359883
178 0.99998981 -0.00033450175 -0.0045010517 -0.0082725645 0.00033644959 0.99999985 0.00043200322 -0.017730614 0.0045009065 -0.00043351319 0.99998978 0.76687655
179 0.99999777 -0.00028704524 -0.0020934315 -0.0050664231 0.00028790418 0.99999987 0.00041001522 -0.01944694 0.0020933135 -0.00041061701 0.99999772 0.76794614
180 0.99999965 -0.00036722959 -0.00075481324 -0.0031726386 0.00036752186 0.99999986 0.0003870944 -0.019297794 0.00075467098 -0.00038737167 0.99999964 0.7575691
181 0.99999925 -0.00026016086 -0.0011984805 -0.0037392864 0.00026061397 0.99999989 0.00037792365 -0.019793028 0.001198382 -0.0003782357 0.99999921 0.74952623
182 0.99999935 -0.00024794866 -0.0011104354 -0.0037813628 0.00024838771 0.99999989 0.00039526693 -0.020049296 0.0011103373 -0.00039554249 0.99999931 0.7606645
183 0.99999957 -0.00027115759 -0.00088347428 -0.0034949616 0.00027151407 0.99999988 0.00040340008 -0.020016087 0.00088336479 -0.00040363978 0.99999953 0.76658409
184 0.99999976 -0.00026945046 -0.00063304297 -0.0032525844 0.00026970961 0.99999988 0.00040933266 -0.020164629 0.00063293259 -0.0004095033 0.99999972 0.77291335
185 0.9999999 -0.00027558876 0.00033835681 -0.0020418153 0.00027545832 0.99999989 0.00038547568 -0.020610744 -0.000338463 -0.00038538244 0.99999987 0.77021923
186 0.99999988 -0.00019723915 -0.00044285292 -0.0029685566 0.00019740441 0.99999991 0.00037314517 -0.020505211 0.00044277928 -0.00037323255 0.99999983 0.7500124
187 0.99999747 -0.00020524282 -0.0022382394 -0.0054777965 0.00020626985 0.99999987 0.00045863547 -0.02009059 0.002238145 -0.00045909599 0.99999739 0.7822683
188 0.99999044 -0.00023041072 -0.0043671281 -0.0084258862 0.00023269658 0.99999984 0.00052292509 -0.018585578 0.0043670069 -0.0005239363 0.99999033 0.79253945
189 0.99998716 -0.00029599986 -0.0050596298 -0.0097181795 0.00029881919 0.9999998 0.00055647279 -0.017347488 0.0050594641 -0.00055797756 0.99998705 0.79319827
190 0.99998463 -0.00028628183 -0.0055378168 -0.010461255 0.00028954749 0.99999978 0.00058890988 -0.017258624 0.005537647 -0.00059050428 0.99998449 0.80458873
191 0.99999974 -0.00024862789 -0.00068324414 -0.0034270504 0.00024896803 0.99999985 0.00049779156 -0.019422291 0.00068312026 -0.00049796153 0.99999964 0.86714298
192 0.99999612 -0.0002660289 -0.0027715908 -0.0073091496 0.00026763795 0.9999998 0.00058019833 -0.018746319 0.0027714358 -0.00058093786 0.99999599 0.84225171
193 0.99999449 -0.0002558415 -0.0033088596 -0.0079604309 0.00025775998 0.9999998 0.00057938792 -0.018547756 0.0033087107 -0.00058023762 0.99999436 0.82930125
194 0.99999539 -0.00029590646 -0.0030207115 -0.0076669287 0.00029766278 0.99999979 0.00058099216 -0.018295984 0.0030205389 -0.00058188864 0.99999527 0.8370459
195 0.99998622 -0.00026165951 -0.0052433717 -0.01020843 0.00026474893 0.99999979 0.00058851791 -0.017827358 0.0052432166 -0.00058989798 0.99998608 0.81318555
196 0.99998725 -0.00024380926 -0.0050435444 -0.010235542 0.00024682772 0.99999979 0.00059786498 -0.017468222 0.0050433976 -0.00059910225 0.9999871 0.81200787
197 0.99999886 -0.00023618263 -0.0014942053 -0.0058690968 0.00023700436 0.99999982 0.00054979342 -0.019381892 0.0014940751 -0.00055014693 0.99999873 0.83749343
198 0.99999802 -0.00014771693 -0.0019831433 -0.0065096257 0.00014884237 0.99999983 0.00056736849 -0.019767674 0.0019830592 -0.00056766255 0.99999787 0.85398158
199 0.9999997 -0.00016570071 -0.00075771491 -0.0050061317 0.00016611028 0.99999984 0.00054050337 -0.020138984 0.00075762523 -0.00054062908 0.99999957 0.84588124
200 0.99999942 -0.0001804168 0.0010577943 -0.0021462598 0.00017988878 0.99999986 0.00049924635 -0.021474631 -0.0010578842 -0.00049905578 0.99999932 0.85833261
201 0.99999885 -0.0001977602 0.0015054251 -0.0016491316 0.00019705277 0.99999987 0.0004700521 -0.021410861 -0.0015055179 -0.00046975491 0.99999876 0.83673755
202 0.9999991 -0.00027152942 0.0013112766 -0.0019093036 0.00027087244 0.99999984 0.00050117163 -0.020764246 -0.0013114124 -0.00050081599 0.99999901 0.85486059
203 0.99999882 -0.0002677045 0.0015114881 -0.0017174901 0.00026696845 0.99999985 0.00048715672 -0.020718449 -0.0015116183 -0.00048675263 0.99999874 0.84334466
204 0.99999961 -0.0002537686 0.00084910454 -0.0022562906 0.00025337169 0.99999986 0.00046753069 -0.020876503 -0.00084922307 -0.00046731536 0.99999953 0.83089833
205 0.99999923 -0.00024555259 0.0012154525 -0.0018463477 0.00024500606 0.99999987 0.00044977933 -0.021037052 -0.0012155628 -0.00044948119 0.99999916 0.82262645
206 0.99999988 -0.00034307174 0.00036053135 -0.0023021098 0.0003429115 0.99999984 0.00044442661 -0.020507482 -0.00036068377 -0.00044430293 0.99999984 0.81862604
207 0.99999984 -0.00036177645 -0.00043390848 -0.0034296077 0.00036197854 0.99999983 0.00046573925 -0.019734202 0.00043373991 -0.00046589624 0.9999998 0.81569409
208 0.99999971 -0.0004401115 -0.00062315546 -0.004284862 0.0004404223 0.99999978 0.00049869335 -0.018459456 0.00062293584 -0.00049896765 0.99999968 0.81866537
209 0.99999985 -0.00033491826 0.0004436521 -0.0033109127 0.00033469018 0.99999981 0.0005140586 -0.019524641 -0.00044382419 -0.00051391003 0.99999977 0.84025092
210 0.99999995 -0.00026047298 0.00019132843 -0.0036766093 0.00026037472 0.99999983 0.00051341173 -0.019971379 -0.00019146213 -0.00051336189 0.99999985 0.84157108
211 0.99999867 -0.00022242326 -0.0016176319 -0.0059691016 0.00022329699 0.99999983 0.00053996601 -0.019504502 0.0016175116 -0.0005403265 0.99999855 0.83228215
212 0.99999935 -0.00020072579 -0.0011218414 -0.0053536669 0.00020133352 0.99999983 0.00054164055 -0.01986905 0.0011217325 -0.00054186606 0.99999922 0.84212384
213 0.99999844 -0.00025172871 -0.0017475489 -0.0056438825 0.00025264057 0.99999983 0.00052159702 -0.0195468 0.0017474173 -0.00052203771 0.99999834 0.81975203
214 0.99998118 -0.00044678326 -0.0061186555 -0.011276302 0.00045045251 0.99999972 0.0005983167 -0.015884694 0.0061183865 -0.00060106161 0.9999811 0.80763485
215 0.99999255 -0.00025344322 -0.0038514916 -0.0078962589 0.00025546321 0.99999983 0.00052398561 -0.018605476 0.0038513581 -0.00052496562 0.99999245 0.79470358
216 0.99999858 -0.00026623826 -0.001664405 -0.0046711065 0.00026700398 0.99999986 0.00045984847 -0.019814557 0.0016642823 -0.00046029222 0.99999851 0.79183424
217 0.99999224 -0.00039994008 -0.0039203412 -0.0080192133 0.00040208236 0.99999977 0.00054568101 -0.017809185 0.003920122 -0.00054725307 0.99999217 0.81326529
218 0.99999931 -0.00022641546 -0.00115696 -0.0044556744 0.0002269309 0.99999988 0.00044540555 -0.020716844 0.001156859 -0.00044566779 0.99999923 0.80269519
219 0.99999552 -0.00025854196 -0.0029806709 -0.0065284054 0.00026002977 0.99999984 0.00049877676 -0.019457159 0.0029805415 -0.00049954959 0.99999543 0.80799126
220 0.99999623 -0.00029398966 -0.0027293388 -0.0061507461 0.00029534356 0.99999983 0.0004956654 -0.019410129 0.0027291926 -0.00049646963 0.99999615 0.81544758
221 0.99999899 -0.00025590075 -0.0014014108 -0.0043252535 0.00025655179 0.99999986 0.00046440092 -0.020587065 0.0014012918 -0.00046475998 0.99999891 0.80775373
222 0.99999926 -0.00024041402 -0.0011939004 -0.0040698651 0.00024096028 0.99999987 0.00045742192 -0.02055076 0.0011937902 -0.00045770927 0.99999918 0.80230198
223 0.99999998 -2.2889471e-05 -0.00017702019 -0.0038347451 2.2962099e-05 0.99999992 0.00041028873 -0.022006754 0.00017701078 -0.00041029279 0.9999999 0.78958762
224 1 6.3851592e-05 5.7475835e-05 -0.0038580725 -6.3873517e-05 0.99999993 0.00038153741 -0.022330191 -5.7451469e-05 -0.00038154108 0.99999993 0.78461017
225 0.99999968 -3.201015e-05 -0.00079703383 -0.0044922744 3.2341648e-05 0.99999991 0.00041590606 -0.021596644 0.00079702045 -0.0004159317 0.9999996 0.77997143
226 0.99999916 -0.00027223725 -0.0012694887 -0.0043992247 0.00027277583 0.99999987 0.00042409495 -0.020206926 0.0012693731 -0.00042444088 0.9999991 0.77926197
227 0.99999896 -0.00025296432 -0.0014229798 -0.0047865055 0.00025356158 0.99999988 0.00041955648 -0.020167321 0.0014228735 -0.00041991686 0.9999989 0.7770244
228 0.99999512 -0.00025674235 -0.0031150962 -0.0066976961 0.00025811 0.99999987 0.00043864446 -0.019406171 0.0031149831 -0.00043944635 0.99999505 0.77889367
229 0.99998502 -0.00042683398 -0.0054577307 -0.0096032052 0.00042938577 0.9999998 0.0004663926 -0.016978625 0.0054575306 -0.00046872908 0.999985 0.78089178
230 0.9999928 -0.00030013843 -0.0037820268 -0.0074148841 0.00030177944 0.99999986 0.00043333379 -0.018677687 0.0037818962 -0.00043447201 0.99999275 0.77523752
231 0.99999492 -0.00030761544 -0.0031733176 -0.0066167277 0.00030906318 0.99999985 0.00045574411 -0.01878948 0.003173177 -0.00045672255 0.99999486 0.78395368
232 0.99999042 -0.00031147959 -0.0043662097 -0.0083445167 0.00031362667 0.99999983 0.00049107399 -0.018060925 0.004366056 -0.00049243864 0.99999035 0.78696074
233 0.9999971 -0.00027322377 -0.0023929971 -0.0055689475 0.00027430963 0.99999986 0.00045344801 -0.019655418 0.0023928729 -0.00045410312 0.99999703 0.78924791
234 0.99999983 -0.00026065402 -0.00052045605 -0.0032378538 0.00026087041 0.99999988 0.00041574108 -0.020582001 0.00052034762 -0.00041587678 0.99999978 0.77997004
235 0.9999987 -0.00027235185 -0.0015891762 -0.0047094016 0.00027303413 0.99999987 0.00042913273 -0.02008627 0.0015890591 -0.00042956607 0.99999865 0.7764921
236 0.9999986 -0.00024636627 -0.0016564302 -0.0048484694 0.00024702507 0.99999989 0.00039752921 -0.019928559 0.0016563321 -0.00039793783 0.99999855 0.76139105
237 0.99999811 -0.00017607938 -0.0019352845 -0.005333971 0.00017679687 0.99999992 0.00037057422 -0.019895441 0.0019352191 -0.00037091567 0.99999806 0.7482905
238 0.99999593 -0.00024540214 -0.0028427461 -0.0067746871 0.00024654232 0.99999989 0.00040074044 -0.019240251 0.0028426475 -0.00040143966 0.99999588 0.76141491
239 0.99999298 -0.00028464974 -0.0037370869 -0.0077114117 0.00028616402 0.99999988 0.00040467557 -0.018731049 0.0037369713 -0.00040574215 0.99999294 0.76685396
240 0.99999112 -0.0002478191 -0.0042077919 -0.008392851 0.00024956737 0.99999988 0.00041496247 -0.018747698 0.0042076886 -0.00041600891 0.99999106 0.76983935
241 0.99999806 -0.00015990814 -0.0019657964 -0.0056470309 0.00016074886 0.9999999 0.00042752539 -0.020396749 0.0019657278 -0.00042784055 0.99999798 0.76837285
242 0.99999137 -0.00026976788 -0.0041465268 -0.0079604221 0.00027158985 0.99999987 0.00043884153 -0.018757584 0.0041464079 -0.00043996389 0.99999131 0.76430665
243 0.99998358 -0.00029193227 -0.0057229777 -0.009897763 0.00029435246 0.99999987 0.00042205161 -0.017749403 0.0057228537 -0.00042372926 0.99998353 0.75592396
244 0.99999411 -0.00033391673 -0.0034154914 -0.0071833589 0.00033507529 0.99999989 0.00033864058 -0.018166057 0.003415378 -0.00033978304 0.99999411 0.75137249
245 0.99997302 -0.00040012951 -0.0073346697 -0.011977247 0.00040317987 0.99999983 0.00041440771 -0.016121122 0.0073345027 -0.00041735372 0.99997302 0.76193304
246 0.99998388 -0.00018627989 -0.0056745018 -0.0097947418 0.00018871439 0.99999989 0.00042849196 -0.018361763 0.0056744213 -0.00042955591 0.99998381 0.75817552
247 0.99997986 -0.00020791341 -0.0063432506 -0.010398338 0.00021043866 0.9999999 0.00039743463 -0.017582414 0.0063431673 -0.00039876149 0.9999798 0.73349723
248 0.99997849 -0.00038821438 -0.0065468156 -0.010656423 0.00039068539 0.99999985 0.00037616324 -0.01637249 0.0065466686 -0.0003787129 0.9999785 0.74842039
249 0.99997318 -0.0002981833 -0.0073171525 -0.011882493 0.00030117929 0.99999987 0.00040835014 -0.016792525 0.0073170298 -0.00041054297 0.99997315 0.75187755
250 0.99998745 -0.00025973389 -0.0050030459 -0.0085953773 0.00026169454 0.99999989 0.00039123939 -0.018199499 0.0050029437 -0.00039254375 0.99998741 0.74488279
251 0.99998137 -0.00022128502 -0.0060996271 -0.010214538 0.00022364096 0.9999999 0.00038556345 -0.017690737 0.0060995412 -0.00038692039 0.99998132 0.73469485
252 0.99999345 -0.00026394865 -0.0036107603 -0.0070025557 0.00026531327 0.99999989 0.00037745943 -0.01859353 0.0036106603 -0.00037841494 0.99999341 0.74198898
253 0.9999903 -0.00015882108 -0.0044007236 -0.0079994954 0.0001602979 0.99999993 0.00033523401 -0.018406619 0.00440067 -0.00033593619 0.99999026 0.7221391
254 0.99997587 -0.00024322073 -0.0069426735 -0.011569514 0.00024561419 0.99999991 0.00034389654 -0.016822799 0.0069425893 -0.00034559346 0.99997584 0.7295549
255 0.99997285 -0.00039443938 -0.0073576404 -0.011886488 0.00039743593 0.99999984 0.00040581373 -0.015922824 0.0073574791 -0.00040872691 0.99997285 0.75512295
256 0.99996734 -0.00054576136 -0.0080636212 -0.013450346 0.00054986033 0.99999972 0.00050612088 -0.013819216 0.0080633427 -0.00051053822 0.99996736 0.76139819
